% # columns="iteration, evaluation, min max(neg(.)) min(pos(.)) max correlation, correlation matrix principal axes lengths  (sorted square roots of eigenvalues of correlation matrix)", seed=551010, Fri Dec  1 12:33:19 2023
1 9 -0.04854678958519301 -0.03370961887817884 0.04260984461757523 0.06702043887578236 0.9281850730874496 0.9773658778523302 0.9924737815616217 1.0093569604242636 1.0148616219060709 1.0721374066068372
2 18 -0.163560366713816 -0.1123445399832643 0.05324517091274472 0.27505259049109504 0.9281850730874496 0.9773658778523302 0.9924737815616217 1.0093569604242636 1.0148616219060709 1.0721374066068372
3 27 -0.1810145157423238 -0.11413684071798556 0.010163786114617279 0.269027735353002 0.9281850730874496 0.9773658778523302 0.9924737815616217 1.0093569604242636 1.0148616219060709 1.0721374066068372
4 36 -0.13230430886544153 -0.08472831554058567 0.0698009238684277 0.3131586315186033 0.9281850730874496 0.9773658778523302 0.9924737815616217 1.0093569604242636 1.0148616219060709 1.0721374066068372
5 45 -0.12933863030352324 -0.05818652617937274 0.11171218506250531 0.28102845054902137 0.9281850730874496 0.9773658778523302 0.9924737815616217 1.0093569604242636 1.0148616219060709 1.0721374066068372
6 54 -0.17180970595244038 -0.04569848806155049 0.11127671235768478 0.21607633159135903 0.9281850730874496 0.9773658778523302 0.9924737815616217 1.0093569604242636 1.0148616219060709 1.0721374066068372
7 63 -0.1014937209017213 -0.05557680563012415 0.10553125838077589 0.3028745728249123 0.7541175321342382 0.8810420700253773 0.9494534165494577 1.086281356832754 1.1166032482878714 1.15186797337468
8 72 -0.1194281335946561 -0.08357502160003741 0.14883840379614904 0.3218906401330629 0.7541175321342382 0.8810420700253773 0.9494534165494577 1.086281356832754 1.1166032482878714 1.15186797337468
9 81 -0.1224298996091678 -0.05741406800883635 0.1235897242484892 0.3528293971657289 0.7541175321342382 0.8810420700253773 0.9494534165494577 1.086281356832754 1.1166032482878714 1.15186797337468
10 90 -0.16867458321256357 -0.09148420596335272 0.14133043668093015 0.3424599383095446 0.7541175321342382 0.8810420700253773 0.9494534165494577 1.086281356832754 1.1166032482878714 1.15186797337468
11 99 -0.2904691025001845 -0.11744917430836765 0.17404085006375006 0.3516549537619258 0.7541175321342382 0.8810420700253773 0.9494534165494577 1.086281356832754 1.1166032482878714 1.15186797337468
12 108 -0.2472340754433253 -0.13293265656562575 0.1711944437035075 0.3198226797029705 0.7541175321342382 0.8810420700253773 0.9494534165494577 1.086281356832754 1.1166032482878714 1.15186797337468
13 117 -0.35695106236066276 -0.1549698635294536 0.1418051881612389 0.36811514642276866 0.5498473144531518 0.819021566177794 0.8915275121921851 1.0687287645432189 1.19996980991279 1.2845005189039547
14 126 -0.3762183055468457 -0.1500055591944553 0.18507405292671705 0.4690622468645454 0.5498473144531518 0.819021566177794 0.8915275121921851 1.0687287645432189 1.19996980991279 1.2845005189039547
15 135 -0.390524574702494 -0.13186434599672958 0.18036788678530688 0.49806191551484374 0.5498473144531518 0.819021566177794 0.8915275121921851 1.0687287645432189 1.19996980991279 1.2845005189039547
16 144 -0.43160159966382894 -0.13704502762893628 0.1702294665798244 0.480046234830262 0.5498473144531518 0.819021566177794 0.8915275121921851 1.0687287645432189 1.19996980991279 1.2845005189039547
17 153 -0.4320553535622907 -0.172381917285584 0.16290940736659454 0.5275092795218177 0.5498473144531518 0.819021566177794 0.8915275121921851 1.0687287645432189 1.19996980991279 1.2845005189039547
18 162 -0.34345243976313217 -0.1705418774247217 0.16897528229738024 0.5292521027773902 0.5498473144531518 0.819021566177794 0.8915275121921851 1.0687287645432189 1.19996980991279 1.2845005189039547
19 171 -0.324667587028077 -0.14506173751578 0.15145177129305584 0.5601436663295635 0.32596223138574465 0.7493717854733961 0.8759837555817129 1.076863903438872 1.2846347567650471 1.3247341944650637
20 180 -0.28778399977239594 -0.08597967367835772 0.15389473592283578 0.5683424763111851 0.32596223138574465 0.7493717854733961 0.8759837555817129 1.076863903438872 1.2846347567650471 1.3247341944650637
21 189 -0.25053907375332285 -0.1035977778784089 0.1248413697801663 0.6672979211269553 0.32596223138574465 0.7493717854733961 0.8759837555817129 1.076863903438872 1.2846347567650471 1.3247341944650637
22 198 -0.33797576972270754 -0.10194035260085088 0.11433446514786766 0.6958518310213273 0.32596223138574465 0.7493717854733961 0.8759837555817129 1.076863903438872 1.2846347567650471 1.3247341944650637
23 207 -0.35161697841279954 -0.07515559131748412 0.1518593446554013 0.7215853032891024 0.32596223138574465 0.7493717854733961 0.8759837555817129 1.076863903438872 1.2846347567650471 1.3247341944650637
24 216 -0.3881527765899504 -0.09705692634120128 0.2107666989327494 0.7478147829712072 0.32596223138574465 0.7493717854733961 0.8759837555817129 1.076863903438872 1.2846347567650471 1.3247341944650637
25 225 -0.4411322856889289 -0.10491735800155744 0.2389367396010266 0.749128935580688 0.21761576726789286 0.6925967297145138 0.8017978447914136 1.104216561523706 1.1507980707926573 1.512098855706753
26 234 -0.4600056737880963 -0.16247645853585957 0.2629302980547928 0.7604110696237157 0.21761576726789286 0.6925967297145138 0.8017978447914136 1.104216561523706 1.1507980707926573 1.512098855706753
27 243 -0.5284383101970116 -0.1562381539534039 0.2569923830098552 0.7574211403190695 0.21761576726789286 0.6925967297145138 0.8017978447914136 1.104216561523706 1.1507980707926573 1.512098855706753
28 252 -0.5534532122288381 -0.1661781238937717 0.1860942297085455 0.743941572291355 0.21761576726789286 0.6925967297145138 0.8017978447914136 1.104216561523706 1.1507980707926573 1.512098855706753
29 261 -0.5286921923026984 -0.17896617721417363 0.2226550013358419 0.785569529404143 0.21761576726789286 0.6925967297145138 0.8017978447914136 1.104216561523706 1.1507980707926573 1.512098855706753
30 270 -0.5291814552527149 -0.1292126177329993 0.2253139114830504 0.7693407673081306 0.21761576726789286 0.6925967297145138 0.8017978447914136 1.104216561523706 1.1507980707926573 1.512098855706753
31 279 -0.5259017712576204 -0.20254896944976775 0.18361767191003414 0.7478558328482917 0.1475611626420121 0.6533460252950978 0.7368320851851076 1.0816457930851844 1.20557058726036 1.5443720698673726
32 288 -0.5319226534249306 -0.21918760936788242 0.053006332693978836 0.7772955688502465 0.1475611626420121 0.6533460252950978 0.7368320851851076 1.0816457930851844 1.20557058726036 1.5443720698673726
33 297 -0.5455700330833542 -0.17802774233815574 0.02938633370724739 0.7401916244993856 0.1475611626420121 0.6533460252950978 0.7368320851851076 1.0816457930851844 1.20557058726036 1.5443720698673726
34 306 -0.513818081076336 -0.21689450981412683 0.05395323887317692 0.7701938345627578 0.1475611626420121 0.6533460252950978 0.7368320851851076 1.0816457930851844 1.20557058726036 1.5443720698673726
35 315 -0.48784881105387906 -0.22875695552989456 0.01214333602379793 0.7549776008231496 0.1475611626420121 0.6533460252950978 0.7368320851851076 1.0816457930851844 1.20557058726036 1.5443720698673726
36 324 -0.5043250378746962 -0.23929242144062637 0.05852060067529655 0.7419177540474712 0.1475611626420121 0.6533460252950978 0.7368320851851076 1.0816457930851844 1.20557058726036 1.5443720698673726
37 333 -0.4508563559029657 -0.21627476517081123 0.05366548745377994 0.740271792281976 0.14686114561322305 0.507324216490058 0.7364372511928317 1.0773061613477342 1.3157314654622256 1.512275194480919
38 342 -0.4085629976357778 -0.21925513839519012 0.0850770537414299 0.7512699116807529 0.14686114561322305 0.507324216490058 0.7364372511928317 1.0773061613477342 1.3157314654622256 1.512275194480919
39 351 -0.40548338985608684 -0.18843900252971746 0.09422655761224638 0.7805395186019453 0.14686114561322305 0.507324216490058 0.7364372511928317 1.0773061613477342 1.3157314654622256 1.512275194480919
40 360 -0.444255554830631 -0.1709324883106865 0.08295934610544682 0.7755359012122337 0.14686114561322305 0.507324216490058 0.7364372511928317 1.0773061613477342 1.3157314654622256 1.512275194480919
41 369 -0.410823278822653 -0.2238739211972414 0.10977230053567383 0.8107402443232591 0.14686114561322305 0.507324216490058 0.7364372511928317 1.0773061613477342 1.3157314654622256 1.512275194480919
42 378 -0.3564452928193237 -0.25893502063261253 0.18622282860181066 0.8276766110369651 0.14686114561322305 0.507324216490058 0.7364372511928317 1.0773061613477342 1.3157314654622256 1.512275194480919
43 387 -0.3603891995016793 -0.28006762893223053 0.20359729436681484 0.8616853112210656 0.11222438406320732 0.34322169271626024 0.6734670069006617 1.1057436040127915 1.2907727395436683 1.5897432386780643
44 396 -0.4117340287995548 -0.3146511571907312 0.19237225058334773 0.8610874683003844 0.11222438406320732 0.34322169271626024 0.6734670069006617 1.1057436040127915 1.2907727395436683 1.5897432386780643
45 405 -0.41985019736438 -0.3094277595522464 0.19475373955944966 0.8590704231789494 0.11222438406320732 0.34322169271626024 0.6734670069006617 1.1057436040127915 1.2907727395436683 1.5897432386780643
46 414 -0.39092351538064074 -0.28603981848389337 0.18885165553209735 0.8742602258030923 0.11222438406320732 0.34322169271626024 0.6734670069006617 1.1057436040127915 1.2907727395436683 1.5897432386780643
47 423 -0.442545088949408 -0.26274414184452854 0.06191238661761088 0.9012432977565416 0.11222438406320732 0.34322169271626024 0.6734670069006617 1.1057436040127915 1.2907727395436683 1.5897432386780643
48 432 -0.4679640748499528 -0.27313526944357386 0.051528627606549374 0.9194450900328941 0.11222438406320732 0.34322169271626024 0.6734670069006617 1.1057436040127915 1.2907727395436683 1.5897432386780643
49 441 -0.41561436706582267 -0.18731580023026861 0.11236288838447045 0.9300764522286862 0.06666759874199643 0.24662232215973598 0.5682495163023146 1.1395671105072636 1.4069931260420934 1.527606785999959
50 450 -0.44181075221128113 -0.19622731520702846 0.07238211646914831 0.9402748765025524 0.06666759874199643 0.24662232215973598 0.5682495163023146 1.1395671105072636 1.4069931260420934 1.527606785999959
51 459 -0.4782686914814321 -0.16409060022126187 0.06223108880833359 0.9548111560400748 0.06666759874199643 0.24662232215973598 0.5682495163023146 1.1395671105072636 1.4069931260420934 1.527606785999959
52 468 -0.44507276759981074 -0.15007025781771688 0.06601614789696575 0.968566865246773 0.06666759874199643 0.24662232215973598 0.5682495163023146 1.1395671105072636 1.4069931260420934 1.527606785999959
53 477 -0.4978122697454661 -0.18734066131442795 0.04268305156721128 0.9716513428352838 0.06666759874199643 0.24662232215973598 0.5682495163023146 1.1395671105072636 1.4069931260420934 1.527606785999959
54 486 -0.49135141718468567 -0.17620140053275873 0.14083102774933956 0.9684818995090634 0.06666759874199643 0.24662232215973598 0.5682495163023146 1.1395671105072636 1.4069931260420934 1.527606785999959
55 495 -0.4891075070850037 -0.1460813115256252 0.14628191822871148 0.9684989890923752 0.057703329322588204 0.17179243356552107 0.6212207768485506 1.1642465861103077 1.3321414355953816 1.5656217660299625
56 504 -0.4723343182379739 -0.16130852829149286 0.19306753301239796 0.9743290091757887 0.057703329322588204 0.17179243356552107 0.6212207768485506 1.1642465861103077 1.3321414355953816 1.5656217660299625
57 513 -0.5318507435150235 -0.24111289581509943 0.28389135483987205 0.9809278901092497 0.057703329322588204 0.17179243356552107 0.6212207768485506 1.1642465861103077 1.3321414355953816 1.5656217660299625
58 522 -0.5086638181373494 -0.2542143864486869 0.3013152821040911 0.9815164062092828 0.057703329322588204 0.17179243356552107 0.6212207768485506 1.1642465861103077 1.3321414355953816 1.5656217660299625
59 531 -0.5060867712775817 -0.3396584064655722 0.36116347525752124 0.9849209083352248 0.057703329322588204 0.17179243356552107 0.6212207768485506 1.1642465861103077 1.3321414355953816 1.5656217660299625
60 540 -0.6039924064872719 -0.3287053569066409 0.39156846420102004 0.9864284241558008 0.057703329322588204 0.17179243356552107 0.6212207768485506 1.1642465861103077 1.3321414355953816 1.5656217660299625
61 549 -0.5992995865620945 -0.34006519070435903 0.43856754315630897 0.9884591567205233 0.04100129257421711 0.09940065608855962 0.6556343606277572 1.0409207480627978 1.1510857542508528 1.7748429709001783
62 558 -0.5821797123116503 -0.3667739969349194 0.3794962015944883 0.9900281268228698 0.04100129257421711 0.09940065608855962 0.6556343606277572 1.0409207480627978 1.1510857542508528 1.7748429709001783
63 567 -0.5290852308408467 -0.41104515594887064 0.2682952625230661 0.990653462387842 0.04100129257421711 0.09940065608855962 0.6556343606277572 1.0409207480627978 1.1510857542508528 1.7748429709001783
64 576 -0.5953555379107298 -0.49536589730813246 0.3445215457616622 0.9914390425997737 0.04100129257421711 0.09940065608855962 0.6556343606277572 1.0409207480627978 1.1510857542508528 1.7748429709001783
65 585 -0.6028718708178475 -0.47110365864983605 0.3697141435192337 0.9922255058684845 0.04100129257421711 0.09940065608855962 0.6556343606277572 1.0409207480627978 1.1510857542508528 1.7748429709001783
66 594 -0.47590006523992356 -0.2910847459822288 0.3602337371836814 0.992896627802814 0.04100129257421711 0.09940065608855962 0.6556343606277572 1.0409207480627978 1.1510857542508528 1.7748429709001783
67 603 -0.4183339455231624 -0.13370534833612835 0.29963870181978935 0.9922321550199295 0.031380544317018075 0.07811102352135488 0.7402316439194552 1.142895015992751 1.2537986912503338 1.6021082569604947
68 612 -0.42196141790331015 -0.1201791430111169 0.3341166004238112 0.9935025610387919 0.031380544317018075 0.07811102352135488 0.7402316439194552 1.142895015992751 1.2537986912503338 1.6021082569604947
69 621 -0.3766083617930742 -0.14034112445851904 0.31912061412972303 0.9946320035298724 0.031380544317018075 0.07811102352135488 0.7402316439194552 1.142895015992751 1.2537986912503338 1.6021082569604947
70 630 -0.3603183995249279 -0.12054884445248937 0.3200341955329293 0.9943502194733479 0.031380544317018075 0.07811102352135488 0.7402316439194552 1.142895015992751 1.2537986912503338 1.6021082569604947
71 639 -0.2699051614039706 -0.12139403466486684 0.23718386900677327 0.995488454144258 0.031380544317018075 0.07811102352135488 0.7402316439194552 1.142895015992751 1.2537986912503338 1.6021082569604947
72 648 -0.2689656648085848 -0.17042014993787644 0.23493846913049737 0.9972337365522934 0.031380544317018075 0.07811102352135488 0.7402316439194552 1.142895015992751 1.2537986912503338 1.6021082569604947
73 657 -0.20165027899214133 -0.07476018257195267 0.29536036670174803 0.9981636212064722 0.029015739279232202 0.03816414523592839 0.7757343378228521 1.1300446928552053 1.3704468683129405 1.4969342655227287
74 666 -0.20846932880885186 0.03180240026444692 0.354347348955219 0.9981346635624415 0.029015739279232202 0.03816414523592839 0.7757343378228521 1.1300446928552053 1.3704468683129405 1.4969342655227287
75 675 -0.27894154639868174 -0.055893835435884415 0.3387306644839668 0.9981258656229418 0.029015739279232202 0.03816414523592839 0.7757343378228521 1.1300446928552053 1.3704468683129405 1.4969342655227287
76 684 -0.2827150033183273 -0.14020627061433782 0.3236218163743223 0.9982514372046457 0.029015739279232202 0.03816414523592839 0.7757343378228521 1.1300446928552053 1.3704468683129405 1.4969342655227287
77 693 -0.2986948720729445 -0.11453175494818221 0.3923355639193 0.9984914196136182 0.029015739279232202 0.03816414523592839 0.7757343378228521 1.1300446928552053 1.3704468683129405 1.4969342655227287
78 702 -0.267570531257435 -0.06837354475528906 0.4215631935918961 0.9986066175823348 0.029015739279232202 0.03816414523592839 0.7757343378228521 1.1300446928552053 1.3704468683129405 1.4969342655227287
79 711 -0.22052562878265305 -0.011460107697846403 0.4574532854260272 0.9986500136111962 0.024568330410293274 0.030868281329593017 0.692432991418033 0.9441208215489645 1.4680812162527093 1.5723719393159359
80 720 -0.20516061909836314 0.020236295665685283 0.47610599927515956 0.9989135003404668 0.024568330410293274 0.030868281329593017 0.692432991418033 0.9441208215489645 1.4680812162527093 1.5723719393159359
81 729 -0.1778900379228905 0.042257914851789785 0.45108157144341365 0.998878883017204 0.024568330410293274 0.030868281329593017 0.692432991418033 0.9441208215489645 1.4680812162527093 1.5723719393159359
82 738 -0.17692871858333847 0.018230559360795012 0.40891022534906474 0.9989583599725805 0.024568330410293274 0.030868281329593017 0.692432991418033 0.9441208215489645 1.4680812162527093 1.5723719393159359
83 747 -0.23795220352053573 0.0008510806431579446 0.39224055024017707 0.9989961514040421 0.024568330410293274 0.030868281329593017 0.692432991418033 0.9441208215489645 1.4680812162527093 1.5723719393159359
84 756 -0.11874647021110613 0.036695471591114526 0.41519612596179606 0.9990794013445193 0.024568330410293274 0.030868281329593017 0.692432991418033 0.9441208215489645 1.4680812162527093 1.5723719393159359
85 765 -0.0608718841683633 -0.0007707167309085154 0.34552507361297624 0.9990378930723726 0.01661771047143738 0.025076688003137972 0.7956952016422606 0.9952224557322387 1.414053924727407 1.5414110156185705
86 774 -0.15012045841868887 -0.06469084659515521 0.26947135513906617 0.9991101121191477 0.01661771047143738 0.025076688003137972 0.7956952016422606 0.9952224557322387 1.414053924727407 1.5414110156185705
87 783 -0.12473027226279691 -0.06316531572999082 0.3105967912608326 0.9990788893252789 0.01661771047143738 0.025076688003137972 0.7956952016422606 0.9952224557322387 1.414053924727407 1.5414110156185705
88 792 -0.13081831279069964 -0.06491049466380958 0.3053149924885029 0.9991510689073361 0.01661771047143738 0.025076688003137972 0.7956952016422606 0.9952224557322387 1.414053924727407 1.5414110156185705
89 801 -0.11629426310112453 -0.051552250204093014 0.27647127496240537 0.999363421933983 0.01661771047143738 0.025076688003137972 0.7956952016422606 0.9952224557322387 1.414053924727407 1.5414110156185705
90 810 -0.12656258481686716 -0.030777353931950864 0.30416567843991493 0.9990889620185675 0.01661771047143738 0.025076688003137972 0.7956952016422606 0.9952224557322387 1.414053924727407 1.5414110156185705
91 819 -0.13733841657443788 -0.07994780487313016 0.2394515262467235 0.9991323137788362 0.013169638701100187 0.02297087816165593 0.8610954316225318 1.1097745114546351 1.3651800509891512 1.4705432734600683
92 828 -0.2251973860189186 -0.10873195765338825 0.24765376787513235 0.9991761800902058 0.013169638701100187 0.02297087816165593 0.8610954316225318 1.1097745114546351 1.3651800509891512 1.4705432734600683
93 837 -0.16039677192029067 -0.1262263959999183 0.211375810507253 0.9992866116214433 0.013169638701100187 0.02297087816165593 0.8610954316225318 1.1097745114546351 1.3651800509891512 1.4705432734600683
94 846 -0.1976281617549524 -0.09715128232509654 0.20955292856664265 0.9993916396871538 0.013169638701100187 0.02297087816165593 0.8610954316225318 1.1097745114546351 1.3651800509891512 1.4705432734600683
95 855 -0.24740216847033195 -0.021465529485971753 0.1975420150230885 0.9995245636773635 0.013169638701100187 0.02297087816165593 0.8610954316225318 1.1097745114546351 1.3651800509891512 1.4705432734600683
96 864 -0.3014526107179852 -0.06932953645455725 0.1543996479040064 0.9995224026172255 0.013169638701100187 0.02297087816165593 0.8610954316225318 1.1097745114546351 1.3651800509891512 1.4705432734600683
97 873 -0.29102243546497375 -0.07337334259030097 0.1556173935695065 0.9995263614165767 0.010711385588946763 0.015324487845509677 0.967578570609732 1.0647521408396858 1.3693570911083797 1.4333897486714384
98 882 -0.24626352398755644 -0.09897903942369823 0.18209241216359923 0.9995094311672683 0.010711385588946763 0.015324487845509677 0.967578570609732 1.0647521408396858 1.3693570911083797 1.4333897486714384
99 891 -0.1892826602192805 -0.1671028332138979 0.23948328908344807 0.9995617996934815 0.010711385588946763 0.015324487845509677 0.967578570609732 1.0647521408396858 1.3693570911083797 1.4333897486714384
100 900 -0.2873300001359038 -0.2450405771029443 0.22928186175075962 0.999636166849271 0.010711385588946763 0.015324487845509677 0.967578570609732 1.0647521408396858 1.3693570911083797 1.4333897486714384
101 909 -0.30924668149254536 -0.25860002679580885 0.18291016412232178 0.9996397345924595 0.010711385588946763 0.015324487845509677 0.967578570609732 1.0647521408396858 1.3693570911083797 1.4333897486714384
102 918 -0.3053033116069396 -0.26470911622045473 0.17505324828026878 0.9996124980965913 0.010711385588946763 0.015324487845509677 0.967578570609732 1.0647521408396858 1.3693570911083797 1.4333897486714384
103 927 -0.2862806525876528 -0.2548252742519792 0.16173318063847802 0.9996305373716087 0.007109076833533722 0.012552322390765735 0.9395714366358775 1.0200101148840401 1.203218161644613 1.621370666044619
104 936 -0.1998442887796852 -0.17820117445035405 0.23941370960830066 0.9996161413786039 0.007109076833533722 0.012552322390765735 0.9395714366358775 1.0200101148840401 1.203218161644613 1.621370666044619
105 945 -0.23881454885301268 -0.14449899101988756 0.29119921401504995 0.9997078173388293 0.007109076833533722 0.012552322390765735 0.9395714366358775 1.0200101148840401 1.203218161644613 1.621370666044619
106 954 -0.25761769123923967 -0.15746490442664268 0.21647323353694206 0.9996766322524756 0.007109076833533722 0.012552322390765735 0.9395714366358775 1.0200101148840401 1.203218161644613 1.621370666044619
107 963 -0.2661434402041558 -0.15554792442348123 0.21787603219195179 0.9996512289364867 0.007109076833533722 0.012552322390765735 0.9395714366358775 1.0200101148840401 1.203218161644613 1.621370666044619
108 972 -0.19341507624638685 -0.08135989236131973 0.2269255301543272 0.9996818991270694 0.007109076833533722 0.012552322390765735 0.9395714366358775 1.0200101148840401 1.203218161644613 1.621370666044619
109 981 -0.17083096938164544 -0.1222223664195666 0.25596336420897065 0.9996940720393891 0.005408022108002678 0.008890794636929834 0.9111253541833959 0.9946945905925111 1.3759242589541394 1.512335082281465
110 990 -0.1349741824959859 -0.08166659877688814 0.18370647934078763 0.9996559237348023 0.005408022108002678 0.008890794636929834 0.9111253541833959 0.9946945905925111 1.3759242589541394 1.512335082281465
111 999 -0.19339959448027413 -0.14396795170525298 0.12787385727868864 0.9997099772283721 0.005408022108002678 0.008890794636929834 0.9111253541833959 0.9946945905925111 1.3759242589541394 1.512335082281465
112 1008 -0.26734461849182223 -0.2486505372678967 0.10913691960804144 0.9997168579474568 0.005408022108002678 0.008890794636929834 0.9111253541833959 0.9946945905925111 1.3759242589541394 1.512335082281465
113 1017 -0.3146225495837052 -0.28523881293093445 0.16326531264915767 0.9997382895622723 0.005408022108002678 0.008890794636929834 0.9111253541833959 0.9946945905925111 1.3759242589541394 1.512335082281465
114 1026 -0.30690603609445544 -0.2719734040163682 0.1383956025995387 0.9997223352703926 0.005408022108002678 0.008890794636929834 0.9111253541833959 0.9946945905925111 1.3759242589541394 1.512335082281465
115 1035 -0.3384257378179183 -0.29140843670846783 0.15239051087974306 0.9997608586893544 0.0041105424304732 0.006018003680343841 0.8927385780668774 0.9963006882345792 1.2163517339204653 1.6525247702578443
116 1044 -0.30133399702613584 -0.2515300177897682 0.23520027404126195 0.9997813937054361 0.0041105424304732 0.006018003680343841 0.8927385780668774 0.9963006882345792 1.2163517339204653 1.6525247702578443
117 1053 -0.25251917514611116 -0.22208105100014086 0.2061341483455596 0.9997953354179365 0.0041105424304732 0.006018003680343841 0.8927385780668774 0.9963006882345792 1.2163517339204653 1.6525247702578443
118 1062 -0.2859542567458754 -0.2273299407060702 0.23538849916406673 0.9997861183056186 0.0041105424304732 0.006018003680343841 0.8927385780668774 0.9963006882345792 1.2163517339204653 1.6525247702578443
119 1071 -0.3152507688252907 -0.24092442563962888 0.30415159085408133 0.9997851982599236 0.0041105424304732 0.006018003680343841 0.8927385780668774 0.9963006882345792 1.2163517339204653 1.6525247702578443
120 1080 -0.3083464375197022 -0.21511098765794082 0.30111262399878447 0.9998052319939167 0.0041105424304732 0.006018003680343841 0.8927385780668774 0.9963006882345792 1.2163517339204653 1.6525247702578443
121 1089 -0.28161090607446665 -0.20213215630093628 0.2939687044165787 0.999815920190767 0.0024675476435144965 0.005107407698132455 0.7851429094535949 1.0054518005956818 1.3227411258699537 1.6195496373810727
122 1098 -0.2704417542390939 -0.15277855227868872 0.24919905771644704 0.9998599236154261 0.0024675476435144965 0.005107407698132455 0.7851429094535949 1.0054518005956818 1.3227411258699537 1.6195496373810727
123 1107 -0.20798824186450837 -0.06384836735336108 0.32308353108315324 0.9998370644114057 0.0024675476435144965 0.005107407698132455 0.7851429094535949 1.0054518005956818 1.3227411258699537 1.6195496373810727
124 1116 -0.17762124709326468 -0.03716049933893107 0.3258245947357158 0.999817344103005 0.0024675476435144965 0.005107407698132455 0.7851429094535949 1.0054518005956818 1.3227411258699537 1.6195496373810727
125 1125 -0.21059941016451605 -0.08048619972256169 0.32224961479810266 0.9998328515532344 0.0024675476435144965 0.005107407698132455 0.7851429094535949 1.0054518005956818 1.3227411258699537 1.6195496373810727
126 1134 -0.2971036327637816 -0.13536185352898786 0.3223490855240312 0.9998463335488783 0.0024675476435144965 0.005107407698132455 0.7851429094535949 1.0054518005956818 1.3227411258699537 1.6195496373810727
127 1143 -0.27445093913192925 -0.1366088799356002 0.33550096058746837 0.9998488672484678 0.002080664206048387 0.0037697144086619337 0.7426469946091098 1.0022474983233216 1.384305017550309 1.5898605196612303
128 1152 -0.25927284230635744 -0.13993372968298448 0.41465608837960766 0.9998487318378803 0.002080664206048387 0.0037697144086619337 0.7426469946091098 1.0022474983233216 1.384305017550309 1.5898605196612303
129 1161 -0.27784151749737657 -0.1464125181529473 0.41295500738320734 0.9998611261934255 0.002080664206048387 0.0037697144086619337 0.7426469946091098 1.0022474983233216 1.384305017550309 1.5898605196612303
130 1170 -0.25971359708682323 -0.12681047413342217 0.4097683187024673 0.9998713997369181 0.002080664206048387 0.0037697144086619337 0.7426469946091098 1.0022474983233216 1.384305017550309 1.5898605196612303
131 1179 -0.2049031034128345 -0.07459154194201058 0.40492736261515183 0.9998632817840408 0.002080664206048387 0.0037697144086619337 0.7426469946091098 1.0022474983233216 1.384305017550309 1.5898605196612303
132 1188 -0.19680861016525836 -0.06544784027590848 0.37697146151951977 0.9998664576831178 0.002080664206048387 0.0037697144086619337 0.7426469946091098 1.0022474983233216 1.384305017550309 1.5898605196612303
133 1197 -0.20976356524917908 -0.127257229089867 0.38875580276912125 0.9998825369821045 0.0019992659018495283 0.0033027065973350706 0.7256998201423589 1.0616495441095493 1.3926054546736566 1.5514171454562111
134 1206 -0.18755719075653132 -0.12985404245749232 0.47002207358852854 0.9998860686404007 0.0019992659018495283 0.0033027065973350706 0.7256998201423589 1.0616495441095493 1.3926054546736566 1.5514171454562111
135 1215 -0.17950377069275483 -0.09943741868229004 0.4894230647495736 0.9998819786261004 0.0019992659018495283 0.0033027065973350706 0.7256998201423589 1.0616495441095493 1.3926054546736566 1.5514171454562111
136 1224 -0.19331862249147552 -0.09769034131043469 0.4270107364538858 0.999895070176123 0.0019992659018495283 0.0033027065973350706 0.7256998201423589 1.0616495441095493 1.3926054546736566 1.5514171454562111
137 1233 -0.16496716496281558 -0.07954226323299146 0.43668810733454244 0.9999111929107001 0.0019992659018495283 0.0033027065973350706 0.7256998201423589 1.0616495441095493 1.3926054546736566 1.5514171454562111
138 1242 -0.13316972183027165 -0.029239733409834386 0.47880505841951476 0.9999072905447565 0.0019992659018495283 0.0033027065973350706 0.7256998201423589 1.0616495441095493 1.3926054546736566 1.5514171454562111
139 1251 -0.1627994480478689 -0.0658269089547934 0.5143501293821663 0.9999135864519152 0.0012994553738144472 0.0032408522015317477 0.7289958553422757 0.9310571831548894 1.4339357132382118 1.595466622396791
140 1260 -0.12578950538638914 -0.046666562241215556 0.4586057363517407 0.999913863815737 0.0012994553738144472 0.0032408522015317477 0.7289958553422757 0.9310571831548894 1.4339357132382118 1.595466622396791
141 1269 -0.09100689799617305 -0.042299795708145196 0.42596498459551013 0.999902612377891 0.0012994553738144472 0.0032408522015317477 0.7289958553422757 0.9310571831548894 1.4339357132382118 1.595466622396791
142 1278 -0.08964823464715184 -0.06315200247955495 0.37519260979311697 0.9999206419966198 0.0012994553738144472 0.0032408522015317477 0.7289958553422757 0.9310571831548894 1.4339357132382118 1.595466622396791
143 1287 -0.10825927131889351 -0.07414449067122607 0.39443272513025607 0.9999136171456845 0.0012994553738144472 0.0032408522015317477 0.7289958553422757 0.9310571831548894 1.4339357132382118 1.595466622396791
144 1296 -0.14321796136291398 -0.09093332899279927 0.4630713143147635 0.99992711479902 0.0012994553738144472 0.0032408522015317477 0.7289958553422757 0.9310571831548894 1.4339357132382118 1.595466622396791
145 1305 -0.20029195310663156 -0.13677864315926225 0.46815530759311424 0.9999266380669828 0.0011478025042450544 0.002951017344471076 0.6915198006738306 0.9742274058915839 1.4356200419261027 1.5848237744783864
146 1314 -0.26589723193421166 -0.1838447292655275 0.45628634413775454 0.9999341519080285 0.0011478025042450544 0.002951017344471076 0.6915198006738306 0.9742274058915839 1.4356200419261027 1.5848237744783864
147 1323 -0.28419074190978494 -0.20549885686969466 0.4663015167586618 0.9999328757121809 0.0011478025042450544 0.002951017344471076 0.6915198006738306 0.9742274058915839 1.4356200419261027 1.5848237744783864
148 1332 -0.4058671021426634 -0.31120964661399314 0.5070069322769907 0.9999374275676539 0.0011478025042450544 0.002951017344471076 0.6915198006738306 0.9742274058915839 1.4356200419261027 1.5848237744783864
149 1341 -0.42372611422334894 -0.34068996439314064 0.5262538893801909 0.9999415990607187 0.0011478025042450544 0.002951017344471076 0.6915198006738306 0.9742274058915839 1.4356200419261027 1.5848237744783864
150 1350 -0.4520806989374124 -0.37373943641224777 0.5183138373809895 0.9999429756383603 0.0011478025042450544 0.002951017344471076 0.6915198006738306 0.9742274058915839 1.4356200419261027 1.5848237744783864
151 1359 -0.48278985923189544 -0.4076715413658559 0.5157939599105044 0.9999473484327404 0.0008977130706365449 0.0018438669354285543 0.651471439770967 0.9564684546165766 1.1845040461929368 1.8049096978255306
152 1368 -0.5189759277939309 -0.42477496156423145 0.5153347448205838 0.9999470422713502 0.0008977130706365449 0.0018438669354285543 0.651471439770967 0.9564684546165766 1.1845040461929368 1.8049096978255306
153 1377 -0.5286813180782245 -0.42157325234790355 0.49809690777684834 0.9999576049927387 0.0008977130706365449 0.0018438669354285543 0.651471439770967 0.9564684546165766 1.1845040461929368 1.8049096978255306
154 1386 -0.537288479905691 -0.4264469886345208 0.46082671648623896 0.9999578678823027 0.0008977130706365449 0.0018438669354285543 0.651471439770967 0.9564684546165766 1.1845040461929368 1.8049096978255306
155 1395 -0.6377679886396779 -0.5296157895122658 0.5044049619532069 0.9999664668462211 0.0008977130706365449 0.0018438669354285543 0.651471439770967 0.9564684546165766 1.1845040461929368 1.8049096978255306
156 1404 -0.6994005550194077 -0.5568532596420581 0.41646272169180454 0.9999719769002664 0.0008977130706365449 0.0018438669354285543 0.651471439770967 0.9564684546165766 1.1845040461929368 1.8049096978255306
157 1413 -0.6633928848560385 -0.5204755345369843 0.4334963545243437 0.9999710634699966 0.0005538986022854556 0.0012732903684921715 0.588472953650025 0.8383805782082459 1.231178202251197 1.853379587438879
158 1422 -0.6127484997119752 -0.4750741215284473 0.45795090277154493 0.9999627761454633 0.0005538986022854556 0.0012732903684921715 0.588472953650025 0.8383805782082459 1.231178202251197 1.853379587438879
159 1431 -0.6202451509033429 -0.48152069445518364 0.5085214911919094 0.9999620665674549 0.0005538986022854556 0.0012732903684921715 0.588472953650025 0.8383805782082459 1.231178202251197 1.853379587438879
160 1440 -0.6087867996141345 -0.4674628117115578 0.5006440153592914 0.9999613589178267 0.0005538986022854556 0.0012732903684921715 0.588472953650025 0.8383805782082459 1.231178202251197 1.853379587438879
161 1449 -0.601922912784006 -0.4588231126085627 0.48597535979007933 0.9999585381405331 0.0005538986022854556 0.0012732903684921715 0.588472953650025 0.8383805782082459 1.231178202251197 1.853379587438879
162 1458 -0.44287376213480567 -0.2947980676306362 0.5382329750116737 0.9999529260370845 0.0005538986022854556 0.0012732903684921715 0.588472953650025 0.8383805782082459 1.231178202251197 1.853379587438879
163 1467 -0.42561193262279995 -0.2599371575400816 0.5682628349185062 0.9999476584255541 0.0004654525993907061 0.001041899717316238 0.5110603624433752 0.8183619401607685 1.460794333704727 1.7132366016550578
164 1476 -0.4263677908064515 -0.2678693947523362 0.570060229870371 0.9999567199708319 0.0004654525993907061 0.001041899717316238 0.5110603624433752 0.8183619401607685 1.460794333704727 1.7132366016550578
165 1485 -0.3855947617810787 -0.24677430669511075 0.606571247085512 0.999953950192715 0.0004654525993907061 0.001041899717316238 0.5110603624433752 0.8183619401607685 1.460794333704727 1.7132366016550578
166 1494 -0.3761675589183046 -0.2583285857207213 0.665759466608724 0.999947541183319 0.0004654525993907061 0.001041899717316238 0.5110603624433752 0.8183619401607685 1.460794333704727 1.7132366016550578
167 1503 -0.41246073344821677 -0.2816230132421906 0.6454551999298623 0.9999498257555646 0.0004654525993907061 0.001041899717316238 0.5110603624433752 0.8183619401607685 1.460794333704727 1.7132366016550578
168 1512 -0.3596089271547903 -0.23209483217728252 0.6607014367813581 0.9999519918405775 0.0004654525993907061 0.001041899717316238 0.5110603624433752 0.8183619401607685 1.460794333704727 1.7132366016550578
169 1521 -0.3279713761980617 -0.21843201103640106 0.6453693034098662 0.9999409397505804 0.0003472047754736799 0.000857570003676971 0.515221828855742 0.8737852637033798 1.4040189002533294 1.731986100336641
170 1530 -0.2628250023143708 -0.1712697539148449 0.7232311347773793 0.9999286292981082 0.0003472047754736799 0.000857570003676971 0.515221828855742 0.8737852637033798 1.4040189002533294 1.731986100336641
171 1539 -0.2819310130702645 -0.1853648583943527 0.722859050435469 0.9999235268236667 0.0003472047754736799 0.000857570003676971 0.515221828855742 0.8737852637033798 1.4040189002533294 1.731986100336641
172 1548 -0.2725090640073452 -0.164106332302883 0.7031391995648741 0.9999289712895145 0.0003472047754736799 0.000857570003676971 0.515221828855742 0.8737852637033798 1.4040189002533294 1.731986100336641
173 1557 -0.2628334824586208 -0.16237274176323643 0.7263111240524945 0.9999182739415425 0.0003472047754736799 0.000857570003676971 0.515221828855742 0.8737852637033798 1.4040189002533294 1.731986100336641
174 1566 -0.24259975590875993 -0.15349765527209247 0.7585430234125141 0.9999030613085695 0.0003472047754736799 0.000857570003676971 0.515221828855742 0.8737852637033798 1.4040189002533294 1.731986100336641
175 1575 -0.3109068167321515 -0.2272382392657483 0.7679938078061566 0.9998994175654614 0.00021423610428494366 0.0006951093166134423 0.39555712760482226 0.7711864850073199 1.383428258483955 1.8261795335336168
176 1584 -0.37290908581669097 -0.2950058085362725 0.7552220190029253 0.9999147221817185 0.00021423610428494366 0.0006951093166134423 0.39555712760482226 0.7711864850073199 1.383428258483955 1.8261795335336168
177 1593 -0.26895660644311387 -0.19854523053942486 0.7548297424871765 0.9999075313977358 0.00021423610428494366 0.0006951093166134423 0.39555712760482226 0.7711864850073199 1.383428258483955 1.8261795335336168
178 1602 -0.4266147228222737 -0.3459763879643417 0.7690542625718921 0.9999100355098738 0.00021423610428494366 0.0006951093166134423 0.39555712760482226 0.7711864850073199 1.383428258483955 1.8261795335336168
179 1611 -0.4979629533033248 -0.40485581800232245 0.730810655187997 0.9999205289587225 0.00021423610428494366 0.0006951093166134423 0.39555712760482226 0.7711864850073199 1.383428258483955 1.8261795335336168
180 1620 -0.4948001854131391 -0.4124812328647409 0.7429747777253308 0.9999203288974454 0.00021423610428494366 0.0006951093166134423 0.39555712760482226 0.7711864850073199 1.383428258483955 1.8261795335336168
181 1629 -0.5118334045745816 -0.4278382022152679 0.7466921655252541 0.9999107984388665 0.00019552712022897844 0.0006150627321835164 0.4029811427865541 0.7958146431499019 1.2307712077605448 1.9208037562232294
182 1638 -0.5187910532039645 -0.43007580732259787 0.7625921299590144 0.999913970723016 0.00019552712022897844 0.0006150627321835164 0.4029811427865541 0.7958146431499019 1.2307712077605448 1.9208037562232294
183 1647 -0.49485506904355364 -0.40110420131297503 0.76018878465576 0.9999097351210098 0.00019552712022897844 0.0006150627321835164 0.4029811427865541 0.7958146431499019 1.2307712077605448 1.9208037562232294
184 1656 -0.4283239837099059 -0.3463951119403309 0.7672779198761326 0.9998987321191725 0.00019552712022897844 0.0006150627321835164 0.4029811427865541 0.7958146431499019 1.2307712077605448 1.9208037562232294
185 1665 -0.4166078042933678 -0.34059666035087965 0.7648900787581125 0.9998802193989561 0.00019552712022897844 0.0006150627321835164 0.4029811427865541 0.7958146431499019 1.2307712077605448 1.9208037562232294
186 1674 -0.33892981412185513 -0.26623742158368097 0.7526970856284055 0.9998778375931442 0.00019552712022897844 0.0006150627321835164 0.4029811427865541 0.7958146431499019 1.2307712077605448 1.9208037562232294
187 1683 -0.3098578043111925 -0.2102839292096003 0.7079513909620683 0.9999059315745976 0.00024961584204416575 0.0006195122413886725 0.4802378199415416 0.8166489489414999 1.3967393537815633 1.7752675465926016
188 1692 -0.39417191485125475 -0.2989574304556217 0.6911550771078586 0.9999293709516196 0.00024961584204416575 0.0006195122413886725 0.4802378199415416 0.8166489489414999 1.3967393537815633 1.7752675465926016
189 1701 -0.48058693002508485 -0.38097693257132526 0.6744126083512672 0.9999438494729139 0.00024961584204416575 0.0006195122413886725 0.4802378199415416 0.8166489489414999 1.3967393537815633 1.7752675465926016
190 1710 -0.5282771643654026 -0.43579795890813683 0.7041539321759525 0.99993994073053 0.00024961584204416575 0.0006195122413886725 0.4802378199415416 0.8166489489414999 1.3967393537815633 1.7752675465926016
191 1719 -0.500804759442064 -0.41242014024050433 0.7080235789110499 0.9999383921696429 0.00024961584204416575 0.0006195122413886725 0.4802378199415416 0.8166489489414999 1.3967393537815633 1.7752675465926016
192 1728 -0.5390043453737661 -0.4513470255871045 0.692759959902521 0.9999457520624364 0.00024961584204416575 0.0006195122413886725 0.4802378199415416 0.8166489489414999 1.3967393537815633 1.7752675465926016
193 1737 -0.5415764411442474 -0.4429497711430951 0.6499497484382258 0.9999511711457911 0.00018887840698344078 0.0004896361849489936 0.506900285530961 0.8481174994419136 1.231397167291819 1.8728079315925759
194 1746 -0.6801225853126256 -0.6120805957457829 0.6497564145293279 0.9999702951680887 0.00018887840698344078 0.0004896361849489936 0.506900285530961 0.8481174994419136 1.231397167291819 1.8728079315925759
195 1755 -0.7061814288647535 -0.645510483459826 0.6544786575541666 0.9999693175869089 0.00018887840698344078 0.0004896361849489936 0.506900285530961 0.8481174994419136 1.231397167291819 1.8728079315925759
196 1764 -0.7096438449403863 -0.651232428887798 0.633180921820844 0.9999711977794891 0.00018887840698344078 0.0004896361849489936 0.506900285530961 0.8481174994419136 1.231397167291819 1.8728079315925759
197 1773 -0.7303707763807399 -0.6692922081531735 0.6145072059305137 0.9999702870754452 0.00018887840698344078 0.0004896361849489936 0.506900285530961 0.8481174994419136 1.231397167291819 1.8728079315925759
198 1782 -0.7033621388892775 -0.6414181928021367 0.622010639790848 0.9999634605355375 0.00018887840698344078 0.0004896361849489936 0.506900285530961 0.8481174994419136 1.231397167291819 1.8728079315925759
199 1791 -0.6560889885271897 -0.5974585507861029 0.6277551704275385 0.9999565073648486 0.00020330577597384747 0.00044548303872920473 0.47352022470670996 0.869838101639877 1.0597681946447168 1.9738417888879398
200 1800 -0.641199469167253 -0.570197870830205 0.6160433556263659 0.9999570652763714 0.00020330577597384747 0.00044548303872920473 0.47352022470670996 0.869838101639877 1.0597681946447168 1.9738417888879398
201 1809 -0.5989494866058579 -0.5020358647805788 0.6341206804990155 0.9999571788316585 0.00020330577597384747 0.00044548303872920473 0.47352022470670996 0.869838101639877 1.0597681946447168 1.9738417888879398
202 1818 -0.5816412296010909 -0.4885855693363245 0.6141328592146826 0.9999484395846002 0.00020330577597384747 0.00044548303872920473 0.47352022470670996 0.869838101639877 1.0597681946447168 1.9738417888879398
203 1827 -0.5222863110926517 -0.43267816984520063 0.6173061825775349 0.9999437399598637 0.00020330577597384747 0.00044548303872920473 0.47352022470670996 0.869838101639877 1.0597681946447168 1.9738417888879398
204 1836 -0.5207992846089555 -0.44957698239962157 0.6426430289296627 0.9999440367835721 0.00020330577597384747 0.00044548303872920473 0.47352022470670996 0.869838101639877 1.0597681946447168 1.9738417888879398
205 1845 -0.4805463841191301 -0.40918257368871785 0.6258863699938017 0.9999292329074452 0.00019976866445307995 0.0004698494936418096 0.4721027263218562 0.9714862596502265 1.1538168303138714 1.8713738067336168
206 1854 -0.46282366299981315 -0.39440316332321795 0.6269255893162219 0.9999238923486893 0.00019976866445307995 0.0004698494936418096 0.4721027263218562 0.9714862596502265 1.1538168303138714 1.8713738067336168
207 1863 -0.4566312628727241 -0.3813090088067822 0.6109396884674198 0.9999255796799731 0.00019976866445307995 0.0004698494936418096 0.4721027263218562 0.9714862596502265 1.1538168303138714 1.8713738067336168
208 1872 -0.4733608161838135 -0.41637679142934325 0.6233981960932896 0.9999278537586879 0.00019976866445307995 0.0004698494936418096 0.4721027263218562 0.9714862596502265 1.1538168303138714 1.8713738067336168
209 1881 -0.4937654616318912 -0.4384561097780416 0.6172807707113949 0.9999333833503476 0.00019976866445307995 0.0004698494936418096 0.4721027263218562 0.9714862596502265 1.1538168303138714 1.8713738067336168
210 1890 -0.4522222011093029 -0.420454395807637 0.6145880097193481 0.9999260160476867 0.00019976866445307995 0.0004698494936418096 0.4721027263218562 0.9714862596502265 1.1538168303138714 1.8713738067336168
211 1899 -0.44326440332265693 -0.410851340762122 0.6192683074432117 0.9999206059822926 0.00021024798746544543 0.00048246006651525016 0.43206691395743174 1.0488631277628537 1.1366260744316063 1.8496716495186627
212 1908 -0.37371804636984585 -0.3395541728143779 0.6025874243454946 0.9999312198402713 0.00021024798746544543 0.00048246006651525016 0.43206691395743174 1.0488631277628537 1.1366260744316063 1.8496716495186627
213 1917 -0.35057060550652175 -0.3075636751726534 0.6316685201469483 0.9999317456754943 0.00021024798746544543 0.00048246006651525016 0.43206691395743174 1.0488631277628537 1.1366260744316063 1.8496716495186627
214 1926 -0.3596788688454873 -0.2907230174975667 0.6313253419036523 0.9999298685232846 0.00021024798746544543 0.00048246006651525016 0.43206691395743174 1.0488631277628537 1.1366260744316063 1.8496716495186627
215 1935 -0.38376533325782114 -0.3051290637577475 0.6247898775943828 0.9999345958061036 0.00021024798746544543 0.00048246006651525016 0.43206691395743174 1.0488631277628537 1.1366260744316063 1.8496716495186627
216 1944 -0.23624316928976197 -0.18147603350436325 0.6002184082958227 0.999919725489643 0.00021024798746544543 0.00048246006651525016 0.43206691395743174 1.0488631277628537 1.1366260744316063 1.8496716495186627
217 1953 -0.28092761748569717 -0.2449809972431629 0.5817722938839862 0.9999289242474483 0.0002695176659575594 0.0004496216282905614 0.49187687686451737 0.9399464246127983 1.4387105961047402 1.6747147227871937
218 1962 -0.39254400239426185 -0.24273133035822253 0.5273854026374922 0.9999380702707519 0.0002695176659575594 0.0004496216282905614 0.49187687686451737 0.9399464246127983 1.4387105961047402 1.6747147227871937
219 1971 -0.4347479303099873 -0.21888821132975683 0.5245217755453364 0.9999389770488355 0.0002695176659575594 0.0004496216282905614 0.49187687686451737 0.9399464246127983 1.4387105961047402 1.6747147227871937
220 1980 -0.44946595098944464 -0.21046971594893926 0.4981330910014198 0.9999365062977481 0.0002695176659575594 0.0004496216282905614 0.49187687686451737 0.9399464246127983 1.4387105961047402 1.6747147227871937
221 1989 -0.36759764075272344 -0.13042353744330665 0.4720113848467611 0.999934892959816 0.0002695176659575594 0.0004496216282905614 0.49187687686451737 0.9399464246127983 1.4387105961047402 1.6747147227871937
222 1998 -0.357473246769932 -0.16379732509663741 0.45963988452698457 0.9999402285819149 0.0002695176659575594 0.0004496216282905614 0.49187687686451737 0.9399464246127983 1.4387105961047402 1.6747147227871937
223 2007 -0.3698172664859033 -0.10167482367428518 0.4584916013540408 0.9999280652684075 0.0003988805960605161 0.0005490631399286979 0.6807502081196066 0.9844071674701123 1.4654289304758876 1.555647541034543
224 2016 -0.3837606687942133 -0.11453293143025615 0.4693139055517439 0.9999229552756865 0.0003988805960605161 0.0005490631399286979 0.6807502081196066 0.9844071674701123 1.4654289304758876 1.555647541034543
225 2025 -0.34386138954655526 -0.10559662531020265 0.45777439462038044 0.9999293145919995 0.0003988805960605161 0.0005490631399286979 0.6807502081196066 0.9844071674701123 1.4654289304758876 1.555647541034543
226 2034 -0.387316805220716 -0.0892392949511637 0.46772129863173095 0.9999282948525501 0.0003988805960605161 0.0005490631399286979 0.6807502081196066 0.9844071674701123 1.4654289304758876 1.555647541034543
227 2043 -0.4065084148904764 -0.06646990804170949 0.47105529347048686 0.999927273135804 0.0003988805960605161 0.0005490631399286979 0.6807502081196066 0.9844071674701123 1.4654289304758876 1.555647541034543
228 2052 -0.34197605011612714 -0.032947550289950785 0.4820399423580191 0.9999280440352498 0.0003988805960605161 0.0005490631399286979 0.6807502081196066 0.9844071674701123 1.4654289304758876 1.555647541034543
229 2061 -0.3416784428683737 -0.06570383044368483 0.5453862986366463 0.9999370355841427 0.00044001017729779245 0.000566160179361309 0.623687536764803 1.005277899455645 1.4679435766123532 1.5638322618127969
230 2070 -0.36820042716231194 0.003312678977115316 0.5544989064401974 0.9999446686542603 0.00044001017729779245 0.000566160179361309 0.623687536764803 1.005277899455645 1.4679435766123532 1.5638322618127969
231 2079 -0.3495171800515776 -0.010822222089755789 0.5384539241287846 0.9999500857466418 0.00044001017729779245 0.000566160179361309 0.623687536764803 1.005277899455645 1.4679435766123532 1.5638322618127969
232 2088 -0.3947055392804909 0.049009470131194846 0.5021011226630314 0.999946336582794 0.00044001017729779245 0.000566160179361309 0.623687536764803 1.005277899455645 1.4679435766123532 1.5638322618127969
233 2097 -0.43500537980922604 0.004407760425696589 0.4925947474610814 0.9999452612623543 0.00044001017729779245 0.000566160179361309 0.623687536764803 1.005277899455645 1.4679435766123532 1.5638322618127969
234 2106 -0.5669221465048395 -0.07229981074765736 0.4752041441276473 0.9999456599420576 0.00044001017729779245 0.000566160179361309 0.623687536764803 1.005277899455645 1.4679435766123532 1.5638322618127969
235 2115 -0.5850295548198303 -0.08732337533162932 0.4699970999263908 0.9999457554114948 0.00041198748277934655 0.0005855641004630223 0.6108992301119625 1.0719872067480687 1.270807973352155 1.691949213618031
236 2124 -0.5487701741350852 -0.052130315329505975 0.485604242800395 0.9999402586208623 0.00041198748277934655 0.0005855641004630223 0.6108992301119625 1.0719872067480687 1.270807973352155 1.691949213618031
237 2133 -0.5737306490945097 -0.06612443686397418 0.45694782274075696 0.9999455074668064 0.00041198748277934655 0.0005855641004630223 0.6108992301119625 1.0719872067480687 1.270807973352155 1.691949213618031
238 2142 -0.6117343015355627 -0.09609915188905001 0.43296124345469256 0.9999503788426889 0.00041198748277934655 0.0005855641004630223 0.6108992301119625 1.0719872067480687 1.270807973352155 1.691949213618031
239 2151 -0.6408146832653131 -0.15135104048932765 0.43051331532447906 0.9999509134561283 0.00041198748277934655 0.0005855641004630223 0.6108992301119625 1.0719872067480687 1.270807973352155 1.691949213618031
240 2160 -0.5596584848294022 -0.08919870541208708 0.46784874284742634 0.9999381068395682 0.00041198748277934655 0.0005855641004630223 0.6108992301119625 1.0719872067480687 1.270807973352155 1.691949213618031
241 2169 -0.5544365671393161 -0.1306899521165491 0.4803522198429801 0.999939386113554 0.0004032726401755023 0.0006579079958798602 0.5078311010686166 1.0554632846780136 1.3744177043826227 1.6550166784331768
242 2178 -0.5853269120185519 -0.21284555898223784 0.4220320664935772 0.9999543480610127 0.0004032726401755023 0.0006579079958798602 0.5078311010686166 1.0554632846780136 1.3744177043826227 1.6550166784331768
243 2187 -0.5849199287819931 -0.19253332213331006 0.5296281290626705 0.9999587758175201 0.0004032726401755023 0.0006579079958798602 0.5078311010686166 1.0554632846780136 1.3744177043826227 1.6550166784331768
244 2196 -0.5564315285589763 -0.14506948956242355 0.505986789347215 0.9999608603788366 0.0004032726401755023 0.0006579079958798602 0.5078311010686166 1.0554632846780136 1.3744177043826227 1.6550166784331768
245 2205 -0.5693278583310983 -0.192552466079974 0.46810106544888697 0.9999584756874924 0.0004032726401755023 0.0006579079958798602 0.5078311010686166 1.0554632846780136 1.3744177043826227 1.6550166784331768
246 2214 -0.6722221147237826 -0.2511357601514836 0.5200851349939959 0.9999649571706514 0.0004032726401755023 0.0006579079958798602 0.5078311010686166 1.0554632846780136 1.3744177043826227 1.6550166784331768
247 2223 -0.6922197440910439 -0.2083352177201248 0.5126672767703448 0.999961099119171 0.0003631970900689662 0.0006202703571857565 0.45257750447018213 0.951441849254293 1.259506126496725 1.8175741554624083
248 2232 -0.7062741824549317 -0.20742551575448104 0.5708424808256034 0.9999637407302226 0.0003631970900689662 0.0006202703571857565 0.45257750447018213 0.951441849254293 1.259506126496725 1.8175741554624083
249 2241 -0.7277040646675998 -0.23079044443312682 0.5452900418643453 0.9999655958955498 0.0003631970900689662 0.0006202703571857565 0.45257750447018213 0.951441849254293 1.259506126496725 1.8175741554624083
250 2250 -0.7370793194827411 -0.23361694400995464 0.5840059915041145 0.9999626026244912 0.0003631970900689662 0.0006202703571857565 0.45257750447018213 0.951441849254293 1.259506126496725 1.8175741554624083
251 2259 -0.709793796731707 -0.18713501313241768 0.506003416474726 0.9999529101299591 0.0003631970900689662 0.0006202703571857565 0.45257750447018213 0.951441849254293 1.259506126496725 1.8175741554624083
252 2268 -0.6735138616101077 -0.13581412842086066 0.5366773445154158 0.9999554991571304 0.0003631970900689662 0.0006202703571857565 0.45257750447018213 0.951441849254293 1.259506126496725 1.8175741554624083
253 2277 -0.6805877541150731 -0.1461843899489926 0.5497706181300923 0.999959480102369 0.0004195615969548941 0.0006932558686392142 0.3981912210983678 0.9185028546214706 1.3178932847739675 1.8058108679494786
254 2286 -0.7548502332982141 -0.29675967903752654 0.5935884405809051 0.9999593097956242 0.0004195615969548941 0.0006932558686392142 0.3981912210983678 0.9185028546214706 1.3178932847739675 1.8058108679494786
255 2295 -0.7842045445574196 -0.32434690284017337 0.5728812211331056 0.9999537453026957 0.0004195615969548941 0.0006932558686392142 0.3981912210983678 0.9185028546214706 1.3178932847739675 1.8058108679494786
256 2304 -0.7352362607315429 -0.2846765807370891 0.5802082056938995 0.9999446782608851 0.0004195615969548941 0.0006932558686392142 0.3981912210983678 0.9185028546214706 1.3178932847739675 1.8058108679494786
257 2313 -0.7173437108242826 -0.2592378484926155 0.625463493523533 0.9999513049399009 0.0004195615969548941 0.0006932558686392142 0.3981912210983678 0.9185028546214706 1.3178932847739675 1.8058108679494786
258 2322 -0.7325122809092733 -0.2830119532692331 0.6452397386004751 0.9999504817784494 0.0004195615969548941 0.0006932558686392142 0.3981912210983678 0.9185028546214706 1.3178932847739675 1.8058108679494786
259 2331 -0.745234026319528 -0.30779053017155705 0.6582869708760728 0.9999522066447922 0.0003646128976308119 0.0006217738108998193 0.2686488402367239 0.7946218355689867 1.3281346845942368 1.8794844184267574
260 2340 -0.751456321944211 -0.2763923740586614 0.6710912899074268 0.9999525255213159 0.0003646128976308119 0.0006217738108998193 0.2686488402367239 0.7946218355689867 1.3281346845942368 1.8794844184267574
261 2349 -0.7385856785365171 -0.22721638751251744 0.6336920564397237 0.9999501337274427 0.0003646128976308119 0.0006217738108998193 0.2686488402367239 0.7946218355689867 1.3281346845942368 1.8794844184267574
262 2358 -0.7005984857827543 -0.13390185228365103 0.6503560031847065 0.9999523881493779 0.0003646128976308119 0.0006217738108998193 0.2686488402367239 0.7946218355689867 1.3281346845942368 1.8794844184267574
263 2367 -0.7792124574309748 -0.3037876968342279 0.6756255832221318 0.9999572134748373 0.0003646128976308119 0.0006217738108998193 0.2686488402367239 0.7946218355689867 1.3281346845942368 1.8794844184267574
264 2376 -0.8283855862474445 -0.43580381765548115 0.7085243366682508 0.9999676773718212 0.0003646128976308119 0.0006217738108998193 0.2686488402367239 0.7946218355689867 1.3281346845942368 1.8794844184267574
265 2385 -0.8438134229602815 -0.49734453351888663 0.7230331610540701 0.9999741612458192 0.00023714315760976532 0.00046988793131208837 0.14530478506543887 0.713805776503728 1.1486800792947311 2.0371307349472936
266 2394 -0.8703649878539744 -0.5375972595098807 0.695272097530454 0.9999702494959276 0.00023714315760976532 0.00046988793131208837 0.14530478506543887 0.713805776503728 1.1486800792947311 2.0371307349472936
267 2403 -0.8666350181547099 -0.5576226924052644 0.7069424296018973 0.9999676859138718 0.00023714315760976532 0.00046988793131208837 0.14530478506543887 0.713805776503728 1.1486800792947311 2.0371307349472936
268 2412 -0.8828555303950754 -0.6344207438369038 0.7807543231386127 0.9999722332678269 0.00023714315760976532 0.00046988793131208837 0.14530478506543887 0.713805776503728 1.1486800792947311 2.0371307349472936
269 2421 -0.9086211069099194 -0.6968704625110371 0.807259296714443 0.999974799261472 0.00023714315760976532 0.00046988793131208837 0.14530478506543887 0.713805776503728 1.1486800792947311 2.0371307349472936
270 2430 -0.9230317544667671 -0.7336979799962691 0.8238132898928403 0.999977417744383 0.00023714315760976532 0.00046988793131208837 0.14530478506543887 0.713805776503728 1.1486800792947311 2.0371307349472936
271 2439 -0.9304646373870985 -0.7464013625210818 0.8299058826684547 0.9999775692431075 0.0002368674275788366 0.0004695691362380679 0.08491935334723014 0.5749115269898993 0.8425229747030046 2.225403379178139
272 2448 -0.920698379619292 -0.6970498176455122 0.787859350005475 0.9999729686143917 0.0002368674275788366 0.0004695691362380679 0.08491935334723014 0.5749115269898993 0.8425229747030046 2.225403379178139
273 2457 -0.9247083988491394 -0.6806095775922015 0.7873228879376117 0.9999720281067118 0.0002368674275788366 0.0004695691362380679 0.08491935334723014 0.5749115269898993 0.8425229747030046 2.225403379178139
274 2466 -0.9198848116748081 -0.6316096646305834 0.7460959295256661 0.9999670410269541 0.0002368674275788366 0.0004695691362380679 0.08491935334723014 0.5749115269898993 0.8425229747030046 2.225403379178139
275 2475 -0.910253938586186 -0.583517244721873 0.7107172442888923 0.999960309589788 0.0002368674275788366 0.0004695691362380679 0.08491935334723014 0.5749115269898993 0.8425229747030046 2.225403379178139
276 2484 -0.9186442359360056 -0.5797551078980232 0.6844069281061644 0.9999603799364878 0.0002368674275788366 0.0004695691362380679 0.08491935334723014 0.5749115269898993 0.8425229747030046 2.225403379178139
277 2493 -0.9102603497369711 -0.5869928946808393 0.6789339688303665 0.9999603021839749 0.000352088741606237 0.0006129549806251251 0.09450479215386551 0.7474500839118329 0.995695121395437 2.1073627931301204
278 2502 -0.9190142119339398 -0.594707406844095 0.6931613096708109 0.999960786248867 0.000352088741606237 0.0006129549806251251 0.09450479215386551 0.7474500839118329 0.995695121395437 2.1073627931301204
279 2511 -0.9252660110967704 -0.6156441718499174 0.6892212434356823 0.999955241310558 0.000352088741606237 0.0006129549806251251 0.09450479215386551 0.7474500839118329 0.995695121395437 2.1073627931301204
280 2520 -0.9164149723570757 -0.6161278570761306 0.7029276629081634 0.9999542453023256 0.000352088741606237 0.0006129549806251251 0.09450479215386551 0.7474500839118329 0.995695121395437 2.1073627931301204
281 2529 -0.9160214978599426 -0.6574942941879609 0.7445720415327444 0.9999620147015156 0.000352088741606237 0.0006129549806251251 0.09450479215386551 0.7474500839118329 0.995695121395437 2.1073627931301204
282 2538 -0.9117594908851934 -0.6360036620412457 0.7378918971882695 0.9999622523292374 0.000352088741606237 0.0006129549806251251 0.09450479215386551 0.7474500839118329 0.995695121395437 2.1073627931301204
283 2547 -0.9044861043292882 -0.6154776014221023 0.7134189743889986 0.9999623392506454 0.0004335324957430365 0.0006093864689734388 0.05916426480359357 0.7306378756789165 0.9855506951925299 2.119282225730419
284 2556 -0.8513901255367234 -0.5644968180215394 0.6774993901646327 0.9999523740182777 0.0004335324957430365 0.0006093864689734388 0.05916426480359357 0.7306378756789165 0.9855506951925299 2.119282225730419
285 2565 -0.8531024901271995 -0.5108454523134057 0.648236084006187 0.999951047593267 0.0004335324957430365 0.0006093864689734388 0.05916426480359357 0.7306378756789165 0.9855506951925299 2.119282225730419
286 2574 -0.8760244711149362 -0.5476342119002959 0.6582230237461848 0.999955136173473 0.0004335324957430365 0.0006093864689734388 0.05916426480359357 0.7306378756789165 0.9855506951925299 2.119282225730419
287 2583 -0.8675915440418897 -0.6132835089003827 0.7048179783801801 0.9999549889804905 0.0004335324957430365 0.0006093864689734388 0.05916426480359357 0.7306378756789165 0.9855506951925299 2.119282225730419
288 2592 -0.8566186784344675 -0.6107417134121204 0.7030349956126773 0.9999511499438222 0.0004335324957430365 0.0006093864689734388 0.05916426480359357 0.7306378756789165 0.9855506951925299 2.119282225730419
289 2601 -0.8270019594899 -0.5585331509902639 0.6921187957511584 0.9999476895278947 0.00047100594923632705 0.0007583251325673697 0.046432931162131014 0.8101671605110519 1.1081099739494433 2.028192457254317
290 2610 -0.8331130849913162 -0.5626501055654947 0.6767162272868676 0.9999470453132515 0.00047100594923632705 0.0007583251325673697 0.046432931162131014 0.8101671605110519 1.1081099739494433 2.028192457254317
291 2619 -0.8212377868100735 -0.5372428261835656 0.6772857054124882 0.9999408514918098 0.00047100594923632705 0.0007583251325673697 0.046432931162131014 0.8101671605110519 1.1081099739494433 2.028192457254317
292 2628 -0.7846947341421933 -0.4807926573110044 0.6531889163045713 0.999936020515701 0.00047100594923632705 0.0007583251325673697 0.046432931162131014 0.8101671605110519 1.1081099739494433 2.028192457254317
293 2637 -0.7756756242940018 -0.45622630649094564 0.6562770425919072 0.9999341929919172 0.00047100594923632705 0.0007583251325673697 0.046432931162131014 0.8101671605110519 1.1081099739494433 2.028192457254317
294 2646 -0.7815841100018297 -0.4954280872334336 0.6284882555761987 0.9999246781040195 0.00047100594923632705 0.0007583251325673697 0.046432931162131014 0.8101671605110519 1.1081099739494433 2.028192457254317
295 2655 -0.8006776368782353 -0.5032075883224237 0.6799395278638773 0.9999190841163812 0.0005035089534483593 0.0007125055634231544 0.02935110471906002 0.823125960102952 1.1626524095854693 1.9924459289416163
296 2664 -0.7729139972097735 -0.4242827156563573 0.712181366075694 0.99990169630328 0.0005035089534483593 0.0007125055634231544 0.02935110471906002 0.823125960102952 1.1626524095854693 1.9924459289416163
297 2673 -0.7518011545975681 -0.4004355552400821 0.6800647879218695 0.9998855651852192 0.0005035089534483593 0.0007125055634231544 0.02935110471906002 0.823125960102952 1.1626524095854693 1.9924459289416163
