% # columns="iteration, evaluation, sigma, void, void,  stds==sigma*sqrt(diag(C))", seed=402987, Thu Nov 30 11:15:36 2023, <python>{}</python>
1 9 2.108193254721521 0 0 2.093914708596812 2.142389198083197 2.101700740249937 2.257580470448576 2.1744047231680486 1.927925596002317
2 18 2.339522780720144 0 0 2.357232717402452 2.545571910399144 2.3929521287034063 2.5450348488937835 2.3345634902184464 2.0820341712147954
3 27 2.5393678558492185 0 0 2.4509347732257325 2.8113780650662106 2.845101943980811 2.69658348105187 2.39084198836157 2.267848806373776
4 36 2.5736903247681435 0 0 2.578062354418182 2.986579107328109 2.944931064625217 2.6536144880521664 2.3868128837210287 2.2564276125265335
5 45 2.6988601721495713 0 0 2.665329186511238 3.032356733566832 3.385034549618718 2.6813371704214815 2.318767295661 2.389953516405669
6 54 3.1541987976616603 0 0 3.454224650470011 3.8834615980258236 3.7566593686251757 3.116362236874152 2.558675357052901 2.716491359203872
7 63 4.04747322876982 0 0 4.464580650433764 4.985822454007767 5.014868727217959 3.740079414269534 3.230548514783566 3.669870254754891
8 72 3.9942781093275705 0 0 4.394621291053126 4.6689591969112705 4.937692737031902 3.7608538007001124 3.1290088262960443 3.5117827233250267
9 81 3.899989274136302 0 0 4.3901704672399555 4.560359785825454 4.704602508622328 3.635446733954849 2.755558858243062 3.492370497434561
10 90 4.242152893352608 0 0 4.926227799801401 4.916522551104572 5.985353161762644 3.874329854526773 2.7545924486484097 3.8769457190467427
11 99 4.2411136189734355 0 0 5.007821533594502 4.848173514810411 5.970372823494821 3.955283615306865 2.5705027593536336 3.763767765641977
12 108 4.078959941391542 0 0 4.606527894322919 4.479361433187678 5.72889132573722 3.804153953907227 2.2725166783054007 3.6838904142927316
13 117 4.093309974517354 0 0 4.724609150259387 4.44613964560407 5.432899859366676 4.158412527306277 2.0374596312390993 3.802383466670249
14 126 4.303265058781859 0 0 5.388041971739095 4.558673524265009 5.60910139052483 4.832754995368376 2.0491377930693546 4.156242593726704
15 135 4.028059659052521 0 0 4.952536270593797 4.2280595863047585 5.0627349782285584 4.638880989917358 1.8034173246607328 3.8111318014787403
16 144 3.772449525158039 0 0 4.598758672154289 3.8701009203402448 4.759769454930179 4.3043265063688745 1.6250041748086792 3.513394788753859
17 153 3.349836075727439 0 0 3.9822671115838832 3.4831618490304717 4.117452729335478 3.7597411566653496 1.3664578701180492 3.2822948167793564
18 162 3.37054006339125 0 0 3.8173136105679193 3.521994465285616 4.561655683832209 3.714813154274329 1.2595769268516013 3.3747953759528313
19 171 2.9650010163919234 0 0 3.3463085237576107 2.964829298151449 4.071245910705746 3.3344984056534064 1.0353387415940474 2.994178015852912
20 180 3.1551188404397026 0 0 3.5137360414819843 3.2262445461943927 4.591075289290738 3.508933166053573 1.0459959219599677 3.1226231733447642
21 189 3.0585895130584158 0 0 3.3641493630241537 3.2523751474623603 4.422363922063651 3.092166279459179 0.957743522676908 3.0021799354447976
22 198 2.8853365177352535 0 0 3.2085137589901107 2.902504033848248 3.9546558014481605 2.9830259053797503 0.9036878420902003 2.8026375233265797
23 207 2.9840589399843 0 0 3.3872478308219427 2.914986672925679 4.104663445612558 3.3236078059046674 0.8867498196259979 2.9797318527043575
24 216 2.86243218630036 0 0 3.326748764881132 2.79911654726334 3.644429897533377 3.228969813115962 0.8246558744608802 2.832549839707397
25 225 2.953258915948913 0 0 3.4717669186601423 2.7919691792440267 3.7380307003711164 3.2257677610606295 0.8181474965260279 2.9744673673803574
26 234 3.277889287026932 0 0 4.047788317899828 3.240752826429254 4.534972737010747 3.5285473785806976 0.8414964141503056 3.2198598826868956
27 243 3.3071954698658033 0 0 3.9584033993799785 3.1438954176653127 4.433953760204917 3.4760418576758494 0.8172073387387716 3.6516859258920014
28 252 3.15088087473294 0 0 3.9972922707478804 3.012439173985956 4.118572127812606 3.3044342289675845 0.7596348429144073 3.3224031010302855
29 261 2.8384462850098044 0 0 3.6956673855097586 2.758967426422351 3.816778544710362 3.0534114678301836 0.6326830064782507 2.9508830300394067
30 270 2.651822143129053 0 0 3.462764528559794 2.596460248058785 3.441184597113024 2.7155804247101036 0.5750520782367377 2.741818417005661
31 279 2.3580573425762705 0 0 3.077772351931297 2.2394690294510107 2.9531943276243675 2.3475605842163767 0.497527539765851 2.386489396710092
32 288 2.3268023103600717 0 0 3.138592959371949 2.2752332095067396 2.7952700403382025 2.326833951308494 0.4695978821718845 2.339439307166202
33 297 2.1715153732677086 0 0 2.9546502177562357 1.975291686631332 2.6835110255374666 2.1507954782873258 0.3947477478262878 2.169600616707413
34 306 2.0743640919587025 0 0 2.9174975598405015 1.9177687346003318 2.497689244782437 2.0755814050191366 0.3452935447648087 2.1156437548712557
35 315 1.9917641470523977 0 0 2.6482112930668147 1.7524045172897484 2.3747243975130052 1.9006655833466197 0.3170387265211685 1.9638649763147336
36 324 2.168834892547558 0 0 2.898005184593176 2.056097909313987 2.5206770374812386 1.9758285733873953 0.3455260213602034 2.080912711210509
37 333 2.1642646877005975 0 0 2.786335860691104 2.154837748949862 2.4943989633976535 2.0115311563205283 0.32763645232669075 2.028151419062474
38 342 2.0339076263334985 0 0 2.498765577698389 2.018817487627988 2.318875997289089 1.8550784693143376 0.2921377061475981 1.9330648338621812
39 351 1.8791351114682489 0 0 2.225588436180936 1.839706386726946 2.022691465910588 1.6933359561079508 0.2557443408846573 1.8772132474925474
40 360 1.8164770411005242 0 0 2.099581992342999 1.7915491447745802 1.9506543397766014 1.6896883298366066 0.22637672476116688 1.7912077631838534
41 369 1.715551060526249 0 0 1.9594395948042866 1.5916896126393112 1.8422371555530612 1.5845304437923797 0.21871973276947002 1.661451467288884
42 378 1.55580547311655 0 0 1.7438489896110108 1.4544517190805 1.6330843746910242 1.468323258135007 0.18870826279807051 1.4940208265856474
43 387 1.3955508726607562 0 0 1.4911363340924344 1.2517466717922163 1.406737215368098 1.282603448155425 0.17475565215665675 1.3226732719344503
44 396 1.3643380310878652 0 0 1.4676331419024895 1.2842433018941775 1.400337444333168 1.2431538953735854 0.1657336348910789 1.350659188099194
45 405 1.4168567858248227 0 0 1.499191192313135 1.286433823244881 1.4513687325444256 1.3098157979162788 0.17117245195478475 1.4085334532773484
46 414 1.4998195557351595 0 0 1.5212372300895802 1.3281477799711496 1.5553161677814857 1.3603071681158687 0.1745203225251205 1.6225287560038897
47 423 1.6933457389322724 0 0 1.683610442194687 1.5054626641785698 1.7506725198242918 1.7973510944406688 0.2026065625367438 1.9316059462808948
48 432 1.6463689231035363 0 0 1.6035088079681479 1.4117313207601947 1.710758795403116 1.733984018805944 0.19041696786079412 1.8476197891698227
49 441 1.7139519334133262 0 0 1.674915628633038 1.5358319338742754 1.7565932432006073 1.8901847818180333 0.1932488987083456 1.8286446395715978
50 450 1.7193703443612023 0 0 1.741213646994441 1.5540513122113206 1.960699179100159 1.8037984603883344 0.19159452957887468 1.7716926650760687
51 459 1.516208365276156 0 0 1.4990457038323508 1.2938504579109344 1.747448647209602 1.5944255383285155 0.16615858992695526 1.447430178784243
52 468 1.3372920752925523 0 0 1.2975437356695207 1.0872922053612992 1.5535911308350199 1.3348305865306644 0.13977284850361044 1.2212341993420013
53 477 1.1608289765494169 0 0 1.108287277609796 0.9444366627184123 1.2553576250026262 1.1516584285172289 0.11875076212045244 1.0022111156965738
54 486 1.2969510121341088 0 0 1.197014540380147 1.0671506919261866 1.4951696571037056 1.294765791383977 0.13225732990211506 1.1104494090122488
55 495 1.2965648537231715 0 0 1.2624680096888272 1.124687764527542 1.6378909522399048 1.2012632770214804 0.12941864254105953 1.0306648059453567
56 504 1.2970551159288624 0 0 1.2021835873149782 1.0889638281344447 1.765364880755153 1.2015456119223848 0.13575999473708783 0.9021450182093307
57 513 1.2056384389029546 0 0 1.0819148577156517 0.9898806983860718 1.6660103279675227 1.0642194569776484 0.12097371567911154 0.7674461683785071
58 522 1.1219088375362678 0 0 0.979671046641496 0.9522799526423003 1.5112153731420044 1.0019613505818534 0.10544706414747154 0.6837178215260042
59 531 1.1397023151220946 0 0 1.0299883028658987 1.0064325897137085 1.6157946355137665 1.0134619730526362 0.10816863989807211 0.6258623249334268
60 540 1.1815362331413222 0 0 1.0762106719629345 1.049674688590657 1.789622491098644 1.1154091872129475 0.1074180980662941 0.5745183839115457
61 549 1.1444086066652537 0 0 1.0873363971861811 1.0739704333470221 1.6809869149899084 1.076817964617938 0.09766623546070594 0.5195990757594184
62 558 1.0447505146829599 0 0 0.9681974304359428 0.9331746538008379 1.5588596629361886 0.9862313341685198 0.08910238220377872 0.44334239257875574
63 567 0.9979701445529837 0 0 0.9147294254856873 0.9105293203949036 1.474136037863414 0.9645026775030697 0.08769459439882923 0.408104308282494
64 576 0.9762504501418188 0 0 0.8456426657703917 0.8261063419627135 1.4213721416132612 0.9809640426796544 0.08619679392600761 0.3766204618607493
65 585 0.9733955298287263 0 0 0.8338391258368262 0.834260099417779 1.4568278876166731 1.0687823318797793 0.08086719146482058 0.36052592811271456
66 594 0.9780801515122992 0 0 0.8172596172020554 0.8225548681761891 1.3725840754612535 1.137772217125085 0.08069753430597991 0.34377511861265714
67 603 0.9149675583950125 0 0 0.786558211391691 0.7899320503455639 1.2435416896720555 1.0471279599674252 0.07257927534704545 0.3099906306538666
68 612 0.8220943555046524 0 0 0.7300765974013911 0.7348455845726083 1.1442977674712418 0.9508289329023714 0.06491147014791943 0.2693259994878918
69 621 0.7499077198393642 0 0 0.6493848702753477 0.6669284577837803 1.0445109721887824 0.9056284753596725 0.05945592973357167 0.2141454694316737
70 630 0.625868575460568 0 0 0.5414825834925006 0.5611078464828633 0.8785530469102195 0.7803308312767159 0.04857639226142575 0.16974139143580907
71 639 0.5551303835827388 0 0 0.4817476267286007 0.48961330482467896 0.7756209144068058 0.6975053089225789 0.04234881934266655 0.14770661804610527
72 648 0.6078990347292639 0 0 0.5942116844369056 0.5975636712336838 0.8419175731027467 0.7839621887349653 0.04850817850741653 0.15450669610374276
73 657 0.6329370929517496 0 0 0.6258599520333011 0.6248502009853594 0.8653200139716875 0.8233529770630763 0.05139473300290091 0.14462901949633897
74 666 0.6867570402313611 0 0 0.7353182722000654 0.7399494473394365 0.9061906232298073 0.8642806448548521 0.05270740385986363 0.15436540150610875
75 675 0.7053928563955417 0 0 0.7883420768932482 0.8174156051341867 0.9460870014031728 0.8463767213494346 0.052807382548140755 0.15409706396071812
76 684 0.6515909737529774 0 0 0.7308243677015649 0.7552265093737366 0.8699597790954101 0.7398196861442314 0.04955256464995391 0.13905300357837969
77 693 0.6641212619035508 0 0 0.7626892193599878 0.7669527746836555 0.9053796558784304 0.7356129872418493 0.049375309413880616 0.13707932139510284
78 702 0.6299203243441549 0 0 0.7526675492777638 0.7542253960707697 0.8371286450315654 0.6413031641241072 0.04607521568501788 0.119258260649281
79 711 0.6092369623300397 0 0 0.7468986105098078 0.7512337284401354 0.7967859341847177 0.5962254498950761 0.04087077171868808 0.11168825009536415
80 720 0.5420424760739404 0 0 0.6637199867282839 0.6700688328459954 0.6985175542083638 0.5333960401310766 0.035994778438541965 0.09175110516121844
81 729 0.5206781189132142 0 0 0.6423816188242716 0.6499615174668879 0.6532049969796088 0.5168547398264234 0.03420927884606082 0.08756897126391511
82 738 0.4732353868726678 0 0 0.5944809952136774 0.6036925770035749 0.5934615826112466 0.4747790855571334 0.02969521565220681 0.07430613112911325
83 747 0.42979116219741015 0 0 0.5364339406528484 0.5490657532995252 0.5352358317413661 0.4120916302430653 0.024556008709826094 0.06635524180388132
84 756 0.3843413748436211 0 0 0.4932594956566691 0.5065179653189349 0.4774657909635283 0.36615815479459496 0.021307627906597085 0.05873801317684023
85 765 0.33476595149441696 0 0 0.42897502802246046 0.43983849553326126 0.40065418871030656 0.31712371834803904 0.017985931510963084 0.048468096395145634
86 774 0.3017832584344128 0 0 0.39136823585126945 0.40093909704578484 0.3639470870042387 0.28582483824351707 0.015413670798982562 0.04239423738885587
87 783 0.29318654936187377 0 0 0.37402095152618237 0.3814004059280705 0.3553814905446908 0.27485091184673427 0.014531304165350768 0.0379883443996638
88 792 0.3035085959052266 0 0 0.4162590584274971 0.42139465386992325 0.3911197694110397 0.2961689588259754 0.014370748011150241 0.03457788723520059
89 801 0.2966065457243119 0 0 0.4148465538267649 0.42207760100981373 0.38589203622415474 0.29136520432695834 0.0132022028187801 0.03208508117412342
90 810 0.28982260772447904 0 0 0.4071531215615372 0.4138547442865977 0.3913512565548881 0.2841901560865632 0.012232185229504677 0.029500887151826753
91 819 0.2856685858654106 0 0 0.41759847089654945 0.42457070994173585 0.37544831412901597 0.2652101117869282 0.011768552203436427 0.027173778867608907
92 828 0.2462494794654434 0 0 0.3556590486515614 0.361105168828838 0.3193787377268354 0.2237672723425804 0.009555653642026785 0.021904750585629205
93 837 0.2259525711406251 0 0 0.32707214117439076 0.33395118717578554 0.29891378784997036 0.20578976101119623 0.008800143357844296 0.018897799481317517
94 846 0.19456405948410513 0 0 0.28040628481333496 0.28558983579151803 0.2589754015091958 0.17502708409333614 0.007061133588857824 0.015568536180553007
95 855 0.16927802087793142 0 0 0.24742934047989665 0.25163270093912676 0.22111508351361878 0.15110172830635651 0.005879820251562826 0.012182019972608378
96 864 0.15003249850272607 0 0 0.21442901550372376 0.2181406618979583 0.1917203335454209 0.1292984913502575 0.005183245815402044 0.010690887097572026
97 873 0.12731497934557884 0 0 0.17882336961081968 0.18036853432312192 0.15670091197591424 0.10447441484065893 0.004123141643225997 0.00864253668544846
98 882 0.10304039391510927 0 0 0.14115486660172316 0.14295257128188962 0.12429812217490809 0.08023535431147713 0.0031460894664240924 0.0064347584319845615
99 891 0.10272455609517074 0 0 0.1550752922287842 0.15658584690185748 0.13176281691757985 0.07806479879101731 0.003113446950789078 0.006091594102181091
100 900 0.09791645538538161 0 0 0.15221123929094685 0.15321274649504066 0.12853594675761174 0.07466912738631049 0.0029036257696467187 0.005502671450991711
101 909 0.09902869947223698 0 0 0.1549947682911637 0.1559210254432656 0.13616881776944675 0.07489381936795043 0.002937846906274027 0.005404934090768732
102 918 0.09924766696939517 0 0 0.15793737550622247 0.15923085028829612 0.14020791056274182 0.0761467443241448 0.0027925725481770624 0.005423001027568029
103 927 0.11064226152358113 0 0 0.17389997280790978 0.1756908605395586 0.15058814032367962 0.08646634197637515 0.0031446789979350494 0.005908528813107429
104 936 0.10664982128998658 0 0 0.15967114776614802 0.1606852338272784 0.13758560471183842 0.08148414532894097 0.003004650032943085 0.005735602156299237
105 945 0.0955313943497181 0 0 0.1392848974962188 0.1398466828975791 0.12109535242912688 0.07194610661417478 0.002473911779037903 0.004936226595500874
106 954 0.09377336565468958 0 0 0.1278442292324715 0.12875980379094337 0.11458027571358345 0.07242084538296197 0.0024472521425460414 0.0048186261437132725
107 963 0.09694841442666242 0 0 0.12961700929075698 0.1312228737674002 0.1270758294023788 0.07429812436773932 0.0024449960836367022 0.004821468652230601
108 972 0.09592648292535737 0 0 0.1252139990298965 0.12715180812445748 0.12544722072107856 0.06934093313310348 0.0023339561783682844 0.004664172949820489
109 981 0.10016231031178574 0 0 0.1321283285353575 0.13373144909706833 0.13284653109808078 0.0730506602570098 0.002440518710317833 0.0049253338485439795
110 990 0.10419049241494842 0 0 0.13639535739924213 0.13828264075783386 0.13748542062502844 0.07726383380082939 0.0025082940082021476 0.005302050256462404
111 999 0.09890535735899593 0 0 0.12326145828658393 0.12429964387514995 0.12570799517057404 0.07039514203135974 0.0023325808954968766 0.005066977208623367
112 1008 0.09018725736066215 0 0 0.11410674259893518 0.11547260088856898 0.11341680250384487 0.06315919924782241 0.0020398234653357934 0.004421976921797587
113 1017 0.09206832693998301 0 0 0.11243958021837007 0.1135609004901256 0.11447285494570307 0.06706609908758941 0.0021639361757495486 0.0044836622528832085
114 1026 0.10006155378142263 0 0 0.12997424352753675 0.13151884449246115 0.13763076919145337 0.07956809390878437 0.0022076132115623477 0.004731018477867895
115 1035 0.09999794718582264 0 0 0.1274904942242704 0.12927625197889983 0.13521463554016938 0.07907335156236257 0.0021934758381535954 0.004580944478536984
116 1044 0.09877659130452206 0 0 0.13481217355643857 0.13659680586998726 0.13147269028812197 0.07341763519479777 0.0021156520729040218 0.004388413187184069
117 1053 0.09904825377318 0 0 0.13336301334804618 0.1347152855685964 0.13118786476537037 0.07739592014229203 0.00208763351710984 0.004044088666976056
118 1062 0.09933394212596564 0 0 0.12294012062028384 0.12480093850619009 0.12329787298107883 0.07552653886169927 0.0021579857504707683 0.004023056344098976
119 1071 0.08797646854662076 0 0 0.104917703454327 0.10637940000779839 0.10737765862232676 0.0645825706260995 0.00179105327122587 0.0035655398198787703
120 1080 0.08623688987811574 0 0 0.10374438494715485 0.10528311882148292 0.10210476365774653 0.06386658713286815 0.0017121418819711941 0.003270053976963268
121 1089 0.08315735411191265 0 0 0.09957593994002789 0.10053758201086695 0.09863570252074158 0.06346911303640557 0.001491424525520046 0.0031476903615622587
122 1098 0.08754628730089967 0 0 0.09870129077059973 0.09948586272047179 0.09745218372500566 0.07202090412982498 0.0015883638382808826 0.0034927282589813117
123 1107 0.08785040616403708 0 0 0.09327357930711516 0.09407416498868003 0.09919119440083349 0.07458378450740942 0.0015347102387315615 0.0034183899689288347
124 1116 0.08306788734493839 0 0 0.08785854998483066 0.08855258543011293 0.09534761860561755 0.07188177106905719 0.0013780639562235514 0.003114912904922597
125 1125 0.07751174703919103 0 0 0.07713115363394604 0.07777144797499988 0.08352405922126545 0.06593586752687675 0.0012247969217610052 0.0027368506674611062
126 1134 0.08094405968654514 0 0 0.08218522711648425 0.0826214640181667 0.08557731799419259 0.07326081610239625 0.0012506916401743011 0.002783672263473452
127 1143 0.0843248945750522 0 0 0.08477808823311833 0.08533477075133553 0.08753133446691087 0.08113099787164053 0.001279924677214757 0.0026597532360314187
128 1152 0.09035588206800446 0 0 0.09390047468973398 0.09445184840169385 0.09233783448243398 0.08732481090278997 0.001352980481290416 0.0028335664420225106
129 1161 0.0999957086692416 0 0 0.10176175080027897 0.10250635673281652 0.10244807815191674 0.10786441055846646 0.0014513216631572008 0.0031786177977593034
130 1170 0.10669640533030653 0 0 0.10798300702290296 0.10857160618514212 0.10951279076176622 0.1245007520619453 0.001498493771665275 0.0033308025172977965
131 1179 0.1157829148099973 0 0 0.11564018684314296 0.1166614953233619 0.12713962896364334 0.13787085996694343 0.0017482582914670108 0.003490345380458773
132 1188 0.12489684779909381 0 0 0.12641159603366686 0.1281893197710601 0.14898504924533532 0.15366801570570354 0.0019985350531000847 0.0037258518477632165
133 1197 0.12782018022928496 0 0 0.13132297010509797 0.13351018285570337 0.14723813239125647 0.16035857598498499 0.0020504234856183806 0.0037721129747736648
134 1206 0.13669947992025655 0 0 0.14009868495075534 0.14231671089800557 0.1666672010004629 0.1794730748430715 0.002194257840789098 0.003942678344699417
135 1215 0.1386443008452477 0 0 0.14532516206890148 0.1480862067457242 0.16489346339039646 0.18765796635179924 0.0022557006198326373 0.0037561012713569182
136 1224 0.12725455720620346 0 0 0.12668998219717198 0.12932547823593943 0.1447309324338302 0.17026072562424138 0.002086577720148 0.0035068078125239472
137 1233 0.1138550222412005 0 0 0.11131293483997975 0.1137183277262393 0.12564625268644233 0.14977462650053214 0.0018162450868791295 0.003144965755981171
138 1242 0.12873451548726184 0 0 0.12470782454350139 0.12787853687780112 0.14792826541852666 0.18035026729564 0.002263242574148523 0.003581885728355217
139 1251 0.14727567340192868 0 0 0.13883940757803187 0.14239386600396953 0.17078192932665678 0.21553902461741198 0.002871507478052923 0.0040846712286790494
140 1260 0.1630943691754655 0 0 0.14449522257599515 0.14833790205731798 0.19107436152141657 0.2482453496902525 0.0033843377933334925 0.004330034016385951
141 1269 0.1533711866477952 0 0 0.13348355341496285 0.13718540585056432 0.17747279388828904 0.23188380137057552 0.003207622501769635 0.003546099549718669
142 1278 0.14975356116102026 0 0 0.12458554665731622 0.1276975415935442 0.1692747201581898 0.22125465943246067 0.003027091281003088 0.0032670589490795946
143 1287 0.13519540999774324 0 0 0.11068367041704319 0.113443860111218 0.1520900187140141 0.20154952276534668 0.0027062359679820196 0.002925936223881668
144 1296 0.13314841160971985 0 0 0.1031829038741235 0.10590750808042056 0.1506490073444016 0.202888855169853 0.0028205805491781475 0.0028329992109184404
145 1305 0.13446914240328833 0 0 0.09854128960934014 0.1009137056817572 0.15882178989671095 0.20784214398820058 0.002937291259418828 0.0028648945210606193
146 1314 0.12925422667709363 0 0 0.08470801894659989 0.08686166727873174 0.15576274390121161 0.20174113993158585 0.0029101891050324034 0.0027697312944111726
147 1323 0.1275816272695963 0 0 0.07384729997275596 0.07558043262362095 0.15153487064078 0.19399188506330595 0.002824599646443843 0.0027605776263632596
148 1332 0.12284183139387177 0 0 0.0658764795846385 0.06743178798229905 0.15162027922983656 0.19040181535020678 0.0027523949213968148 0.002604692549252394
149 1341 0.12065956801270063 0 0 0.06418139873277369 0.06557958743649261 0.14247953047257308 0.1856203883794125 0.0025992380910606913 0.0025568846702196217
150 1350 0.11664451238289811 0 0 0.058716775652117664 0.059867848481392934 0.13624535758199574 0.17640413309775976 0.002487114834821887 0.0023985045540109652
151 1359 0.09767626092869278 0 0 0.04678684104744469 0.047799577529863066 0.10944833329599211 0.13543751594846193 0.0020281114780583333 0.0018332642399530891
152 1368 0.09396534221879575 0 0 0.04692143373230294 0.04791777905547217 0.09998668891410047 0.12181859146724981 0.0019620298081208616 0.0017416661236984798
153 1377 0.09704079480467108 0 0 0.05050516607060491 0.05152112095902206 0.10014679055530509 0.12509760910377316 0.002021367844758265 0.0017859448383493268
154 1386 0.10288267727218645 0 0 0.05282295720402227 0.05381966986968998 0.10516341081297162 0.13204055898480999 0.002225560573809654 0.0018039244237202869
155 1395 0.10126759715056519 0 0 0.050931486238951794 0.05195086224162004 0.0977163531945149 0.12501165074112464 0.00218306313140919 0.001685586154848098
156 1404 0.10141866846407802 0 0 0.048452549070089064 0.04940807197408309 0.09473094579499293 0.12382158552063711 0.0020907095251904355 0.0015814377240496353
157 1413 0.10642213377908087 0 0 0.05076223595710981 0.05169974298996984 0.09321681711255585 0.13111309605327642 0.002108232156301579 0.001670148117402106
158 1422 0.11337841989427969 0 0 0.05364931354010644 0.05472685797130093 0.09720040982445052 0.1403059926509224 0.002237086223588198 0.0017040530810719936
159 1431 0.1299553009176784 0 0 0.06852788408768655 0.06906858431434464 0.10995831653719816 0.16357243524359974 0.00254146360540072 0.0018101059190241218
160 1440 0.14633547886493628 0 0 0.07992964115016846 0.07972908659265156 0.1178108227250667 0.18566732021033214 0.0029767055244301704 0.0020349954542361747
161 1449 0.14700010257268986 0 0 0.08095041256271247 0.08046745956097352 0.12990598484095223 0.19580119113527975 0.003150023450797482 0.0019752918498822255
162 1458 0.12442182020750912 0 0 0.06936818661607598 0.06890428763851043 0.11156031292183469 0.16834018091551137 0.0026511534255809475 0.001644086903261501
163 1467 0.12474347787949279 0 0 0.06883498149068593 0.06823719426044264 0.1121275852118329 0.1695455575749288 0.0028270644737603393 0.0015050867490047856
164 1476 0.12122768888152954 0 0 0.06929984988359501 0.06859586233796523 0.10878140303037737 0.16314465755737625 0.0027550309940350542 0.0013853913522231854
165 1485 0.12026984456443195 0 0 0.06797964162892277 0.06733959852776662 0.0973703947712386 0.15279926643915087 0.002488359317441407 0.0013987760366736522
166 1494 0.11302379384141865 0 0 0.06341316747776003 0.06273795641695393 0.08843063244619626 0.1381409356518956 0.0022792595509613903 0.0012921522221588809
167 1503 0.12051262390839315 0 0 0.06590389250311235 0.06537807520473603 0.09611553561809784 0.1433857397423094 0.0024707361507557046 0.00144614018919718
168 1512 0.11919722802130235 0 0 0.062079215711835306 0.06161181258629872 0.08986485620085394 0.1386267340320609 0.002359692932263105 0.001429735191029653
169 1521 0.1110631859917223 0 0 0.05924953923292097 0.058919847895888326 0.08173898465565138 0.12805534259008416 0.002162588903974662 0.0013088510576304171
170 1530 0.09523484432600299 0 0 0.04912877515798008 0.048902856015334444 0.06822188218645492 0.1110438588102479 0.0018477355649103998 0.001108095744537251
171 1539 0.07835952900470708 0 0 0.03845168490785326 0.038202100858695985 0.05618932223272047 0.09059506472089036 0.0015362148068532478 0.0008850615327458551
172 1548 0.08243345768124462 0 0 0.03897335215026969 0.03874707818942377 0.05556429570829313 0.09534119766592197 0.001526142347359367 0.0009238863916128178
173 1557 0.09335009160881871 0 0 0.04239515348582019 0.04212112175005886 0.059941187783997416 0.10572292320122754 0.0016920729163156364 0.0010333269728471353
174 1566 0.10356340552172562 0 0 0.045288075980661806 0.0450979619884686 0.07005555340770034 0.12347580424719999 0.001996890008634262 0.0011506145702694618
175 1575 0.0996991359938858 0 0 0.04304741872252175 0.04300678456459727 0.06181136816678694 0.11231711881495011 0.0017686651855951723 0.0011185583077735956
176 1584 0.0941658789427638 0 0 0.0383809337483893 0.03850795356385979 0.052565860152431115 0.09843042277078817 0.0015247902761163438 0.0010661823443284988
177 1593 0.0838049354888864 0 0 0.03424043690494583 0.03434289970075685 0.045824581313836175 0.08613197705390688 0.001267732526155091 0.0009862124299324054
178 1602 0.0741777317242046 0 0 0.029458845432446163 0.029496974758158552 0.039416407500896845 0.06924866025892808 0.001092051057673908 0.0008640361074657154
179 1611 0.0642419431170413 0 0 0.02389585630105264 0.02387939061535808 0.03338728083086352 0.05971599080644758 0.0009285282807879736 0.0007257861122504214
180 1620 0.06136133488770849 0 0 0.02281634704891191 0.02272426752915971 0.03177232924375928 0.057235358679068496 0.000866113013469298 0.0006689546044081089
181 1629 0.06204840445923942 0 0 0.023212622699538388 0.02309838544503077 0.030656469620002666 0.05514034943008737 0.0009002669760435863 0.0006758190289068946
182 1638 0.061410790093560264 0 0 0.022756638559036844 0.02261218895232154 0.03018995141219131 0.0540727028868968 0.0009005127817224225 0.0006664541123871651
183 1647 0.055998408971030464 0 0 0.021856068139266174 0.021726542865499035 0.02759089815628448 0.05226167068330376 0.0008418745901688403 0.0005970145802094667
184 1656 0.054565442612157095 0 0 0.021042164223646704 0.020910831815471285 0.026855170808775083 0.0509706240755627 0.0008120956119427509 0.0005719921769762654
185 1665 0.05123650205676717 0 0 0.01968870363747846 0.019611552964037198 0.023958661315003415 0.0473152489648392 0.0007209973219527458 0.0005541319064939038
186 1674 0.04943191116832455 0 0 0.0187762224551029 0.018697863250584024 0.022964235126913344 0.04508659510909621 0.0006771113792069147 0.0005338878022814335
187 1683 0.045455022886292995 0 0 0.01758692983010632 0.017562490667247983 0.021143695946050436 0.04112254847617482 0.0006155660324998219 0.00046874947004748316
188 1692 0.04714690915831395 0 0 0.01744913760444013 0.01744513827862262 0.02271545635849267 0.04604693579522933 0.0006539460993196141 0.000492917473185823
189 1701 0.05229710936553511 0 0 0.01964157966531362 0.019617220149467204 0.024924121205315643 0.05216914260915837 0.0007201735721327824 0.0005577108244303584
190 1710 0.06911498970500331 0 0 0.025855380980304703 0.025768199216204293 0.03283442401214508 0.07178077592155384 0.0009404161205573221 0.0007356322472574256
191 1719 0.0782965956788795 0 0 0.029285508671359428 0.029211367737622493 0.03393118767794687 0.0814212140131989 0.0009818504454068564 0.0008017103431170393
192 1728 0.07261484981953684 0 0 0.02491496599658962 0.024901570487900423 0.03163310891826301 0.07439641641657069 0.0009109940595276576 0.0007430233456287093
193 1737 0.07034726491036758 0 0 0.024397753427540962 0.024374042141968463 0.03219506135158778 0.07217100914079233 0.0009145098119670734 0.0006962618414111256
194 1746 0.06734207252907382 0 0 0.02313408832875822 0.023146287050335997 0.031073013344570948 0.0673187436893419 0.0008793621102868948 0.0006477589091091826
195 1755 0.06246229936261965 0 0 0.021569847336649246 0.02158298002510782 0.02848475293891459 0.06327716881597004 0.000823946644864061 0.0006048032767641062
196 1764 0.0579116649382052 0 0 0.019681135076447198 0.019676878800334092 0.026424748195580987 0.0582463019153026 0.0007495099478378631 0.0005587612271809251
197 1773 0.06291765292016026 0 0 0.021586955656225933 0.021613397559974285 0.030179570941050924 0.06992089552558627 0.000849165719831713 0.0005968471695119032
198 1782 0.0636099154038841 0 0 0.020812071924830113 0.020807228062869814 0.030419451846014415 0.07186398365412451 0.0008612758540217513 0.000592237138519976
199 1791 0.05765324353748619 0 0 0.01830709736694809 0.018329387336671263 0.02672945077209875 0.06423167170648805 0.0007586195962513287 0.0005135931091075121
200 1800 0.06309297101324864 0 0 0.020288090786966723 0.020302491378064367 0.028866369901777926 0.07095231186579956 0.0007810043554068735 0.0005813566958522779
201 1809 0.06414462772273437 0 0 0.020075431390406594 0.020103328138906498 0.02734177139041871 0.06946411931467464 0.0007291359929171906 0.00058867788606962
202 1818 0.05943383888729492 0 0 0.017453725332380605 0.01749188408438682 0.025465641412295247 0.062003887251399686 0.0006783491962781703 0.0005486032558960529
203 1827 0.05347076657687089 0 0 0.01585074138434589 0.01588918496501037 0.023730025466764226 0.055868809341204084 0.0006261611286111859 0.00045960729372712027
204 1836 0.05712139650794642 0 0 0.016248721782212407 0.01630537622384676 0.02432993504179073 0.05648456728217952 0.0006390424472884172 0.0004753176335141631
205 1845 0.06848401221103556 0 0 0.018635978679564062 0.01869927298459397 0.029354610002340204 0.06444069768180476 0.00079604455130032 0.0005625995868961946
206 1854 0.06700046760607042 0 0 0.01847005773931572 0.018547304248449 0.02771040809287607 0.05780452033028776 0.0007337187352437931 0.0005516998304051184
207 1863 0.06786637111588976 0 0 0.018290206173626828 0.018373106780082287 0.02726224333337207 0.057466897400725456 0.0007438639876047442 0.0005474462385354237
208 1872 0.06924949195036532 0 0 0.018810732973672965 0.018916987275664775 0.027303470304655696 0.0618496817519876 0.0007277318932936478 0.0005408230646849164
209 1881 0.06123197163023282 0 0 0.016595172658242258 0.01667794017515847 0.024403435643736995 0.054148725506589133 0.0006455095865198423 0.00046895456569477715
210 1890 0.06460162941817203 0 0 0.015477584124708964 0.015605995735477142 0.025369158736404714 0.05984207324261463 0.0006875436034853582 0.00052555693891064
211 1899 0.07444428755973202 0 0 0.019223432530602377 0.019392799561082443 0.029312483405152866 0.06818846577426814 0.0008033524993700072 0.0005712082860679159
212 1908 0.07161232164331323 0 0 0.017781329899436895 0.017935278846356848 0.0298031470853464 0.06427490289285286 0.0008161996904853686 0.0005295557339332406
213 1917 0.07586500186124708 0 0 0.018917210233749922 0.01906840804771135 0.032764129245525325 0.06770195359519848 0.000876957172079824 0.0005529256015879827
214 1926 0.07246134585253033 0 0 0.017941953449453412 0.018096211084544827 0.030822223973041678 0.062277735110182614 0.0008323379608180694 0.0005214311368967928
215 1935 0.08263587474291864 0 0 0.021154290388741535 0.021361186245462974 0.035042199118543026 0.08101171751886543 0.0009483125434831671 0.0005908933287770879
216 1944 0.09658005893962314 0 0 0.02328747818489265 0.023504997863041232 0.04043388355316135 0.10448413697811487 0.001105766627547865 0.0006775059027761586
217 1953 0.10255507421243244 0 0 0.02408909406978517 0.024270144839313314 0.04076294877796047 0.11686189596343316 0.0011352132678362102 0.0006870020178882845
218 1962 0.09944527250814722 0 0 0.02276185420758108 0.022959110046242008 0.038328386931375205 0.11615413895796534 0.0010740712200182484 0.0006359272418187878
219 1971 0.09961885872265604 0 0 0.0232193864076794 0.023415056229508298 0.040566480432648884 0.1132823449939624 0.0011391794980298122 0.0006312721748556646
220 1980 0.1026135983206724 0 0 0.022764168113534447 0.022974242319518466 0.04034923488674409 0.11655472895165452 0.0011534657124234284 0.0006500813965569635
221 1989 0.10512713271528626 0 0 0.023334631556192493 0.02355269697152477 0.03831398862151315 0.11815191332526963 0.001112826443635143 0.0006957689886640893
222 1998 0.10545211996315011 0 0 0.02278102033726599 0.022962366845835445 0.03726362446621087 0.1156144094767125 0.0010739290648903647 0.0007175383629353216
223 2007 0.09430293804695065 0 0 0.019558061250890265 0.0197189327431611 0.030581228483234232 0.10076978312001698 0.0008811853398928559 0.000637524865224937
224 2016 0.0856162510217132 0 0 0.017619447256508134 0.01775989430626755 0.025833924349212077 0.09002006207637663 0.0007629795740143455 0.0005654933697031697
225 2025 0.08815120443405257 0 0 0.017342960661236983 0.0174851695136509 0.026433152590204585 0.10121405216637477 0.0007798605923436295 0.0005585454073267803
226 2034 0.08792918833881298 0 0 0.016522028785393682 0.016666464595780774 0.024847582723076106 0.10279885550459684 0.0007499306556668445 0.0006085048634534259
227 2043 0.07875161384896955 0 0 0.01380878509748346 0.013938887943956882 0.021217196500710616 0.08969143883382648 0.0006431924304806697 0.0005567379452864848
228 2052 0.08486947856861797 0 0 0.014436479861792983 0.014556398827401498 0.023017687415106514 0.0991291929624551 0.0006853549472751278 0.0005948786014111237
229 2061 0.08241968907484108 0 0 0.013816756294152775 0.01392096588812697 0.0217927938399044 0.09621565804307042 0.000636095452496342 0.0005915009928267899
230 2070 0.08755526383398285 0 0 0.013945498491348688 0.014055380598739368 0.021225236275039045 0.11593263209428044 0.0006253283676195009 0.0005938178374752977
231 2079 0.10340166848627737 0 0 0.015995998784626424 0.016099566409785004 0.0261116252153279 0.15100051969864414 0.0007563133803148907 0.000705282243112583
232 2088 0.1231982687986286 0 0 0.018998339716357535 0.01912664716892292 0.030276690333999795 0.19179004877606975 0.0009050883120553262 0.0007924473250544409
233 2097 0.1591721864931557 0 0 0.02370864299024278 0.0238946210410681 0.039218950479163926 0.2451492643537668 0.0011758020269735396 0.0010257801090207636
234 2106 0.18566605537237382 0 0 0.02722478667957294 0.027428176457109998 0.045223283206754415 0.2935676684642472 0.001339711925166871 0.0011379486772647043
235 2115 0.1960744819388264 0 0 0.027262646974953883 0.027521513388138564 0.047322152549421646 0.3179631644139911 0.001412878749070062 0.0011717652009267416
236 2124 0.19266160585455003 0 0 0.027069845390116438 0.027331783232273144 0.04634698462955264 0.30935742062222515 0.0014108539436651012 0.0011270125988165607
237 2133 0.16775960784281221 0 0 0.023516650660741212 0.023757101128399002 0.03908741471702716 0.26718497310997963 0.0012112422213473584 0.0009279633193028888
238 2142 0.161885634605366 0 0 0.022685404011927795 0.02288917814602213 0.0355636611716734 0.25179372206903844 0.0011187359217307688 0.0008643200491168965
239 2151 0.16017655969285088 0 0 0.02131142899369829 0.02148812421927614 0.03314286087051881 0.2522012972749318 0.0010359593206101538 0.0008456986379325164
240 2160 0.13988250701185026 0 0 0.01825900429872097 0.018427775503342216 0.028072731763815372 0.21577979105020423 0.0008849773717016121 0.00073873520111712
241 2169 0.13109261408064174 0 0 0.016419969987635983 0.016579046937915173 0.025573981227783472 0.21316420874013525 0.0008043768283451748 0.0006697102106241442
242 2178 0.1319742190717019 0 0 0.017062325880864378 0.01722880333619069 0.02522664536713776 0.2269253522884519 0.0007852547251967812 0.0006290895225602354
243 2187 0.12874611652003287 0 0 0.01527447327722253 0.015407925567732489 0.023421166068741336 0.2264780021720476 0.0007148565544213774 0.0006237025530167255
244 2196 0.13136509385923625 0 0 0.015677077617899632 0.015834848193804412 0.023634942274065165 0.23654820509746186 0.000705653768832092 0.0006491090700506463
245 2205 0.14799920486196436 0 0 0.01723182301433103 0.017429079063584006 0.026786927388529523 0.3194144599122661 0.0007910130859889333 0.0007114976512349884
246 2214 0.14497715724415464 0 0 0.016281103972921884 0.016461453475193507 0.026179076090981468 0.31645680219840544 0.000776336984028265 0.0006360082154923147
247 2223 0.14541183408472885 0 0 0.016532528431553135 0.016725174391185607 0.02560808607867209 0.30553921831281056 0.0007570043058097544 0.0006284290117749391
248 2232 0.16329697606651253 0 0 0.01858120077326785 0.018794367826094907 0.026975140302500998 0.38416609017741615 0.0007853580977626142 0.0006872130568261395
249 2241 0.1582235432145972 0 0 0.017047368389513106 0.01724381235376227 0.024982363456803897 0.3811869996120297 0.0007190595100549872 0.0006617575574751166
250 2250 0.13870028065750328 0 0 0.014038135919420418 0.014195292346155053 0.021801030073243285 0.3168964136711887 0.0006326023924876172 0.0005693991361567652
251 2259 0.1394672135951464 0 0 0.013712745363286483 0.013889257913330958 0.02243678718282264 0.3139013846162473 0.000655841813834908 0.0005563251531689346
252 2268 0.13584212829410092 0 0 0.013329759807992394 0.013522447965274543 0.022392342023640315 0.3024007733633705 0.0006569075351429244 0.000530209756635163
253 2277 0.10838072895555304 0 0 0.009907320378915722 0.010076250690191347 0.01766400943156035 0.24027150766806504 0.0005212993239182233 0.00041001187878363056
254 2286 0.10178866451010186 0 0 0.00906071342052113 0.00921642073958263 0.016421755625008656 0.2236597598853167 0.0004711339438129013 0.0003687059885467703
255 2295 0.09123939242649035 0 0 0.008037252846068247 0.008168296110944615 0.014460288412110662 0.19750204131202714 0.00040736847570993967 0.0002944433049454555
256 2304 0.08167790891867212 0 0 0.006890656520969892 0.007002289912037475 0.012821714146972906 0.1725540641727513 0.0003665779532125673 0.0002593162407074864
257 2313 0.0727701907725038 0 0 0.00582670232780182 0.005925632862913462 0.011700763854119712 0.15184238981015333 0.0003330132032466623 0.00022413281195525687
258 2322 0.0820464477073343 0 0 0.0066668448841083715 0.006742460663136915 0.0119387871207225 0.16970212186209432 0.0003458651578554322 0.000255913767817173
259 2331 0.06768498075608234 0 0 0.005288029561979102 0.0053385683496423916 0.009987177016031922 0.13580082569144403 0.00029385227108220133 0.0002094261508219287
260 2340 0.06486597440519076 0 0 0.004725150817618635 0.0047728878193203485 0.009724540359713303 0.12791137659430488 0.00028844364057045214 0.00019708514814761129
261 2349 0.062484230146840285 0 0 0.004671039048733369 0.0047346825651870825 0.00972979815932515 0.11911598956112059 0.00028789600831492714 0.00018761143482796572
262 2358 0.060393240970608705 0 0 0.004569692612743521 0.0046391342905917465 0.008806347732779584 0.11292524545100797 0.0002603804045001974 0.0001734880955953493
263 2367 0.05862971163664891 0 0 0.004675490168706773 0.004761439805696603 0.00839013981409668 0.10412277469575541 0.0002582590948672321 0.0001633542001804739
264 2376 0.05639243099401531 0 0 0.004396586687791303 0.0044739297492072 0.007895734320691223 0.10321869386621227 0.00024438451925387953 0.0001603826970940681
265 2385 0.059418524971192335 0 0 0.004563416347300843 0.0046443833906928515 0.00836024413089113 0.11488404546276258 0.00025812005728522385 0.00017700822583367816
266 2394 0.05699371061489778 0 0 0.0043617007161513306 0.004433654640222468 0.007937998965826894 0.10244255195936026 0.00024339134084147953 0.00016461124620037842
267 2403 0.0524007967459054 0 0 0.0038326626423580805 0.0038892429258725074 0.006863404013820122 0.09342137755510446 0.00020543671288697073 0.0001544022712574063
268 2412 0.04663625741295952 0 0 0.0033890356114481598 0.0034345187372623416 0.00615449052408666 0.08104282282932157 0.0001869304921373726 0.0001338074149482193
269 2421 0.04269958664528013 0 0 0.0030252310565310023 0.003066384887439193 0.005561154153960766 0.07817276751147786 0.00016875511320436906 0.00012014845237967425
270 2430 0.03768910247425167 0 0 0.00252839110395342 0.0025624363906881376 0.0048951821438338395 0.0724726996148298 0.00014658133688075562 0.00010576676311641285
271 2439 0.03664906263906677 0 0 0.002458574968276862 0.002490608291899451 0.004749752832002059 0.07122271203460576 0.0001423057154207822 0.00010318773303291827
272 2448 0.03800792757734269 0 0 0.0024947897326574775 0.002530636212888345 0.004764983864466428 0.07731826040865764 0.00014304803104132387 0.00011290581239105152
273 2457 0.037742431786494175 0 0 0.002521360085127091 0.0025532595510872544 0.004668012980420971 0.08239301858958123 0.00014092224182343647 0.00011029955342802846
274 2466 0.03592148974744939 0 0 0.0024825483503243275 0.002512196485165582 0.004279939851067966 0.07394300941568992 0.00012877466586191482 0.00010571172095714344
275 2475 0.03410984231443696 0 0 0.0023476384595223633 0.0023757077588115647 0.004075852941221206 0.07083435649471577 0.0001237104786688932 9.605297146146874e-05
276 2484 0.030354114850615503 0 0 0.00199073739981435 0.002010964672362438 0.0036544140267062235 0.061483173282563204 0.00011213931177731301 8.58399006740624e-05
277 2493 0.030504990004419266 0 0 0.0019955258307450875 0.002017535999086231 0.0036796119422827346 0.06115774338346808 0.00011193660670910096 8.414556113558493e-05
278 2502 0.02804080390847766 0 0 0.0017465588722413775 0.001764837469480617 0.003391412486824002 0.05367807414990049 0.00010242372760031322 7.829919244497837e-05
279 2511 0.03350124328785823 0 0 0.0020293866321933604 0.0020518453949533856 0.004221818787590155 0.0611119314779514 0.00012372159491712633 9.74542291267714e-05
280 2520 0.038204154796776225 0 0 0.002226242549621124 0.0022514738369260644 0.004951429527993548 0.0730626240519684 0.00014300597311214423 0.00010574980121095443
281 2529 0.04338875072656821 0 0 0.0024217169442912628 0.0024520485473489314 0.005438644736369219 0.08423590790936286 0.00015824315362573705 0.00011846054921268216
282 2538 0.044690432453709975 0 0 0.00249189353584108 0.0025148087651179923 0.005328142893351361 0.07930146073361467 0.00015766205213132964 0.00011805199511044108
283 2547 0.0480157343738283 0 0 0.0026321475892209624 0.0026606487369780184 0.005700888993803749 0.08063345097901393 0.00016652165856735325 0.00012931385521368978
284 2556 0.04898285810358457 0 0 0.002654974157333838 0.002686310953176116 0.005942127000021575 0.08110100074025862 0.00016867809164494084 0.00013668427155682494
285 2565 0.04450629914468075 0 0 0.0023092011725649886 0.0023393834028356472 0.0052430850602527565 0.07185940271972588 0.0001489906675398036 0.00011957277034413932
286 2574 0.039808942121848455 0 0 0.0020612334118337676 0.002090138914817708 0.004643711258846649 0.06132600946927603 0.00013322148085625866 0.00010527566916035565
287 2583 0.03796483316099031 0 0 0.001975675626781588 0.002000560356531717 0.004470467735835819 0.058248931604736785 0.0001250220190138936 0.00010014310389871273
288 2592 0.03590857810039502 0 0 0.0017629023290092305 0.0017854274298620197 0.0042561835375037205 0.053018624256659715 0.00011534065822670046 9.463466746385932e-05
289 2601 0.03051669586686027 0 0 0.0014987633064682212 0.0015148084270419806 0.003522442645994277 0.042603116210526315 9.553476775518217e-05 7.545120885761811e-05
290 2610 0.031134354312921428 0 0 0.001500086578418061 0.0015149462875839361 0.003598864618057043 0.04753432876689093 9.712658232552888e-05 7.857638298913592e-05
291 2619 0.033136558567656856 0 0 0.0015437295145295717 0.0015557395797852677 0.003927174709715951 0.05166812984146941 0.00010316926905183176 8.218760919805278e-05
292 2628 0.03267442697326635 0 0 0.0014963767980437236 0.0015169304240997782 0.003910463062045342 0.053527516008371225 0.00010414727688456431 7.823755918242952e-05
293 2637 0.03300174052058033 0 0 0.0015315396943544116 0.001556533618861461 0.004099319334033134 0.05118919760686504 0.00010919352506849322 7.85003141278189e-05
294 2646 0.03379896650007257 0 0 0.001694921976512866 0.0017164924782743513 0.004061127705175856 0.05185665092965358 0.00010598677435696879 7.465325510326873e-05
295 2655 0.028431900225276804 0 0 0.0014083173948066044 0.0014241245647562196 0.0035320186979361764 0.04396189846477364 9.06034762420103e-05 6.287234193380083e-05
296 2664 0.02636204573569529 0 0 0.0012898573927226126 0.0013015596097831678 0.003262090313178991 0.04133516253627856 8.192016903913003e-05 5.962747053252284e-05
297 2673 0.02638847489088458 0 0 0.001255555074199565 0.0012655708972065356 0.003284867877359059 0.042143032780418616 8.300246780153778e-05 6.110313865227049e-05
298 2682 0.02783717277723206 0 0 0.0013408936981719897 0.0013462763585943235 0.0033676887404146157 0.04387998146855449 8.634829930360978e-05 6.610169266520592e-05
299 2691 0.02706941689430962 0 0 0.0012477530445485704 0.0012532093228997808 0.0031319037670940416 0.04120583759116216 8.072409371792492e-05 6.68064907279487e-05
300 2700 0.024442927632141457 0 0 0.0010764338376051561 0.0010776018610017728 0.0028557829710771365 0.0375656975607339 7.302909091051892e-05 5.9647861131424286e-05
301 2709 0.022814673243170606 0 0 0.0009585233979949805 0.0009607027498177126 0.002711321617649094 0.035201246925316065 6.920239168512866e-05 5.557735417563724e-05
302 2718 0.021774387589767588 0 0 0.0009373279499957151 0.0009384380725157199 0.0025539731582757716 0.034274279894776445 6.629659622400962e-05 5.11670578206076e-05
303 2727 0.021902828387562107 0 0 0.0009392047493519398 0.0009411237726823652 0.0025474450895858793 0.03514802913277403 6.570896228296548e-05 4.80976519828427e-05
304 2736 0.02130194537608098 0 0 0.0008494188952405535 0.000852927154506305 0.0024443791552855106 0.03506634247850903 6.395735324835713e-05 4.534041446432652e-05
305 2745 0.019718249454282133 0 0 0.0007783894354716985 0.0007823314048839228 0.002322931468989077 0.030848520649975116 6.160467839522634e-05 3.811183613592077e-05
306 2754 0.02070039498404405 0 0 0.0007893395289355002 0.0007971313112517569 0.002492287778891456 0.03349890859288788 6.460936024137054e-05 4.0582340685643385e-05
307 2763 0.02158389979195585 0 0 0.0008701564754427245 0.0008786261060888193 0.002518884458188731 0.03478152598486281 6.622352157036191e-05 4.0504768148923894e-05
308 2772 0.023567321404991366 0 0 0.0010611287715858602 0.0010682626301978043 0.0025547206064919386 0.03619970993301308 6.862086812218978e-05 4.384968453550726e-05
309 2781 0.021638403251296522 0 0 0.0010067191406770016 0.001014185314958805 0.0024503395391582005 0.03277311938881747 6.761651716508262e-05 3.9864239497531185e-05
310 2790 0.021385620815466393 0 0 0.000981862778214971 0.000989741658561588 0.002345178772965778 0.03512446841472443 6.52482691816115e-05 3.878294768037893e-05
311 2799 0.02112606639008525 0 0 0.0009415022849295376 0.0009474450132227262 0.0023563708971655736 0.033572368707410774 6.419469157135121e-05 3.7928198668035616e-05
312 2808 0.019988864262649918 0 0 0.0008674220158997972 0.0008719577151014559 0.0023391695697296544 0.02968527672504958 6.323607429432848e-05 3.747629054442981e-05
313 2817 0.01781752614330144 0 0 0.000802236044030269 0.0008052100440748116 0.0020735512269923683 0.02525966562891908 5.660913814958638e-05 3.267101387388031e-05
314 2826 0.017278489210417775 0 0 0.0007427430609471039 0.0007460501115333048 0.002055053460790736 0.025031401753684825 5.743943505557046e-05 3.1671676980154934e-05
315 2835 0.019208935001118817 0 0 0.0007974286959813017 0.0008006360918922727 0.0022499086172913423 0.02757462192042803 6.39728650405093e-05 3.546129156967085e-05
316 2844 0.022224707838170217 0 0 0.0009914473924997576 0.0009996232925537133 0.0025702336047278736 0.030439798253065104 7.172827747657128e-05 3.772620992091255e-05
317 2853 0.02433829571517058 0 0 0.0010779228594518812 0.0010866521776980314 0.002844073112566571 0.03398418593088386 7.976316724510535e-05 3.893595355996704e-05
318 2862 0.023041292928089555 0 0 0.0009720887499067442 0.0009810075363257626 0.0025751614376584397 0.032268352937713456 7.137875339277248e-05 3.5747364719862115e-05
319 2871 0.025713613642084496 0 0 0.0011462822738182194 0.0011527044770030584 0.0029370673559196672 0.03846023411550181 8.065124383033083e-05 4.090964265775073e-05
320 2880 0.030708600967463553 0 0 0.001429943342215349 0.0014305585960468663 0.0036013476175520906 0.0470056648121804 9.989471337461498e-05 5.336483454696738e-05
321 2889 0.03299043130261557 0 0 0.0014674936651213465 0.0014678427123453026 0.0038309092251328646 0.04957716698530583 0.00010629099856245027 5.702135874763347e-05
322 2898 0.03353716182172293 0 0 0.0014783873284387513 0.0014778810338131772 0.0035812405775711427 0.05111310844694508 0.00010166166149579377 5.743821659332673e-05
323 2907 0.035407200610591334 0 0 0.0014889978148934324 0.0014857799807890158 0.0037642460323398705 0.061750838987694755 0.00010822309488046767 6.262035331348888e-05
324 2916 0.032876907381266564 0 0 0.0012948633944677677 0.0012877766168557757 0.003411486215562281 0.06034156588563543 9.69551245814059e-05 5.77347564646934e-05
325 2925 0.03228648653297333 0 0 0.0012489394371760596 0.0012381336130647697 0.0031193654922520068 0.05641456014329998 8.820682977451553e-05 5.6746440555333014e-05
326 2934 0.031932163456934885 0 0 0.0012186696438124995 0.0012032502833862046 0.0030091862010497494 0.05608758705588787 8.591906841420074e-05 5.9631073872803544e-05
327 2943 0.03166388078993226 0 0 0.0012060976216790903 0.0011954942392166182 0.0030464755337012454 0.05279802507045899 8.720797398868099e-05 5.5811870169718824e-05
328 2952 0.028856945079386208 0 0 0.001065519879677198 0.0010539590450384417 0.002666762916785387 0.0472917982117867 7.619361898008149e-05 5.121186846286174e-05
329 2961 0.02662526291213708 0 0 0.0009717136804892178 0.0009591001129701995 0.0022989266283852364 0.04179857962468326 6.512691526791444e-05 4.547537213666255e-05
330 2970 0.02670433246967837 0 0 0.001008734361986548 0.0009932360451223804 0.002293713158115956 0.042211820740964336 6.495337555253768e-05 4.538500006435668e-05
331 2979 0.027160923896127318 0 0 0.0010173538416080904 0.0010008128325139562 0.0022913881988712776 0.041293918215296474 6.55886518625473e-05 4.5399462632374545e-05
332 2988 0.024706391953849896 0 0 0.0009561563478316576 0.0009427375618831043 0.0020405857942983664 0.03563003792292927 5.8535865102455534e-05 4.193563851185351e-05
333 2997 0.026533169722023513 0 0 0.0010359473712679111 0.0010231393217850135 0.002244495051268992 0.0380173197114468 6.215223018827168e-05 4.6871612313883874e-05
334 3006 0.02587151306948216 0 0 0.001013578370760466 0.0010027269734263892 0.002143459111516644 0.03521268200261845 5.80492610023682e-05 4.744947585600082e-05
335 3015 0.021540725548403354 0 0 0.0008269052507000588 0.00081700406182452 0.0017841473088380736 0.030057493527620927 4.789834362888257e-05 3.922389773905382e-05
336 3024 0.018785467504123608 0 0 0.0006916322109673396 0.0006815853822186788 0.001480049293871389 0.02472592684385554 3.9254265212232107e-05 3.309435007936149e-05
337 3033 0.017840564642460182 0 0 0.0006358412144714775 0.0006270160483917538 0.0013769380072201883 0.022675311080090858 3.624375371527556e-05 3.115029886348119e-05
338 3042 0.015426210629934288 0 0 0.000542306589513906 0.000535737430302988 0.0011552904758808742 0.018737552302246836 2.9943175816458324e-05 2.4735521456341113e-05
339 3051 0.016579000765495924 0 0 0.0005975021405185402 0.0005915507519436869 0.0013219047448132719 0.020249531150644214 3.289522140228768e-05 2.6029977418144527e-05
340 3060 0.01842435761923149 0 0 0.0006743127179716984 0.0006674234489425919 0.0016230019873954996 0.021588857657005037 3.925156177906807e-05 3.01445550405951e-05
341 3069 0.02141411822524379 0 0 0.0009369012989190174 0.0009235788690290927 0.0018140640319533928 0.025869208738908245 4.4333550278203786e-05 3.781402144841568e-05
342 3078 0.020353835163122336 0 0 0.0009137866659671018 0.0009010003381061528 0.0017551649189400482 0.024259046699322 4.2828895108240855e-05 3.58108191427099e-05
343 3087 0.022213033362081924 0 0 0.0009716021752423776 0.0009578813865814822 0.0019149656766996187 0.024584968845536966 4.609756994652931e-05 3.879007486323121e-05
344 3096 0.02442617055302573 0 0 0.0011421452514792953 0.0011258399725125978 0.0019713595493760666 0.025882157090429035 4.734333968896352e-05 4.263211488532198e-05
345 3105 0.023272115355986608 0 0 0.0010655212231919721 0.0010515759580082761 0.0018282253493510426 0.023383145671447225 4.327821730133445e-05 3.9422809780597107e-05
346 3114 0.021960314912332794 0 0 0.0009724784728429389 0.0009585793490923268 0.0017263654817722606 0.02423118305845926 4.116232498914e-05 3.6078287549320125e-05
347 3123 0.021385289681141968 0 0 0.0010075366075249 0.0009938940197331066 0.001627381106224002 0.024495100105893484 3.8622480304340886e-05 3.700272284222095e-05
348 3132 0.020664267452676188 0 0 0.0009514375634694666 0.0009395643376549469 0.0015251439974818784 0.023268497759006773 3.64595380189826e-05 3.5892715082810654e-05
349 3141 0.018884682135880404 0 0 0.0008687461477547534 0.0008581429610842559 0.0013683470335121104 0.020799395262753616 3.261459034090494e-05 3.212177468984998e-05
350 3150 0.01793370487107419 0 0 0.000804292515577322 0.0007934755071149557 0.0013514736091655908 0.019739238398222256 3.22753339262763e-05 2.84522290994371e-05
351 3159 0.016454457861175775 0 0 0.0007340931097991779 0.0007247172415689792 0.0012620500667439361 0.01729678228691306 2.9941270144348667e-05 2.5269383733209665e-05
352 3168 0.016109023444239513 0 0 0.000703650101470835 0.000695101959055077 0.0012214133860689019 0.016463950349212605 2.8226157997268908e-05 2.4244728503185467e-05
353 3177 0.015819499150995002 0 0 0.0007002269943029372 0.0006917987541136564 0.0011818837875566843 0.015777999731224696 2.763183155141673e-05 2.3686954721718586e-05
354 3186 0.014426577702379133 0 0 0.0006472426215179 0.0006396000740991772 0.0010183117130071 0.014136918235567652 2.420390494380299e-05 2.176257871775957e-05
355 3195 0.014365283583126115 0 0 0.0006413479721478231 0.0006338554785394748 0.0010136214045274896 0.014746629206341736 2.355484484034209e-05 2.2541380560382764e-05
356 3204 0.016459868050934728 0 0 0.0007304641051074955 0.0007215065025935075 0.0012326926973014064 0.017104797251582274 2.7629780461310643e-05 2.6177379060993654e-05
357 3213 0.015512348522973698 0 0 0.0007004506573376483 0.0006909645768778779 0.0011094163962986718 0.016261364725176555 2.5060128685933546e-05 2.492519689311127e-05
358 3222 0.014976039413618261 0 0 0.0007115422300354669 0.0007013953764195318 0.0010824298364039851 0.015989653168263573 2.384830092403842e-05 2.4218695814572953e-05
359 3231 0.014817538245236562 0 0 0.0006783442034970085 0.0006682255830269228 0.001098666072132348 0.015050874140663518 2.4850193149013687e-05 2.4039455171002124e-05
360 3240 0.015113640006222761 0 0 0.0006902365628675939 0.0006794919124149636 0.0011159798999328516 0.01472872242680689 2.5237346095157645e-05 2.4528888520333206e-05
361 3249 0.016158832170019243 0 0 0.0006999639431641512 0.0006894443760442618 0.0012648630187304703 0.015605105039145957 2.9597132223724176e-05 2.5671741814184683e-05
362 3258 0.015896180192212946 0 0 0.0007115661475650863 0.0007002589072074416 0.00125835079461248 0.015388402911189461 2.9109552125173304e-05 2.6654524562218243e-05
363 3267 0.01647983805265752 0 0 0.0007261259198617206 0.0007141776475986198 0.0012604958214387989 0.016083067789625295 2.9272674458055263e-05 2.6727628287885636e-05
364 3276 0.016535369745426062 0 0 0.0007091536891730597 0.0006976978797704596 0.0011950851864390229 0.016524457259022532 2.733965387845388e-05 2.652086432260427e-05
365 3285 0.017185487512493183 0 0 0.000754656709327708 0.0007431018374847888 0.0011522678199646927 0.016797339726617382 2.7499130974918386e-05 2.8633280808114644e-05
366 3294 0.017236517350108817 0 0 0.0007291526947775484 0.0007189554653516786 0.0011397329042562346 0.016941543918067438 2.7210879612188377e-05 2.7212697482902228e-05
367 3303 0.015341812164503324 0 0 0.0006555844341798102 0.0006468289010632716 0.0009349987245332746 0.01553494748534592 2.272972618020045e-05 2.416483916979993e-05
368 3312 0.014310810229819245 0 0 0.0005973729038959698 0.000589935387006322 0.0008739008443705493 0.014644138946575836 2.1110565324948468e-05 2.162830163538345e-05
369 3321 0.011718668493780834 0 0 0.0004902643740811314 0.0004842902921537113 0.0006907013312434749 0.011721688654661376 1.6708829623129218e-05 1.6856522494068376e-05
370 3330 0.011620764994492985 0 0 0.00046411221312644594 0.00045840259383236176 0.0006793792250773683 0.010943411835926542 1.6335345478468748e-05 1.6471039598961658e-05
371 3339 0.011449300772011868 0 0 0.0004840351633836643 0.00047800619495068077 0.0006363601101184729 0.01037224967338689 1.5076895675364123e-05 1.594713521622663e-05
372 3348 0.012777415700391578 0 0 0.0005389722204921992 0.0005327191111849966 0.0006701149491728704 0.011199060057947024 1.6019422087693756e-05 1.797564018290758e-05
373 3357 0.012320634968343467 0 0 0.0005062647539757665 0.000500132968097938 0.0006296950393730103 0.01053180109174834 1.509116928772618e-05 1.6178501466893373e-05
374 3366 0.012106639774316539 0 0 0.000516366645503971 0.0005101408427489533 0.000589890247445601 0.010391838768774678 1.4095908781030778e-05 1.5914496594461015e-05
375 3375 0.011128511683718064 0 0 0.00048127744822611763 0.0004753892054355291 0.0005521669072649664 0.009652200039546352 1.313812409389358e-05 1.5295508429945323e-05
376 3384 0.009790217875461681 0 0 0.0004145146299301383 0.00040963366440091705 0.0004803429269568258 0.00828728521388012 1.1291853227598191e-05 1.3683511178864104e-05
377 3393 0.009081271560544517 0 0 0.0003734596072498873 0.0003686075984629826 0.0004304524583571546 0.0075715291128367985 1.0346962442162222e-05 1.2388683264334943e-05
378 3402 0.008736086809276426 0 0 0.000347145545974188 0.00034282511432625864 0.00042682701449963165 0.007161145161703824 9.878989279626721e-06 1.1956119949934344e-05
379 3411 0.008546179792602715 0 0 0.00035741469110659005 0.0003528865792346549 0.0004037704969752312 0.00704361629123913 9.716395175137449e-06 1.1574975318038315e-05
380 3420 0.008167012660768972 0 0 0.00034743716048571394 0.0003430546573925869 0.0003795819727926086 0.0069061762804662205 9.066827162135038e-06 1.0765541936683524e-05
381 3429 0.007447489754340804 0 0 0.00031375840656097713 0.0003102579395936234 0.0003456531493443602 0.006283312001071045 8.18809393579848e-06 9.263475656291152e-06
382 3438 0.006344326161618366 0 0 0.0002593157779186588 0.000256272627358414 0.00028404414043676606 0.005220133292633356 6.589791998622399e-06 7.576553401990067e-06
383 3447 0.00599822466162381 0 0 0.00024230089092927746 0.00023949100638303127 0.0002796750039939673 0.00487917403824863 6.31375557588328e-06 7.194470713606194e-06
384 3456 0.005608060317709805 0 0 0.00021703275620776994 0.00021487804213894993 0.00026976042584085 0.004564743989759613 5.856825192773314e-06 6.563635860278036e-06
385 3465 0.004921428908729163 0 0 0.00019160244101024284 0.00018964277261352414 0.00022886603171131824 0.003882350423742275 5.0487814560531745e-06 5.710707961250656e-06
386 3474 0.004478253280796468 0 0 0.00018484522973465786 0.00018297607090886442 0.00020144691954679503 0.003314666305101862 4.435996188679325e-06 5.114969983800794e-06
387 3483 0.004687952456711072 0 0 0.00019229566182643333 0.0001903805069331507 0.00022376280862824674 0.003447452864173861 5.301999092643663e-06 5.068376654219784e-06
388 3492 0.004274794037588973 0 0 0.0001776930833398182 0.00017593883165252646 0.00019014679217229302 0.0031095075016791007 4.440595700686209e-06 4.582999014844143e-06
389 3501 0.004330865783973674 0 0 0.00018239385789320408 0.0001806603286373753 0.00018570918601477904 0.003283053870853562 4.4455592946907556e-06 4.5889156670068055e-06
390 3510 0.004848704686304432 0 0 0.0002027197808241856 0.00020092350565889514 0.00021174568421899006 0.003719729560873715 4.994152520969174e-06 4.883115962314819e-06
391 3519 0.005573748095053776 0 0 0.00023350612924986192 0.00023127249534088209 0.00024921851376038677 0.004124621167396275 5.8157055471307675e-06 5.780925341576761e-06
392 3528 0.004918510123676207 0 0 0.00020968849135278623 0.00020770217394092298 0.00021570022962247363 0.003565102038488892 5.005666576245807e-06 5.031254854362275e-06
393 3537 0.005206475760874197 0 0 0.00022568002413572708 0.00022355623282551378 0.00022465898585762473 0.003831318303786975 5.221258146406138e-06 5.836488565012214e-06
394 3546 0.006550132941208879 0 0 0.0003115899771805145 0.00030859204019991014 0.00028184840973621535 0.004728330506946305 6.761917501620888e-06 7.769858439140103e-06
395 3555 0.008594739915118882 0 0 0.0004154147669830667 0.00041149460574553895 0.00038655312345049433 0.006301806824188802 8.890035851262713e-06 1.0409124536841217e-05
396 3564 0.010394776889194 0 0 0.0005057059525293443 0.0005006018688596327 0.0004534242135081169 0.007221834123429338 1.067505233771174e-05 1.2967654047078236e-05
397 3573 0.009865723611577183 0 0 0.00046474443058859083 0.0004600023808314937 0.0004304471969159211 0.00628578132232875 1.0194377412656265e-05 1.1703508385960477e-05
398 3582 0.009672742204067743 0 0 0.0005062762065908605 0.0005009602877918494 0.000435727562377392 0.006004840481888815 1.0460939979955597e-05 1.2254234287045251e-05
399 3591 0.010508484161831786 0 0 0.0006487115042532786 0.0006419570570177897 0.0004861609480827558 0.006326860843900237 1.2217883163405792e-05 1.5360316899622946e-05
400 3600 0.010301694658350237 0 0 0.0006389468297478773 0.0006319796494865759 0.0004610409168777418 0.006123220301336452 1.181624120947437e-05 1.574102118416754e-05
401 3609 0.012692888563999348 0 0 0.0008261385906267901 0.0008171929963887826 0.0005973212223955495 0.008213461895532292 1.466561960916833e-05 2.0199159201177016e-05
402 3618 0.013910684481802778 0 0 0.0009018811863635088 0.000892299783870953 0.0006546579271381022 0.009556296345550426 1.632309583366129e-05 2.171127122474183e-05
403 3627 0.01586627186022637 0 0 0.0009392020401502384 0.0009297273122333067 0.0007934947365667827 0.010786577604802373 1.8522513278867326e-05 2.3152785634857125e-05
404 3636 0.01509716236769965 0 0 0.0008678474054339072 0.0008596018937920884 0.0007707298824981064 0.010263133216814397 1.7823417336884176e-05 2.082089964629078e-05
405 3645 0.012574222063294492 0 0 0.0007001360236049136 0.0006933179199285333 0.0006199987575274273 0.00837891796346652 1.3900791864931758e-05 1.720783815222605e-05
406 3654 0.012369329121390054 0 0 0.0006671225144089976 0.0006609380602009783 0.0005959239679109367 0.008113782866134095 1.3446933871643676e-05 1.6836611381439954e-05
407 3663 0.012049546747460655 0 0 0.0006731008243239793 0.000667100002216338 0.0006249878796511308 0.007228913825555674 1.3650920886832818e-05 1.638975208329205e-05
408 3672 0.012535725235122103 0 0 0.0006726867014292186 0.0006674147497767937 0.0006811135272726057 0.007514047989532586 1.5122320308160795e-05 1.627765384052546e-05
409 3681 0.012499990666132724 0 0 0.000664200456839626 0.000658872583024088 0.0006585311397966267 0.0075872467338967175 1.4662661061093504e-05 1.613868136559615e-05
410 3690 0.010823007094549692 0 0 0.0005482036036766702 0.0005435638612204376 0.0005493720233944501 0.006552694047718658 1.2432903638153417e-05 1.3383477563257745e-05
411 3699 0.010639921445442766 0 0 0.0005648213743515567 0.0005600482729654472 0.0005374151870164824 0.006207121335657025 1.2183499495550888e-05 1.3560960544595458e-05
412 3708 0.009909196528898935 0 0 0.0005242310090969452 0.0005199556567184159 0.0004766865528521016 0.0056596969687115395 1.0676454306908773e-05 1.2453476947475816e-05
413 3717 0.009899892658534758 0 0 0.0005223624813530658 0.0005180934785219259 0.0004946418826247412 0.005525168272120665 1.1078586378013441e-05 1.2524065764306346e-05
414 3726 0.009864044993822783 0 0 0.00048582703044484617 0.0004818406989216088 0.0005103277473335618 0.0055985222507767066 1.1199595364440152e-05 1.177742986789104e-05
415 3735 0.01035179154358637 0 0 0.00047579448436416784 0.00047184120673716203 0.000545253649640401 0.005531408353231186 1.2010594077292283e-05 1.1954892294007876e-05
416 3744 0.009628098285217783 0 0 0.0004304602411703867 0.00042683717969859287 0.0004902066461027597 0.005025978447413606 1.0599035186024121e-05 1.1281047133173272e-05
417 3753 0.008974572540574417 0 0 0.0004060780284371332 0.00040266583047993566 0.0004322131001802083 0.004664957886992315 9.427274475030308e-06 1.0549203013253655e-05
418 3762 0.009795584499662526 0 0 0.000474067262270537 0.0004699728114281323 0.0004797965038844376 0.005047563516109738 1.0713328322722947e-05 1.154669187791178e-05
419 3771 0.00837437357392067 0 0 0.0004012551792634959 0.000397743828520436 0.0004196475104383842 0.00416540994964167 9.140326530346208e-06 9.955117562424817e-06
420 3780 0.007799601947496324 0 0 0.00036713131352843605 0.0003637919509487153 0.00039745591564336523 0.003961680794271199 8.33632864599409e-06 9.63358880473961e-06
421 3789 0.007298746173104348 0 0 0.00034756668693585894 0.0003444781000717823 0.00040999516486084895 0.00367014397861275 8.397984915653766e-06 9.157836045521206e-06
422 3798 0.006912804247253296 0 0 0.0003317511742222328 0.00032867589990578206 0.00038312379710089367 0.003367838848703066 7.911574639527894e-06 8.98328535037716e-06
423 3807 0.00672800499933288 0 0 0.00030216095654283197 0.00029930304832462957 0.0003626432630831336 0.003357387481132306 7.537393267472542e-06 8.596982780335305e-06
424 3816 0.007450267576951915 0 0 0.0003326801675699018 0.0003296449960733444 0.00040559513595073165 0.0042247990226932245 8.431374077126052e-06 9.503206193808022e-06
425 3825 0.008563413697656258 0 0 0.00037461659907053735 0.00037118168128942553 0.00045954142817719 0.0051800788318345685 9.655919381527547e-06 1.1079290752839167e-05
426 3834 0.008839212983945193 0 0 0.0003821473002615901 0.0003785977229032103 0.0004730382831528316 0.00503837013734082 1.008135485513577e-05 1.1462857839747616e-05
427 3843 0.008570070249609435 0 0 0.0003813847360159482 0.00037793286786802445 0.0004328034633016312 0.004776842240854854 9.438157768101867e-06 1.0698101399190747e-05
428 3852 0.008284242582321648 0 0 0.0003712089069221363 0.00036771258888938476 0.00039435569149018763 0.004693648033825537 8.620086256916583e-06 1.0538397168830897e-05
429 3861 0.007998689126342478 0 0 0.00036602545838959594 0.00036250867764708416 0.0003790681539065455 0.0046312029700218684 8.164863866955109e-06 1.0547150026095484e-05
430 3870 0.00837800523545302 0 0 0.00039342803296809904 0.0003895293699522442 0.0004169816496714 0.004838247940497669 8.590649972043107e-06 1.1949906474817106e-05
431 3879 0.008720598129877279 0 0 0.0004180058866279598 0.00041393923714775835 0.00042319446079455047 0.004980149630874339 8.646856449744855e-06 1.2612570111397326e-05
432 3888 0.008985831285679436 0 0 0.00044893893364988713 0.00044424000203576646 0.00043523069951094303 0.004907670425226256 8.677881135288031e-06 1.378747508996342e-05
433 3897 0.008441807190717257 0 0 0.0004177522896728376 0.0004134156306832771 0.00039090529295286714 0.004605280362581711 7.833874467319983e-06 1.2574328954111507e-05
434 3906 0.007390535851401705 0 0 0.00036718394593525735 0.00036337394184006 0.00032343165223166527 0.004004961416697872 6.637941358869004e-06 1.070857941722683e-05
435 3915 0.0066995228755323735 0 0 0.0003367973303674936 0.0003333222876894027 0.00027921832538470596 0.003649233738187112 5.754899116467523e-06 9.808030724963304e-06
436 3924 0.006934948285866235 0 0 0.00035153909254405857 0.0003478423163848523 0.0003193940862007396 0.0036874695906323426 6.375827947469368e-06 1.0641351339961382e-05
437 3933 0.008529027327795403 0 0 0.0004314839806642277 0.00042687931160251654 0.0004033350670551684 0.004523040497667359 7.95943344925135e-06 1.3163592852459515e-05
438 3942 0.010095235618541013 0 0 0.0004981950753508321 0.0004929374985958234 0.0005191516172903941 0.0050705728882982585 1.0121581846937356e-05 1.5670442007921066e-05
439 3951 0.010849841058158073 0 0 0.0005267195032071807 0.000521389724786829 0.0005472025710483996 0.005379450706107495 1.1227095231441118e-05 1.5704655227917825e-05
440 3960 0.011748025857605909 0 0 0.0005490712863737634 0.0005437737114146702 0.0006112209282092622 0.006556376278327 1.2809827590932816e-05 1.6345609030803396e-05
441 3969 0.01154672608833924 0 0 0.000547814763990423 0.000542565535953896 0.0006034590262931857 0.006345362138287914 1.2952002142984648e-05 1.5887402278645056e-05
442 3978 0.01240200724378722 0 0 0.0005369610927683412 0.000532243915387239 0.000671771887759103 0.0071281528380137595 1.4514371925204e-05 1.4713550435628636e-05
443 3987 0.011424490530699048 0 0 0.0005073448863325207 0.0005027196340456438 0.0006329427796262411 0.006522262719052951 1.3702790017827412e-05 1.4115127793727955e-05
444 3996 0.011876786596074187 0 0 0.0005211159156772796 0.0005162497930746177 0.0006900282891401052 0.006688955020359796 1.4606443351277652e-05 1.5406487072648474e-05
445 4005 0.012496011321468298 0 0 0.0005225408432555811 0.0005175712176626623 0.000715249334799898 0.006695077163981659 1.4713111564561188e-05 1.614611091613079e-05
446 4014 0.013014525041879095 0 0 0.0005486278607068375 0.0005436985520665816 0.0007579403145267436 0.006498093173139402 1.618951914989627e-05 1.5356236730073583e-05
447 4023 0.013823152760117051 0 0 0.0005996265934734879 0.0005945551220540963 0.0008352623611083385 0.0068990220322930436 1.8420553695087033e-05 1.6113750407165266e-05
448 4032 0.016353469435186185 0 0 0.0007363503668262133 0.0007307078620883866 0.001130567344389683 0.007929764163037648 2.5116733319651525e-05 1.8940027466892725e-05
449 4041 0.015565842891250797 0 0 0.0006872426720320869 0.0006820317476884672 0.0010512115519487675 0.007720596980355776 2.36995719767638e-05 1.739299130251231e-05
450 4050 0.014826150704466433 0 0 0.000683018365232274 0.0006780379807647793 0.000988374170403176 0.007199336131596388 2.2407236062881476e-05 1.6444251154591943e-05
451 4059 0.01420660398359643 0 0 0.000626715983064221 0.0006221686471006628 0.0009839251413148997 0.006982955788785734 2.2119007906206207e-05 1.648757318554227e-05
452 4068 0.013793604542588368 0 0 0.0006243869961828134 0.0006196795773153481 0.000955239318638137 0.006598042931304297 2.1484841455873353e-05 1.7319885502199772e-05
453 4077 0.012930561387185355 0 0 0.0005851674452384601 0.0005806332674913433 0.0009047321296315353 0.00651285161843625 2.0310639031451497e-05 1.678751953510598e-05
454 4086 0.011443946776704466 0 0 0.0005172873697631924 0.0005132426451432813 0.0007905492622508326 0.00531539012768905 1.7757777519363413e-05 1.498248375318652e-05
455 4095 0.010160843546365192 0 0 0.00044674998470151166 0.00044318784794316506 0.0006802260655963921 0.004599922205372247 1.5294039602792e-05 1.3211618971675314e-05
456 4104 0.008996405666910656 0 0 0.0003935576053135905 0.0003905470330860361 0.0005964481509051677 0.003950427999710119 1.3582320510171287e-05 1.0868108516745543e-05
457 4113 0.008930182667376873 0 0 0.00039901366666160606 0.00039573836230904585 0.0006039291557334431 0.0036626444654258338 1.3634803971645963e-05 1.1815763184415781e-05
458 4122 0.008518199401539264 0 0 0.0003477399953583021 0.000344779694228367 0.0005469416330111212 0.0036024151440593602 1.2205052010437482e-05 1.122257691676796e-05
459 4131 0.008463421318795666 0 0 0.0003188817957260488 0.00031626474254095485 0.0005617831916129837 0.003639984810791225 1.2349987995303356e-05 1.1080038665660792e-05
460 4140 0.007660283967785797 0 0 0.0002892882519637763 0.00028684986542368144 0.00047847841391887266 0.003129205975047424 1.0469592234551504e-05 9.841297553312486e-06
461 4149 0.008095885686426696 0 0 0.00031742381006225675 0.00031513851507500285 0.000533416807661042 0.003768389647674571 1.172926421346432e-05 1.0293817835006063e-05
462 4158 0.007178899284202281 0 0 0.0002804225553636349 0.0002782886587070907 0.0004613364046064236 0.003084479862287595 1.0130882569505296e-05 9.169153621335206e-06
463 4167 0.006500508166538612 0 0 0.0002523026763893274 0.00025040078327173465 0.0004122680007444753 0.0028415898995542035 8.991237673004518e-06 8.094479502260706e-06
464 4176 0.005265563323685813 0 0 0.00020256168579762312 0.00020104516511896422 0.00032847496467672114 0.002257517393151895 7.1678788083630364e-06 6.511714772134007e-06
465 4185 0.004612987970140153 0 0 0.00018031904992381 0.00017892911679472142 0.00027947603926895356 0.0019546042879140025 6.110411894006396e-06 5.7497180031221154e-06
466 4194 0.004293272341941689 0 0 0.00017656930585644855 0.0001751258435911862 0.00026003746866730393 0.0017039425074408755 5.682253327862827e-06 5.539955715618716e-06
467 4203 0.003906616210987268 0 0 0.00015350039475206214 0.0001522542905124712 0.00023853829065152374 0.0015846406767418793 5.220725702363936e-06 4.8960941229257e-06
468 4212 0.004202907265546796 0 0 0.0001635164853731733 0.0001622413356483216 0.00028338044484680177 0.001685392294161974 6.204169637140392e-06 5.585700698050141e-06
469 4221 0.004163547577684481 0 0 0.00016242578521540464 0.0001610945319795615 0.00026499812333731813 0.0017064153194365484 5.765900748967463e-06 5.502088332405026e-06
470 4230 0.004041752308277735 0 0 0.00015654152505255794 0.00015526354688796527 0.00025767459588338365 0.0015266038129458821 5.591077005532216e-06 5.320296802775871e-06
471 4239 0.003748869627638112 0 0 0.00014084762466075394 0.00013971485639052033 0.000257350574409328 0.0013700995011158223 5.498621514686266e-06 5.158702080269628e-06
472 4248 0.003898835087805382 0 0 0.00014676604058087454 0.0001455163910179165 0.00025813670534721955 0.001464147727543888 5.4660146613803665e-06 5.622579549720766e-06
473 4257 0.004385485855263221 0 0 0.00015876299932771035 0.00015736838836551432 0.00029762876160335523 0.0016385878907197316 6.261652114056525e-06 6.538584526370772e-06
474 4266 0.005282842977010391 0 0 0.00019229783059745542 0.00019046648792893519 0.00036127056280165615 0.0020320658489797272 7.584515264835279e-06 8.351037659374056e-06
475 4275 0.005783462762622181 0 0 0.00021021083526058388 0.0002079659039359899 0.0004102552313109558 0.0022993949589244058 8.542429871600988e-06 1.0014425097593056e-05
476 4284 0.00571502495592428 0 0 0.0001965946042629187 0.00019430734008112375 0.0003950023802515031 0.0022649878632868196 8.168588991788022e-06 9.952375316848349e-06
477 4293 0.005932172533336046 0 0 0.00020502752858674936 0.0002028312608511441 0.0004158020918239049 0.00237384062799319 8.673072673758728e-06 1.0061126576155663e-05
478 4302 0.006530215442177805 0 0 0.0002356277713686867 0.0002334001106394399 0.00047375202781802704 0.002885752894050813 1.0032586415193175e-05 1.098308712811544e-05
479 4311 0.006555121075173279 0 0 0.00023965175671216132 0.00023763206308017232 0.0004687677397661751 0.0029004145784303115 1.0043937253758188e-05 1.0329022763939448e-05
480 4320 0.0069471706276611565 0 0 0.00024164977561669633 0.0002395770745885467 0.0005071656084104486 0.0032153868003670424 1.0849969410507787e-05 1.1016585918877702e-05
481 4329 0.007669339417889011 0 0 0.0002798183999328313 0.00027736254684393306 0.0005635749538664397 0.0036568931330535044 1.21023659342598e-05 1.2147603792538671e-05
482 4338 0.008377416131826437 0 0 0.0003084312921798718 0.0003057679023575039 0.0006096241052321238 0.004118972220585989 1.311740053391558e-05 1.305557045612762e-05
483 4347 0.009469333186769846 0 0 0.00036242717509594194 0.00035946138820440525 0.0007554979078207667 0.004596691362328393 1.64198440967582e-05 1.452409863493546e-05
484 4356 0.009714514036512084 0 0 0.00037438464615217507 0.00037162500038949567 0.0007767464937502961 0.005165864359542537 1.701762841407366e-05 1.4345160696864334e-05
485 4365 0.009794351519101305 0 0 0.0003899930862390532 0.000387163206714455 0.0007639567689345457 0.005034923680999483 1.6723084560568694e-05 1.4338767416207373e-05
486 4374 0.008429030915335587 0 0 0.0003236181605240712 0.0003211876688685798 0.0006354046627505546 0.004261936785709459 1.3860178056726574e-05 1.2288993145174203e-05
487 4383 0.008026049473311475 0 0 0.0003244874419714294 0.0003221687572380396 0.0006110121245872429 0.004040430060991911 1.3448691280351565e-05 1.1466439905132458e-05
488 4392 0.008212985539983945 0 0 0.0003248918621862977 0.0003227408559974418 0.0006258173978282175 0.004253394087077387 1.369105429364062e-05 1.1441033674476906e-05
489 4401 0.008790036655324554 0 0 0.000351754578385256 0.0003495021029502829 0.0006904273476203902 0.004686926453192986 1.5179160078735855e-05 1.2297652035653981e-05
490 4410 0.008687362856472905 0 0 0.0003596387817888098 0.0003576594421886943 0.0006926215418843649 0.004869792825538199 1.5343568146183588e-05 1.1643529235141495e-05
491 4419 0.007989227828750297 0 0 0.0003171134405251011 0.00031543378692248724 0.0006257398310995643 0.0044555976491518975 1.3794654995172955e-05 1.0535515570267829e-05
492 4428 0.007345623852320465 0 0 0.00027937261595738905 0.0002779513450043552 0.000571561560556734 0.003968114471016293 1.2599375008719355e-05 9.40175656058859e-06
493 4437 0.007714327050554343 0 0 0.000308464960753652 0.0003069764345625628 0.0006484101934288554 0.004009508123847086 1.4426061296398821e-05 9.983830746259443e-06
494 4446 0.008097162997271621 0 0 0.00031501043730898634 0.0003136541276751459 0.0007087860862880005 0.004369764357717979 1.5722149387938563e-05 1.0772477655154006e-05
495 4455 0.0077699626758158 0 0 0.0003050837446057205 0.0003038205631016591 0.0006849714619204626 0.004412367133160312 1.5196929246516306e-05 1.0316131462733785e-05
496 4464 0.007775943285673482 0 0 0.00031165390885476326 0.0003104561401912239 0.0006770922955648348 0.004366991893627393 1.509049946845196e-05 9.920687069556558e-06
497 4473 0.00998201112210789 0 0 0.0004036122270842897 0.00040227706916200857 0.0009055791350728491 0.005781322126489255 2.0273995172373708e-05 1.2772975668044732e-05
498 4482 0.01149948489659359 0 0 0.00044261786455457227 0.00044120935794907926 0.0010314622039860769 0.006413035538677378 2.3169760775002208e-05 1.4408936465099478e-05
499 4491 0.011590133117875677 0 0 0.0004536647246514212 0.00045213174877724906 0.0010325548689396151 0.006362157282832058 2.3227945642612375e-05 1.4260668867424394e-05
500 4500 0.010807880795888465 0 0 0.00043047363603098164 0.0004291361392316711 0.0010053660931268935 0.005902316300590742 2.2673478979991803e-05 1.3449614033564496e-05
501 4509 0.009776605410615138 0 0 0.00039065456450703947 0.0003892930476840094 0.0008871556246905632 0.0052357343701058415 2.011339799756265e-05 1.2069392758050164e-05
502 4518 0.009461589428417568 0 0 0.0003905520185407401 0.00038917026929782036 0.0008537857919136556 0.005073581680170596 1.9447539191918052e-05 1.1491008436422085e-05
503 4527 0.008722963265942702 0 0 0.00035977138518921 0.0003584015754952154 0.0007749105692852905 0.0047006023399012815 1.7583453066004653e-05 1.084059441578418e-05
504 4536 0.008207302102335938 0 0 0.0003288268866621222 0.00032739325897121555 0.0006646548999780171 0.004321724878358251 1.5044818014010277e-05 9.802493056996024e-06
505 4545 0.007672841884081955 0 0 0.0003019720704905418 0.0003006298298452574 0.0006145397833112106 0.0039977405976124895 1.3864970918611112e-05 9.26339577853952e-06
506 4554 0.007520593367848852 0 0 0.0003025106644323913 0.00030134749683791737 0.0006464235583869113 0.00426040769726401 1.4568461030619781e-05 9.390975779357361e-06
507 4563 0.0073772470868326626 0 0 0.0002909922117480436 0.00028983438802445403 0.0006400410306652188 0.004188681088840094 1.432347853202457e-05 9.57533775238699e-06
508 4572 0.008588205888779515 0 0 0.0003487091895213218 0.0003476643942515032 0.0007578412982015676 0.005637235299678206 1.706869672824884e-05 1.1001662625675924e-05
509 4581 0.008878861290741684 0 0 0.0003428902436249742 0.00034193212406058334 0.0007616695372946445 0.005746837828634859 1.711795619206275e-05 1.123268428188631e-05
510 4590 0.008887489388599354 0 0 0.0003574510812010974 0.0003562290225816578 0.0007188276796125351 0.0056180949583600065 1.635583000128452e-05 1.0393432450737777e-05
511 4599 0.00865420112368835 0 0 0.0003579442377052488 0.0003567665406960716 0.0007121987424903021 0.0055246199535685945 1.6212830297604037e-05 9.791073544272843e-06
512 4608 0.00912395088660666 0 0 0.00037549017900569923 0.00037429408972472364 0.0007645217212576251 0.0058570055847831015 1.7532302152081483e-05 1.0213802070483042e-05
513 4617 0.009728004882740615 0 0 0.00038496840261077975 0.0003838764818193764 0.0008313080189541034 0.006221005033482303 1.9009596845241253e-05 1.0985946017199385e-05
514 4626 0.008646350915372534 0 0 0.00033619294897065485 0.00033532405941332036 0.0007226287732873453 0.005632776878337738 1.6582863609893082e-05 9.513787640226121e-06
515 4635 0.008309526355875129 0 0 0.0003262378754346411 0.00032538528894322506 0.0006992861890976977 0.005320542968798399 1.605429929053922e-05 9.121379703129979e-06
516 4644 0.008558388450342494 0 0 0.00032540881430119495 0.0003247146632192315 0.0007249244373260626 0.005802339387486079 1.6518172713955734e-05 9.911463521466436e-06
517 4653 0.00908383047400636 0 0 0.0003406455439446431 0.00033990594585066455 0.000771109816795865 0.006435024840780692 1.7544347473133664e-05 1.095785590550815e-05
518 4662 0.00856775815323896 0 0 0.00032062772851073956 0.0003198201946185894 0.0007038105559369842 0.005756548508197606 1.6107492631915455e-05 1.0051516310108277e-05
519 4671 0.0075462492617348 0 0 0.00026179410685792836 0.00026137421507929566 0.0006100048918780982 0.00501556961000862 1.3893005712072165e-05 8.749246250516267e-06
520 4680 0.006561191306026561 0 0 0.00021326163529819932 0.00021289574195566504 0.00050896543753126 0.004218951719413942 1.1606607367571475e-05 7.59348510213519e-06
521 4689 0.00650519007497618 0 0 0.00020851644449409207 0.0002082556125292771 0.0005132207807032704 0.004157336915348198 1.1633214304202077e-05 7.541709744810081e-06
522 4698 0.006277631615025515 0 0 0.0002016354784088036 0.00020124974027172044 0.00048657903060787995 0.003943511497184916 1.1053405597275383e-05 7.282658889925124e-06
523 4707 0.006281894356748564 0 0 0.0002018581650274652 0.00020149452475797295 0.00046132629577637124 0.004004443069058712 1.0530633607502974e-05 6.7703426066841315e-06
524 4716 0.00658476558173723 0 0 0.00021956855154466767 0.0002190754602275564 0.00046507389607451785 0.004122222532670974 1.0684826467896994e-05 6.904672230531633e-06
525 4725 0.006788930229354868 0 0 0.00023910950636847982 0.00023849891315474772 0.00048028363550144137 0.004162273907013386 1.1057998313253613e-05 7.012597309730052e-06
526 4734 0.006653778197213289 0 0 0.00024233193521931335 0.00024173213365240615 0.000462082186865166 0.004301056036646652 1.0630873696597397e-05 6.727327333317966e-06
527 4743 0.0061137393879695775 0 0 0.00021940713301427545 0.00021891657889950983 0.00042367665449667924 0.004073222447991218 9.728317920489241e-06 6.160112161032011e-06
528 4752 0.005625892824655991 0 0 0.00021967981149979417 0.00021918324599854978 0.0004061650234384602 0.003821311465422026 9.44932081312193e-06 5.452459748385017e-06
529 4761 0.005709327968128406 0 0 0.00022887994443347912 0.0002282018804193009 0.0004009663866867023 0.003761225034317753 9.402975612520112e-06 5.482555502781642e-06
530 4770 0.004979531374785517 0 0 0.00019806670831057818 0.00019744399265992428 0.00034804880489494307 0.0032049222677458574 8.17872196927532e-06 4.780261199999296e-06
531 4779 0.005309247309462087 0 0 0.00020458439154158803 0.00020386536665316975 0.0003698189714838486 0.0032963344142221376 8.6607322925391e-06 5.343632526494296e-06
532 4788 0.005665559920032317 0 0 0.00022347745065056786 0.00022257996373704707 0.00036790025237515235 0.003527307371579129 8.68794414157797e-06 5.4533934739938895e-06
533 4797 0.005350524650531769 0 0 0.00021568596964450387 0.00021482853810651494 0.0003477793991118326 0.0033653873091491243 8.248671872503714e-06 5.042364920262232e-06
534 4806 0.005598701417877538 0 0 0.00023394571849577288 0.00023295307261351068 0.0003563616426849138 0.0034203626170676454 8.559276898210682e-06 4.92366491707104e-06
535 4815 0.0062125191893670295 0 0 0.00026022025335670337 0.00025899998559165646 0.00037289207077747665 0.003595518688775043 9.015757655263052e-06 5.267913226201225e-06
536 4824 0.005528880920066266 0 0 0.00022036674635543177 0.00021936737814342783 0.0003336728135061868 0.0031549502648246515 8.015057804425196e-06 4.800675950429033e-06
537 4833 0.004496494668576097 0 0 0.00017866624402844262 0.00017786046619816203 0.00027589457818105804 0.00247116016367524 6.627277173743124e-06 3.831244069431276e-06
538 4842 0.0045007995203970134 0 0 0.0001738334947729061 0.00017303056171926227 0.0002780799325065068 0.0023942092825976263 6.6439435617835554e-06 3.879067573706812e-06
539 4851 0.00482143373813453 0 0 0.00019576584062315226 0.00019459629905819109 0.00029353972299446816 0.002360135866951046 7.0904068373503015e-06 4.440018818601266e-06
540 4860 0.004947915057944575 0 0 0.0002061162983690342 0.00020494425089099996 0.0003130714459076295 0.0025014936954312708 7.587113219464885e-06 4.616228740557433e-06
541 4869 0.005148072080844623 0 0 0.00020900393162927273 0.00020774304250931958 0.0003203789287408753 0.002722997845772327 7.732396242879659e-06 5.132255288555349e-06
542 4878 0.005695895792273819 0 0 0.00024107013148698893 0.000239476917807439 0.00035550342687778227 0.0030071825843136176 8.7183526567112e-06 5.645815626069484e-06
543 4887 0.005210484608798856 0 0 0.00021605642571384005 0.00021452605593223596 0.0003050582037342664 0.0026453444584470308 7.5161369368434865e-06 5.128236355364051e-06
544 4896 0.005500904899197713 0 0 0.00023035564733187952 0.00022872625682827003 0.000315692695548011 0.0026567266494302044 7.822553523607892e-06 5.2182798805350355e-06
545 4905 0.0057639333235090665 0 0 0.00023587571942488365 0.0002342181603530583 0.00032580253701586275 0.0026647364336435855 8.024924718782522e-06 5.441936472742156e-06
546 4914 0.005038753792612912 0 0 0.00021428349603573856 0.00021279088242883093 0.0002920884473599706 0.0023645614428763687 7.222213840228884e-06 4.7236612969398334e-06
547 4923 0.00543924314015279 0 0 0.00023227473776248338 0.00023077476183960127 0.00030497601108289793 0.0026250534853617573 7.632952102555346e-06 4.613970005554219e-06
548 4932 0.005403944415500169 0 0 0.00023964873199593134 0.00023803340201350773 0.0002979196178857727 0.0024486135967532567 7.612345260583158e-06 4.390130483795895e-06
549 4941 0.004813429838851051 0 0 0.000198395322609166 0.00019710222321206238 0.00025131638390000127 0.0021820400461986965 6.3589296742063974e-06 3.819677653258624e-06
550 4950 0.00484655137959566 0 0 0.00018785122906434331 0.0001865731972159486 0.00024555949819508416 0.0020803945023270204 6.2125261673121214e-06 3.660635035052659e-06
551 4959 0.004765079457740005 0 0 0.00017817483850672523 0.0001770055933423255 0.0002403693523623647 0.0019883768189644605 6.0825286874089375e-06 3.1834964733691246e-06
552 4968 0.005050857247868983 0 0 0.00019110323461144212 0.0001898461172640926 0.0002593993258817179 0.0019673437211870626 6.5497539641953e-06 3.1708642441001255e-06
553 4977 0.0057033272041931826 0 0 0.00022160891928190725 0.00021997334622359874 0.00029920102266991355 0.002339277588875612 7.600790053688343e-06 3.899218138030014e-06
554 4986 0.005898214351019459 0 0 0.0002336000999376078 0.00023185495771726924 0.00030284328908737065 0.0022956761040246946 7.734410661122001e-06 4.0670312272333805e-06
555 4995 0.006500105741307717 0 0 0.0002689618811497674 0.00026695044445814044 0.0003485492736122337 0.0023063219872694572 8.946738053140586e-06 4.448108089806213e-06
556 5004 0.006553511051217334 0 0 0.00027184654313977975 0.0002698742699218856 0.00035135982778595115 0.0022936344651718604 9.004254609665234e-06 4.354621897930045e-06
557 5013 0.00701243169174144 0 0 0.00029850006170490734 0.0002963755561303184 0.00041190830688180914 0.0024580398375229867 1.0418861626730336e-05 4.620774273256682e-06
558 5022 0.007833566763073733 0 0 0.0003413549935350415 0.0003389325695780976 0.0005105073283498168 0.002695940866345466 1.2850310788505683e-05 4.758648067846588e-06
559 5031 0.007626017429106831 0 0 0.00034570857575447114 0.0003432495684619699 0.0005169796735284999 0.002568151692556346 1.301958294251159e-05 4.683056732636998e-06
560 5040 0.007951235405299016 0 0 0.00033657265480319885 0.00033419022819357563 0.0005253897453427 0.0026344133053407513 1.3138332699750186e-05 4.698534547234908e-06
561 5049 0.008551568843668039 0 0 0.00037449380373894773 0.00037184343547180896 0.000605955686575174 0.002717299539272611 1.5087428284433624e-05 5.0155871993559035e-06
562 5058 0.008909150009864149 0 0 0.00041143338811421227 0.00040846133068209146 0.0006653994659661104 0.002830212232194787 1.6608883233328168e-05 5.125016316521043e-06
563 5067 0.009529507751692486 0 0 0.00048232710972978196 0.00047891918547240145 0.0007427584253940235 0.00314485580736013 1.870167375064415e-05 5.546025744916155e-06
564 5076 0.009359422848113844 0 0 0.0004962577976519159 0.0004927488383857221 0.0007622387043298415 0.002999786098903597 1.9223702255642874e-05 5.423519056361272e-06
565 5085 0.008101160747403914 0 0 0.00042228438860314514 0.00041924279866880693 0.0006324651440160746 0.002569651733291958 1.603720868112922e-05 4.596077693750108e-06
566 5094 0.008892074416722904 0 0 0.00045570278959842933 0.00045246942959758753 0.0006963393066594104 0.0028936546404544888 1.7555106224256727e-05 4.906478971066437e-06
567 5103 0.007923190161152886 0 0 0.0004089030468692458 0.000406005660331854 0.0006306708566950154 0.002525056314173899 1.5881607373422335e-05 4.338776326226374e-06
568 5112 0.007926094756819956 0 0 0.0004536958491233743 0.00045051250204173135 0.0007270565460052227 0.0023121944633308434 1.8282038685726347e-05 4.1937449751457764e-06
569 5121 0.007423529453269944 0 0 0.000426680002681187 0.00042367814431723197 0.0006880273444947873 0.0019621744613284265 1.728819762023471e-05 3.926583588747788e-06
570 5130 0.007509317852336831 0 0 0.0004356921618649867 0.0004326546139395574 0.0007066960814351584 0.001954330799136195 1.7739391592625345e-05 3.880312215957026e-06
571 5139 0.0067116907137642874 0 0 0.0003891183827395694 0.00038637413351054657 0.0006146192877716218 0.001672748197327541 1.54919977156646e-05 3.5768677927809356e-06
572 5148 0.006943531435430329 0 0 0.00040538478661424385 0.0004024805071168238 0.0006238639182036443 0.0018713787192605144 1.576005323872334e-05 3.864833563632363e-06
573 5157 0.005756219361289531 0 0 0.00032285322762190836 0.0003205698395685603 0.000506127799419765 0.0015134098083312815 1.2736937974937539e-05 3.081620561366293e-06
574 5166 0.005178216236129953 0 0 0.00028430887276015943 0.00028231426605767544 0.00045196264195853286 0.0013900073312855998 1.1366140694421177e-05 2.5876851893074795e-06
575 5175 0.004779047777053172 0 0 0.0002504637133261967 0.0002487148752877623 0.0003981600814056073 0.001258792338508716 9.993462412999832e-06 2.324726988291539e-06
576 5184 0.0045448174279559645 0 0 0.0002300320855594966 0.00022844309054104547 0.00036314222310757256 0.0011378521447586122 9.084250167859445e-06 2.2097450976742003e-06
577 5193 0.005019499575459385 0 0 0.00024820504946753243 0.0002464983270948297 0.0003959418359254374 0.0013887025706372214 9.874887815468444e-06 2.500640392841177e-06
578 5202 0.005870955323084417 0 0 0.000290365239284126 0.0002884714353779027 0.0004754312007988657 0.0018018357139438154 1.177068564280296e-05 2.948564460508241e-06
579 5211 0.005490390450874628 0 0 0.0002845934208813319 0.00028274820604567557 0.00046954605421933165 0.0017458709381471553 1.1620193216718472e-05 2.6798102370048238e-06
580 5220 0.005211558711123099 0 0 0.000271462802130844 0.0002697291283167082 0.0004347611439603978 0.001750769031344631 1.078301150076032e-05 2.5269511342873327e-06
581 5229 0.005298139293090039 0 0 0.0002748748893094997 0.00027305749088064424 0.0004330818882239443 0.001814408809786861 1.0747301324707506e-05 2.8675805086944725e-06
582 5238 0.005422697926651253 0 0 0.0002869927485184142 0.0002850511810909421 0.00045093605866599327 0.0019457299939637251 1.1231919251838032e-05 2.9534351226564964e-06
583 5247 0.005380847570574036 0 0 0.00025895990534185483 0.00025718782271484707 0.0004125485142787857 0.0019475437692063487 1.0273977024711145e-05 2.910392169527024e-06
584 5256 0.005520040082659448 0 0 0.0002931017661590174 0.00029111295910600485 0.0004587136698469165 0.0020771094612264426 1.1484280804865494e-05 3.0872665585076714e-06
585 5265 0.005337178234362 0 0 0.00028214572180154955 0.00028024049972851797 0.0004426705963235414 0.0019667417258148983 1.1085925318388579e-05 2.7709614265590725e-06
586 5274 0.0057566769444093975 0 0 0.00030238303610790934 0.00030038636097890674 0.00046977786018473534 0.002218437275687198 1.178271714987295e-05 3.063680819113146e-06
587 5283 0.006555137189745899 0 0 0.0003189079738693949 0.00031696004069645253 0.000497873047711191 0.003031810594490132 1.2414895284442402e-05 3.527131797850904e-06
588 5292 0.0061334031442924234 0 0 0.0002974418271550205 0.0002956708656621873 0.00046672970039550536 0.002764252905716661 1.1628842605691667e-05 3.118952799008424e-06
589 5301 0.006103733724810116 0 0 0.0002965793894165016 0.0002948031545125011 0.0004566171834192445 0.0027892736244107263 1.140377312485152e-05 3.259039703876524e-06
590 5310 0.00575067151130483 0 0 0.00027524145973294064 0.000273540161647963 0.00041212647927227217 0.0026329604266512457 1.033662194158956e-05 3.04537388027851e-06
591 5319 0.0049046041787880156 0 0 0.00023322148487446074 0.00023174383906484586 0.00035226777894904293 0.0021280887054697956 8.840335323282025e-06 2.6313185854635634e-06
592 5328 0.004619857122546416 0 0 0.0002199877790522423 0.00021858400372928963 0.000330230201663793 0.0019453883214650383 8.291646925786772e-06 2.5241550365026546e-06
593 5337 0.003918107608436905 0 0 0.0001845194940426861 0.00018334496703491338 0.00027701953595212826 0.0016013888281624729 6.959901255838608e-06 2.11912618350166e-06
594 5346 0.003998112651285225 0 0 0.00018886083224770695 0.00018760604726833382 0.0002775532732138671 0.0016525592330357817 6.984782801486949e-06 2.378236913288749e-06
595 5355 0.003934223056247771 0 0 0.00019836553886289443 0.00019697590965278 0.00028125662235604427 0.001550194703362755 7.138512492708003e-06 2.418410195422663e-06
