% # columns="iter, evals, sigma, 0, fitness, xbest" seed=402987, Thu Nov 30 11:15:36 2023, <python>{}</python>
1 9 2.108193254721521 0 0.22612006085277483 2.4842349092195146 3.0028923609357845 -0.2694974266578316 0.9912214501993297 -0.09928365077312873 1.1413730809310367
2 18 2.339522780720144 0 0.27520404217532285 4.890243637205033 5.775197541620929 0.16171643962434734 0.5203584627286428 -1.1275072897035807 1.1735549556163325
3 27 2.5393678558492185 0 0.27662183873454327 4.5304218102358265 6.324216862920082 4.131523003944199 1.1448554055037745 -3.4521086219632218 1.5373421014123003
4 36 2.5736903247681435 0 0.1564357076476493 5.194483995232155 3.1871538386086296 -3.31565071710758 3.5151154202296544 -1.0625144756716949 3.1785342917655335
5 45 2.6988601721495713 0 0.16639499534915875 3.148546273337044 6.763389743731069 -4.49937513312722 3.7494522635795833 0.14916363249722098 3.421236562230424
6 54 3.1541987976616603 0 0.15571920511539 9.476480735054839 10.622211556702243 -3.54176436161531 4.036589581407938 -0.4294875390840513 -0.5169030682601612
7 63 4.04747322876982 0 0.06940691723833646 9.545801163842542 8.504725531099925 -9.96096748968678 3.5435472508610806 0.01988298277872702 -3.438008895628215
8 72 3.9942781093275705 0 0.08412059864394854 6.005871698952946 4.4731669050151455 -13.320098609796094 -2.4313911696559076 0.4566844371125407 -2.5208118402380286
9 81 3.899989274136302 0 0.12679520232051106 13.375126194649098 3.6872446817759728 -11.45194331067093 -0.7228165786177883 -0.5727834672702755 -8.875040048431254
10 90 4.242152893352608 0 0.0762661058642996 11.412402522571934 5.799447277960321 4.274667313408081 5.52415336463806 1.1172672401995707 -4.549446529466849
11 99 4.2411136189734355 0 0.14573181384361475 17.69612986382862 6.481844808391596 1.4480710626423703 2.211109130838609 0.5484764917749758 -4.628268971274913
12 108 4.078959941391542 0 0.07351976404953701 10.352611612679931 3.8125417540859097 -2.5568312502743735 -1.2121745880292918 0.24188499174916345 -10.389384655350565
13 117 4.093309974517354 0 0.07217939630617692 12.507283929018923 8.528813636522264 -2.258699036330447 -7.879877871247487 0.23413852716440764 -12.942376964445222
14 126 4.303265058781859 0 0.12927104869929207 22.51559582177593 7.555847064694435 -3.5611171539150934 -8.371827099220967 -0.5928858479472496 -18.296665738628487
15 135 4.028059659052521 0 0.2358297026091368 14.456604903869058 6.919075200636861 -4.341438162921573 -11.49848712244157 -1.659646257756338 -12.385454915805044
16 144 3.772449525158039 0 0.07095361388017721 10.979680627122164 8.523476990813705 -7.431870371486507 -0.67557529506663 -0.018576545456451266 -6.597585719459031
17 153 3.349836075727439 0 0.10167321578039279 12.451568871384566 1.9709137075816026 -8.596682503780206 -4.502159135569039 -0.3626379860477499 -12.745482170824182
18 162 3.37054006339125 0 0.08459514550576372 12.301718786837613 6.214310926360627 2.958105192288871 -7.748644940415618 -5.792891748890305e-05 -15.752369334910233
19 171 2.9650010163919234 0 0.07174879714919956 6.788316747109992 0.6449163629124319 2.207320507161768 -5.985389433500087 0.07232517406487887 -16.059206490523678
20 180 3.1551188404397026 0 0.06878180998300969 9.036746066644422 7.88339116865296 -10.82748719577525 -2.8415727205791614 0.041768788236103596 -12.489233694222717
21 189 3.0585895130584158 0 0.06170478826776332 10.98863099956217 12.081958837490724 -6.886333375406496 -0.39733239683567567 0.30250208696047354 -11.130225601736447
22 198 2.8853365177352535 0 0.12011836367315482 10.171585094651046 8.908675447530436 -7.357623093470649 0.08017118158781344 -0.5170660137405236 -10.11593161926648
23 207 2.9840589399843 0 0.04322709376811227 3.9410331583603737 6.616293035226191 -4.514046109650909 2.1864218109604394 0.9341874674252626 -7.878137166252218
24 216 2.86243218630036 0 0.0533522985548048 3.369128808143066 6.474657782918602 -6.279463770631143 2.827878143886415 0.8898018564647688 -8.668199198679753
25 225 2.953258915948913 0 0.06755604315368446 2.0029073531398423 5.971956124994202 -10.691373946413076 5.377997628369976 0.8278451258872029 -10.600197350471436
26 234 3.277889287026932 0 0.048605464348501715 9.780590945553774 11.841017573603047 -11.990403628683397 10.24742873476076 0.17790331734405362 -9.36748272728154
27 243 3.3071954698658033 0 0.041988241063026996 8.932726106380999 11.326317250964008 -11.571821892197192 6.385249290031839 0.36544488326831165 -1.3865438828344132
28 252 3.15088087473294 0 0.09033223818092294 15.993389527059282 11.732171120560501 -14.75384766961588 2.59362000014936 -0.25880609990028736 -7.4033347776944645
29 261 2.8384462850098044 0 0.05182095958250107 3.499178732638276 5.133852161099091 -7.773187773383856 -0.5177862028688622 0.352157437226999 -9.12719337251795
30 270 2.651822143129053 0 0.06743023962573812 9.119183248503148 7.724281092530045 -9.689545996881767 -0.7932347811671345 0.07062277465933442 -5.048176950501103
31 279 2.3580573425762705 0 0.06755446101404129 6.720651123091848 9.208679991143319 -8.809391795563144 1.5841382136937978 0.6914386717574881 -7.085445421238373
32 288 2.3268023103600717 0 0.06793920368902771 10.311954866214515 10.68167149133582 -13.68592194824928 0.8030589035860325 0.21186048450901357 -8.960021236974757
33 297 2.1715153732677086 0 0.06739648392849501 7.727676088912824 7.796776179315687 -16.07854766961061 0.2582930004309252 0.14982956265736394 -10.421648151297214
34 306 2.0743640919587025 0 0.056711207470729504 5.604082798402141 6.763464845723563 -13.232931271591122 2.170205494160041 0.15434508556141532 -11.084079677704162
35 315 1.9917641470523977 0 0.04814210814595928 8.972804913619976 10.7296352795437 -14.39508969930173 -0.43640180823032826 0.3245958491468018 -9.98585487160474
36 324 2.168834892547558 0 0.04377761018569567 10.62747735528136 12.878221603573554 -14.462316394800501 -1.5490130171228407 0.43450713746317776 -10.703319599605672
37 333 2.1642646877005975 0 0.05585318986599332 13.027655536032217 14.470566666054442 -11.645224273570228 -0.9602559808723662 0.08954181579812615 -8.913573501788566
38 342 2.0339076263334985 0 0.04450187405936429 10.994605626740105 13.511983080642342 -12.618332033183757 0.150227446707149 0.31739135006621094 -8.870970349611284
39 351 1.8791351114682489 0 0.05145837886241273 10.125545589258701 11.616145350605173 -11.942871937802334 0.3399018123878578 0.19680622919871898 -6.625968856302636
40 360 1.8164770411005242 0 0.048474563369796816 8.598141993423251 10.649129801228177 -12.296536383791896 -0.4665266311021785 0.1770579291161868 -6.394065367501865
41 369 1.715551060526249 0 0.043220316743225566 10.857601525950269 13.485752448193383 -12.05953678751085 -3.2442700286127923 0.5226774737743701 -7.133822085162176
42 378 1.55580547311655 0 0.04171798134065346 10.799017812935247 13.578630785129352 -11.481434667513096 -3.516697671999804 0.5295558428262492 -6.074653106811477
43 387 1.3955508726607562 0 0.042821291026135175 9.72125104981556 12.447948378329091 -12.400700983624182 -0.584788046601858 0.47475175558189925 -7.971958143782189
44 396 1.3643380310878652 0 0.04186696436955366 12.910271557673589 15.428826797737837 -12.527211996985372 -1.3035332104645967 0.4720481056147743 -5.592594950255473
45 405 1.4168567858248227 0 0.04032045633806786 11.214975458760545 13.594522187193068 -13.407421347550818 -2.4300152526031233 0.3680256430748978 -5.661522175664984
46 414 1.4998195557351595 0 0.016476582117009028 11.523288176104705 13.83906098826754 -14.243515800486678 -2.692427948260481 0.40812380980349794 -2.845828430951919
47 423 1.6933457389322724 0 0.027396096087997028 10.416234082624838 14.190766911189082 -12.304297674522743 -6.064455180294763 0.7499650837396176 -2.602272794985182
48 432 1.6463689231035363 0 0.028643023088378412 11.996789588670444 15.792680774045708 -14.942745249764062 -3.5484670559358404 0.751396336394288 -2.8650852492308125
49 441 1.7139519334133262 0 0.0028597990167889965 12.95803599318754 15.278118678196245 -14.625517148171172 -5.414020465077954 0.37604532014504466 -2.7143679069937816
50 450 1.7193703443612023 0 0.010642278718068842 12.961427180343163 14.948267361813187 -19.375896450384943 -3.484625094744682 0.4060435378661948 -2.712033591326904
51 459 1.516208365276156 0 0.009198855962360879 11.992202535554972 14.846687023573404 -17.913237494893416 -3.306805187408357 0.5252255503156926 -2.7236430788752113
52 468 1.3372920752925523 0 0.005657924531065614 13.45907996847161 15.883375119500174 -15.746497906175772 -5.745446545017696 0.2706216935536289 -2.9746530680780663
53 477 1.1608289765494169 0 0.004921601316727343 13.95414582112931 16.14751900538233 -16.0959618138939 -4.926761715714657 0.3871205369893918 -3.066562985481369
54 486 1.2969510121341088 0 0.006921283547100432 12.923353767844104 15.836559952526535 -12.401622495129542 -6.304991306689882 0.6092204629040362 -3.0740848622448986
55 495 1.2965648537231715 0 0.020612399051000343 10.932721819721504 13.922796431262606 -10.59752885629165 -5.845206927244199 0.5815166291080186 -2.4264543227151445
56 504 1.2970551159288624 0 0.00845880924518774 12.24078266211104 14.39223808563398 -13.813597754184867 -4.0255514405889645 0.2734991598140936 -2.993496333769411
57 513 1.2056384389029546 0 0.007634952580797366 13.051532722465709 15.212864053773384 -11.65140053920905 -5.225517329985756 0.45189874402184915 -2.671273921012648
58 522 1.1219088375362678 0 0.0029965422611922536 11.574660182480288 13.77367671564376 -12.031244532586134 -6.300597543427664 0.35016352560401004 -3.0873455291952636
59 531 1.1397023151220946 0 0.004626193332494433 10.733583476046203 13.579239282972948 -11.879375213754571 -6.625545178748535 0.5630133390671765 -2.8627296175681183
60 540 1.1815362331413222 0 0.002072825366341789 11.917157195948962 14.441841256293669 -9.422363381834872 -6.994227656108274 0.41435912925880247 -3.0843008485237426
61 549 1.1444086066652537 0 0.004311453197774784 12.183545560838546 15.031355435720316 -10.904548451871044 -6.464881797022625 0.5069981906862547 -2.803191548293254
62 558 1.0447505146829599 0 0.003374766227508058 11.18597073259497 14.014018039303139 -8.987191925818527 -5.736075362512575 0.5253277675265697 -2.9078652820170277
63 567 0.9979701445529837 0 0.0040511164918427415 10.50029202781808 12.9221603893336 -8.861621845597496 -7.005891807400163 0.48834497859116827 -2.8270327577860006
64 576 0.9762504501418188 0 0.002768806555749864 11.07655525855572 13.45281692228394 -9.0798183117067 -7.169749249950543 0.38482308879545435 -3.158218611587433
65 585 0.9733955298287263 0 0.004359075276597458 10.62410282104976 13.088686345872663 -9.167993467886665 -7.8524025000875675 0.4062483551877963 -2.721672397685065
66 594 0.9780801515122992 0 0.0022194316785684363 11.641818443386946 14.13690085296337 -9.755132005367518 -9.122605714187092 0.3594286341052453 -2.9829797616745797
67 603 0.9149675583950125 0 0.0018293664085682006 12.000766150213284 14.288313891715884 -9.45373766274515 -8.684701935503892 0.3664703659729084 -2.8994073249436436
68 612 0.8220943555046524 0 0.0014786634265505738 12.094170427794738 14.444072463536973 -10.452936969837005 -7.881953186035041 0.36826730377690126 -2.9660200584075724
69 621 0.7499077198393642 0 0.002364484661238267 12.725927315554348 15.294786967031134 -11.52479972989506 -6.731839661795798 0.39187565096351146 -2.856293923216399
70 630 0.625868575460568 0 0.0018936243523719467 12.224596394428183 14.590135254389299 -9.344145597251334 -8.51756369114723 0.3467095218433525 -2.9405944483916
71 639 0.5551303835827388 0 0.001801452434753696 12.184403016903012 14.755444237164017 -10.65339606722781 -7.119688664422144 0.4317207951062674 -3.037718248784041
72 648 0.6078990347292639 0 0.0015605503621146152 10.96724929119228 13.378641680652091 -10.365643021139356 -6.61115179135741 0.42388900745205904 -2.9203626176598196
73 657 0.6329370929517496 0 0.0018588264075733163 11.760845152767416 14.189962136640725 -11.315186258781104 -6.889287274138454 0.42828635907409135 -3.043298652042215
74 666 0.6867570402313611 0 0.0014697703821223516 10.576410414887677 13.00029752460589 -9.982761532331944 -7.70860598242357 0.4042303160355538 -3.0298376134001734
75 675 0.7053928563955417 0 0.0017838913515632014 10.312733236902567 12.592693235026733 -9.500395633015266 -8.056061761700546 0.38703414918624685 -3.0114416204245575
76 684 0.6515909737529774 0 0.0021372694802328117 10.76095746540552 13.090727036995737 -9.324031879078525 -7.859999826010364 0.39549825277164 -2.847595328226074
77 693 0.6641212619035508 0 0.0013985755750530846 9.596871571512168 12.139217481580003 -8.520754598584404 -8.292219607876254 0.4434671559909272 -2.962722708965249
78 702 0.6299203243441549 0 0.001452551012822402 9.24682068187213 11.605130045697635 -8.624048605507076 -7.673339826258434 0.38234612298420484 -2.9838757483535785
79 711 0.6092369623300397 0 0.0014512250929937538 8.667258404940046 11.054699838080085 -8.781253816010905 -8.100258457040947 0.4001471023941742 -3.0216384063671877
80 720 0.5420424760739404 0 0.0014569029027800477 9.337427963006897 11.70430058953836 -8.646605684354812 -7.936908574904956 0.41066448037542047 -2.9579868964929523
81 729 0.5206781189132142 0 0.0014729723187323976 8.265986081668785 10.724651796567073 -8.603065959151616 -6.998955151342248 0.4291548159484264 -2.9027529816219366
82 738 0.4732353868726678 0 0.0013723273545172133 9.914725831542086 12.383214083801612 -10.321074360835649 -6.694714333342986 0.4220287483295129 -2.9497734238693374
83 747 0.42979116219741015 0 0.0013278211829569312 8.936428383010703 11.361849482108642 -9.387692116526926 -7.1209525339576984 0.4016691397858355 -2.9700387678413676
84 756 0.3843413748436211 0 0.0014889172238858744 8.475651371669175 10.939742822248585 -9.79370045032776 -6.677662009799871 0.41096211076080524 -3.005125792331047
85 765 0.33476595149441696 0 0.0013386125021725864 9.288659909985759 11.724487612869058 -9.457960687287335 -7.333832635813138 0.4173265139952864 -2.962166157331659
86 774 0.3017832584344128 0 0.001352831185855274 8.807428201818396 11.236070464184001 -8.981132557146125 -7.347131685189068 0.4182838356068317 -2.949239487087977
87 783 0.29318654936187377 0 0.0013995822805341381 8.766270394156878 11.180457630442246 -9.260497031120451 -7.3485567633456155 0.41720235008143125 -2.9764323872351817
88 792 0.3035085959052266 0 0.0013553879862185621 8.390143912488158 10.845009251413721 -8.773834432651746 -7.621645032829662 0.42827998611907253 -2.954226379491337
89 801 0.2966065457243119 0 0.0013107147279248382 8.42561088321938 10.858457723536098 -9.09291160596121 -7.637694281169965 0.4115171535448924 -2.947633350124129
90 810 0.28982260772447904 0 0.0013045419642032368 8.184513004231043 10.646546742092536 -9.552992875575006 -7.482242882309195 0.41351180604117843 -2.961875539537374
91 819 0.2856685858654106 0 0.0013088971738070704 7.931696003216034 10.389628957047456 -8.947832235587015 -7.437248103763698 0.4174137444241009 -2.9653824512387965
92 828 0.2462494794654434 0 0.0013250975702786291 8.271216711845303 10.716292678916176 -9.03615706349862 -7.323261371126123 0.4142099704458074 -2.9383409340203217
93 837 0.2259525711406251 0 0.0013103927349687513 7.940719801132852 10.360437969557509 -8.726361686288307 -7.479821085386763 0.4045351541697984 -2.962720434255451
94 846 0.19456405948410513 0 0.0013120311339394552 8.24617780241011 10.694638736000101 -9.14401814647038 -7.427902257662283 0.4043640097092916 -2.9522904604869935
95 855 0.16927802087793142 0 0.0013019605926205707 7.990316064474599 10.435871925770453 -8.954254595810132 -7.447104921833935 0.4093207102748938 -2.9563078093156587
96 864 0.15003249850272607 0 0.001308675282619613 8.048821212370298 10.500530002668892 -8.856123776124338 -7.388941041367069 0.416196002624579 -2.9662249044312086
97 873 0.12731497934557884 0 0.0013010115487861428 7.987624546773144 10.42564861748702 -8.961444287961069 -7.472556958041379 0.40876977789602725 -2.953196772922899
98 882 0.10304039391510927 0 0.0013011719363475813 8.185893678234882 10.627630053701768 -9.056152391039456 -7.409828808645538 0.4098175713850223 -2.9553586272262358
99 891 0.10272455609517074 0 0.0013033239041582926 8.45851675302228 10.897849395467585 -9.267247072852662 -7.43325435886108 0.40967995397120155 -2.9578063522322116
100 900 0.09791645538538161 0 0.0013011349000829997 8.45411574238929 10.891822706178518 -9.280608214093153 -7.494625252268003 0.4091694868901003 -2.9566272230538857
101 909 0.09902869947223698 0 0.0013009109571530354 8.418308084257571 10.84692208625052 -9.369587951105547 -7.553569917867614 0.40606403152369747 -2.9613068013904162
102 918 0.09924766696939517 0 0.0013007017559788238 8.118223729178398 10.554919396930446 -9.0082080745122 -7.581312869003472 0.4103557008484045 -2.952108978201108
103 927 0.11064226152358113 0 0.0012983056887840854 8.108711066240836 10.539286836706372 -9.172656840006244 -7.599714831720563 0.4057289783051514 -2.962951450145096
104 936 0.10664982128998658 0 0.0012975612304691928 8.06960010610012 10.505406609089514 -9.136330263062815 -7.594161925163246 0.4076967948300519 -2.9681629118494244
105 945 0.0955313943497181 0 0.001298497552381192 8.27602396028454 10.715078819248417 -9.232665919435794 -7.585440047065888 0.4103198057924283 -2.958878391919194
106 954 0.09377336565468958 0 0.0012968939684907714 8.108555357169797 10.544298929983913 -9.078410381752095 -7.643791513778603 0.40954800870961816 -2.9559535329118565
107 963 0.09694841442666242 0 0.001294405376365636 8.249114974355532 10.695669709760741 -9.355479754251613 -7.59850368997475 0.4083559596741222 -2.962123678751264
108 972 0.09592648292535737 0 0.0012927841572989297 8.208729147918106 10.648873103838978 -9.286004264442031 -7.6724038383799895 0.40704460163580936 -2.959288905411412
109 981 0.10016231031178574 0 0.0012946072415610849 8.246654556021449 10.702012851280662 -9.215820817957075 -7.719592268978718 0.4118059663750607 -2.9564080261466503
110 990 0.10419049241494842 0 0.001290788723017489 8.239671649712838 10.684831076631738 -9.342962772333685 -7.767662992207267 0.4088364444884069 -2.9688897294680254
111 999 0.09890535735899593 0 0.0012906986158850095 8.324722646829377 10.771950477175842 -9.31246035873822 -7.740073613785295 0.4101062017891939 -2.96293488956797
112 1008 0.09018725736066215 0 0.0012928569905704488 8.366805253169058 10.808887235793957 -9.29714754106035 -7.687553124748821 0.4079103233859044 -2.9651189707794137
113 1017 0.09206832693998301 0 0.001288530150477429 8.1567576651317 10.604205383991614 -9.060548341076505 -7.857849232266235 0.41104090092609724 -2.9636415972254264
114 1026 0.10006155378142263 0 0.0012894396332446814 8.095060072202472 10.527503952948889 -8.968907171394575 -7.931774210303432 0.40613546134035494 -2.9673674514308193
115 1035 0.09999794718582264 0 0.0012900337631389634 8.173085416187803 10.626397020620436 -9.065291863253057 -7.862334778448677 0.4115763272212926 -2.9655391424701354
116 1044 0.09877659130452206 0 0.001288322742400297 8.399315863305489 10.846382346318169 -9.180544791184515 -7.8461944389902785 0.4092281621371589 -2.963538115757476
117 1053 0.09904825377318 0 0.0012874276034295531 8.185365046618061 10.622951841435553 -8.949676382667063 -7.995106773126084 0.40647766508607774 -2.966474413222509
118 1062 0.09933394212596564 0 0.0012856611168539228 8.33088154971055 10.776473394441643 -9.012704261261565 -7.943621913446592 0.4095741861652214 -2.9642924177890806
119 1071 0.08797646854662076 0 0.0012869874914463188 8.20357398896543 10.644492647024679 -8.977382972247778 -7.955683025759912 0.4103693985080518 -2.963170025445777
120 1080 0.08623688987811574 0 0.0012847708422291854 8.389588371122045 10.83696185810699 -8.963906552790958 -7.997789123039099 0.41003176301961974 -2.964907472586914
121 1089 0.08315735411191265 0 0.0012845303061418253 8.248618165004293 10.692784158641429 -8.966075794877517 -8.039352366935736 0.41104310791082094 -2.965922382547319
122 1098 0.08754628730089967 0 0.0012838709121495914 8.304872901404101 10.74965745986237 -9.043760060725024 -8.100564678134237 0.4091313333685289 -2.9709828684384356
123 1107 0.08785040616403708 0 0.0012840410121278175 8.296459964437789 10.738184403115506 -8.974731886832222 -8.11963908761083 0.4082961403648861 -2.9703134115134286
124 1116 0.08306788734493839 0 0.0012836437078643454 8.185106104124886 10.62927079679281 -8.78039343474661 -8.17368498960365 0.410744493355537 -2.966058429912035
125 1125 0.07751174703919103 0 0.0012821858921288985 8.306800516963268 10.750385590196993 -8.924416162263382 -8.152841890533937 0.4109040379587185 -2.9685150572007584
126 1134 0.08094405968654514 0 0.0012812566134993131 8.362343867986429 10.803061354415094 -8.972408826147149 -8.223451422057076 0.40985262037113773 -2.969194681505601
127 1143 0.0843248945750522 0 0.0012802807588100868 8.375195034920688 10.821024162918517 -8.896069474441864 -8.2393924754626 0.4112070115238092 -2.967690116361995
128 1152 0.09035588206800446 0 0.0012799163586759785 8.465235729873726 10.906682866445522 -8.881011871871788 -8.360026989557252 0.41149681350811124 -2.969403789172796
129 1161 0.0999957086692416 0 0.0012785486784680437 8.393161763790642 10.833635428373686 -8.81305868316396 -8.459483240457006 0.4108709775937661 -2.971198684087466
130 1170 0.10669640533030653 0 0.0012774623917570032 8.376393770338092 10.8166092159157 -8.737968294095966 -8.53623523845784 0.4105025991979842 -2.96930852879692
131 1179 0.1157829148099973 0 0.0012776677642468203 8.540915884132131 10.984754839176174 -8.64367848537156 -8.632527975539835 0.41279806712785244 -2.965061299810263
132 1188 0.12489684779909381 0 0.0012750771683677177 8.578635668141528 11.031590824332586 -8.477370825081898 -8.750639494728262 0.41570811968064214 -2.9644751121815416
133 1197 0.12782018022928496 0 0.0012746720279506662 8.593489364823036 11.043062134384645 -8.61302730326267 -8.72247130930983 0.41290276320004815 -2.968781407379911
134 1206 0.13669947992025655 0 0.0012738588598761097 8.556718588256894 11.006089563414196 -8.319493357347719 -8.890495185312307 0.41527906179299706 -2.967992521593523
135 1215 0.1386443008452477 0 0.0012757749157610142 8.413441748236925 10.8607852165977 -8.5500841640427 -8.730772420368925 0.4121058709206829 -2.971107839227911
136 1224 0.12725455720620346 0 0.001273766501794503 8.58938170870408 11.04397684240581 -8.554148442673787 -8.801574377544283 0.41532009967122335 -2.969414425094954
137 1233 0.1138550222412005 0 0.0012735593566341342 8.63285777329165 11.083329516961074 -8.403971366614416 -8.882727700763676 0.41577058750502366 -2.9664674867000436
138 1242 0.12873451548726184 0 0.0012708077306057748 8.58822921963849 11.041110393023276 -8.183535066340728 -9.25099511997514 0.4181197486348899 -2.972837125339667
139 1251 0.14727567340192868 0 0.0012718007488056928 8.680303499708295 11.138334076566442 -8.279684070392827 -9.216030617489666 0.41985318198173227 -2.975585988272458
140 1260 0.1630943691754655 0 0.0012695012857360563 8.612241673878223 11.071127535779278 -8.14077164420288 -9.414870998997298 0.4207452589181604 -2.9726586380116204
141 1269 0.1533711866477952 0 0.0012715878681491583 8.543499831703361 10.992966254854888 -8.388922629086712 -9.088353102171977 0.4165672708954654 -2.9717216684436596
142 1278 0.14975356116102026 0 0.0012710167607021242 8.538776144000218 10.989468672526991 -8.16713373166033 -9.210540358431718 0.41976439815533495 -2.9702669603595853
143 1287 0.13519540999774324 0 0.0012696532665563969 8.571685963432857 11.02432376427857 -8.05709011694188 -9.472993276767964 0.4200920515510357 -2.972303877816401
144 1296 0.13314841160971985 0 0.0012696275938045656 8.526427242428099 10.984707605966337 -8.04844604846818 -9.43077645635443 0.4229726217686912 -2.9746033812251773
145 1305 0.13446914240328833 0 0.0012685284430890452 8.530706559401144 10.992258116559892 -7.796298883795446 -9.686939469298318 0.4260186579926965 -2.972733803406559
146 1314 0.12925422667709363 0 0.0012685369397897961 8.630406980939586 11.093110061479768 -7.859687802022418 -9.624242300250911 0.4271582612872203 -2.973279766132611
147 1323 0.1275816272695963 0 0.0012687420433027323 8.613478870540948 11.076020343096092 -7.758566115578218 -9.83773627373719 0.4282605223264747 -2.9778477737497364
148 1332 0.12284183139387177 0 0.001268402579140448 8.554066019145562 11.012114422295701 -7.776172483619419 -9.789864056170595 0.42655439185091526 -2.975413492164832
149 1341 0.12065956801270063 0 0.0012678923966422 8.566380105406889 11.02828942138596 -7.723049240398618 -9.936971198911563 0.42746905981035166 -2.973845553942018
150 1350 0.11664451238289811 0 0.0012677766223533444 8.64129756223096 11.104734852054927 -7.708965137835063 -9.94364096758579 0.42951078256550684 -2.9756028774257053
151 1359 0.09767626092869278 0 0.001268031480035685 8.611325246811866 11.073640325763213 -7.752052335369895 -9.870127944351855 0.42712235984657093 -2.973412824787238
152 1368 0.09396534221879575 0 0.0012678489844028102 8.577577377705945 11.038661122904486 -7.898203502231521 -9.784122157810275 0.42559645909563576 -2.974452394137917
153 1377 0.09704079480467108 0 0.0012676070944018865 8.520258262967603 10.98279493878964 -7.7552038284172164 -9.956528335999783 0.42844162126811747 -2.976251553488467
154 1386 0.10288267727218645 0 0.0012668837673179727 8.538481096148685 11.004136584294262 -7.693179920253458 -10.009370847015223 0.43079415292865375 -2.9731195531458643
155 1395 0.10126759715056519 0 0.0012669248623436054 8.556369555558069 11.022019579264958 -7.677539380115369 -9.996504339245178 0.4312955646548383 -2.973569261074603
156 1404 0.10141866846407802 0 0.0012667207080558456 8.560381124087414 11.026494192886206 -7.670077061674774 -10.126863363726468 0.4304445307515386 -2.974651559682843
157 1413 0.10642213377908087 0 0.0012668063128324707 8.59099425058776 11.058810989361069 -7.708578453334655 -10.12948944228226 0.4307424884760845 -2.975105211454118
158 1422 0.11337841989427969 0 0.0012668349329956646 8.575196971214009 11.04249506010957 -7.737721413168236 -10.175424506148506 0.4290643518277514 -2.9738352848133762
159 1431 0.1299553009176784 0 0.0012661082682725025 8.429699447636066 10.899508050179818 -7.648621692873731 -10.22908664718213 0.43227698186678076 -2.9731590021655765
160 1440 0.14633547886493628 0 0.0012663089702330702 8.444546370056377 10.919245585690337 -7.571165129877652 -10.375162748391844 0.435436698606804 -2.975863220301115
161 1449 0.14700010257268986 0 0.001266182814453494 8.40302310956895 10.875108093600517 -7.40519367064604 -10.536793789462095 0.43790559060725326 -2.976544421549991
162 1458 0.12442182020750912 0 0.0012662413933075991 8.5003700351167 10.970766467783866 -7.554317828198472 -10.44066368871106 0.43344470649207323 -2.9760437086859066
163 1467 0.12474347787949279 0 0.0012654819944958307 8.462114543837517 10.936649551631707 -7.488777429492382 -10.483893816799785 0.43713361600895584 -2.9747822394576167
164 1476 0.12122768888152954 0 0.0012658174790829142 8.381718694081938 10.855005282995059 -7.503543701940068 -10.40069510588068 0.43733984764127243 -2.974139307583834
165 1485 0.12026984456443195 0 0.0012658181382542207 8.42494797185457 10.893944288767308 -7.523917072096985 -10.279456459665955 0.4356371165053648 -2.973116568587062
166 1494 0.11302379384141865 0 0.0012652614779368142 8.482819905014619 10.956653858452292 -7.442942339632331 -10.470028057948797 0.43800227661227836 -2.9734411200776827
167 1503 0.12051262390839315 0 0.0012652806551035041 8.458316022803135 10.93166119442851 -7.41002307504329 -10.421052233404941 0.43926141595679524 -2.9721537236785847
168 1512 0.11919722802130235 0 0.001265676522052063 8.446768361415282 10.919365815287781 -7.448000658850387 -10.315595312252109 0.43813869172725317 -2.9747279395715056
169 1521 0.1110631859917223 0 0.0012658085260035781 8.542375118207156 11.0146165557251 -7.427203910523622 -10.533930993592664 0.4370958554115577 -2.97357113506607
170 1530 0.09523484432600299 0 0.0012656246954699311 8.429451621768195 10.903022528906396 -7.411598097334008 -10.489198885199631 0.43846251071735504 -2.974952633989256
171 1539 0.07835952900470708 0 0.0012652645829814573 8.490755010808527 10.96542237130188 -7.383848812873552 -10.440037505891128 0.4397524884980518 -2.9742433313353294
172 1548 0.08243345768124462 0 0.0012652052779008893 8.457844295146165 10.930917950115584 -7.415076996707742 -10.459908764446697 0.43933637852784074 -2.9733154441258436
173 1557 0.09335009160881871 0 0.0012648060334242038 8.48476424298261 10.958848588644658 -7.399303381624913 -10.506717098043808 0.44038563986815726 -2.973285381221823
174 1566 0.10356340552172562 0 0.0012650228144225552 8.465459586259598 10.940211373336862 -7.28287971400632 -10.666384027403241 0.44274728386875933 -2.9742419913544107
175 1575 0.0996991359938858 0 0.0012650590586382835 8.478527818742064 10.951984458811145 -7.325935645593606 -10.573122828942138 0.44109509000304425 -2.9727846594987843
176 1584 0.0941658789427638 0 0.0012649168402194132 8.494219294267772 10.968143430024195 -7.303269386716031 -10.639582473288202 0.4427405750913355 -2.9732922686640433
177 1593 0.0838049354888864 0 0.0012649801219622135 8.492703594574154 10.96590953699078 -7.328357984684685 -10.612362860729293 0.4416730688813036 -2.9725909938156456
178 1602 0.0741777317242046 0 0.001265027216147826 8.472429901291768 10.945386158759648 -7.370013550217757 -10.527807118695131 0.440344101142863 -2.9730650215389236
179 1611 0.0642419431170413 0 0.0012650132563315163 8.488195336629103 10.96102108798386 -7.358677194006521 -10.59077050983649 0.4404081798888637 -2.9733853787699673
180 1620 0.06136133488770849 0 0.0012649211771796837 8.48111192446671 10.954922950323933 -7.354866836674763 -10.617310288569419 0.44072599388775624 -2.972773673004771
181 1629 0.06204840445923942 0 0.001264770246750914 8.47965555233823 10.954449730679032 -7.332216428308602 -10.624531228376314 0.4423535320003255 -2.9726975351110725
182 1638 0.061410790093560264 0 0.0012648437097600666 8.481966436531817 10.95670964354468 -7.306140718476093 -10.668514206941488 0.4425446973083134 -2.973400541148464
183 1647 0.055998408971030464 0 0.0012649350054595762 8.514585503467014 10.98904350463538 -7.360243247619656 -10.545357198217602 0.44105565923286283 -2.9729986623716025
184 1656 0.054565442612157095 0 0.0012649395858370313 8.493500265645519 10.96802734888873 -7.347296361909329 -10.570029446899529 0.4414951550003344 -2.973614780377083
185 1665 0.05123650205676717 0 0.0012648907487712898 8.472570822908914 10.94659454666194 -7.322577977415068 -10.685821677702245 0.442449371020178 -2.9741078757431985
186 1674 0.04943191116832455 0 0.0012648175185900625 8.519606882751361 10.994312420689466 -7.3410450202700215 -10.653554831209693 0.44182781506052454 -2.9739531049312355
187 1683 0.045455022886292995 0 0.0012648213928848203 8.52196970094406 10.996785679670069 -7.299623111239698 -10.688620366852284 0.4427744865578712 -2.9739130754636665
188 1692 0.04714690915831395 0 0.001264769551052834 8.496001686056955 10.970606459693808 -7.289138619885542 -10.729658624050922 0.4428984282082929 -2.9734493300478833
189 1701 0.05229710936553511 0 0.001264751018404559 8.488636105128414 10.963254909611098 -7.3103925992704415 -10.709081728667984 0.4426728495786419 -2.9726968085075893
190 1710 0.06911498970500331 0 0.0012646475226711438 8.475360790978112 10.949844260262077 -7.303565798298813 -10.823802412409934 0.4430993876096025 -2.972818711420356
191 1719 0.0782965956788795 0 0.0012646911946635755 8.454069797283038 10.928659976606957 -7.305767519440074 -10.848840143851232 0.44314180658239405 -2.972959999315747
192 1728 0.07261484981953684 0 0.001264773567042822 8.488632261778623 10.963124676243366 -7.270600063296915 -10.778863386383508 0.4440943957069448 -2.9738078867072155
193 1737 0.07034726491036758 0 0.001264764471853644 8.475532809969666 10.950177435471142 -7.257629190472693 -10.80034299671594 0.4443851035749899 -2.972356491049341
194 1746 0.06734207252907382 0 0.0012647512610309514 8.497811799221713 10.972176369014058 -7.2702216237658694 -10.815784877256702 0.4436820082582187 -2.9726204257470545
195 1755 0.06246229936261965 0 0.0012647904989984567 8.469186997226432 10.94355296713141 -7.27597666710724 -10.891912209194754 0.4443779639200688 -2.9738890655699266
196 1764 0.0579116649382052 0 0.0012644965194574895 8.488383390277725 10.962339908799148 -7.259455666716523 -10.877537769420767 0.4441737051530937 -2.973315980300514
197 1773 0.06291765292016026 0 0.0012647577268226954 8.494747048185735 10.969569481404532 -7.223168790430627 -10.967091621734912 0.4453167372464429 -2.9723640547370414
198 1782 0.0636099154038841 0 0.0012646539937251824 8.487323402900204 10.961937744202897 -7.248696291279763 -10.94823376068689 0.4445148079302194 -2.972563604166998
199 1791 0.05765324353748619 0 0.0012646324317211602 8.502767275682489 10.977459952961064 -7.234327414346862 -10.973420746878242 0.44511090396629494 -2.9726432851386972
200 1800 0.06309297101324864 0 0.0012646449632523161 8.481909335373071 10.95671380337554 -7.270782153539477 -10.99427694580589 0.4442803236439853 -2.971863788205649
201 1809 0.06414462772273437 0 0.0012646034897802832 8.486706257220352 10.961485706276958 -7.248177630155013 -11.061615360170919 0.44488204951085053 -2.9722043378914975
202 1818 0.05943383888729492 0 0.001264618358404178 8.491911725471011 10.966603951025576 -7.267005368427938 -10.964710385905335 0.44429764466121985 -2.9725689833932023
203 1827 0.05347076657687089 0 0.0012646636614761855 8.468512966795728 10.942854915012997 -7.290004644485712 -10.915741046542855 0.443822255659971 -2.9725132565928836
204 1836 0.05712139650794642 0 0.0012645133722112404 8.480104316822283 10.954904766208246 -7.30491561805527 -10.902615857458338 0.4432367442880292 -2.97209713989461
205 1845 0.06848401221103556 0 0.0012645473728719904 8.48947782955321 10.964294391619035 -7.302386116268231 -10.88699035629401 0.4428105768626239 -2.9722474041147464
206 1854 0.06700046760607042 0 0.0012645147139661197 8.495858377781262 10.970360230318134 -7.2878811462963835 -10.95873468491745 0.4431329819997472 -2.973005089353316
207 1863 0.06786637111588976 0 0.0012645135520618102 8.501567091269411 10.975885660944884 -7.305230122810557 -10.927637459883949 0.4426002578036316 -2.9725730810975306
208 1872 0.06924949195036532 0 0.001264541259456295 8.511035140347897 10.985720217346653 -7.271298931944306 -10.998497307851371 0.44363434061874635 -2.9731233111793327
209 1881 0.06123197163023282 0 0.0012644577082092578 8.50234423421684 10.977067443275265 -7.310145526927209 -10.951058584279625 0.4428723112687749 -2.9725467327361135
210 1890 0.06460162941817203 0 0.001264518094948882 8.491844356420826 10.966630621999748 -7.295096681742614 -10.970408858090954 0.44299789454332406 -2.9736172975128112
211 1899 0.07444428755973202 0 0.0012643498231567076 8.477998330056868 10.95240334400209 -7.301160857523586 -10.996689277246503 0.44281014633493354 -2.9740341657591314
212 1908 0.07161232164331323 0 0.0012644720647536464 8.475009729920705 10.949257506429998 -7.339100973801716 -10.916144394187175 0.4416305592248023 -2.9735216092910415
213 1917 0.07586500186124708 0 0.0012644309449788373 8.476834942886702 10.951179836281487 -7.3683747395170895 -10.998013117354548 0.4411736844871263 -2.973578719097618
214 1926 0.07246134585253033 0 0.0012643879712295352 8.469074823858604 10.943377276188912 -7.309829076446714 -11.081167013002375 0.4429898603419476 -2.973013753276042
215 1935 0.08263587474291864 0 0.0012642943312163593 8.506172977163267 10.980876370804168 -7.299463826004795 -11.13408449089552 0.44298581177533897 -2.9732474893926986
216 1944 0.09658005893962314 0 0.0012642721336984341 8.467146189585849 10.941668686499595 -7.29316289860856 -11.290907689644536 0.44353666614458487 -2.973383643612124
217 1953 0.10255507421243244 0 0.0012642551939542788 8.491241364694048 10.965772399180672 -7.32457721026796 -11.178381299733854 0.4423199485231951 -2.9736770572161784
218 1962 0.09944527250814722 0 0.0012642083349260107 8.50672701461776 10.981500117733745 -7.312531689805025 -11.224149408364148 0.4425476337900635 -2.973920222528243
219 1971 0.09961885872265604 0 0.00126424286413369 8.474664803358147 10.948504532403 -7.358932777810492 -11.167904117718324 0.44111638356589344 -2.9740533411513415
220 1980 0.1026135983206724 0 0.0012642023243359854 8.471733271501886 10.945899549740249 -7.316527590025947 -11.367786044884124 0.44238004905882367 -2.974239553138644
221 1989 0.10512713271528626 0 0.0012640908387160565 8.467632756665438 10.941815440170343 -7.345247530781037 -11.312148034116824 0.44145825241826087 -2.973004425020661
222 1998 0.10545211996315011 0 0.0012641622858562554 8.471628587868256 10.946038769786544 -7.3017252188608905 -11.441174319588203 0.4428165567787541 -2.972061233817788
223 2007 0.09430293804695065 0 0.0012640909228061137 8.473551509096133 10.948172347661398 -7.312369337832358 -11.391992678402627 0.4428126819998512 -2.9733150330565574
224 2016 0.0856162510217132 0 0.001264163860381657 8.463896803206726 10.93793022948386 -7.3192771688561775 -11.389189186953361 0.44203009556003975 -2.9735622721622637
225 2025 0.08815120443405257 0 0.001263906524076988 8.479712787241445 10.954308757218868 -7.294921400931039 -11.570206399755596 0.44277970583216386 -2.973697866552856
226 2034 0.08792918833881298 0 0.0012640827737151535 8.503067515174623 10.97771167606186 -7.322692167566187 -11.46927532776551 0.442272138705843 -2.974653837463691
227 2043 0.07875161384896955 0 0.0012640343936784772 8.482127015547702 10.956451558200559 -7.316023746387989 -11.497962062075906 0.44232927397840194 -2.973441675272256
228 2052 0.08486947856861797 0 0.001263964733176466 8.477259845778075 10.951685245618297 -7.359647886860799 -11.506475639897914 0.44105126278291734 -2.973830140949619
229 2061 0.08241968907484108 0 0.0012638818600377712 8.47859412705534 10.952958775212142 -7.342423227232397 -11.581059468391594 0.44149548551078044 -2.9742892805224708
230 2070 0.08755526383398285 0 0.0012639266709599905 8.486345049208772 10.960916083593542 -7.328370668090003 -11.705488488450893 0.4420963036613532 -2.973808383320438
231 2079 0.10340166848627737 0 0.0012638659588757493 8.482382629637936 10.956833714371722 -7.3308188604970015 -11.929958377448756 0.4419018914484769 -2.973412745271561
232 2088 0.1231982687986286 0 0.001263770984392001 8.497114342467322 10.971701151267165 -7.346237292432365 -11.96442017574582 0.44126300330041657 -2.973669781665529
233 2097 0.1591721864931557 0 0.0012637539106935694 8.489472917086562 10.963859834816072 -7.358043255700775 -12.30333223486655 0.4406868088889286 -2.9740753314439483
234 2106 0.18566605537237382 0 0.0012637428420806342 8.513411416596856 10.987509331748441 -7.345167617277849 -12.36979796660905 0.44146121832005125 -2.972264023300316
235 2115 0.1960744819388264 0 0.001263674278708197 8.46211067458424 10.935736731921368 -7.411990388720199 -12.681668056322657 0.43936046125378686 -2.97321291262379
236 2124 0.19266160585455003 0 0.0012635276378485385 8.524001005095275 10.998565046278676 -7.3408311835354665 -12.513684211448266 0.44215402688365046 -2.9739417357675184
237 2133 0.16775960784281221 0 0.0012636112749259997 8.50281508338459 10.977428298574592 -7.339350839698351 -12.632006017737446 0.4418295982862814 -2.9733643040075535
238 2142 0.161885634605366 0 0.001263723899110364 8.518049622545725 10.99235709952663 -7.342749475709626 -12.556659216669884 0.44153846548889847 -2.974525460515442
239 2151 0.16017655969285088 0 0.0012636795056014524 8.521045076656296 10.99489599422262 -7.385785685230559 -12.68319445106828 0.4402103162993259 -2.9742622712931137
240 2160 0.13988250701185026 0 0.001263670259837606 8.495449199614018 10.969136705177233 -7.353253955139185 -12.494625151889329 0.4408183773299784 -2.9740476248005416
241 2169 0.13109261408064174 0 0.0012636138817085532 8.503093159690428 10.976979443452521 -7.3415423290988935 -12.927498700890165 0.44143156653366444 -2.973849414709118
242 2178 0.1319742190717019 0 0.0012635268749880255 8.473889085118458 10.947754669763027 -7.3752067044601874 -12.951453907271164 0.4404197711827807 -2.973774295023272
243 2187 0.12874611652003287 0 0.001263515422160552 8.508249760225434 10.982073538440499 -7.356623486287535 -13.104523315750455 0.4410928756462912 -2.974716131235237
244 2196 0.13136509385923625 0 0.0012635658057027531 8.476402968081027 10.949925644898475 -7.371641763410513 -13.039251739964467 0.4405475539134448 -2.973142991287036
245 2205 0.14799920486196436 0 0.0012635392078100406 8.48014701997734 10.953466918144704 -7.409677961590176 -13.79440159134094 0.4396402377809829 -2.9740681097688038
246 2214 0.14497715724415464 0 0.0012635242196231892 8.485814948218406 10.959428708453492 -7.374928635964496 -13.537359259528346 0.44037274791624337 -2.9739944265738223
247 2223 0.14541183408472885 0 0.001263515536584814 8.50637162559224 10.980169861775648 -7.390164177880499 -13.769872531931815 0.4399756731115912 -2.9733300908587625
248 2232 0.16329697606651253 0 0.0012634755961410077 8.514437255873743 10.988520652598103 -7.376148889234366 -14.338913583276646 0.440313671016179 -2.9732694408520013
249 2241 0.1582235432145972 0 0.001263502453273301 8.515312864662878 10.989608128208499 -7.3797112151572035 -13.97487238443349 0.4405309803214702 -2.974014852645237
250 2250 0.13870028065750328 0 0.0012634991148003068 8.50231760221093 10.975952606673255 -7.404145636891341 -13.889263811275281 0.4395245231104801 -2.9731886605532596
251 2259 0.1394672135951464 0 0.0012634800818965687 8.509063522889424 10.983436554872528 -7.352150937432424 -14.26545471918284 0.4409711403140611 -2.973775267299591
252 2268 0.13584212829410092 0 0.001263492621518152 8.514366209425937 10.988433390186543 -7.341091545768752 -14.25314122764037 0.44135312699036566 -2.9739628861975422
253 2277 0.10838072895555304 0 0.0012634614028955611 8.510741377181239 10.984589697664163 -7.371006483352619 -14.213312148923135 0.4404406517616011 -2.9735007161832345
254 2286 0.10178866451010186 0 0.0012634680721165005 8.495646410539628 10.969394701666205 -7.396310992239648 -14.328083350476126 0.43987547046635944 -2.9733235773100586
255 2295 0.09123939242649035 0 0.0012634615107256927 8.513687197708693 10.987748571831833 -7.374746191496956 -14.087642978765302 0.44062956373972845 -2.973557092661708
256 2304 0.08167790891867212 0 0.00126345835370072 8.50596690548052 10.980243224425735 -7.373762372579641 -14.117333924961628 0.44077796174375566 -2.9736836885553974
257 2313 0.0727701907725038 0 0.0012634473126173311 8.501982105443142 10.975923092640103 -7.378595448340636 -14.06437763732841 0.4403520550735654 -2.973650155695614
258 2322 0.0820464477073343 0 0.0012634494384878244 8.497298155980651 10.97174814205373 -7.3630460616818905 -14.075856302046635 0.4408624872427788 -2.973973084654856
259 2331 0.06768498075608234 0 0.001263441771054745 8.503236329599103 10.977231688537495 -7.3912257397346295 -14.155834115714406 0.44001943801111487 -2.973459793708092
260 2340 0.06486597440519076 0 0.0012634497405566577 8.510777297097867 10.985348236115303 -7.363332187332221 -14.256692784536014 0.44090771398443535 -2.9737589678761185
261 2349 0.062484230146840285 0 0.0012632429583604647 8.51388237370539 10.98835706580143 -7.349429305748354 -14.218163143784347 0.44130948172535844 -2.9737722572585814
262 2358 0.060393240970608705 0 0.001263462303559697 8.506587287560482 10.980808874122133 -7.363109663219038 -14.100318768372155 0.440949367523529 -2.9735251827063642
263 2367 0.05862971163664891 0 0.00126343805353132 8.518932891966005 10.993578105993736 -7.348553261899215 -14.16499846810805 0.44146994287231384 -2.973585296080647
264 2376 0.05639243099401531 0 0.0012634301174486912 8.509623204152117 10.98395118964647 -7.361934297435441 -14.003208982530037 0.4409666565286177 -2.9733744966966538
265 2385 0.059418524971192335 0 0.001263457052264883 8.512921509906889 10.987450665777944 -7.353891532927964 -14.34153968591229 0.4411790143840076 -2.973286203263087
266 2394 0.05699371061489778 0 0.001263434990661695 8.50715763986688 10.981526800493507 -7.348442340380134 -14.170716784993909 0.4413687667983634 -2.973404532488275
267 2403 0.0524007967459054 0 0.0012634163235186332 8.509401316111349 10.983623845541382 -7.357444613830773 -14.210987791719278 0.44102957304490376 -2.973234035645403
268 2412 0.04663625741295952 0 0.0012634421607294255 8.512017940199348 10.986453819384984 -7.358239009925575 -14.229027527972828 0.4410803167933867 -2.9735449655588333
269 2421 0.04269958664528013 0 0.0012634616747106045 8.5062134772602 10.980512665419045 -7.35985096658439 -14.054368558302754 0.4409992953009966 -2.973425498759561
270 2430 0.03768910247425167 0 0.0012634291675106106 8.509725476889527 10.984254409976273 -7.352221045566694 -14.305726351849854 0.441245680033046 -2.973252705207506
271 2439 0.03664906263906677 0 0.0012634514893968267 8.51041891747393 10.98480720163009 -7.360973977250605 -14.069818020496259 0.44110135567361203 -2.9731808328418055
272 2448 0.03800792757734269 0 0.0012634640952852035 8.50691105847553 10.98125836931674 -7.359409445198983 -14.03234994428564 0.4410672273683988 -2.9731153643058468
273 2457 0.037742431786494175 0 0.0012634392875194315 8.505567886355943 10.979917558633462 -7.359341610038885 -13.93578852492324 0.44105998579402106 -2.9732726377819696
274 2466 0.03592148974744939 0 0.0012634482177410653 8.507275641611008 10.981546210438664 -7.362678051196273 -13.982349014778299 0.44099286896901324 -2.973281427546763
275 2475 0.03410984231443696 0 0.001263444706779099 8.507467558388539 10.98183680202217 -7.357431294790285 -13.983056407427945 0.4411983780141116 -2.9733428164714972
276 2484 0.030354114850615503 0 0.0012634619966720869 8.505042076810218 10.979317075532208 -7.36288088674311 -14.010202597957905 0.4409606272461696 -2.973399851303198
277 2493 0.030504990004419266 0 0.00126343659168464 8.504944173648179 10.979299282511725 -7.361347424650852 -14.03935077445482 0.44104025156593535 -2.9732007464122785
278 2502 0.02804080390847766 0 0.001263438993883191 8.507238249822 10.98160893998185 -7.361791535441103 -14.020605879420714 0.44108749309390904 -2.9733475843106785
279 2511 0.03350124328785823 0 0.001263453155443525 8.505075108056998 10.979447030056514 -7.364488526480973 -14.024431773281139 0.4410188230051591 -2.973442921958596
280 2520 0.038204154796776225 0 0.0012633625283607044 8.507641554283804 10.982122225271581 -7.358225904535879 -14.131029041787375 0.4411878743836986 -2.9733472424179155
281 2529 0.04338875072656821 0 0.0012634284677589954 8.506109244026348 10.980591735372562 -7.362954508600285 -14.123929231107793 0.44106454793476335 -2.9734004189034007
282 2538 0.044690432453709975 0 0.001263442619793232 8.504045285072989 10.978609613208771 -7.366387482619 -14.075786112395027 0.4410089116710651 -2.973310541140486
283 2547 0.0480157343738283 0 0.0012634213147814635 8.505843715365048 10.98039748494579 -7.363612603905759 -14.129544455770015 0.44101763378746367 -2.9734515839659554
284 2556 0.04898285810358457 0 0.0012634256308485668 8.507047172833687 10.981694517804339 -7.350545025804782 -14.116380321546806 0.44135148269536634 -2.9731561571070717
285 2565 0.04450629914468075 0 0.0012634052915423792 8.506236985933462 10.980838908438574 -7.362185429185477 -14.051307654621395 0.4410764404854423 -2.973200701742981
286 2574 0.039808942121848455 0 0.0012634234229679513 8.507551989996639 10.982177551395191 -7.363608662971424 -14.184425528904885 0.44105035877561866 -2.9731455141437184
287 2583 0.03796483316099031 0 0.0012633896852026652 8.504308941169906 10.978866305861352 -7.366554099689618 -14.152652428989915 0.44094963155474143 -2.973403752155155
288 2592 0.03590857810039502 0 0.0012634163751305651 8.504018149835499 10.978622429710846 -7.365163354189547 -14.164429273169723 0.44095164622655564 -2.973283742539526
289 2601 0.03051669586686027 0 0.0012634331880397695 8.506576351322712 10.981115080436549 -7.36173038870859 -14.131208820256568 0.4410899388495787 -2.9732541910444095
290 2610 0.031134354312921428 0 0.0012634294364030243 8.507867949180747 10.982436588096695 -7.358080080194995 -14.262118495107948 0.44117455749929363 -2.9731741307862545
291 2619 0.033136558567656856 0 0.00126343281028789 8.508164062791169 10.982649222027932 -7.364915351789198 -14.12670721840945 0.44107945954123595 -2.9733258165241203
292 2628 0.03267442697326635 0 0.0012634184828901154 8.509411649870659 10.984079259993118 -7.359319491176558 -14.269693386197137 0.4411974075376992 -2.9732860192881194
293 2637 0.03300174052058033 0 0.0012634287708838485 8.510512792310518 10.985215531389855 -7.360435191137748 -14.26167336188293 0.44121999923198807 -2.9733065581327405
294 2646 0.03379896650007257 0 0.001263364226259744 8.511129753045735 10.985692259576316 -7.366320693073166 -14.24266594950102 0.44102966265712423 -2.973276666809815
295 2655 0.028431900225276804 0 0.00126341898801812 8.507086339868739 10.981711975141389 -7.357671473297209 -14.184970966944764 0.4411863510368681 -2.9732094942620737
296 2664 0.02636204573569529 0 0.0012634183348840934 8.508127866962134 10.982752409837207 -7.362193011485827 -14.276257071277819 0.44110884784897 -2.9733939303132364
297 2673 0.02638847489088458 0 0.0012634170535117813 8.507956919195834 10.982548178992818 -7.35920464124115 -14.305144602545758 0.44114199694395734 -2.9732555060040236
298 2682 0.02783717277723206 0 0.0012634147370260116 8.506433736017769 10.981108458720286 -7.357172857339007 -14.213647645975955 0.44123300682255556 -2.97318592202919
299 2691 0.02706941689430962 0 0.0012634142148669667 8.507250915731781 10.981874015438045 -7.358646660891831 -14.30506509412314 0.4411497084639048 -2.973172312285124
300 2700 0.024442927632141457 0 0.0012634170387515104 8.507301462793778 10.9819730375546 -7.356156104796106 -14.22743015878836 0.4412283628266215 -2.9732003418613506
301 2709 0.022814673243170606 0 0.0012634372356389828 8.507413156025873 10.982082265338459 -7.356847777907692 -14.23622769535656 0.44121813194470044 -2.973247972850275
302 2718 0.021774387589767588 0 0.0012634141555975713 8.506283756269768 10.980919463073972 -7.3603602927101015 -14.28247079231962 0.4410983327996813 -2.9731792916648874
303 2727 0.021902828387562107 0 0.0012633253530873142 8.50726066218525 10.981953081192419 -7.3573659012012795 -14.21423126051756 0.4412027388463878 -2.973238041428666
304 2736 0.02130194537608098 0 0.0012633738710614534 8.506497101855173 10.981140138857244 -7.35914287814397 -14.187366153035748 0.4411513442920882 -2.973242343549804
305 2745 0.019718249454282133 0 0.001263417793211174 8.506884810522543 10.981511975968642 -7.363870692639916 -14.224722952622784 0.4410426267688296 -2.9732913877645593
306 2754 0.02070039498404405 0 0.0012634381464447703 8.507393809880279 10.982103702796627 -7.356967565743368 -14.281727807027362 0.44119567871096244 -2.973243609630079
307 2763 0.02158389979195585 0 0.0012634340154112932 8.505990442370045 10.980682684593742 -7.361468493567432 -14.285402907878746 0.44109478278000347 -2.9732964097861103
308 2772 0.023567321404991366 0 0.0012634106111985611 8.504312739400785 10.978953785551619 -7.361278942190322 -14.243068530416297 0.4410730787066763 -2.973235914788401
309 2781 0.021638403251296522 0 0.0012634177745160975 8.50827697608339 10.982982934764749 -7.355556634815755 -14.291041481230698 0.4412680903082035 -2.9732578497725197
310 2790 0.021385620815466393 0 0.0012633904584825474 8.507116186204236 10.981835520177132 -7.358580885899207 -14.335371818793629 0.44118456396082745 -2.973218778365998
311 2799 0.02112606639008525 0 0.0012634315151744634 8.506768841453438 10.98150025128007 -7.3584554341209865 -14.298021250590367 0.44118435538624745 -2.9732949415089944
312 2808 0.019988864262649918 0 0.0012633562971773966 8.50730978112311 10.982008524133473 -7.358283944152722 -14.291574470730206 0.44119230588365316 -2.973308179514812
313 2817 0.01781752614330144 0 0.001263428192219465 8.506291766757805 10.981021890424085 -7.358954410345366 -14.313643459246295 0.4411842389650433 -2.9732936274004116
314 2826 0.017278489210417775 0 0.001263410645310535 8.50647880446443 10.981207039265076 -7.354542585476804 -14.340972335068269 0.4413135684149021 -2.9732823849274888
315 2835 0.019208935001118817 0 0.0012634174040897863 8.506834792762984 10.981521078072205 -7.357118566740346 -14.318695836323494 0.44123440235318545 -2.9732612471273
316 2844 0.022224707838170217 0 0.001263412908401553 8.505292401241416 10.979964624758622 -7.354123451513199 -14.320946785934176 0.4412885143274811 -2.973267521471578
317 2853 0.02433829571517058 0 0.0012634147263911495 8.506662582522962 10.981327517877386 -7.353840015879384 -14.34112522336917 0.44129491345636196 -2.973268828795489
318 2862 0.023041292928089555 0 0.0012634094694247658 8.505317760335126 10.980022012368034 -7.354683216071871 -14.35161807563208 0.44128424482551437 -2.9732810150324207
319 2871 0.025713613642084496 0 0.0012634045711048718 8.504482614091973 10.979211626469151 -7.3506858294149975 -14.410775207128967 0.4413979307877392 -2.973334007157293
320 2880 0.030708600967463553 0 0.0012634020974828697 8.504472090449235 10.979236246263515 -7.349449684928027 -14.425784419078951 0.4414366053707605 -2.973391338275888
321 2889 0.03299043130261557 0 0.0012634076286401447 8.504139477788057 10.97882879348981 -7.348616589932936 -14.41378436386601 0.4414415734551634 -2.9733943001134744
322 2898 0.03353716182172293 0 0.001263403118794103 8.505631397237446 10.98033201309618 -7.351480062857481 -14.435794683200852 0.44139936838237187 -2.9733636792730715
323 2907 0.035407200610591334 0 0.0012633944389487009 8.504352403958386 10.97917079177022 -7.348995400450937 -14.551624335487631 0.44145985625433826 -2.973486643680871
324 2916 0.032876907381266564 0 0.0012634050199004615 8.504834657713568 10.979511947688415 -7.351330231561872 -14.406495274982435 0.4413777932546022 -2.973372915039511
325 2925 0.03228648653297333 0 0.001263394811914723 8.50259689392742 10.977392747565679 -7.350111191784553 -14.543790691492452 0.4414268973501515 -2.9734289214852887
326 2934 0.031932163456934885 0 0.0012634114682178303 8.50300217306315 10.977809850122359 -7.3463330591941 -14.565158477485625 0.44153818437233494 -2.973484759209655
327 2943 0.03166388078993226 0 0.0012634003712298568 8.502228138577387 10.97693813138239 -7.34539698810258 -14.542354841034339 0.44156902367522327 -2.97342721163809
328 2952 0.028856945079386208 0 0.0012634144007205134 8.502362920248668 10.977158531800873 -7.345987787878925 -14.534455661387153 0.44150494100825793 -2.97343464672625
329 2961 0.02662526291213708 0 0.0012634191693106252 8.503010689264682 10.977744785940002 -7.3465233998074195 -14.528005151049747 0.4415041144379843 -2.973398004786805
330 2970 0.02670433246967837 0 0.0012632965253470017 8.50219761060701 10.97689186319815 -7.346882871936598 -14.467057039913314 0.44148549733999826 -2.9734300525906425
331 2979 0.027160923896127318 0 0.001263399627884432 8.503880513025807 10.978584024474614 -7.344997295845315 -14.53995688386993 0.44155486310569003 -2.973400402965873
332 2988 0.024706391953849896 0 0.0012634215574261586 8.503156911802376 10.977907208996783 -7.3478142347268935 -14.524704430405762 0.44149141899092254 -2.9734728019716496
333 2997 0.026533169722023513 0 0.001263396034288428 8.505010641101727 10.979741614177474 -7.349162634351987 -14.542445066683484 0.4414684219941081 -2.9734192086125595
334 3006 0.02587151306948216 0 0.0012633899276659037 8.503447442339752 10.978231213030805 -7.346892628922138 -14.569907951708862 0.4415283720313122 -2.973516969873469
335 3015 0.021540725548403354 0 0.001263395829033113 8.503006054932818 10.977785745938563 -7.348811801106853 -14.52309707491834 0.4414693290402546 -2.973460230061646
336 3024 0.018785467504123608 0 0.0012633990803697218 8.50363848438631 10.978381680162906 -7.348280833116186 -14.549183587356968 0.44148254227148953 -2.9734569784704483
337 3033 0.017840564642460182 0 0.0012634123756145221 8.502893993151558 10.977657373701462 -7.348638412039511 -14.543249460419363 0.44148883250879045 -2.973514596692576
338 3042 0.015426210629934288 0 0.0012633967040944208 8.502962353759328 10.977715971115439 -7.347293224530076 -14.5395223828945 0.4415158165138111 -2.9734822615492913
339 3051 0.016579000765495924 0 0.0012633924596494445 8.50253324452661 10.97727848830534 -7.345633846876222 -14.551467426624736 0.4415404482983392 -2.9734617399768837
340 3060 0.01842435761923149 0 0.0012633963671918255 8.502500342347679 10.9772695530004 -7.343919808705088 -14.538514438476714 0.44158271675551136 -2.9734295371828283
341 3069 0.02141411822524379 0 0.0012633885947084555 8.500724465436525 10.975513165760594 -7.346244995123355 -14.531183036958838 0.4415359860649722 -2.9735109850587724
342 3078 0.020353835163122336 0 0.001263412899799752 8.502917900089635 10.977692497279307 -7.349261295354465 -14.558772682118454 0.4414732198503485 -2.9735170544901393
343 3087 0.022213033362081924 0 0.0012634088516620314 8.501964221040993 10.97676977571793 -7.350128599341406 -14.538779249321326 0.44146553704305 -2.9735375039362455
344 3096 0.02442617055302573 0 0.0012633973779468616 8.501278699399226 10.976082721465373 -7.350248718061791 -14.53872946537826 0.44144327060508126 -2.9734934408819296
345 3105 0.023272115355986608 0 0.0012633900049293916 8.50157980518329 10.976364804250139 -7.349702223795382 -14.552958858627507 0.44145551815507095 -2.9734848846642565
346 3114 0.021960314912332794 0 0.001263393296035697 8.50225618558207 10.977004517465675 -7.35006578978955 -14.502195175859406 0.44143811255602217 -2.9734767464476213
347 3123 0.021385289681141968 0 0.0012634070923426717 8.499696264563514 10.974505553012818 -7.348935714999345 -14.566687403641483 0.44149519215994754 -2.9735752408863547
348 3132 0.020664267452676188 0 0.001263285839873396 8.500946576370087 10.975729059487142 -7.348908053263026 -14.540102759973617 0.4414872993416048 -2.9735596844095067
349 3141 0.018884682135880404 0 0.0012633905054092586 8.500790255630402 10.97557126158264 -7.34772877429675 -14.538473546863747 0.44152693521827296 -2.973553565084939
350 3150 0.01793370487107419 0 0.0012634098613620985 8.501174281206518 10.975955658705129 -7.346519870150644 -14.524388980888322 0.4415420368728817 -2.97350415214551
351 3159 0.016454457861175775 0 0.0012633940136429107 8.502571288855124 10.977332180078172 -7.3466847217895745 -14.542857781766596 0.4415314956839835 -2.973494928820134
352 3168 0.016109023444239513 0 0.001263414292355574 8.501639378121721 10.976401035086539 -7.348988011084114 -14.532285082975696 0.44148223181009844 -2.9735195316003735
353 3177 0.015819499150995002 0 0.001263390685524398 8.502468029683795 10.977226884953568 -7.3477226599893575 -14.543468811491957 0.44152433149257825 -2.973497277486204
354 3186 0.014426577702379133 0 0.0012633941918313342 8.502684751510209 10.977451607921411 -7.348428575631549 -14.527209996539815 0.44149365936434065 -2.9735026475769564
355 3195 0.014365283583126115 0 0.0012634117534050197 8.501597029081237 10.976368334271593 -7.348824059065998 -14.517554588511173 0.44149437069240793 -2.9735232056508196
356 3204 0.016459868050934728 0 0.0012633008596157776 8.501335028760284 10.9761264130619 -7.3493554825871525 -14.526359474632425 0.4414929641250513 -2.973545339436108
357 3213 0.015512348522973698 0 0.0012634142131482755 8.502221985627516 10.976996946718536 -7.348576973446464 -14.547467364861847 0.44151136301400107 -2.9735252539593384
358 3222 0.014976039413618261 0 0.001263373373367871 8.501361560191906 10.976144039427663 -7.349634678280828 -14.517560835701865 0.44148791024016676 -2.973539461292015
359 3231 0.014817538245236562 0 0.001263388933131588 8.50041446689407 10.975219014647871 -7.34789424400893 -14.53363528047857 0.441535922134463 -2.9735577921376084
360 3240 0.015113640006222761 0 0.0012634094479635437 8.501053435438742 10.975863689453082 -7.3490066203063416 -14.536512755065408 0.44152242541664116 -2.973571825925192
361 3249 0.016158832170019243 0 0.001263410681884352 8.500251510130433 10.97505171839303 -7.347191574625881 -14.535768752850785 0.44155285782920534 -2.973574518494134
362 3258 0.015896180192212946 0 0.0012633914781714304 8.50059611176625 10.975414828259604 -7.3491666030965215 -14.551321661476788 0.441518373764604 -2.9735922612846846
363 3267 0.01647983805265752 0 0.0012634105337064592 8.50037465363568 10.975162748704392 -7.348183423232023 -14.534942862892777 0.44153631755743183 -2.97359547977491
364 3276 0.016535369745426062 0 0.0012633870543852562 8.500108383760027 10.974900464562944 -7.3471759816843925 -14.532838141641367 0.4415626565004431 -2.97359621255182
365 3285 0.017185487512493183 0 0.001263343833947881 8.500320456162939 10.975117615589673 -7.34964723731948 -14.531416121664211 0.44150613581763015 -2.973615488080207
366 3294 0.017236517350108817 0 0.0012634066264323796 8.499277542289038 10.974081781956558 -7.348968489528498 -14.525715584569559 0.4415303411907238 -2.973636486430911
367 3303 0.015341812164503324 0 0.0012633860859254773 8.499404900867322 10.974205352168047 -7.348150463689143 -14.497552280067552 0.44153035903858734 -2.973582483419228
368 3312 0.014310810229819245 0 0.0012633911573234446 8.499408514642033 10.974203505767614 -7.348765759219276 -14.52762465261884 0.4415264804002394 -2.973618754577128
369 3321 0.011718668493780834 0 0.0012634068192481566 8.499499353219843 10.97431368297163 -7.349023535534427 -14.532767137761443 0.4415259744580298 -2.973617566923402
370 3330 0.011620764994492985 0 0.001263407366624978 8.499378974528502 10.974179784525928 -7.348172071099767 -14.527655520157753 0.4415309592310104 -2.973599309213249
371 3339 0.011449300772011868 0 0.0012633864554874184 8.498312129628536 10.97312825140014 -7.348138043625831 -14.522375327358391 0.4415372082385634 -2.973624755133936
372 3348 0.012777415700391578 0 0.0012634086905914162 8.49968574420285 10.97449163771634 -7.348069224200815 -14.527146948866141 0.4415296970526971 -2.973594571943461
373 3357 0.012320634968343467 0 0.0012633906667559665 8.499075637367794 10.97388687565928 -7.348115514979966 -14.529763959168742 0.44153811114310293 -2.973611041111779
374 3366 0.012106639774316539 0 0.0012633895095867142 8.498196769010503 10.973021521997687 -7.3475863208291745 -14.51550470753654 0.44154386148187813 -2.9736183816352217
375 3375 0.011128511683718064 0 0.0012633924721731163 8.4990551263442 10.973864252435996 -7.34791872280223 -14.515788594375211 0.4415375934214778 -2.973597118445299
376 3384 0.009790217875461681 0 0.001263386491399847 8.499146881526263 10.973956255900637 -7.348331759978964 -14.531824121290724 0.44153450964204993 -2.973613796312481
377 3393 0.009081271560544517 0 0.0012633865342217816 8.499005239100667 10.973808989908626 -7.347548583347115 -14.52231447016076 0.4415450500745603 -2.973596694842143
378 3402 0.008736086809276426 0 0.001263390870265722 8.49892739562847 10.973734342510982 -7.3468576273176 -14.522293095798595 0.4415593764052934 -2.9735954854275333
379 3411 0.008546179792602715 0 0.0012633871675230032 8.499329816672114 10.974126767681947 -7.347537197794539 -14.523748023397957 0.44154759831291795 -2.9735970289633307
380 3420 0.008167012660768972 0 0.0012633888630210243 8.499392051834203 10.974191893130362 -7.347237975358057 -14.531912970960859 0.44155914626455195 -2.973598686888652
381 3429 0.007447489754340804 0 0.0012634094729640005 8.499600525110388 10.974401909683253 -7.347412527415687 -14.530004842662537 0.4415525577937292 -2.9735994486326534
382 3438 0.006344326161618366 0 0.0012633844855731145 8.49933685367174 10.974139632641988 -7.347271326215771 -14.530518389210368 0.4415530875798476 -2.9735997136994468
383 3447 0.00599822466162381 0 0.0012632650731166013 8.499145468699373 10.973947972732985 -7.3466873696785635 -14.521560978712472 0.44156214297816915 -2.9735883837004025
384 3456 0.005608060317709805 0 0.0012633904120997056 8.499432024493512 10.974235623423935 -7.347418891166668 -14.529370353128819 0.4415529299105147 -2.9735992964367672
385 3465 0.004921428908729163 0 0.001263388182004786 8.499417371683847 10.974216636684803 -7.346973243742247 -14.525531130486646 0.44155394174784646 -2.973585817209121
386 3474 0.004478253280796468 0 0.0012634072646722618 8.499098007654798 10.97390231618504 -7.346867506147305 -14.524714540356563 0.44155917567611724 -2.97359613982109
387 3483 0.004687952456711072 0 0.001263411264567461 8.499283704041632 10.974088139915876 -7.347497783116617 -14.525211902968467 0.4415463281038807 -2.973597506177942
388 3492 0.004274794037588973 0 0.001263393368542652 8.49916405525508 10.973966578867763 -7.347099390186014 -14.525079018350857 0.44155238499623645 -2.973593334787348
389 3501 0.004330865783973674 0 0.0012634100735149458 8.499192053364366 10.97399540224509 -7.347160298769682 -14.52220350779871 0.44155431923029964 -2.97359431305608
390 3510 0.004848704686304432 0 0.0012634294995254028 8.49930985152641 10.974110743224989 -7.347377367827236 -14.525451841825484 0.4415543640715674 -2.973597474680653
391 3519 0.005573748095053776 0 0.0012633931378431143 8.499350056126145 10.974149659619867 -7.3473325711357464 -14.521161812264532 0.44155345160587534 -2.9735899225057607
392 3528 0.004918510123676207 0 0.001263409917815703 8.498884425303922 10.973690098047973 -7.347260346375052 -14.51963504211086 0.44154993837675127 -2.9735991159873096
393 3537 0.005206475760874197 0 0.0012633884312321618 8.498987606433305 10.973795175921596 -7.347561564028048 -14.525038055485345 0.441551101028235 -2.973607142596971
394 3546 0.006550132941208879 0 0.0012633909911657297 8.498221001342321 10.973034221505467 -7.346878589720107 -14.51810276754338 0.4415655945602012 -2.973613759783652
395 3555 0.008594739915118882 0 0.0012634090651735804 8.498371698260163 10.97318359092553 -7.347427070709202 -14.525268441498561 0.4415601273582861 -2.973618447302942
396 3564 0.010394776889194 0 0.0012633874404211702 8.49780692172052 10.972629096428438 -7.347177290530158 -14.524853791035747 0.44157163145188927 -2.9736363271904334
397 3573 0.009865723611577183 0 0.001263407506821294 8.49809064808194 10.972902775490166 -7.347499883037831 -14.52015475679948 0.4415610113886737 -2.973631175226523
398 3582 0.009672742204067743 0 0.0012634072368266115 8.499518226323952 10.974317594230879 -7.347799958896958 -14.523521351304579 0.4415447151047206 -2.973596285950071
399 3591 0.010508484161831786 0 0.001263409440427497 8.499678660560022 10.974479257302026 -7.347819570987261 -14.524658601054444 0.4415412000124113 -2.9735907743190286
400 3600 0.010301694658350237 0 0.0012633870456897958 8.499868295932371 10.97466280471362 -7.34749418052954 -14.520148925123333 0.44155112159610416 -2.9735857140853486
401 3609 0.012692888563999348 0 0.0012634102062518524 8.498451558229231 10.973259615939469 -7.346316548574719 -14.508281481948497 0.44157481182564423 -2.9736040743601215
402 3618 0.013910684481802778 0 0.0012633869425057352 8.499266837071621 10.974070281755184 -7.346586466440724 -14.522626905715242 0.4415762978034918 -2.9735927164654203
403 3627 0.01586627186022637 0 0.0012633914300938698 8.498844816722743 10.973651321517352 -7.3458870356369514 -14.528474225149589 0.44158273942038423 -2.9735986353101023
404 3636 0.01509716236769965 0 0.0012633889804185238 8.499151782780633 10.97395168262678 -7.345374250180001 -14.523208026069263 0.4415884102307303 -2.973574829761295
405 3645 0.012574222063294492 0 0.001263406948481956 8.49869630228136 10.973500970065313 -7.346530928471498 -14.50957150661744 0.4415633716261987 -2.9735941892058166
406 3654 0.012369329121390054 0 0.001263406941892832 8.4986288271025 10.97343786730489 -7.346363748113784 -14.526465514454726 0.4415714862626645 -2.973603998162865
407 3663 0.012049546747460655 0 0.0012634096182103974 8.498189578836781 10.973002510927858 -7.34631626076937 -14.524613331021268 0.4415783690384786 -2.9736170371066106
408 3672 0.012535725235122103 0 0.0012633097599902522 8.497583769509461 10.972391907629634 -7.3456966201766525 -14.51638971191064 0.44159227615386015 -2.9736176257420386
409 3681 0.012499990666132724 0 0.0012634073352230286 8.498257115208524 10.97306607795152 -7.345167359542322 -14.525793431192172 0.44160543571077 -2.9736014872608583
410 3690 0.010823007094549692 0 0.0012633842945026952 8.497877053523498 10.972689828458721 -7.345412335719146 -14.531686959598563 0.4416006802078003 -2.973617897478573
411 3699 0.010639921445442766 0 0.0012633938592934739 8.49764338989907 10.972454901989307 -7.345055752753306 -14.52848989361647 0.44160331513760476 -2.9736121815190737
412 3708 0.009909196528898935 0 0.0012633977395642019 8.49739184842268 10.972205688511055 -7.345009489565096 -14.526413466419019 0.4416049025556872 -2.9736177063136506
413 3717 0.009899892658534758 0 0.0012634114955119896 8.49848495099549 10.973288631920626 -7.345071583187914 -14.528764422017137 0.44160272102956294 -2.9735969383453162
414 3726 0.009864044993822783 0 0.0012633958945250383 8.498435363269161 10.973236469836088 -7.344417499341466 -14.529594649981242 0.44161679457566194 -2.97359086142732
415 3735 0.01035179154358637 0 0.001263398669699294 8.497945084434217 10.97274807248595 -7.344335741309406 -14.528232133181037 0.4416252298665804 -2.973606187217546
416 3744 0.009628098285217783 0 0.0012634101348034017 8.497771862051504 10.972579000901337 -7.344093796580168 -14.527344126822095 0.4416260348173378 -2.9736009640391012
417 3753 0.008974572540574417 0 0.001263409377837888 8.498519385576595 10.973319801235622 -7.344287717657201 -14.529326337054256 0.4416228219872146 -2.973590008408357
418 3762 0.009795584499662526 0 0.0012633892228797704 8.4975227998916 10.972334473505189 -7.344542839249499 -14.52222057876962 0.4416220286642787 -2.9736078793714067
419 3771 0.00837437357392067 0 0.0012633117059141922 8.49789067875309 10.972694605874239 -7.3436586335119545 -14.525209974353487 0.44163399003825626 -2.9735891885049712
420 3780 0.007799601947496324 0 0.0012634084380677493 8.49804700336246 10.972849882568443 -7.343649579491219 -14.521385808421005 0.44163036187976307 -2.973580092950728
421 3789 0.007298746173104348 0 0.001263327753941057 8.49814869163628 10.972955191366031 -7.345070522033614 -14.5275526874633 0.44160694179166554 -2.973603002570518
422 3798 0.006912804247253296 0 0.001263322833566242 8.497625116963786 10.972437600304255 -7.344795986333629 -14.526671486026046 0.44161026338054565 -2.973610706809141
423 3807 0.00672800499933288 0 0.0012633877429394913 8.49788340287866 10.972690528300443 -7.344834756800221 -14.521273997199705 0.4416102652926228 -2.9736042227745627
424 3816 0.007450267576951915 0 0.0012633878756142763 8.497501093506516 10.972310436508387 -7.344500939275329 -14.515784404957163 0.4416168278100264 -2.9736040998826265
425 3825 0.008563413697656258 0 0.0012633874737871648 8.49780008929767 10.972608279736175 -7.344516336283202 -14.518732828938628 0.4416222628702744 -2.9735996714072344
426 3834 0.008839212983945193 0 0.0012633927440030726 8.4978877431861 10.972693062966972 -7.344354344839874 -14.522223675537937 0.4416243712017167 -2.973594894053418
427 3843 0.008570070249609435 0 0.001263408081865989 8.498144466256292 10.972948023534805 -7.3445662583179345 -14.520781130501083 0.44161468608289833 -2.9735891645605568
428 3852 0.008284242582321648 0 0.0012633955970752697 8.497595286074578 10.97240754458407 -7.34461084841595 -14.52229718993979 0.4416189933169269 -2.973608441989499
429 3861 0.007998689126342478 0 0.0012634109518825604 8.49832415854123 10.973126718970612 -7.3445890217944445 -14.528327429771819 0.4416133286531133 -2.973586477109419
430 3870 0.00837800523545302 0 0.0012634083787713322 8.498652541351378 10.97345049344168 -7.344079006143935 -14.523241252145107 0.44162379833460047 -2.973572728493028
431 3879 0.008720598129877279 0 0.0012634105985828215 8.498622470618626 10.973423089774897 -7.344498133990972 -14.52117017309711 0.4416136897868742 -2.973576138245132
432 3888 0.008985831285679436 0 0.0012632976914589585 8.497211096822488 10.972026663759339 -7.34460449626079 -14.518569920710036 0.4416198157626225 -2.973613336291613
433 3897 0.008441807190717257 0 0.0012634099072628795 8.497865799859722 10.972672864704334 -7.34396056770439 -14.516101417150152 0.44162728702183984 -2.973584510600998
434 3906 0.007390535851401705 0 0.0012634128116269742 8.497756587962623 10.972566005823138 -7.344494289253057 -14.519775359917748 0.441616992511195 -2.973598092149453
435 3915 0.0066995228755323735 0 0.0012633912285200028 8.4977062623446 10.972514958950896 -7.344514980903352 -14.51807424505296 0.4416201838232112 -2.973601568497309
436 3924 0.006934948285866235 0 0.001263408627775829 8.497637076285608 10.972449398869767 -7.3452301875030575 -14.519642776516688 0.4416045784686922 -2.97361196407841
437 3933 0.008529027327795403 0 0.001263408626088851 8.496788906420417 10.971611151505549 -7.3452227667856524 -14.51690789535846 0.44161013713725833 -2.9736336985614034
438 3942 0.010095235618541013 0 0.0012634070187169284 8.49727849022417 10.972097982342865 -7.345800508519578 -14.518240922851152 0.4415982548997026 -2.9736331433306056
439 3951 0.010849841058158073 0 0.0012634096016673143 8.496769853001597 10.971594750380948 -7.346216338256227 -14.51746861461968 0.44158938502439804 -2.973649388270106
440 3960 0.011748025857605909 0 0.0012634076310667824 8.497602293839329 10.97242092511042 -7.346347123382556 -14.534404605082619 0.44158400686003013 -2.973641369342155
441 3969 0.01154672608833924 0 0.0012633899664824088 8.498281036988143 10.973091018417671 -7.346132325412997 -14.52478671165603 0.4415816237327747 -2.9736138190767174
442 3978 0.01240200724378722 0 0.0012633904836075321 8.497820965537729 10.972632398253548 -7.346725707078183 -14.515641668728952 0.44157410911844247 -2.973624991116769
443 3987 0.011424490530699048 0 0.0012634088846111117 8.497209889538752 10.972032728911916 -7.3467306374929215 -14.52911053060707 0.4415773919072323 -2.97365226190391
444 3996 0.011876786596074187 0 0.0012633697340017796 8.496987755830915 10.971812390977584 -7.346811156720082 -14.513701236414887 0.4415781276042472 -2.973653117927762
445 4005 0.012496011321468298 0 0.0012632807412714807 8.497691334402424 10.972510783615068 -7.3472288087856334 -14.522611443860887 0.4415680791984178 -2.9736420142307263
446 4014 0.013014525041879095 0 0.0012634284141846723 8.497533193864914 10.972356217154775 -7.347364314965251 -14.518467789391403 0.44156246785644626 -2.9736493278126894
447 4023 0.013823152760117051 0 0.0012633845166022954 8.49859158635975 10.97340584864457 -7.348718794714868 -14.515531807856249 0.4415287263707956 -2.973640026224689
448 4032 0.016353469435186185 0 0.0012633872838430612 8.498815489704171 10.973630757499174 -7.349293759230683 -14.5245566040795 0.44151533609736443 -2.9736487241473126
449 4041 0.015565842891250797 0 0.0012633902231264384 8.497969057026955 10.972785613221879 -7.347910009324265 -14.510691674303088 0.4415493903815955 -2.973639485383288
450 4050 0.014826150704466433 0 0.0012633913401299268 8.499328504309693 10.974141163557585 -7.349779495374645 -14.52135582394073 0.4415074437355086 -2.9736419184565035
451 4059 0.01420660398359643 0 0.0012633885237034593 8.498200824220625 10.973025209805325 -7.350479346955143 -14.527432576890138 0.4414926116196861 -2.9736849165728194
452 4068 0.013793604542588368 0 0.0012634068016853304 8.499602656648408 10.974407385052979 -7.348230836702355 -14.52238364288069 0.4415364697467766 -2.9736098064956935
453 4077 0.012930561387185355 0 0.0012633877218071934 8.499353050460217 10.974156519698628 -7.348259864342999 -14.510306169494312 0.4415390427582719 -2.9736061774215328
454 4086 0.011443946776704466 0 0.001263386571610088 8.499212492761924 10.974027314281567 -7.350060842677063 -14.522304525792922 0.4415015877294669 -2.97364774107902
455 4095 0.010160843546365192 0 0.0012634089183402417 8.49881293869726 10.973630400012777 -7.349477203554965 -14.520119174988125 0.4415157780764131 -2.973652269825664
456 4104 0.008996405666910656 0 0.001263411549104987 8.498890518291457 10.97370543227639 -7.349373340137064 -14.521661477960313 0.4415151875518356 -2.9736460707476438
457 4113 0.008930182667376873 0 0.0012632623443633376 8.498642771409886 10.973464050617945 -7.3503989758845165 -14.521989082018044 0.44149557108236104 -2.9736696424561426
458 4122 0.008518199401539264 0 0.0012633871121954879 8.498671453477886 10.973486919887007 -7.349408682162857 -14.516422110128183 0.4415152536100564 -2.973648333820135
459 4131 0.008463421318795666 0 0.0012633909519877548 8.498637523866032 10.973452301918956 -7.348940384234493 -14.516975859397395 0.44152485707618816 -2.9736442578072584
460 4140 0.007660283967785797 0 0.0012633882576821753 8.49923259560213 10.974043058446927 -7.349569509438329 -14.514855175538578 0.44150831005040064 -2.973636531994749
461 4149 0.008095885686426696 0 0.0012632800713731247 8.498553682605142 10.973364812139792 -7.348424794683049 -14.507612554874417 0.44153538078538 -2.973630666720911
462 4158 0.007178899284202281 0 0.0012634092492639273 8.498979755381432 10.973791175763727 -7.349330264115274 -14.516235578145691 0.44151560896422815 -2.9736383843719754
463 4167 0.006500508166538612 0 0.0012633914031408282 8.498993982247997 10.973804508586035 -7.348925091658751 -14.518134732537069 0.4415228621951756 -2.97363312326763
464 4176 0.005265563323685813 0 0.0012634061582125925 8.498938822639808 10.97375018672634 -7.349035435465891 -14.517375111571955 0.4415215376529222 -2.973636337534095
465 4185 0.004612987970140153 0 0.0012633879367695171 8.498820640957565 10.973633662855908 -7.349317538491235 -14.516613418989841 0.44151556473454007 -2.9736441265544022
466 4194 0.004293272341941689 0 0.0012634071291419803 8.499049511422035 10.973860079658863 -7.348996653038929 -14.518477071758154 0.4415214385454291 -2.9736342052560287
467 4203 0.003906616210987268 0 0.001263393641154406 8.49898955283556 10.973799270232032 -7.348939480117415 -14.514235597369371 0.4415231086202785 -2.97363156199125
468 4212 0.004202907265546796 0 0.00126338948593612 8.499147628475 10.97395819387949 -7.34929907226706 -14.51680174944863 0.4415160777068984 -2.9736356115276052
469 4221 0.004163547577684481 0 0.0012634076886312146 8.499139384948725 10.973948966140734 -7.3492593254682195 -14.516906453858152 0.44151596109447255 -2.973635005234281
470 4230 0.004041752308277735 0 0.0012633935311170416 8.499014301657096 10.973825046384414 -7.349249703109564 -14.517461452400237 0.4415172378953443 -2.9736379182447203
471 4239 0.003748869627638112 0 0.0012633900106906024 8.49910561508848 10.973913857447984 -7.348776476972144 -14.517137162287213 0.44152609535684656 -2.973627859420345
472 4248 0.003898835087805382 0 0.0012634094377533727 8.498929852295266 10.973742023224894 -7.349407867143273 -14.517932765827144 0.44151366675270237 -2.973643291181196
473 4257 0.004385485855263221 0 0.0012634058524585014 8.498988661406287 10.973799117994673 -7.349285456008207 -14.517366403435776 0.4415160135695271 -2.973638764424053
474 4266 0.005282842977010391 0 0.001263409463648556 8.499345270485051 10.974153196039849 -7.349554212940975 -14.519917357036693 0.44150813039827547 -2.9736344622379867
475 4275 0.005783462762622181 0 0.0012634093016426992 8.499191735127644 10.973998002985393 -7.348857895048101 -14.515561450990608 0.441524128750624 -2.9736242933732995
476 4284 0.00571502495592428 0 0.0012634094727376995 8.499057634676374 10.973866457348997 -7.349395970830981 -14.516940596814187 0.4415125592855778 -2.9736371780803665
477 4293 0.005932172533336046 0 0.0012633902145973528 8.498845209615125 10.973653829411019 -7.348806802487218 -14.514319965923786 0.44152675200631697 -2.9736320275414796
478 4302 0.006530215442177805 0 0.0012634099195484394 8.498616203062705 10.97342618704756 -7.348724997091445 -14.510345366928947 0.4415293285477639 -2.9736339263316056
479 4311 0.006555121075173279 0 0.0012633903665316367 8.498783531024015 10.97359209152547 -7.348974251625268 -14.512001699497072 0.44152345563701556 -2.97363351862112
480 4320 0.0069471706276611565 0 0.0012634130791166756 8.498637322128628 10.973446780835646 -7.3485356830346 -14.509559238934765 0.4415324266662829 -2.9736296003643448
481 4329 0.007669339417889011 0 0.0012634084282520954 8.498425052432914 10.973236896097745 -7.348216181775782 -14.508218283233786 0.44154023236647444 -2.9736300512381555
482 4338 0.008377416131826437 0 0.0012633849927524516 8.498346074555801 10.973157007560495 -7.348429263630321 -14.503744674049182 0.4415353287734595 -2.973632177369557
483 4347 0.009469333186769846 0 0.0012634082980291226 8.497856719649754 10.97267178252956 -7.3472609550264405 -14.504437544036772 0.44156223738256767 -2.9736284255448804
484 4356 0.009714514036512084 0 0.0012632980621256212 8.497477592199928 10.97229484256477 -7.347527655173844 -14.497130765096902 0.4415591099848879 -2.973637686103466
485 4365 0.009794351519101305 0 0.0012633951665694206 8.497734108622767 10.972546957541983 -7.3471946734344735 -14.502680913176915 0.44156524041398226 -2.973627488727428
486 4374 0.008429030915335587 0 0.001263385944903431 8.49826434744382 10.973075605802562 -7.348090392310116 -14.503110879093331 0.44154285742001437 -2.9736282147802315
487 4383 0.008026049473311475 0 0.001263385998552062 8.49853091534552 10.97334376135691 -7.3490760847377405 -14.50874123482641 0.4415206838251595 -2.9736407364901187
488 4392 0.008212985539983945 0 0.001263308120055057 8.498105665769 10.972917372303325 -7.3478654438090825 -14.501518410247572 0.441547425823614 -2.9736272127963432
489 4401 0.008790036655324554 0 0.0012633885322819085 8.49820625959893 10.973018644358277 -7.348684796256974 -14.501199295217019 0.4415288314594885 -2.973637574274293
490 4410 0.008687362856472905 0 0.0012633933467709527 8.497416017314784 10.972229307661705 -7.346925729502657 -14.4930122430754 0.4415701451047617 -2.973623878783366
491 4419 0.007989227828750297 0 0.0012623207259028558 8.498001665720532 10.972811868287112 -7.347387253176619 -14.501246759279882 0.44155842295306885 -2.973622150422191
492 4428 0.007345623852320465 0 0.0012634121538822392 8.497767500001595 10.972580143614804 -7.347237568757275 -14.49953226028381 0.4415622275705982 -2.973625034824321
493 4437 0.007714327050554343 0 0.0012634185559855591 8.497384575614223 10.972198609279747 -7.346936616833263 -14.495740959870092 0.44157073627942284 -2.973627796412935
494 4446 0.008097162997271621 0 0.001263409642712252 8.497970217722369 10.972782581061205 -7.347351093762627 -14.505632149527605 0.44155922288219207 -2.9736258192087854
495 4455 0.0077699626758158 0 0.0012633912475464746 8.49776840937376 10.97257818447904 -7.346477627215795 -14.500795352296493 0.44157837593854077 -2.9736129512681693
496 4464 0.007775943285673482 0 0.0012633890577662336 8.49724335601259 10.972059014039127 -7.346744777651262 -14.50018364108088 0.4415754113331829 -2.9736310452550563
497 4473 0.00998201112210789 0 0.0012633884324473816 8.497136883163773 10.971948919271053 -7.345770007519392 -14.495699808707375 0.441598444784336 -2.9736145042879687
498 4482 0.01149948489659359 0 0.0012634126362810613 8.497250939924736 10.972064716694312 -7.346448819585655 -14.498914612808559 0.44158467283284963 -2.973624649513088
499 4491 0.011590133117875677 0 0.0012634098657134743 8.497769409287129 10.972579778772756 -7.3469851698972874 -14.505249162317932 0.4415705386573006 -2.973622384213619
500 4500 0.010807880795888465 0 0.0012633871525491332 8.498169000569986 10.972982618926636 -7.348444120247803 -14.506768853650211 0.4415360827481972 -2.9736377829156395
501 4509 0.009776605410615138 0 0.0012633902111841625 8.497186757791825 10.972000996724093 -7.346135207890312 -14.4992935196775 0.4415918531502197 -2.9736217030883068
502 4518 0.009461589428417568 0 0.0012633721593582478 8.498433505245742 10.97324526077522 -7.348210646062031 -14.515042536982522 0.4415422796075089 -2.973633238369116
503 4527 0.008722963265942702 0 0.0012633859564171808 8.497728480132166 10.972544941591613 -7.348218564344796 -14.507705523387392 0.44154522135219726 -2.9736461337790274
504 4536 0.008207302102335938 0 0.0012633912378926266 8.49787336810483 10.972689027476179 -7.348468066425515 -14.506978127187484 0.4415389387475321 -2.973645634019732
505 4545 0.007672841884081955 0 0.0012634097610811036 8.497850707567823 10.972665958907045 -7.348139370064106 -14.507783462729263 0.4415467533394442 -2.973642163147672
506 4554 0.007520593367848852 0 0.0012633890737869934 8.4974785553571 10.972291254047489 -7.346443726918677 -14.498355495059313 0.4415828903761367 -2.973618706293439
507 4563 0.0073772470868326626 0 0.0012634124008641134 8.4981840060784 10.972991614830619 -7.347069804830301 -14.503032286352292 0.44156676456739796 -2.973612548319755
508 4572 0.008588205888779515 0 0.0012633691671324345 8.497439738723084 10.972250029482263 -7.346679903884919 -14.491103119806413 0.4415777293529552 -2.9736173349714443
509 4581 0.008878861290741684 0 0.001263369850393597 8.497190552644064 10.972003280707243 -7.346252315305102 -14.492683033833275 0.44158828455778454 -2.97361874381073
510 4590 0.008887489388599354 0 0.0012632994926382824 8.4979188954911 10.972726106819842 -7.34710136869483 -14.493708565191978 0.44156540857715926 -2.9736127261471426
511 4599 0.00865420112368835 0 0.0012634116582129588 8.497127288237113 10.971938750810148 -7.345829641043441 -14.489531232290943 0.4415953560340314 -2.9736120677384013
512 4608 0.00912395088660666 0 0.0012634100003233138 8.497776105184776 10.972586879982565 -7.347629556859117 -14.496842826369893 0.4415539822904335 -2.973626813086609
513 4617 0.009728004882740615 0 0.0012633871256619883 8.497756971915237 10.972567636507572 -7.347756619692454 -14.494145670058113 0.4415509535788116 -2.973627891839213
514 4626 0.008646350915372534 0 0.0012633922253500534 8.497513744452128 10.972321604810032 -7.346437938079672 -14.48708381398816 0.44158186253639664 -2.9736087995257248
515 4635 0.008309526355875129 0 0.0012632907570055793 8.497844742426992 10.972651027883643 -7.347007151491124 -14.488473317008932 0.44156637497643697 -2.9736099207434354
516 4644 0.008558388450342494 0 0.0012634102026984407 8.497227573552024 10.972032319542008 -7.345404662936531 -14.47616256326842 0.4416019561015616 -2.973591947678364
517 4653 0.00908383047400636 0 0.0012632748897622975 8.497624061230919 10.972433233727424 -7.346585636915449 -14.495561565306005 0.4415786885757376 -2.9736139131171657
518 4662 0.00856775815323896 0 0.0012634093651019691 8.497735401438819 10.972540460611356 -7.346363249496918 -14.488581946942752 0.44158243981806994 -2.9736019401363096
519 4671 0.0075462492617348 0 0.001263411134807509 8.497398950527666 10.972205652390718 -7.346073847675625 -14.484530788253457 0.4415890483880915 -2.973603680749104
520 4680 0.006561191306026561 0 0.001263387341127438 8.497316032153199 10.972121841523439 -7.345781649680747 -14.484056557481544 0.44159641142574885 -2.9736003363712773
521 4689 0.00650519007497618 0 0.0012634094861379058 8.497498538447363 10.972307398053674 -7.3467658888379965 -14.488724579424657 0.4415753659568558 -2.973615236782417
522 4698 0.006277631615025515 0 0.0012633861895786599 8.497513855531379 10.972321247106203 -7.346093179120376 -14.48918826980978 0.44158943777303483 -2.9736048671155553
523 4707 0.006281894356748564 0 0.0012634114728169977 8.497203935342704 10.97201276579553 -7.346097352200596 -14.484570890537407 0.44159012493635286 -2.9736097816879647
524 4716 0.00658476558173723 0 0.0012633942178610705 8.49705595205627 10.971867143540189 -7.346066427134159 -14.487072189048705 0.44159267007541875 -2.9736155138391744
525 4725 0.006788930229354868 0 0.0012634080749973657 8.49768173488646 10.972488630057951 -7.346672455756173 -14.488254924765286 0.4415761301901321 -2.9736088568967722
526 4734 0.006653778197213289 0 0.0012634089553729855 8.497145306336948 10.97195406836901 -7.346024540834349 -14.482487026856443 0.4415923609699923 -2.973608515805491
527 4743 0.0061137393879695775 0 0.0012634120163924787 8.496946500608377 10.971753554463712 -7.345629515911197 -14.475012086455362 0.44160142062166385 -2.9736017934815813
528 4752 0.005625892824655991 0 0.0012634074923955198 8.497594525790191 10.972401519955596 -7.346664750671227 -14.48678630482469 0.4415758363344942 -2.9736096981359776
529 4761 0.005709327968128406 0 0.0012634103992067664 8.497693773486414 10.972498480037855 -7.346553683783511 -14.483930925238456 0.44157863406676134 -2.973603016724643
530 4770 0.004979531374785517 0 0.0012634117511924928 8.49752777224297 10.972335137222252 -7.346572443478255 -14.486280368717237 0.4415792826737607 -2.973609775122641
531 4779 0.005309247309462087 0 0.0012633953111823347 8.497508833377605 10.972314354080396 -7.3462225146885975 -14.48406372282069 0.44158682834724133 -2.9736027309682713
532 4788 0.005665559920032317 0 0.001263223512919956 8.497725265985782 10.972530592756746 -7.34652374217653 -14.487053938324015 0.4415791501898966 -2.973604067672288
533 4797 0.005350524650531769 0 0.0012634077972279623 8.497309785086816 10.972116966307278 -7.346141431872414 -14.483219415349362 0.4415898282327396 -2.9736062420156055
534 4806 0.005598701417877538 0 0.0012634105482317226 8.497231581185194 10.972039317370513 -7.3461445737859306 -14.481908119713324 0.4415902140744281 -2.9736077121272477
535 4815 0.0062125191893670295 0 0.0012633896647285437 8.49751622908866 10.972322701097895 -7.346310089881353 -14.486309243197063 0.4415853048640832 -2.9736059461546143
536 4824 0.005528880920066266 0 0.0012633951431555413 8.497196572255007 10.97200342527454 -7.345962868130245 -14.480331285496911 0.4415941048715419 -2.9736043188246035
537 4833 0.004496494668576097 0 0.0012633893820203747 8.497714306943536 10.972519840233424 -7.3467377691463325 -14.486096608906 0.44157484880563835 -2.973606967287078
538 4842 0.0045007995203970134 0 0.0012633910432985904 8.497432508544938 10.972238626766137 -7.346445216641532 -14.48139091153743 0.44158233537830965 -2.9736064506839193
539 4851 0.00482143373813453 0 0.001263391893022783 8.497741033241462 10.972543991244024 -7.346570666481758 -14.48082902079752 0.44157799587674906 -2.973599418585134
540 4860 0.004947915057944575 0 0.0012633943440561947 8.497379790749287 10.972185403764398 -7.346254639255822 -14.479662124442564 0.44158699037188115 -2.9736034916766183
541 4869 0.005148072080844623 0 0.0012634086530833439 8.497474871587054 10.97227865872028 -7.345920394922147 -14.4788222590389 0.4415933596408391 -2.9735952077659955
542 4878 0.005695895792273819 0 0.0012632554719372762 8.49794854466989 10.972748442483534 -7.346785711352311 -14.477657087356626 0.44157142254273385 -2.9735941989044
543 4887 0.005210484608798856 0 0.0012634094389360338 8.497768885212631 10.972570382255396 -7.3464573734941085 -14.479168160697402 0.441579873107012 -2.9735950254960404
544 4896 0.005500904899197713 0 0.0012634084072130456 8.497641373316617 10.97244552147148 -7.346526685311171 -14.482630386008326 0.44157934757129524 -2.9736023911826344
545 4905 0.0057639333235090665 0 0.0012633895929074538 8.497685116074491 10.972487790844209 -7.346414794344442 -14.481423344503973 0.441581854251816 -2.9735982114786625
546 4914 0.005038753792612912 0 0.0012634108282762184 8.497362334792218 10.972166682336498 -7.345946264263547 -14.478057981779024 0.44159353292468906 -2.9735976607432213
547 4923 0.00543924314015279 0 0.0012634114835718153 8.497456180694154 10.972259935038611 -7.346243337004053 -14.478071482329339 0.441586843903915 -2.9735991992141035
548 4932 0.005403944415500169 0 0.0012633902021718273 8.497295744460185 10.972100657085527 -7.345919531394125 -14.478067724917747 0.44159501367154763 -2.9735989634843163
549 4941 0.004813429838851051 0 0.001263303400965943 8.497423254479804 10.972226345469522 -7.346054114174164 -14.476701239623992 0.4415905611414742 -2.9735959601744035
550 4950 0.00484655137959566 0 0.0012633862429538576 8.497392781873199 10.972197499389617 -7.345866885826324 -14.480943682552267 0.44159562751784975 -2.973597847095793
551 4959 0.004765079457740005 0 0.001263410813404282 8.497398021141526 10.972202292176569 -7.345967919749985 -14.479159152178234 0.4415927091705168 -2.973597637378432
552 4968 0.005050857247868983 0 0.0012634104154189093 8.497301574904544 10.972106875170985 -7.345976233367736 -14.479623324233815 0.4415929102305276 -2.9736005589531813
553 4977 0.0057033272041931826 0 0.0012634227849394849 8.496986580388603 10.971796169212734 -7.345510337046854 -14.484309432468974 0.44160562171980444 -2.973606359666929
554 4986 0.005898214351019459 0 0.0012633899617311246 8.496962973418256 10.971771287886206 -7.345488225542929 -14.480587836790276 0.4416061340419566 -2.9736033494074436
555 4995 0.006500105741307717 0 0.001263409410583227 8.497095553497568 10.971902076826783 -7.345588524897682 -14.479826881352174 0.44160325622685603 -2.9736001859183507
556 5004 0.006553511051217334 0 0.001263411357209378 8.496839520468283 10.971647106050916 -7.345334865435315 -14.47696947314164 0.4416094296047536 -2.9736008114181445
557 5013 0.00701243169174144 0 0.0012633905036906407 8.49727340155523 10.972079831302695 -7.346196402844624 -14.480377340033112 0.4415891101113069 -2.973605460213086
558 5022 0.007833566763073733 0 0.0012633914287012104 8.497493448073065 10.972297456329395 -7.346903421445708 -14.476520893915582 0.4415715398558254 -2.9736065378114978
559 5031 0.007626017429106831 0 0.0012634106759087118 8.497488598608895 10.972292500274794 -7.346721687070233 -14.47651828381653 0.44157649647725905 -2.9736043999844153
560 5040 0.007951235405299016 0 0.0012634310527910135 8.497835407391905 10.972637884434905 -7.347145021340857 -14.479835846692996 0.44156447891965117 -2.9736042793351114
561 5049 0.008551568843668039 0 0.0012633930100629223 8.497854475993883 10.972656466205523 -7.347484081408724 -14.477243396676792 0.44155780190164357 -2.9736066807912005
562 5058 0.008909150009864149 0 0.0012633893422465676 8.498223782918076 10.97302257338199 -7.347647952333091 -14.477493483873847 0.4415520805916142 -2.9735996726839096
563 5067 0.009529507751692486 0 0.001263433354335316 8.498608383565328 10.973405162263148 -7.348028552409817 -14.480568892216024 0.4415413837107776 -2.973597479717851
564 5076 0.009359422848113844 0 0.001263413904417112 8.49869716916455 10.973493657337198 -7.348751522871924 -14.478533056849187 0.441525076983182 -2.9736041729473723
565 5085 0.008101160747403914 0 0.001263392325377444 8.498753699948585 10.973549782225001 -7.348345100576658 -14.479997106399944 0.44153356854648024 -2.973598203072163
566 5094 0.008892074416722904 0 0.0012633352266184653 8.498713905087543 10.973510566345539 -7.3477685355950255 -14.485754230834557 0.4415458133374695 -2.973594577199252
567 5103 0.007923190161152886 0 0.0012633921085139991 8.498665797948505 10.97346284634892 -7.348241072256541 -14.481381868152964 0.44153629180926107 -2.973599982141604
568 5112 0.007926094756819956 0 0.0012633922016361816 8.49944300974999 10.97423429708669 -7.349500080215123 -14.480901727246138 0.4415039609726794 -2.9735973497751824
569 5121 0.007423529453269944 0 0.0012633906222049717 8.498860107953474 10.973655663551973 -7.348312844790331 -14.482646773506941 0.44153336309435304 -2.9735968267886905
570 5130 0.007509317852336831 0 0.0012634099856978411 8.498706683268068 10.97350358921394 -7.348455307876322 -14.48136411039289 0.4415314763769811 -2.97360219707714
571 5139 0.0067116907137642874 0 0.0012634109609047579 8.499060074051991 10.97385436488939 -7.348890894934322 -14.48248382221794 0.44152013874809115 -2.9735997587837253
572 5148 0.006943531435430329 0 0.0012634108773894918 8.498594998491551 10.973393460701896 -7.348242921751526 -14.484514813447932 0.4415366910997541 -2.9736040907691175
573 5157 0.005756219361289531 0 0.0012634109890658418 8.498854585274461 10.973650041063323 -7.3484744399765205 -14.482082883083702 0.44153002123113166 -2.9735986650308783
574 5166 0.005178216236129953 0 0.0012633886486450292 8.498825580357677 10.97362081884973 -7.348375621247724 -14.48135981673545 0.44153203273048236 -2.973597264067942
575 5175 0.004779047777053172 0 0.0012633888023102706 8.49923810612448 10.974030515606467 -7.348855455365672 -14.48294154761122 0.4415191263935127 -2.973594509006294
576 5184 0.0045448174279559645 0 0.0012633922546298195 8.499119786649267 10.973912929897683 -7.348782325798091 -14.48183441356086 0.44152195227970775 -2.973595846980434
577 5193 0.005019499575459385 0 0.0012634135340341963 8.498945449019265 10.973741258348706 -7.348527389254519 -14.485659164366833 0.441528832651745 -2.9735998352971706
578 5202 0.005870955323084417 0 0.0012633701172654005 8.499204812716425 10.9739989754668 -7.34892454079726 -14.486502165461154 0.4415187165480023 -2.9735994811781565
579 5211 0.005490390450874628 0 0.0012633895564284556 8.49874319049401 10.973540122611666 -7.348029009710202 -14.486064546705439 0.44154010048052283 -2.9735978710987645
580 5220 0.005211558711123099 0 0.0012634111476310592 8.49942542113682 10.974218058353227 -7.349090164476886 -14.48745799441282 0.4415139628755658 -2.973596777945359
581 5229 0.005298139293090039 0 0.0012633923388316159 8.49946992028266 10.974261020134035 -7.349171816203245 -14.483533047453825 0.4415115510739969 -2.973593781366446
582 5238 0.005422697926651253 0 0.00126341145650488 8.499677340811637 10.974467040942303 -7.3496007197099456 -14.483171563411842 0.4415010552108019 -2.973594419100068
583 5247 0.005380847570574036 0 0.0012633931263975762 8.499153011617434 10.973945803398633 -7.3487226278167155 -14.482339609362368 0.4415227137692706 -2.9735942526811057
584 5256 0.005520040082659448 0 0.0012633888700011296 8.498604624184972 10.973402073545559 -7.348020908375169 -14.483568276071098 0.44154155006616985 -2.973599669013584
585 5265 0.005337178234362 0 0.001263389649192302 8.499021153840435 10.973814705473567 -7.348636856475818 -14.480885509856892 0.441525717759601 -2.9735954841418164
586 5274 0.0057566769444093975 0 0.0012634088610728382 8.498824181105551 10.973617863013533 -7.34808429347974 -14.478505987571632 0.4415387782641907 -2.9735905390184936
587 5283 0.006555137189745899 0 0.001263411360323906 8.498894751863125 10.973686866581335 -7.348307607722482 -14.47495366633468 0.4415331162093945 -2.973589092895311
588 5292 0.0061334031442924234 0 0.0012634101789818796 8.498725199531638 10.973520056545635 -7.3478169820680455 -14.48092203206727 0.4415450622543914 -2.9735909707623365
589 5301 0.006103733724810116 0 0.0012633913189180077 8.499191194896682 10.973982381449483 -7.348486332251293 -14.48030957081563 0.4415275689674496 -2.973587890887144
590 5310 0.00575067151130483 0 0.0012634088551816804 8.498581942242772 10.973376113344672 -7.347636308053218 -14.476111568591929 0.4415494407753567 -2.9735881144204543
591 5319 0.0049046041787880156 0 0.0012633946788131183 8.498793637401931 10.973588341764579 -7.347952293913129 -14.482023980565096 0.44154197772238163 -2.973591940450247
592 5328 0.004619857122546416 0 0.001263392724376757 8.49897495829951 10.973767055757651 -7.348155801556534 -14.478190793996923 0.4415359348600762 -2.9735871291108813
593 5337 0.003918107608436905 0 0.0012633950961368067 8.498944810564304 10.9737380500408 -7.3482316021669405 -14.480380013487315 0.4415347456331212 -2.9735908681948398
594 5346 0.003998112651285225 0 0.001263410297272428 8.498549499914182 10.97334575114862 -7.347791003374008 -14.479842056627861 0.4415467511260194 -2.973594614450891
595 5355 0.003934223056247771 0 0.0012634114256473742 8.49914866714625 10.973940236466587 -7.348426110351578 -14.480215766275437 0.44152936873598453 -2.973588209273185
