% # columns="iteration, evaluation, sigma, axis ratio, bestever, best, median, worst objective function value, further objective values of best", seed=626999, Fri Dec  1 12:25:49 2023, <python>{}</python>
1 9 2.043109319292711 1.0000416675347343 0.8891907930482504 8.8919079304825044e-01 467.57734743115924 3219.9285389501424   
2 18 1.982989474446558 1.2782893053891666 0.09567285028454753 9.5672850284547528e-02 25.69813029565569 924.5186645036383   
3 27 1.9860248598292762 1.377946675016529 0.09567285028454753 1.2940696557221346e-01 0.8410950631989308 8.03500626656585   
4 36 1.8950543870843266 1.4106896145007128 0.07257845115893374 7.2578451158933743e-02 0.29082334780179503 1.2999507221402808   
5 45 1.7735369133549346 1.362086457642316 0.07257845115893374 1.6110117152187819e-01 0.30146497266556355 1130.9480301878104   
6 54 1.8467099757514776 1.4589579333799267 0.032280250428695596 3.2280250428695596e-02 0.2967398659933715 121.36067054446711   
7 63 1.829468154458357 1.6534365357818912 0.032280250428695596 5.0239389507042376e-02 0.2924980159955515 42.37463651299761   
8 72 1.6735709532328062 1.8871965055811217 0.032280250428695596 5.9962525028829788e-02 0.13599343460436913 2.693866627557273   
9 81 1.5742618950766734 2.0599759978299876 0.032280250428695596 3.7103652778604182e-02 0.4266216980272009 9.578935829788993   
10 90 1.4866329519579842 2.1560507678843854 0.032280250428695596 3.6618884804187131e-02 0.4016041575410481 9.181957903449055   
11 99 1.3363518830734469 2.242301575251536 0.02820673001357366 2.8206730013573659e-02 0.12165426241102711 2.3502841426697536   
12 108 1.2886277563210582 2.3890753638548476 0.02820673001357366 4.9640176530158453e-02 0.0722564287296659 0.5908371009046457   
13 117 1.0929585398633406 2.3086933778683636 0.02820673001357366 3.3373243571109712e-02 0.06047807280518991 0.46924546201087947   
14 126 0.9668414672282714 2.414389569927443 0.02820673001357366 3.5884109961940282e-02 0.14477344030250763 0.4704954634825033   
15 135 0.9707179879173509 2.647827065605613 0.02820673001357366 3.4005125583512583e-02 0.06447431169071427 0.19615185440335658   
16 144 1.1001609492384554 3.0541468336626414 0.022308381996371127 2.2308381996371127e-02 0.06876977367679114 0.11659869523324365   
17 153 1.0853498426521353 3.5684578044226662 0.01202753300216192 1.2027533002161920e-02 0.04991264327646409 3.2375736993994852   
18 162 1.1016214945095504 3.7211096173107516 0.01202753300216192 3.6175443705066514e-02 0.08205297327321749 0.6856766686439553   
19 171 0.9631887760454871 3.88155954548027 0.01202753300216192 2.4992177848944596e-02 0.09125527383308837 0.7128628481726732   
20 180 1.0118488942223578 4.012423217571658 0.007394215337039274 7.3942153370392741e-03 0.08042617211876868 0.20492503985455968   
21 189 0.9866163485170104 4.099431599726872 0.007394215337039274 2.4978703498304722e-02 0.0815065830472959 0.6857378989448626   
22 198 0.9488300730127796 4.246708017718465 0.007394215337039274 1.5090210306698850e-02 0.0860167033988606 0.18595457301801296   
23 207 0.8633021633198888 4.213221869087465 0.007394215337039274 3.5857378407590755e-02 0.06763598775401933 0.4553482878602171   
24 216 0.8100567205221361 4.20663537653387 0.007394215337039274 1.6431235569014997e-02 0.10251921469100117 0.7043987862250884   
25 225 0.7258007457409369 4.37885101014161 0.007394215337039274 1.5143975185375226e-02 0.03060525608369629 0.4300658619160637   
26 234 0.6318726464981372 4.5310303427092515 0.007394215337039274 8.1742058714599237e-03 0.030458738584261385 0.1725688969525289   
27 243 0.608728700494861 4.6734373405419065 0.007394215337039274 1.1220564198999441e-02 0.0224685942761867 0.054586879761732834   
28 252 0.5311947867692524 5.191350898362009 0.0062526666945330826 6.2526666945330826e-03 0.013835127249431659 0.040646618777601236   
29 261 0.5223324045852428 5.636750960625313 0.0062526666945330826 8.2765961238429400e-03 0.014130888439917881 0.04815335575069534   
30 270 0.46370192924775705 5.749113522170335 0.005780071079931782 5.7800710799317820e-03 0.011778131493403805 0.0635754635825961   
31 279 0.40470918570464137 6.183457357581274 0.0052080177329523435 5.2080177329523435e-03 0.015513538025735287 0.03926683037936026   
32 288 0.3557183869291023 6.550737833412157 0.0052080177329523435 5.8623852461865324e-03 0.009953564798727808 0.021307726517096514   
33 297 0.2887080411738242 6.621624286098597 0.0052080177329523435 5.4196895604279784e-03 0.00883100846084062 0.026437976364041778   
34 306 0.2664599002240214 6.651093660347856 0.005161812516644871 5.1618125166448710e-03 0.0066481714155879265 0.022365445618679147   
35 315 0.28489551184534284 7.081734049566597 0.004888376123317896 4.8883761233178957e-03 0.005777056838351645 0.008871448297086547   
36 324 0.24581232432072828 7.301066081195766 0.004888376123317896 4.8988103712081822e-03 0.006963770401928135 0.009683033191584584   
37 333 0.21757507780412574 7.869195290444863 0.004888376123317896 5.1192908231324583e-03 0.006988407555709736 0.010296452941928992   
38 342 0.19303051394111642 8.41573870198812 0.004888376123317896 5.1107115766247414e-03 0.00591163998308083 0.008713824664723728   
39 351 0.17982897668984513 8.726858635743152 0.004888376123317896 4.9205448965695649e-03 0.006354345716027204 0.009505773254428952   
40 360 0.1550964917463259 9.034138023185943 0.004850001144883258 4.8500011448832578e-03 0.005508623003276973 0.005744841929375927   
41 369 0.14432132804770992 9.43796157983023 0.004810320343824926 4.8103203438249259e-03 0.005048144429962992 0.005962187882343133   
42 378 0.1288276789915048 10.458224346845446 0.004809361312547951 4.8093613125479509e-03 0.0049472803770486875 0.005115796466564772   
43 387 0.11629854060142106 10.930664393858796 0.004809361312547951 4.8192417213107422e-03 0.005064186063750829 0.005446771515594543   
44 396 0.10707926453509843 11.632540884360813 0.004809361312547951 4.8586219270761923e-03 0.005006589033730699 0.00527504506663455   
45 405 0.09823560826095983 13.45486467244313 0.004809361312547951 4.8114378002012482e-03 0.004929764258096977 0.005064767245405051   
46 414 0.08619937490363806 13.514562478446443 0.004801949466683983 4.8019494666839829e-03 0.004885696979286702 0.005305526854592603   
47 423 0.08172362960703308 14.4857202376286 0.004760693385750683 4.7606933857506830e-03 0.004813574725345831 0.004914003039242364   
48 432 0.07395127655695666 14.943824930425686 0.0047499588150086095 4.7499588150086095e-03 0.004784987260188926 0.00505820489600742   
49 441 0.0739905382041134 15.569051617451166 0.0047499588150086095 4.7543520284405770e-03 0.0048063258396372505 0.004883013284315732   
50 450 0.06811802787456751 18.074677384955233 0.0047499588150086095 4.7623564976705633e-03 0.0048038594358082234 0.0049670673101377665   
51 459 0.05755182216647725 19.895670701102972 0.0047499588150086095 4.7539478611255091e-03 0.0047915314425662275 0.004848918473163894   
52 468 0.05357964577248539 20.675527832292055 0.0047499588150086095 4.7566460211317923e-03 0.0047716081050180985 0.004790540957450344   
53 477 0.045593839933202256 21.292900700904912 0.0047499588150086095 4.7563950214415474e-03 0.004762013264888781 0.004815955588335764   
54 486 0.042329594378156504 23.374693479879415 0.0047499588150086095 4.7513047519505674e-03 0.004761949152042843 0.00479622195598232   
55 495 0.04489021020582287 25.250681548925865 0.0047498434383404595 4.7498434383404595e-03 0.004762761866768282 0.004787058584261915   
56 504 0.04910213618904198 27.52579005596005 0.0047498434383404595 4.7529357819707978e-03 0.004762240905371811 0.004769256998701895   
57 513 0.043021120624673635 32.22376305643449 0.0047498434383404595 4.7501979419821722e-03 0.004752018969436144 0.00482028111045801   
58 522 0.04518804843991267 36.1688159205094 0.0047498434383404595 4.7524106877074746e-03 0.00475724780718355 0.004794127518963901   
59 531 0.049370213195297614 33.08449979803467 0.00474716030204704 4.7471603020470404e-03 0.004758522038732577 0.0047680929989173905   
60 540 0.0573752624895772 35.373817784976595 0.00474716030204704 4.7492260762376738e-03 0.004755481547352256 0.004767109880382141   
61 549 0.058519525098621274 39.999706644529056 0.00474716030204704 4.7472864782428653e-03 0.004760680937459788 0.004778626409990083   
62 558 0.057248992904070935 40.21528596162207 0.004745042789948107 4.7450427899481066e-03 0.004762986043561277 0.004795793127910246   
63 567 0.054614407329179535 44.970636922798775 0.004745042789948107 4.7457548994380167e-03 0.004761657041961325 0.004787179007480352   
64 576 0.06038987748059288 48.7124126745119 0.004736850630820378 4.7368506308203776e-03 0.004758134134404989 0.004763414783291701   
65 585 0.06397717257292244 51.66038535737329 0.004736850630820378 4.7420729478085833e-03 0.004747776232639062 0.004782727840707068   
66 594 0.07531798281598216 56.672167927556586 0.004726390482265873 4.7263904822658727e-03 0.004740518650438766 0.004767483585122494   
67 603 0.07671238158615544 61.691857584644204 0.004726358569149925 4.7263585691499251e-03 0.004740385503361633 0.004756696492308316   
68 612 0.0781289515544962 61.113756837522345 0.004720662197137253 4.7206621971372532e-03 0.004731419090550491 0.004765101030356405   
69 621 0.09587594801728606 63.030340145395044 0.004710990806367965 4.7109908063679654e-03 0.004728994386210146 0.004771956292980516   
70 630 0.12985538231090513 68.71465749689891 0.004655774670575244 4.6557746705752443e-03 0.004732159107123498 0.004816299946099979   
71 639 0.16907862920065303 67.61317345878723 0.004610760992761712 4.6107609927617116e-03 0.004696967599740222 0.004786383284941003   
72 648 0.18242069962843335 66.31391034363037 0.0045640398519236096 4.5640398519236096e-03 0.004740084115026142 0.004905925982419094   
73 657 0.18143820501911928 62.56656179939912 0.0045640398519236096 4.5944180949487497e-03 0.004752335220632206 0.005215137154776209   
74 666 0.20384329850725605 70.63541174916004 0.0045640398519236096 4.5640996121197284e-03 0.004700025655566689 0.005012099592364955   
75 675 0.24256143172555347 77.44585006377413 0.004440643558204906 4.4406435582049061e-03 0.004672753209379746 0.005126476399936611   
76 684 0.27719040741201917 83.55675748156249 0.004394017508625524 4.3940175086255237e-03 0.004529531578505294 0.006432327041192086   
77 693 0.3486983598260817 76.49254162543745 0.004166159263845556 4.1661592638455557e-03 0.004542080236655104 0.004782012529593982   
78 702 0.3797617501245387 75.40709710867706 0.003963324137055612 3.9633241370556124e-03 0.0044716713922248325 0.005571286229081651   
79 711 0.41734843656681153 80.68631034976657 0.0038071158853509764 3.8071158853509764e-03 0.004617579075725568 0.0053539347970692815   
80 720 0.5042159504961793 75.07698705608537 0.003399525445954318 3.3995254459543182e-03 0.004393898731968493 0.005542518544056158   
81 729 0.5089812244085906 78.89218044912559 0.003399525445954318 4.0463176014872105e-03 0.004730327256005055 0.005986357212382195   
82 738 0.46359174390325814 70.36256999946252 0.003399525445954318 3.8551855036537772e-03 0.004619940222650845 0.006172651237258368   
83 747 0.43568842510737005 70.57561639124222 0.003399525445954318 3.8665591033830568e-03 0.0043401634143730786 0.00602719887011829   
84 756 0.4887406112017813 72.9265939717554 0.003246907599111603 3.2469075991116030e-03 0.004523785078531802 0.005795031876738137   
85 765 0.5347495835712303 69.35486271204783 0.003065240571672358 3.0652405716723582e-03 0.0033523193153721697 0.004835528647019326   
86 774 0.6161963000994563 69.31718180524618 0.0026058758970831583 2.6058758970831583e-03 0.0035585132250329993 0.008546018181471828   
87 783 0.6180120894993347 67.12207070265387 0.0026058758970831583 2.7908584001248475e-03 0.00415101815515315 0.009303284856875125   
88 792 0.6265269369848571 60.603582525092335 0.002529634285907134 2.5296342859071341e-03 0.004003477984436111 0.009416451418884135   
89 801 0.6868524928188339 56.39359012072543 0.002529634285907134 2.8653741632747769e-03 0.0050127633838345145 0.00961299498569932   
90 810 0.7076352967345856 53.3428797910039 0.002529634285907134 2.9579429640103137e-03 0.005669549691335396 0.011574055341818256   
91 819 0.6869818337379302 50.889007702625655 0.0023944973986992192 2.3944973986992192e-03 0.005940985893102996 0.01091791388116415   
92 828 0.6185961631217938 46.509718517433924 0.0023944973986992192 2.5169690404306813e-03 0.003979707619588562 0.005749929498940027   
93 837 0.5325786868786249 48.68034319366537 0.0023944973986992192 2.4975350487674176e-03 0.0034861129268445624 0.0061914273388448   
94 846 0.5494184056036745 47.75902713713159 0.0021127110691845745 2.1127110691845745e-03 0.002813338331431806 0.007123886466252959   
95 855 0.5966778573027568 45.609430300344826 0.0021127110691845745 2.3842091843196854e-03 0.003673863362020256 0.006151460586779444   
96 864 0.6346175412380456 43.84380644084009 0.0021127110691845745 2.2212070036581504e-03 0.003326421363388436 0.005042910994491263   
97 873 0.6229888852125831 38.70419298428864 0.0021127110691845745 2.5515245720645514e-03 0.004267608611550377 0.005107743373644935   
98 882 0.5701777876917375 37.69244598160772 0.0021127110691845745 2.4913149507938348e-03 0.0033541133944548097 0.00720054527678306   
99 891 0.5047897454621121 39.2323898344407 0.0021127110691845745 2.6026135308999040e-03 0.0030169258398280224 0.004944135448054882   
100 900 0.5097474571008954 38.42867896016762 0.0021127110691845745 2.2788288060957519e-03 0.003309179913571102 0.005765544733546115   
101 909 0.45253722723514755 37.722100652476776 0.001965738216714484 1.9657382167144839e-03 0.0025419087656317527 0.004334989626982012   
102 918 0.39689386889191547 35.87621270863085 0.001965738216714484 2.1671633930634392e-03 0.0025720326697461354 0.00354122715936088   
103 927 0.4036781663321128 34.96580159646591 0.0018377282504991477 1.8377282504991477e-03 0.002160448297410856 0.0029936607591618727   
104 936 0.3459251203924327 34.024502045792985 0.0018377282504991477 1.9189259736932852e-03 0.0021751797359097717 0.003136754015221548   
105 945 0.3380876281807422 34.35907659916566 0.0018377282504991477 2.0244113322169677e-03 0.002264600235874588 0.0032353907001982617   
106 954 0.3760784871916024 34.28441558542703 0.0018377282504991477 1.9410313700097832e-03 0.0020927036941769976 0.0026411896920826763   
107 963 0.4381710811257137 34.083233780172236 0.0017900491857820145 1.7900491857820145e-03 0.0020268368343729576 0.0026134592206003998   
108 972 0.4514494254520524 34.09182211702756 0.0016798678395618535 1.6798678395618535e-03 0.0021431988195642192 0.0026866171123234193   
109 981 0.4779245036583668 32.958797540198695 0.0016798678395618535 1.6802052308915662e-03 0.0018626150981164223 0.0022270236082001446   
110 990 0.4433464813579892 32.94615045428343 0.0016798678395618535 1.8058084142254156e-03 0.0019168374699309143 0.002522664869248129   
111 999 0.49782734156199887 32.176930561217624 0.001599130839882695 1.5991308398826949e-03 0.0020514254141384817 0.003203556078395673   
112 1008 0.5052814685835701 33.67431873118294 0.0015897599890250173 1.5897599890250173e-03 0.0018765091049685934 0.002959561307339065   
113 1017 0.520580199930644 33.61908506785044 0.0015897599890250173 1.6495987458583327e-03 0.0019810478228167545 0.00242387696482873   
114 1026 0.5006935074979411 32.459006533332506 0.0014522807010159617 1.4522807010159617e-03 0.002183055105765966 0.0026351630376229506   
115 1035 0.4989068836115817 30.552719392711005 0.0014522807010159617 1.5127129719307382e-03 0.001660347687773316 0.002051962546643001   
116 1044 0.5231263308357119 32.93340415409022 0.0014193190117955123 1.4193190117955123e-03 0.0016187492885946112 0.001948795833756292   
117 1053 0.47389375334957357 38.004371706545115 0.0014193190117955123 1.4905144558936263e-03 0.0016245083347380973 0.0024614092294946025   
118 1062 0.4331114408754587 36.06740628451768 0.0014193190117955123 1.4694349697935744e-03 0.0015459910709462277 0.0017392535091210522   
119 1071 0.3516446171189892 36.75230976374122 0.0014193190117955123 1.4629696169352997e-03 0.0015680762027091746 0.002230656248994332   
120 1080 0.31555722749681464 37.63501143712618 0.0013965114072040639 1.3965114072040639e-03 0.0015578687058138353 0.0016097336069168435   
121 1089 0.30644775481369746 38.68050995926671 0.0013965114072040639 1.4285530132897442e-03 0.0015277553998638196 0.0016388519207239786   
122 1098 0.31735683098436845 41.38063468231942 0.0013965114072040639 1.4274089122125982e-03 0.0014875842170728984 0.0018328403032354021   
123 1107 0.28536714877218605 45.70329714537034 0.0013963381993918537 1.3963381993918537e-03 0.0014814652418046214 0.00162301217898532   
124 1116 0.25903799267971994 46.4458014259419 0.0013963381993918537 1.4128424690265198e-03 0.0014726959204093364 0.0015707527039037514   
125 1125 0.2446164423405304 49.95161093730883 0.001366875589543604 1.3668755895436041e-03 0.001399176990513604 0.0015550684874203488   
126 1134 0.2931527287831518 50.61717275065701 0.0013136547737670943 1.3136547737670943e-03 0.0013612623662604027 0.0014366121703692234   
127 1143 0.31276587759050195 51.98276077036164 0.0012980969636813 1.2980969636813000e-03 0.0013706804596118052 0.0014268412090925227   
128 1152 0.34380924873335517 50.94477055221247 0.001273520421845203 1.2735204218452031e-03 0.0013235827747545585 0.0014687735130743105   
129 1161 0.36823060273558605 51.34458066453957 0.001273520421845203 1.2746596934745851e-03 0.0013367751762321483 0.0013682224208588613   
130 1170 0.4120680313637124 57.63270597105281 0.0012565887945133677 1.2565887945133677e-03 0.0013160696757288921 0.0013798009903094187   
131 1179 0.45552589305949726 59.48531533495688 0.0011992367841352006 1.1992367841352006e-03 0.0013159358291918886 0.0014927316167878694   
132 1188 0.4770921799945618 57.53429518395153 0.0011992367841352006 1.2193731290286586e-03 0.0013148209369266428 0.0013759905012239201   
133 1197 0.5079602926637425 55.221410971483394 0.001197276021576424 1.1972760215764240e-03 0.0012899656620561195 0.001340373752170526   
134 1206 0.5667415308144842 51.22901102441532 0.001197276021576424 1.1979316645921441e-03 0.0013435649190403584 0.0014264427552460027   
135 1215 0.573341650732396 51.404296099106745 0.0011561494382587737 1.1561494382587737e-03 0.001259898113596915 0.0021245069970121976   
136 1224 0.6084765404638008 55.854517650584604 0.0011561494382587737 1.1664144851833104e-03 0.0012943865826484046 0.0014440097225193464   
137 1233 0.6021719133510873 50.09357507414891 0.0011561494382587737 1.1648054309809635e-03 0.0012796954852140705 0.0014249524640775457   
138 1242 0.5874918180784535 48.59063696565082 0.0010889606441956152 1.0889606441956152e-03 0.0012249493750992294 0.0013569155200627632   
139 1251 0.5439930876808649 50.4972376001442 0.0010889606441956152 1.1384701189985573e-03 0.0013556033744221913 0.0017913483499899206   
140 1260 0.5342150718556808 48.954639521620656 0.0010850016650777849 1.0850016650777849e-03 0.0012464335473675136 0.0014408602451240107   
141 1269 0.6127132206305351 50.31494240706289 0.0010850016650777849 1.0970666485720375e-03 0.0011901336796017229 0.0013369721053113313   
142 1278 0.6143597691263978 54.588880170952145 0.0010483454181022937 1.0483454181022937e-03 0.0011825309407250662 0.0015889043243488862   
143 1287 0.6644762163690668 56.15434685985413 0.0009911542611841747 9.9115426118417472e-04 0.0012330626129777916 0.0015469084331669882   
144 1296 0.692882877154633 52.45365209900285 0.0009565877333525678 9.5658773335256775e-04 0.0011488616712634096 0.001519804515487649   
145 1305 0.7901322421078052 52.36916952604352 0.0009565877333525678 9.8611511080702163e-04 0.0011281754501639705 0.0012766345652925938   
146 1314 0.7877181568641223 48.44768121458384 0.0009565877333525678 9.9443417606983947e-04 0.0011438567697882726 0.0015182997432054957   
147 1323 0.7396437064738366 51.21188646761796 0.0009110620644641177 9.1106206446411766e-04 0.0014037752051325803 0.0028131962029877785   
148 1332 0.7343507390629547 54.97750059626956 0.0008999881503169032 8.9998815031690324e-04 0.001048612250574089 0.0014832257558593425   
149 1341 0.7239468211340713 56.91762143330225 0.0008999881503169032 9.5390856648511733e-04 0.0011451353814617275 0.0015540641411197712   
150 1350 0.676610508463547 59.88969224253942 0.000881873709975332 8.8187370997533203e-04 0.0010142484802995527 0.0012623339455273398   
151 1359 0.6440211005964803 61.35465920136978 0.000881873709975332 9.1335051801845750e-04 0.000941440801691515 0.0011912360876476162   
152 1368 0.6280520490160992 59.3431847004912 0.0008271375190244795 8.2713751902447946e-04 0.0010487545285831415 0.0011655830648285986   
153 1377 0.6170158623603997 58.78262421036445 0.0008271375190244795 8.4588865102247480e-04 0.0009158623919795864 0.001189576585044465   
154 1386 0.6230335829221543 59.49754382158637 0.0008271375190244795 8.4378685723687980e-04 0.0009421338562918976 0.0011045134453116297   
155 1395 0.618849890190752 62.72810642887154 0.0007850393170552262 7.8503931705522622e-04 0.0008639700130233344 0.0010175549855429794   
156 1404 0.5483406742395837 64.50643309321168 0.0007850393170552262 8.0877784604658110e-04 0.0008444237681988208 0.001132571805952881   
157 1413 0.5349722511864472 62.51016218041122 0.0007850393170552262 7.8637310395816352e-04 0.0008664277397940073 0.0009461994943183965   
158 1422 0.5625406481982891 66.06046024659973 0.000759422874322314 7.5942287432231403e-04 0.0008074810690181799 0.0008875260227376365   
159 1431 0.6648518042864876 75.07018661704795 0.0007344316812220273 7.3443168122202726e-04 0.0007684039860434991 0.0009207084059783671   
160 1440 0.7226133758313039 83.31302840845247 0.0007344316812220273 7.6492856203476520e-04 0.0008329225564520184 0.001009822406189262   
161 1449 0.9083772754374619 87.80827217865662 0.0007344316812220273 7.4056034129010623e-04 0.0008749684156092044 0.0017810629783546633   
162 1458 1.0228160396422992 88.83441843975706 0.0007344316812220273 7.5724303924371364e-04 0.0010122921400921858 0.001709354059204931   
163 1467 1.2249926486861862 86.64755951056661 0.0007344316812220273 7.4466852086340057e-04 0.0009831667065762664 0.001713436317987785   
164 1476 1.1418816079663983 86.16609539191911 0.0007344316812220273 8.1784418907735010e-04 0.0010579367961967212 0.0022155598699006634   
165 1485 0.9780428866332653 87.61951043624751 0.0006924416631050789 6.9244166310507890e-04 0.0009776509865110214 0.002082120579960984   
166 1494 0.8771038405306524 83.25034725263444 0.0006924416631050789 7.1092237864760124e-04 0.000784129033040601 0.0015194760619330243   
167 1503 0.8043376291164673 84.87093452293523 0.0006924416631050789 7.1178919716006356e-04 0.0008073694498316412 0.0008345696047927785   
168 1512 0.8107918520666691 81.41024127026095 0.000677502760917589 6.7750276091758899e-04 0.0007530775958768127 0.0010593744891809103   
169 1521 0.707787882787741 76.12097244048815 0.000677502760917589 6.9305561343116398e-04 0.0007239083402691767 0.0008112831202453705   
170 1530 0.5876255359127335 76.43483385851088 0.0006725850813374564 6.7258508133745637e-04 0.0007096354972598926 0.0008594534955068691   
171 1539 0.5194153851142951 82.07530920484376 0.0006725850813374564 6.9158339683199419e-04 0.0007098901810240756 0.0009094567374655569   
172 1548 0.4837538339145239 87.25209082259782 0.0006725850813374564 6.7769913501987444e-04 0.0006854302561586801 0.0007465822254358551   
173 1557 0.4344668676133894 86.99133427813918 0.0006725850813374564 6.7644292034053834e-04 0.0006983278193309403 0.0007193468692214799   
174 1566 0.3830392213505059 88.5619661676829 0.0006725850813374564 6.7574912890695402e-04 0.0006819006208014814 0.000690734528744206   
175 1575 0.37559377567877594 87.10828398054304 0.0006725850813374564 6.7575450255226129e-04 0.0006791172097831709 0.0006914319746526182   
176 1584 0.35650786039429044 87.87065440914505 0.0006725850813374564 6.7671627705358467e-04 0.0006795286632878278 0.0006975882846720956   
177 1593 0.3165958521671715 85.91819390220789 0.0006714911646009894 6.7149116460098939e-04 0.0006770930549413125 0.0006874703874055496   
178 1602 0.29535073479262347 90.8593370450947 0.0006714911646009894 6.7195605029016204e-04 0.0006732656167088458 0.0006811786234460293   
179 1611 0.29826769555643584 92.78122257191372 0.0006714911646009894 6.7329818494665068e-04 0.0006776568621004033 0.0006915361749326505   
180 1620 0.2621615830925316 99.75972038785116 0.0006714911646009894 6.7330583770837794e-04 0.0006786346452502208 0.0006882059931713135   
181 1629 0.23479734065287036 104.70686831850833 0.0006714911646009894 6.7353398263343472e-04 0.0006772647280177674 0.0006804355740823164   
182 1638 0.21377261354196486 91.43990547433735 0.000671237874053339 6.7123787405333902e-04 0.000673785794435045 0.0006768409313990103   
183 1647 0.22267225142891145 89.97730193100857 0.000671182350963641 6.7118235096364095e-04 0.0006726619741431946 0.0006760103681099296   
184 1656 0.21823156389162338 89.15186116289472 0.000671182350963641 6.7168380454265088e-04 0.0006732020978644411 0.0006752516741572824   
185 1665 0.22379533935558138 84.97324085422399 0.000671182350963641 6.7177516160377008e-04 0.0006729118472457668 0.0006760548772025319   
186 1674 0.23714308377790105 85.112374319612 0.000671182350963641 6.7306458688170926e-04 0.00067466017396289 0.0006791063776896623   
187 1683 0.22034512535563552 94.38147753661026 0.000671182350963641 6.7226894715293882e-04 0.0006750436914071197 0.0006822013070927767   
188 1692 0.19377789437432782 94.2151031097127 0.000671182350963641 6.7150120508992954e-04 0.0006749033645017073 0.000677451016958776   
189 1701 0.18571318492908154 94.14944994812029 0.0006708333589415425 6.7083335894154252e-04 0.0006723724639650502 0.0006736022957719166   
190 1710 0.15799339917473668 96.4689209072572 0.00067054505028231 6.7054505028231004e-04 0.0006721986859327842 0.0006770571904021719   
191 1719 0.14425910734557304 94.02698102633639 0.00067054505028231 6.7125137378880372e-04 0.000672167868444371 0.0006727177320471601   
192 1728 0.14049212928410934 105.98348841320265 0.00067054505028231 6.7106588926876701e-04 0.0006716028467877749 0.0006740220591662171   
193 1737 0.1323674139606842 108.79375400216716 0.00067054505028231 6.7073691352103866e-04 0.0006719447705645632 0.0006729507034999467   
194 1746 0.1274755700004374 113.67292125235123 0.00067054505028231 6.7058789641769956e-04 0.0006714107615170096 0.0006738141441787695   
195 1755 0.11368336015559882 128.3189374783985 0.00067054505028231 6.7122770851419571e-04 0.0006716850015302439 0.0006727344969982281   
196 1764 0.11136074315759524 130.95347626181473 0.00067054505028231 6.7091375142574940e-04 0.0006713594432711582 0.0006720239592981981   
197 1773 0.09449999761131872 137.68803525768678 0.00067054505028231 6.7079783431323308e-04 0.0006713125997236429 0.0006720789166688947   
198 1782 0.08926053797903545 135.4726701065641 0.00067054505028231 6.7094008454057883e-04 0.000671549273035034 0.0006720673413590654   
199 1791 0.0844352710414191 133.2754632389418 0.00067054505028231 6.7069323785073909e-04 0.0006711802715236812 0.0006719133457784621   
200 1800 0.0818323112889194 135.19403360304332 0.00067054505028231 6.7089886204038847e-04 0.0006713232095350238 0.0006720618172288474   
201 1809 0.07100799608633597 138.34564589393412 0.00067054505028231 6.7064308526449963e-04 0.0006709410813647058 0.0006711749739966052   
202 1818 0.06601316762331692 129.01455548895018 0.0006705277614957652 6.7052776149576518e-04 0.0006708934383282272 0.0006710970568441728   
203 1827 0.06376993794645462 126.57594423739776 0.0006705277614957652 6.7057567934074714e-04 0.0006708782952984155 0.0006711213050320908   
204 1836 0.06092582554880565 128.4765644654982 0.0006705277614957652 6.7065107164851988e-04 0.000671006658266489 0.0006716893931698833   
205 1845 0.052626362144456804 137.3914513679461 0.0006705277614957652 6.7055100967593499e-04 0.0006707792351785153 0.0006711473570891361   
206 1854 0.04679684818634888 135.780549497288 0.0006705277614957652 6.7060015479370242e-04 0.0006707322851962769 0.0006710036493481914   
207 1863 0.04662206281826755 141.9975358695927 0.0006705277614957652 6.7054976414489330e-04 0.0006706877702932439 0.0006712283685237937   
208 1872 0.046279953372685256 130.11827710389622 0.0006705256789501175 6.7052567895011753e-04 0.0006705582453515369 0.0006711029895141939   
209 1881 0.04344557148329551 131.32340571728827 0.0006705256789501175 6.7054110972222098e-04 0.0006705793439493845 0.0006710901537382687   
210 1890 0.039155412523025124 127.86268769612236 0.0006704924961439118 6.7049249614391183e-04 0.0006705472170358191 0.000670849721064025   
211 1899 0.033982355371206314 127.84721432296107 0.0006704924961439118 6.7049655505557618e-04 0.0006705642736481605 0.0006708837069962011   
212 1908 0.03060371453743994 124.33985518201801 0.000670482872849445 6.7048287284944498e-04 0.0006705379847298113 0.0006708909174635977   
213 1917 0.02971353120487625 120.44765850750308 0.0006704806784264042 6.7048067842640424e-04 0.000670494190103681 0.000670534284873923   
214 1926 0.03000252348958509 121.42933836242413 0.0006704806784264042 6.7048080267172476e-04 0.0006704896033528564 0.0006705209719479262   
215 1935 0.03240478865167857 122.49263984770438 0.0006704694391174502 6.7046943911745023e-04 0.0006704906556576848 0.0006708649967926551   
216 1944 0.02963449115287906 143.23302596961096 0.0006704694391174502 6.7047164128931035e-04 0.0006705262643564931 0.0006708280124985414   
217 1953 0.02914774375742169 147.80037631115988 0.0006704694391174502 6.7047053256012788e-04 0.0006704813221698821 0.000670814977028507   
218 1962 0.025052030447040463 141.1480016941143 0.0006704694391174502 6.7046990809530764e-04 0.0006704872854865812 0.0006708500406798488   
219 1971 0.022756450111920266 140.22102244027172 0.0006704645459149386 6.7046454591493864e-04 0.0006704754151934767 0.0006708129262305102   
220 1980 0.019026518033325057 137.22179006316824 0.0006704645459149386 6.7046743122932146e-04 0.0006704748840611792 0.0006704886166083411   
221 1989 0.018817008831544912 134.5182123245258 0.0006704642596289409 6.7046425962894091e-04 0.0006704676495297998 0.000670478246345192   
222 1998 0.02134576619427254 124.540689717524 0.0006704629990332713 6.7046299903327129e-04 0.0006704659716108006 0.0006704720018525835   
223 2007 0.025503385426704692 122.00092867211617 0.0006704590346770406 6.7045903467704063e-04 0.0006704650591667406 0.0006704701472827896   
224 2016 0.030773150544380568 123.30874425851508 0.000670457555943924 6.7045755594392399e-04 0.0006704692613635066 0.0006708206893958889   
225 2025 0.034858551110589095 141.0362974840895 0.0006704572166560745 6.7045721665607455e-04 0.0006704764823686957 0.0006708211188812781   
226 2034 0.03954590923958797 163.09207639057834 0.0006704570629659113 6.7045706296591130e-04 0.0006704649222634359 0.0006704911615615087   
227 2043 0.03680390198085239 184.91960171984837 0.0006704538928903593 6.7045389289035931e-04 0.0006704857342296304 0.0006708151696222802   
228 2052 0.03580630900667505 182.3332791180159 0.0006704403839140686 6.7044038391406862e-04 0.0006704592413842047 0.0006704722865604974   
229 2061 0.04440169853058902 181.77302400475637 0.0006704403839140686 6.7044088278787385e-04 0.000670452722134783 0.0006708086428367626   
230 2070 0.04747347938226086 183.67574546646392 0.000670431766394308 6.7043176639430802e-04 0.0006704601491588476 0.0006708381633924946   
231 2079 0.05226869551450821 174.67314320398896 0.0006704276095386305 6.7042760953863053e-04 0.0006704620046783213 0.0006707827893124524   
232 2088 0.05720380606464495 190.67775816133818 0.0006704276095386305 6.7043982553168977e-04 0.000670465875547423 0.0006708653515112315   
233 2097 0.05260579303708134 195.78570703912322 0.0006704276095386305 6.7044056051864529e-04 0.0006704776714960667 0.0006708111038075129   
234 2106 0.04951660285841714 194.16497064977762 0.0006704276095386305 6.7043550761659463e-04 0.0006704605060788495 0.0006709301933114145   
235 2115 0.054603880787431135 197.2106540160179 0.0006704276095386305 6.7043321917396132e-04 0.0006704604675613736 0.0006708081348569176   
236 2124 0.06046843404312804 209.32968175800045 0.0006704207806897753 6.7042078068977533e-04 0.0006705062275701802 0.0006709101093488966   
237 2133 0.06562627127227247 221.40153798867678 0.0006704207806897753 6.7043496313689860e-04 0.00067081074646626 0.0006709307509150688   
238 2142 0.0672764292236309 226.17922748736652 0.0006704207806897753 6.7044609206805858e-04 0.0006704733320241325 0.0006708330029283482   
239 2151 0.0628073631667112 218.28679980511507 0.0006704207806897753 6.7044796311926296e-04 0.000670487782235987 0.0006708052061208685   
240 2160 0.057435422411128645 230.4859783058881 0.0006704207806897753 6.7044078633158189e-04 0.0006704647453948555 0.0006708009819762229   
241 2169 0.04629593132642969 229.87226498923144 0.0006704207806897753 6.7043565116264620e-04 0.0006704516883293488 0.0006705030825418974   
242 2178 0.046456734793023154 248.955551831874 0.0006704207806897753 6.7043205146225253e-04 0.0006704442301024836 0.0006707784651758021   
243 2187 0.04654434522591636 279.23875250517887 0.0006704207806897753 6.7042592598053335e-04 0.0006704356774017289 0.0006707810398760731   
244 2196 0.047185948179891114 261.8125758987624 0.0006704207806897753 6.7043061990141760e-04 0.0006704690471093581 0.0006707769473866096   
245 2205 0.04479194211605204 256.5389813434345 0.000670418919698611 6.7041891969861099e-04 0.0006704387480557115 0.0006704476355433831   
246 2214 0.04116804100194484 265.54889277073147 0.000670418919698611 6.7041899839486059e-04 0.0006704300570476718 0.0006707676300655969   
247 2223 0.03599238059830681 273.2833400445339 0.0006704136930040775 6.7041369300407754e-04 0.0006704294562214218 0.0006704366533285112   
248 2232 0.03327555375023181 281.5166704707048 0.0006704136930040775 6.7041535864363361e-04 0.0006704208716016552 0.000670757297985123   
249 2241 0.03321861347849592 298.6786876286438 0.0006704114204732574 6.7041142047325744e-04 0.0006704195545209859 0.0006707632703605556   
250 2250 0.03408593143851258 316.0487479313271 0.0006704114204732574 6.7041251779918038e-04 0.000670419127389382 0.0006707524434526042   
251 2259 0.03506920372222259 325.21366899759516 0.0006704114204732574 6.7041459608308158e-04 0.0006704233697186215 0.0006707695524675805   
252 2268 0.038467851606664966 316.15244086375856 0.0006704114204732574 6.7041841822568292e-04 0.0006704289798797533 0.0006707606962457009   
253 2277 0.037244312593696996 298.895788031329 0.0006704106180171491 6.7041061801714915e-04 0.0006704205381380861 0.0006707490562455395   
254 2286 0.03178470965019334 275.92800075881877 0.0006704098628494087 6.7040986284940874e-04 0.0006704211405695055 0.0006707619416563039   
255 2295 0.0311395647715168 283.55735128594614 0.0006704098628494087 6.7041709752039852e-04 0.0006707391922760275 0.00067076958677127   
256 2304 0.027958624106733228 283.5909060716595 0.0006704098628494087 6.7041036678070528e-04 0.0006707425767601974 0.0006707613210638467   
257 2313 0.030545637249207645 306.9798772915639 0.0006704098628494087 6.7041955178228296e-04 0.0006707426022439863 0.0006707543285718161   
258 2322 0.028523433592204044 308.43863863442687 0.0006704098628494087 6.7041035994455319e-04 0.0006704192451655853 0.0006707696566450998   
259 2331 0.029558264929204124 295.7825381371454 0.0006704074108955611 6.7040741089556110e-04 0.0006704167476115508 0.0006707408771257171   
260 2340 0.0318326333687742 275.4166596714831 0.0006704074108955611 6.7041019250100892e-04 0.0006707464773465968 0.0006707705465946988   
261 2349 0.03281933938478001 268.72784337376356 0.0006704071028354725 6.7040710283547248e-04 0.0006704144457246877 0.0006707612162069663   
262 2358 0.029768398030544225 284.2269757210761 0.0006704071028354725 6.7040880945782504e-04 0.0006707390422353466 0.0006707558793066783   
263 2367 0.02836534761246202 288.4670748078195 0.0006704071028354725 6.7040732048718186e-04 0.0006704151588097119 0.0006707479564784138   
264 2376 0.03228775500893853 277.73270731010666 0.0006704062572592594 6.7040625725925938e-04 0.0006704107484518994 0.0006707408912899597   
265 2385 0.031049737668291853 331.25832024999056 0.0006704062572592594 6.7040762110035347e-04 0.0006707342857900981 0.0006707435954196571   
266 2394 0.034456762656974504 351.7907867167034 0.0006704062572592594 6.7040824920163843e-04 0.000670414911848826 0.000670743367772078   
267 2403 0.03513539217284381 366.4923579175749 0.0006704062572592594 6.7040639386732170e-04 0.0006704116307012327 0.0006707612266828383   
268 2412 0.03619115578004403 371.24295139393985 0.0006704062572592594 6.7040649266258533e-04 0.0006704183552106032 0.0006707561686053671   
269 2421 0.034575945758546923 405.79770130636723 0.0006704058998973063 6.7040589989730631e-04 0.0006704135289928267 0.0006707501639926591   
270 2430 0.030882091906057396 421.12757995156835 0.0006704058998973063 6.7040838845144684e-04 0.0006704152428820861 0.0006707465699513973   
271 2439 0.02938339389187027 415.7677845506247 0.0006704058998973063 6.7040598552174462e-04 0.0006704091025176025 0.0006707425278155543   
272 2448 0.024943889726351108 417.4464959729817 0.000670404234633897 6.7040423463389704e-04 0.000670742953897451 0.0006707519153781288   
273 2457 0.02282281899983375 430.3955478132974 0.000670404234633897 6.7040427287378779e-04 0.000670406206329499 0.0006704092530043971   
274 2466 0.023126017713438887 447.1651077216108 0.0006704038700683343 6.7040387006833430e-04 0.0006704066013295363 0.0006707423331672803   
275 2475 0.01992968565741634 427.62010860967155 0.0006704038700683343 6.7040428634305418e-04 0.0006704091046293175 0.0006707461449566229   
276 2484 0.017462873369758714 426.49457075459827 0.0006704038700683343 6.7040393910979587e-04 0.0006704079980887446 0.0006704098368664185   
277 2493 0.01662229712976916 437.6650255880298 0.0006704020111708927 6.7040201117089273e-04 0.0006704055847120154 0.0006704081812007992   
278 2502 0.015921630335974372 436.09550147614925 0.0006704017035948924 6.7040170359489236e-04 0.0006704048846582761 0.0006707419820162842   
279 2511 0.0162093373851532 449.8757788589171 0.0006704017035948924 6.7040230376475940e-04 0.0006704066255392663 0.0006707451059921937   
280 2520 0.015640015495392148 472.1825759765185 0.0006704017035948924 6.7040317742199677e-04 0.0006704053152969835 0.0006707445235712774   
281 2529 0.01584095500023628 486.0081591001953 0.0006704017035948924 6.7040269716622867e-04 0.000670404075398827 0.0006704049536760306   
282 2538 0.016036891246258234 488.12119593242886 0.0006704017035948924 6.7040282785999470e-04 0.0006704045434279544 0.0006707423286107127   
283 2547 0.01454088745079891 499.30154545596247 0.0006704017035948924 6.7040257990290928e-04 0.0006704063564160388 0.000670745491557977   
284 2556 0.012924987454902035 490.0213564390727 0.0006704017035948924 6.7040225420197930e-04 0.0006704036407954795 0.0006707423889321285   
285 2565 0.01185608658463404 492.68545570781055 0.0006704017035948924 6.7040256592032347e-04 0.0006704047997916413 0.000670743486593993   
286 2574 0.011152641773111495 532.9420459511379 0.0006704017035948924 6.7040258331238565e-04 0.0006704045842093956 0.0006707449092308356   
287 2583 0.00984518888734226 484.49825160394204 0.0006704017035948924 6.7040239685398648e-04 0.0006704032275715109 0.0006707473208113088   
288 2592 0.00955896143274931 469.6876285126406 0.0006704017035948924 6.7040209811291521e-04 0.0006704030045537337 0.0006704043438942241   
289 2601 0.00934350166552899 471.39472199440536 0.0006704017035948924 6.7040296097461050e-04 0.0006704039712721513 0.0006707448951007119   
290 2610 0.008883370497482048 489.4134406409248 0.0006704017035948924 6.7040245691119525e-04 0.0006704034646562969 0.0006707445172656954   
291 2619 0.008206085043068911 489.9411085646534 0.0006704017035948924 6.7040242662392635e-04 0.0006704031520086279 0.0006704036608312794   
292 2628 0.007618300945328217 504.5558661851814 0.0006704017035948924 6.7040215050324817e-04 0.000670402549561795 0.0006707439222067461   
293 2637 0.008081624028536901 528.3675636703355 0.0006704016805777499 6.7040168057774991e-04 0.0006704025547164183 0.0006704036673007325   
294 2646 0.008446133656862876 542.5710702295252 0.0006704014328519783 6.7040143285197827e-04 0.0006704020188913808 0.0006707422865240982   
295 2655 0.008391510881973931 593.8136062039262 0.0006704014328519783 6.7040153723289721e-04 0.0006704030217801819 0.0006707435049317239   
296 2664 0.009091772790800793 678.5016936325756 0.0006704013993334387 6.7040139933343865e-04 0.0006704026017758508 0.0006707427205382878   
297 2673 0.008527673553044865 650.6770761462313 0.0006704013993334387 6.7040176342559904e-04 0.0006704022966763509 0.0006707422554186861   
298 2682 0.008683062523094457 629.5776989773004 0.0006704013993334387 6.7040153191893072e-04 0.0006704019156300192 0.0006707423388660099   
299 2691 0.007682819067056679 653.3563856639034 0.0006704013993334387 6.7040146032923669e-04 0.000670401984879672 0.0006707421414254475   
300 2700 0.006824850733869192 717.5587305946656 0.0006704013993334387 6.7040157476695597e-04 0.0006704020416570855 0.0006707409002296387   
301 2709 0.006928572620937529 736.2271692130627 0.0006704013253658479 6.7040132536584792e-04 0.0006704015380300673 0.0006707416171964835   
302 2718 0.005647814050087209 731.7484635925558 0.0006704013114496709 6.7040131144967090e-04 0.0006707415594930621 0.0006707423000370461   
303 2727 0.005254296135276655 751.7034272298113 0.0006704013114496709 6.7040144642039256e-04 0.0006704016635719446 0.0006704022154042442   
304 2736 0.005149731971744473 797.2196782244924 0.0006704013114496709 6.7040131537338598e-04 0.0006707413092269306 0.0006707419411971279   
305 2745 0.004925270478440406 767.2864982307342 0.0006704011987525546 6.7040119875255461e-04 0.0006704016569065179 0.0006707413723994585   
306 2754 0.00483136100279437 694.3674503115193 0.0006704011987525546 6.7040127237161132e-04 0.0006704015101238073 0.0006707416640916509   
307 2763 0.004545972926612695 741.296548425481 0.0006704011597565135 6.7040115975651351e-04 0.0006704014422750239 0.0006707410695731875   
308 2772 0.004610096015966605 755.6249579647438 0.0006704011597565135 6.7040121904375942e-04 0.000670401429541716 0.000670741462048478   
309 2781 0.0038449875062487853 779.9479559073977 0.0006704011597565135 6.7040127257073708e-04 0.0006704014456935638 0.0006707406673397098   
310 2790 0.0034441955028599765 870.4821963939671 0.0006704011597565135 6.7040123152767902e-04 0.0006704014227427497 0.0006707412318361987   
311 2799 0.0034981666124228043 866.2370966951877 0.0006704011597565135 6.7040119889425626e-04 0.0006704013128504863 0.0006707405571085736   
312 2808 0.003491056891287156 946.3846184693219 0.0006704011597565135 6.7040117072060090e-04 0.0006704012804319728 0.0006704014005548932   
313 2817 0.0030716885671580566 934.965279634618 0.0006704011597565135 6.7040121864343663e-04 0.0006704013344813846 0.0006707408676476388   
314 2826 0.0029050038455855115 1021.0389112225217 0.0006704011353006784 6.7040113530067837e-04 0.0006704013196020751 0.0006707411413684111   
315 2835 0.0026760890776026934 1023.7304366616836 0.0006704011353006784 6.7040113979728003e-04 0.0006704012325137359 0.0006707406408338688   
316 2844 0.002407561281805024 1044.4066343171287 0.0006704011353006784 6.7040114114865032e-04 0.0006704012175839739 0.0006707405898114145   
317 2853 0.0023520424032373102 1109.1461033771332 0.000670401128693325 6.7040112869332503e-04 0.0006704012285385726 0.0006707411262157476   
318 2862 0.002049893290874584 1222.075944343056 0.000670401128693325 6.7040113353399663e-04 0.0006704011934836415 0.0006707408628659931   
319 2871 0.0018633737309257537 1267.9596601210562 0.0006704011176304598 6.7040111763045978e-04 0.0006704011576601271 0.0006707411320127046   
320 2880 0.0019975361986984117 1302.6028262864309 0.0006704011176304598 6.7040114097001511e-04 0.0006707407248195915 0.0006707410117212346   
321 2889 0.0019217506860736942 1279.758129138196 0.0006704011176304598 6.7040113886274514e-04 0.0006704011790846042 0.0006707411746484847   
322 2898 0.002067371963921702 1259.1974096015635 0.0006704011176304598 6.7040112517075792e-04 0.000670401183917824 0.0006707409455872176   
323 2907 0.0020490551524258425 1163.4382586482996 0.0006704010838572709 6.7040108385727089e-04 0.0006704011383585973 0.0006707409311791353   
324 2916 0.0018645643760725854 1388.4466705270293 0.0006704010838572709 6.7040111030443729e-04 0.0006707405873334759 0.0006707409399389222   
325 2925 0.001639359360981137 1449.9482615320535 0.0006704010838572709 6.7040110967725084e-04 0.0006704011468672613 0.0006704012084488248   
326 2934 0.0016771720179115702 1581.9927622370114 0.0006704010792401107 6.7040107924011072e-04 0.000670401129024014 0.0006707408731066826   
327 2943 0.0017570789149257292 1691.4501187472715 0.0006704010789721148 6.7040107897211481e-04 0.0006704011231780324 0.0006707408523105989   
328 2952 0.0018119031366865034 1867.4037433658182 0.0006704010768887751 6.7040107688877513e-04 0.0006704011226833263 0.0006707408063297935   
329 2961 0.0018512955258436275 1945.0265411346516 0.0006704010676872223 6.7040106768722230e-04 0.00067040109518388 0.0006707406469558095   
330 2970 0.001762901961554758 1843.9637159160113 0.0006704010676872223 6.7040107074553014e-04 0.0006704010979236242 0.0006707406797760953   
331 2979 0.001651562177795625 1939.4004879779557 0.0006704010676872223 6.7040106785921146e-04 0.0006704011025892519 0.0006707408105668603   
332 2988 0.0016231426789885806 2113.6890610558285 0.0006704010533318659 6.7040105333186588e-04 0.0006704010844625135 0.0006707408466852439   
333 2997 0.0016208199838166411 2128.7422589161024 0.0006704010533318659 6.7040105945360984e-04 0.0006704011174116385 0.0006707407787762431   
334 3006 0.0014365837435046517 2222.6059572209983 0.0006704010533318659 6.7040105524651238e-04 0.0006704010741865473 0.0006707408860457766   
335 3015 0.0012374509676177856 2419.2046784766653 0.000670401047019405 6.7040104701940502e-04 0.0006704010665248958 0.0006707406241230186   
336 3024 0.0011374229138858669 2609.530260262074 0.0006704010369490684 6.7040103694906842e-04 0.0006704010577100155 0.0006707406901517056   
337 3033 0.0010329514041105482 2738.9740575182973 0.0006704010369490684 6.7040104089582052e-04 0.0006704010652343538 0.0006707408105457777   
338 3042 0.0009185474419809996 2801.100323205518 0.0006704010369490684 6.7040104152448854e-04 0.0006704010554335767 0.0006707405690250228   
339 3051 0.0009165990146983807 2666.169134845651 0.0006704010369490684 6.7040105588370971e-04 0.0006707405994760264 0.0006707407568625597   
340 3060 0.0009192823346635823 2940.644443028293 0.0006704010369490684 6.7040103802472339e-04 0.0006704010581533077 0.0006707405919822436   
341 3069 0.0007975582986997683 3481.2675324539277 0.0006704010369490684 6.7040103740107957e-04 0.0006704010490807728 0.0006707407250850551   
342 3078 0.0007700418794745616 3605.869336387203 0.0006704010333270717 6.7040103332707173e-04 0.0006704010457420088 0.0006707407479929022   
343 3087 0.000873795890468526 3800.762764802357 0.0006704010317318808 6.7040103173188084e-04 0.0006704010430582033 0.0006707406402676639   
344 3096 0.0009342049694502926 4363.068210206097 0.000670401027235338 6.7040102723533795e-04 0.000670401044470857 0.0006707407546817664   
345 3105 0.0010513328978887908 4089.314721993572 0.000670401021858756 6.7040102185875596e-04 0.0006704010278788153 0.0006707407847795458   
346 3114 0.001099341403019369 4556.812430380796 0.000670401021858756 6.7040102331475360e-04 0.0006707406020609651 0.000670740746545384   
347 3123 0.0011988841714730637 4828.853022687718 0.000670401021858756 6.7040103479406069e-04 0.0006707406740229654 0.0006707408338892662   
348 3132 0.001159056012838576 4773.341924811186 0.000670401021858756 6.7040102849377770e-04 0.000670401049200368 0.0006707408527358281   
349 3141 0.0012461105267189607 5216.7378921745885 0.000670401021858756 6.7040102206652010e-04 0.000670401040513274 0.0006707407606972446   
350 3150 0.0013478915586038229 6057.679711146288 0.0006704010055401566 6.7040100554015660e-04 0.0006704010350713363 0.0006707409148612036   
351 3159 0.0014008557097355584 6421.678947302025 0.0006704010055401566 6.7040102095494974e-04 0.0006704010411610053 0.0006707409115550799   
352 3168 0.0016031359020703658 6359.363361812872 0.0006704010055401566 6.7040102029407517e-04 0.0006707408517997091 0.0006707410252384781   
353 3177 0.0015361709590543172 6776.0561099158695 0.0006704010055401566 6.7040102105907749e-04 0.0006704010695349925 0.0006707410375732824   
354 3186 0.0015152767008460005 6772.352101914565 0.0006704010055401566 6.7040102333493288e-04 0.0006704010489704638 0.0006707408261995358   
355 3195 0.0014243723377960539 6795.092800603768 0.0006704010055401566 6.7040101111775867e-04 0.0006704010420013453 0.0006707405832213703   
356 3204 0.0013190989388506902 7130.7364297361255 0.0006704010053131901 6.7040100531319015e-04 0.0006704010281138022 0.000670740972635241   
357 3213 0.0013819889061531618 6703.602780798182 0.0006704010053131901 6.7040101041803953e-04 0.0006707407319982003 0.0006707409361574388   
358 3222 0.0014285916510863902 6700.741234343806 0.0006704009989868535 6.7040099898685345e-04 0.000670401026640752 0.0006707408266295999   
359 3231 0.001509016628047106 7131.8496345016165 0.0006704009989868535 6.7040100085981932e-04 0.0006707407948231499 0.0006707409335124197   
360 3240 0.0015430856325372693 8009.352484910003 0.0006704009989868535 6.7040100871273772e-04 0.0006707407929775568 0.0006707409790455716   
361 3249 0.001528912542915048 7842.103579218185 0.0006704009989868535 6.7040100243933145e-04 0.0006704010222953603 0.0006707409573954073   
362 3258 0.0017832751647020625 7465.312763460165 0.0006704009989868535 6.7040100741779158e-04 0.0006707408645522123 0.0006707409743975101   
363 3267 0.0019638820565468663 7812.584742385028 0.0006704009989868535 6.7040102089903060e-04 0.0006704010472119103 0.0006707408786374411   
364 3276 0.0018189287510072746 6701.951026287947 0.0006704009989868535 6.7040101184447358e-04 0.0006704010306044482 0.0006704010553342372   
365 3285 0.0019373117556406607 6880.384721161879 0.0006704009989868535 6.7040100613366340e-04 0.0006704010362476273 0.0006707407911062225   
366 3294 0.0019294351353990327 6940.00122524135 0.0006704009936864942 6.7040099368649423e-04 0.0006704010230815203 0.0006707407836004012   
367 3303 0.0018749117908257477 7089.110374712276 0.0006704009936864942 6.7040100206630215e-04 0.0006707407471482853 0.0006707408421657369   
368 3312 0.0017234196166617977 7533.059226812339 0.0006704009936864942 6.7040099629836762e-04 0.000670401019628377 0.0006707408593286311   
369 3321 0.0016333518754876005 7309.761115041825 0.0006704009936864942 6.7040100542943505e-04 0.0006704010223594922 0.0006707407997027348   
370 3330 0.001546844080255342 6956.378555887425 0.000670400984365737 6.7040098436573696e-04 0.0006704010095049652 0.0006707409108382248   
371 3339 0.0014911341215070556 7210.090870737203 0.000670400984365737 6.7040101147115600e-04 0.000670740843569702 0.0006707410160291216   
372 3348 0.001508746775503554 6967.549619651547 0.000670400984365737 6.7040099825436180e-04 0.0006707408611612475 0.0006707410494995747   
373 3357 0.0014723615071132448 6758.083299130943 0.000670400984365737 6.7040100880947999e-04 0.0006704010191528149 0.0006707409860481389   
374 3366 0.00137354420059133 6906.093470419351 0.000670400984365737 6.7040100810908355e-04 0.0006704010320758161 0.0006707410723842498   
375 3375 0.0012041666303892473 7076.489795367525 0.000670400984365737 6.7040100473267394e-04 0.0006704010182166309 0.0006704010301247075   
376 3384 0.0012843262179140535 6506.550076776499 0.000670400984365737 6.7040100221227794e-04 0.0006704010171822955 0.0006707409143596324   
377 3393 0.0013660458185917983 6086.025130556045 0.000670400984365737 6.7040101543886952e-04 0.0006707408591485118 0.0006707411314407016   
378 3402 0.0015158028830581506 6088.83970765497 0.000670400984365737 6.7040100753110589e-04 0.0006704010168949986 0.0006704010318660813   
379 3411 0.0014309962337735933 6258.897029226836 0.000670400984365737 6.7040099419538859e-04 0.000670401019834762 0.000670740922386116   
380 3420 0.0015469411430350192 6500.453660320555 0.000670400984365737 6.7040099863131320e-04 0.0006704010077084844 0.0006707411578717855   
381 3429 0.001676965900298241 6896.717346859158 0.000670400984365737 6.7040099348442172e-04 0.0006704010018633835 0.0006707410600947072   
382 3438 0.0015955362929666766 7395.897290931154 0.000670400984365737 6.7040099318391470e-04 0.0006704010063915823 0.0006707410156020457   
383 3447 0.0013504846889617788 7040.077053749126 0.000670400984365737 6.7040098927472944e-04 0.0006707409576706875 0.0006707410836509269   
384 3456 0.0012565648085362936 6932.070297066658 0.000670400984365737 6.7040099939310975e-04 0.0006707408718333304 0.0006707410706767778   
385 3465 0.0013204135283409598 6683.760945249653 0.000670400984365737 6.7040099148214067e-04 0.0006704010182061258 0.0006707410831540018   
386 3474 0.0014617926653808567 7592.609025625939 0.000670400984365737 6.7040099849104736e-04 0.0006707409556474218 0.0006707411108994646   
387 3483 0.0016453296225904404 6721.39708687293 0.000670400984365737 6.7040098925222260e-04 0.0006704010086506092 0.000670741012438597   
388 3492 0.0015409538903958387 6837.038567418199 0.0006704009832315306 6.7040098323153062e-04 0.0006704010014206963 0.0006707411772497354   
389 3501 0.0015012574548222543 6908.382662486191 0.0006704009829325853 6.7040098293258529e-04 0.0006704010156031682 0.0006707410526139804   
390 3510 0.0014332374586718735 6786.322283873471 0.0006704009829325853 6.7040098388333313e-04 0.0006704010031692676 0.000670741001924253   
391 3519 0.0015444339464904739 6763.040956768678 0.0006704009816372772 6.7040098163727725e-04 0.0006704009922434832 0.0006707410329072812   
392 3528 0.0016212030810579593 6833.276217979147 0.0006704009816372772 6.7040098228974730e-04 0.0006707408796832506 0.0006707409387707892   
393 3537 0.0016177614286646575 7594.452059091865 0.0006704009806364792 6.7040098063647917e-04 0.0006704009899934659 0.000670740904325112   
394 3546 0.0016268382877355078 7575.404230881749 0.0006704009806364792 6.7040098638053664e-04 0.0006704009928375195 0.0006707410025891022   
395 3555 0.0014165567360160617 8722.647577722431 0.0006704009806364792 6.7040098152803011e-04 0.000670740616339522 0.0006707408282829388   
396 3564 0.0011472179006022677 9215.56925064303 0.0006704009806364792 6.7040098531578321e-04 0.0006704009950697276 0.0006707409048607468   
397 3573 0.0011970374213647553 9005.687578739717 0.0006704009806364792 6.7040098141466138e-04 0.0006704009938164686 0.0006707410079788554   
398 3582 0.0012154709354384007 8171.455430070798 0.0006704009754012046 6.7040097540120461e-04 0.0006707407252665899 0.0006707408231040067   
399 3591 0.001419520942711353 8420.407977740788 0.0006704009744186705 6.7040097441867046e-04 0.0006704009792200316 0.0006707408096700194   
400 3600 0.001323474502147285 8374.704545841776 0.0006704009744186705 6.7040097755475170e-04 0.0006707406645153021 0.0006707407906787765   
401 3609 0.001316757718046933 9173.448092345558 0.0006704009744186705 6.7040097676115658e-04 0.0006707405814582299 0.0006707407796561158   
402 3618 0.0013082374713247458 8911.393559323278 0.0006704009744186705 6.7040097916606662e-04 0.000670740641363107 0.0006707408774090234   
403 3627 0.001461981505492613 8913.994310806922 0.0006704009744186705 6.7040098115916599e-04 0.0006707406334468565 0.0006707407006094172   
404 3636 0.0014259054628814598 9291.072053699769 0.0006704009744186705 6.7040097843628732e-04 0.0006707404620356754 0.0006707406139849585   
405 3645 0.0012876261993410149 9940.738079635617 0.0006704009744186705 6.7040097658545848e-04 0.0006707405485445024 0.0006707407505781735   
406 3654 0.0011615312406402485 10004.053913939673 0.0006704009734687993 6.7040097346879931e-04 0.0006707404954742158 0.0006707406415332979   
407 3663 0.0010722650024764398 10222.699274487051 0.0006704009734687993 6.7040097727945325e-04 0.000670740594999505 0.0006707407509368284   
408 3672 0.0009294271448438765 9852.004555871494 0.0006704009713567053 6.7040097135670528e-04 0.0006704009851279972 0.0006707406980544867   
409 3681 0.0008659366099879786 10346.585342275212 0.0006704009713567053 6.7040097269571112e-04 0.0006707405088994561 0.0006707406852573513   
410 3690 0.0008648730313154002 9687.73346010019 0.0006704009713567053 6.7040097857833797e-04 0.0006707406602877025 0.0006707407565548349   
411 3699 0.0008427743261829668 10294.41598209931 0.0006704009713567053 6.7040097735820493e-04 0.0006704009841882333 0.0006707406758155582   
412 3708 0.0007921194094826935 10071.535149091786 0.0006704009713567053 6.7040097812407743e-04 0.0006704009867616451 0.0006707407245905257   
413 3717 0.00066643428209993 9743.449816272632 0.0006704009713567053 6.7040098093948039e-04 0.0006707405849539014 0.0006707406718086538   
414 3726 0.0006318616738347383 9809.685689143427 0.0006704009713567053 6.7040097572913424e-04 0.0006704009836742998 0.0006707406677788148   
415 3735 0.0006533891802186053 9160.679138567222 0.0006704009713567053 6.7040097947044142e-04 0.0006707405818407366 0.0006707406307193077   
416 3744 0.0006352519520859425 9358.179448724934 0.0006704009713567053 6.7040097825457764e-04 0.0006704009827611607 0.0006707406065875619   
417 3753 0.0007027822728051743 9110.035739744075 0.0006704009713567053 6.7040098016096978e-04 0.000670740541588798 0.0006707406016640696   
418 3762 0.0006911109539211075 10216.752458368512 0.0006704009713567053 6.7040097168239202e-04 0.0006707406125390964 0.0006707406463507117   
419 3771 0.0007012007458831185 10093.153398151815 0.0006704009713567053 6.7040097806240269e-04 0.0006707405384243267 0.0006707406448101632   
420 3780 0.000596873790039136 10006.740554802533 0.0006704009713567053 6.7040097884309201e-04 0.0006707406079925431 0.0006707407034215531   
421 3789 0.0005378984664916807 10152.256410502694 0.0006704009713567053 6.7040098197257750e-04 0.000670740607581417 0.0006707406542374541   
422 3798 0.0005887349137982722 10001.584917364791 0.0006704009713567053 6.7040097804276031e-04 0.0006704009820808763 0.0006707406408769497   
423 3807 0.0006597212141750204 10149.474473858576 0.0006704009713567053 6.7040097648587223e-04 0.0006704009829396182 0.0006707406650711983   
424 3816 0.000745498383966983 10848.252599193214 0.0006704009713567053 6.7040097614205643e-04 0.000670400980395486 0.0006707407485087147   
425 3825 0.0007675107369171074 11059.088245413126 0.0006704009713567053 6.7040097620312585e-04 0.0006707406248954119 0.000670740734876838   
426 3834 0.0008048072983700663 11522.273897765623 0.0006704009713567053 6.7040097867043943e-04 0.0006704009825309065 0.0006707407955942747   
427 3843 0.0008291898731520835 11908.809569286477 0.0006704009713567053 6.7040097714121715e-04 0.0006707407289965518 0.0006707408717954649   
428 3852 0.0007731533456514425 11889.463704645408 0.0006704009713567053 6.7040097598760294e-04 0.0006704009859014468 0.0006707408615670734   
429 3861 0.0007089622116725148 12810.549258697954 0.0006704009713567053 6.7040097668832628e-04 0.000670400980730648 0.0006707408150402318   
430 3870 0.0007657243980315741 12886.554080833574 0.0006704009713567053 6.7040097718766177e-04 0.0006704009794486091 0.0006707408203212775   
431 3879 0.0007559429972074969 13434.388800257655 0.0006704009713567053 6.7040097949435859e-04 0.0006704009839871258 0.0006707407888054457   
432 3888 0.0006807671349887856 13749.441289508717 0.0006704009713567053 6.7040097716080337e-04 0.0006704009828853828 0.0006707407534112027   
433 3897 0.0007043878416379884 13316.794115851626 0.0006704009713567053 6.7040097674621313e-04 0.0006704009837690803 0.0006707407246104962   
434 3906 0.0005770583768270564 13166.462769912476 0.0006704009713567053 6.7040097704156726e-04 0.00067040097867611 0.0006707408103707931   
435 3915 0.0004884524622005573 12253.97425885646 0.0006704009713567053 6.7040097967552260e-04 0.0006704009821401226 0.0006707407825939394   
436 3924 0.0005245776192355785 11466.468311370827 0.0006704009713567053 6.7040097710043152e-04 0.0006704009834123453 0.0006707407583435734   
437 3933 0.0004921243222184163 11383.263033225881 0.0006704009713567053 6.7040097664746411e-04 0.0006704009810005547 0.0006707406873845959   
438 3942 0.0004778785544341766 12243.550022447118 0.0006704009713567053 6.7040097676069796e-04 0.0006704009788406522 0.0006707407440865562   
439 3951 0.0004988420486317708 12442.039535714044 0.0006704009713567053 6.7040097798472893e-04 0.0006707406246729974 0.0006707406841247413   
440 3960 0.00046162044629433963 12379.194987063162 0.0006704009713567053 6.7040097571105669e-04 0.0006704009801830269 0.0006707406662807123   
441 3969 0.00042801586101130903 12785.282293811548 0.0006704009713567053 6.7040097646796652e-04 0.0006704009813341661 0.0006707407173795944   
442 3978 0.00042310916982560536 12999.675181564333 0.0006704009713567053 6.7040097573971746e-04 0.0006704009790979928 0.0006704009804847668   
443 3987 0.0004641474752136036 12582.550240334556 0.0006704009713567053 6.7040097535598622e-04 0.0006704009801597354 0.0006707407178756284   
444 3996 0.0004874914564482551 12728.229781845037 0.0006704009713567053 6.7040097543468922e-04 0.0006707406351492024 0.0006707406911175695   
445 4005 0.0004614095699215487 13535.839322049684 0.0006704009713567053 6.7040097462483584e-04 0.000670740624959706 0.0006707406822710181   
446 4014 0.00040048708100168717 13564.387017760053 0.0006704009713567053 6.7040097653649569e-04 0.0006704009789529745 0.0006704009798838781   
447 4023 0.00040442023579756345 13808.211913038956 0.0006704009713567053 6.7040097532012732e-04 0.0006704009770773338 0.000670740682777071   
448 4032 0.00038985705647177877 13644.155426251826 0.0006704009713567053 6.7040097501612419e-04 0.0006704009805632027 0.0006707407374873489   
449 4041 0.00039640757304395223 13979.43041332273 0.0006704009713567053 6.7040097690096304e-04 0.0006704009802027519 0.0006707406658003267   
450 4050 0.00038289386664490616 14444.674189835921 0.0006704009713567053 6.7040097388569955e-04 0.0006704009823695688 0.0006707407003787218   
451 4059 0.00038877625365356464 13975.578076901093 0.0006704009713567053 6.7040097564673498e-04 0.0006704009795026053 0.0006707406778685982   
452 4068 0.0003893756104054869 13619.638179477426 0.0006704009713567053 6.7040097741756109e-04 0.0006704009797702771 0.0006707406633920929   
453 4077 0.0004425112314447483 12733.393546559386 0.0006704009713567053 6.7040097567898273e-04 0.0006704009783622412 0.0006707406631729139   
454 4086 0.00045281185469277197 11892.172132096064 0.0006704009713567053 6.7040097709610653e-04 0.0006704009790031636 0.000670740688594628   
455 4095 0.0004478644875177585 12637.911701980316 0.0006704009713567053 6.7040097330393076e-04 0.0006704009776911275 0.0006707406911110225   
456 4104 0.00043526202447178924 12611.562367443195 0.0006704009713567053 6.7040097461980438e-04 0.0006707406476032504 0.0006707406969040421   
457 4113 0.0004305049215407242 12663.513788915434 0.0006704009713567053 6.7040097432681869e-04 0.0006704009782549174 0.0006707407050767245   
458 4122 0.0004351713805243838 12328.291638576895 0.0006704009713567053 6.7040097479022904e-04 0.0006704009796604707 0.0006707407048858097   
459 4131 0.0004120961583098204 12204.487619166941 0.0006704009713567053 6.7040097616948198e-04 0.0006704009786416959 0.0006707407266807724   
460 4140 0.00042973358735798876 12938.386432443534 0.0006704009713567053 6.7040097558876681e-04 0.0006704009798030542 0.000670740681459958   
461 4149 0.0004575239016952628 14276.917088381144 0.0006704009713567053 6.7040097665979756e-04 0.0006704009775893723 0.0006707407219595473   
462 4158 0.00044302735851575297 13254.649413227902 0.0006704009713567053 6.7040097338416020e-04 0.0006704009764880916 0.0006704009804276431   
