% # columns="iter, evals, sigma, 0, fitness, xbest" seed=626999, Fri Dec  1 12:25:49 2023, <python>{}</python>
1 9 2.043109319292711 0 0.8891907930482504 -2.389352055088784 4.312759205185111 -3.2319302309743083 -3.192770306802688 -0.7458135338712706 -0.6799745727389477
2 18 1.982989474446558 0 0.09567285028454753 0.574234750848087 1.4265096878109909 -3.6848960347807855 -0.03531820586299261 0.782329089855401 -0.8388869803207026
3 27 1.9860248598292762 0 0.12940696557221346 -0.39571017412444554 1.3855818413874925 -3.317881709243327 -1.3238242916020715 1.4234395453549729 -1.5783235158134632
4 36 1.8950543870843266 0 0.07257845115893374 1.0139480972175896 4.03898310720723 -3.180561379859427 -2.1611505892721317 1.5065857447477158 -4.002399901056174
5 45 1.7735369133549346 0 0.1611011715218782 0.3841479757513995 2.108466615134887 -4.225379723309366 -2.8020218696623913 1.127422578579163 -1.983041987620886
6 54 1.8467099757514776 0 0.032280250428695596 0.6907845955105021 0.3463025653343461 -8.10983366515076 -3.6489709508806083 0.0097846609147485 -2.718728287969253
7 63 1.829468154458357 0 0.050239389507042376 1.972134108829597 3.843347437880046 -5.113369738235981 1.4577492626259891 0.3306489797369052 -2.9885692424737034
8 72 1.6735709532328062 0 0.05996252502882979 2.9270451386643996 1.2804773463083277 -6.599404341946148 -5.172219336076429 -0.0958014285066564 -2.2662251622090497
9 81 1.5742618950766734 0 0.03710365277860418 3.3555963213223285 0.14924315350346196 -2.686146613819924 -3.421295381913948 -0.009880390751975776 -2.797160671600497
10 90 1.4866329519579842 0 0.03661888480418713 -0.5050485296680205 -0.02262829733909788 -5.326673362705639 -2.109063462504134 0.31785071485680966 -2.018952037029801
11 99 1.3363518830734469 0 0.02820673001357366 1.0197564434040343 1.820736950865475 -6.344590157601556 -3.249738736536645 0.004927969566671214 -2.2917977614772727
12 108 1.2886277563210582 0 0.04964017653015845 2.0959987450591693 -1.4393268449163594 -4.080410796919839 -3.5243619076246393 -0.03075028456734875 -3.432193205630826
13 117 1.0929585398633406 0 0.03337324357110971 2.8461502157794722 0.4334169144729876 -4.988537251133964 -4.145536762881031 -0.008464451250773539 -2.9125708521417986
14 126 0.9668414672282714 0 0.03588410996194028 2.70462441615944 1.719175918009641 -4.495203540648498 -2.633494252685103 0.18788024940943676 -2.404127264883234
15 135 0.9707179879173509 0 0.03400512558351258 1.1957111618217735 3.300337522747601 -5.539228167292416 -2.5560343687511415 0.701632851789024 -2.482569913050641
16 144 1.1001609492384554 0 0.022308381996371127 2.6906201254613564 4.845899451899246 -3.773345486320901 -1.8068227566375985 0.7299384793869035 -1.3425110928155106
17 153 1.0853498426521353 0 0.01202753300216192 1.9956950912999623 3.9203197195277304 -5.2993274073687555 -2.6707570666465963 0.5263841537028744 -1.9074662801476767
18 162 1.1016214945095504 0 0.036175443705066514 3.8620979254098753 3.827016460571971 -3.4421126007196388 -2.6151119292729033 0.37620954511786264 -2.2256432779898985
19 171 0.9631887760454871 0 0.024992177848944596 2.4061601836959996 4.1348804739094245 -3.998950664011286 -1.9240672684166213 0.6361543213928101 -2.1006043155546132
20 180 1.0118488942223578 0 0.007394215337039274 0.9964117225739901 3.7681238465143587 -5.333893779504157 -1.4500565686667088 0.8148049057448801 -0.9150409376816466
21 189 0.9866163485170104 0 0.024978703498304722 1.8037483744338954 5.135381725374396 -5.579269578375956 -0.9107754486013583 1.1517040681304305 -1.095552694259415
22 198 0.9488300730127796 0 0.01509021030669885 0.9592023520956829 4.554621189812712 -6.127328364953341 -1.8420273816467347 0.8893969430893025 -1.3324773304374615
23 207 0.8633021633198888 0 0.035857378407590755 1.0005099646500526 4.727223096872261 -5.712202748185009 -1.2777468336942963 1.4274982995534917 -1.0862631600727195
24 216 0.8100567205221361 0 0.016431235569014997 1.2072709404433701 4.049515123199236 -6.047326300528965 -1.3962594692079513 0.82567617598143 -1.1784725905127877
25 225 0.7258007457409369 0 0.015143975185375226 2.052003768778053 3.756984974538821 -4.801639934064239 -1.7751923667951486 0.48140224949867316 -1.2199467673884976
26 234 0.6318726464981372 0 0.008174205871459924 0.8690207126259462 3.6303196051897104 -5.166928368748953 -1.4901748872799012 0.7174123279723887 -1.413754759084389
27 243 0.608728700494861 0 0.01122056419899944 0.40451647691281223 3.5662810779521807 -5.725873896792318 -1.0070009590747566 0.714343557079131 -0.799696548266781
28 252 0.5311947867692524 0 0.0062526666945330826 1.1172610238914957 3.432083310379555 -5.588884611579258 -1.2437738300961643 0.5179257498116919 -1.0025537326541922
29 261 0.5223324045852428 0 0.00827659612384294 0.6309399861050903 3.724516374434558 -6.398197006533529 -1.3931822792221409 0.7314685644444079 -0.934312953010997
30 270 0.46370192924775705 0 0.005780071079931782 1.055051551987032 3.8509226351993746 -5.2718895270836175 -0.9141667809965784 0.8236458050825249 -0.6377892497515284
31 279 0.40470918570464137 0 0.0052080177329523435 0.6564790355719767 3.3437559513116657 -5.8491661945048286 -1.2347460747258379 0.6390215798138277 -0.9711611044583258
32 288 0.3557183869291023 0 0.0058623852461865324 1.021019051550357 4.007592416138757 -5.64088437390715 -1.1143958881833669 0.7494571127084984 -0.8333704447106475
33 297 0.2887080411738242 0 0.005419689560427978 0.7555787362182143 3.559667095707855 -6.0260481753765855 -1.0944390699318818 0.6136371967481525 -0.7955033865515464
34 306 0.2664599002240214 0 0.005161812516644871 0.8692930946479672 3.340837833028852 -6.0918015028698616 -1.2553411351479895 0.5323719169316085 -0.981130315734027
35 315 0.28489551184534284 0 0.004888376123317896 0.8965178878822903 3.495364141073888 -6.1450767668257615 -1.375354635838542 0.534134864752401 -0.9645950956276562
36 324 0.24581232432072828 0 0.004898810371208182 0.7780042211595074 3.3849702836830997 -6.1242917585436665 -1.1362088262117225 0.5682308849736134 -0.7518805450612369
37 333 0.21757507780412574 0 0.005119290823132458 1.0481858977717144 3.8409043498521713 -5.918744821156314 -1.1315987212309473 0.6386838113917571 -0.7746080821137797
38 342 0.19303051394111642 0 0.005110711576624741 1.0641883310242293 3.8586585964008284 -5.713958062853316 -1.269788294564751 0.6559932465834954 -0.8822776554946146
39 351 0.17982897668984513 0 0.004920544896569565 0.9070518541332768 3.468559170934244 -6.096283233887926 -1.374201804429407 0.5159535475058656 -1.0018920039529273
40 360 0.1550964917463259 0 0.004850001144883258 1.0276200280180998 3.762104485920336 -5.743865658081863 -1.3132682641073652 0.6467732138139691 -0.9309194766769824
41 369 0.14432132804770992 0 0.004810320343824926 0.8513920731463509 3.4226226395328907 -6.013511841710114 -1.280716789396677 0.5536873701729559 -0.8846711282477133
42 378 0.1288276789915048 0 0.004809361312547951 0.9207723014497367 3.532636766705825 -5.96101285443944 -1.2680762940657078 0.5684637239065584 -0.8775038871770392
43 387 0.11629854060142106 0 0.004819241721310742 1.0581417179967458 3.701275043158013 -5.7621718296186035 -1.1913896079914956 0.6209250108963562 -0.877693279848949
44 396 0.10707926453509843 0 0.004858621927076192 0.9491707236671503 3.481625810636406 -5.7679781641916765 -1.205785565536314 0.5686257378522054 -0.8820774919438118
45 405 0.09823560826095983 0 0.004811437800201248 1.0038322537671076 3.614210058639117 -5.832591190818997 -1.1649271881518155 0.5750875593319685 -0.8306860605064885
46 414 0.08619937490363806 0 0.004801949466683983 0.9885608151789593 3.600749671031099 -5.919330344994812 -1.247357770552923 0.5880891232132958 -0.8678092408311748
47 423 0.08172362960703308 0 0.004760693385750683 0.8841367305262819 3.5011066110290616 -5.981124297735739 -1.2751055005678962 0.5706393011752872 -0.9099914017581079
48 432 0.07395127655695666 0 0.0047499588150086095 0.9028360490771133 3.5233196758947547 -5.885107026116178 -1.2636189671239244 0.5875264840591713 -0.9094258398940995
49 441 0.0739905382041134 0 0.004754352028440577 0.8832540528204951 3.472092351323012 -5.977979651538586 -1.2606981063609872 0.5680547625099137 -0.9118887844564239
50 450 0.06811802787456751 0 0.004762356497670563 0.9220239384650658 3.5278406286619064 -5.922116468294398 -1.2085733017448785 0.5819823144607904 -0.861138140547064
51 459 0.05755182216647725 0 0.004753947861125509 0.9263761935271919 3.536238956912235 -5.896693521173581 -1.215361372742747 0.5801464722683343 -0.8744219957637449
52 468 0.05357964577248539 0 0.004756646021131792 0.9063311414374685 3.494272633658915 -5.99598602807421 -1.2426230541058583 0.5649034707652284 -0.8841218048525255
53 477 0.045593839933202256 0 0.004756395021441547 0.8914851107105608 3.473878979600611 -5.969150560145958 -1.2303556603180192 0.5648730338252922 -0.8886067120414336
54 486 0.042329594378156504 0 0.004751304751950567 0.9503122591292381 3.5727790555546894 -5.846552140317667 -1.218938290717784 0.5913277368888404 -0.8685609674420646
55 495 0.04489021020582287 0 0.0047498434383404595 0.8713082161907241 3.4619066136937287 -6.012103385137962 -1.2592318426713867 0.5616794180459984 -0.908084732719037
56 504 0.04910213618904198 0 0.004752935781970798 0.8400064566668067 3.431616115007223 -6.0500895851206735 -1.2680609571208405 0.5585962707412314 -0.9053377891236793
57 513 0.043021120624673635 0 0.004750197941982172 0.9221912298666408 3.530963539866582 -5.912753238278667 -1.2463717832744121 0.5790623189514887 -0.8964827200921552
58 522 0.04518804843991267 0 0.004752410687707475 0.8118345008539687 3.3861067581022586 -6.002359794995068 -1.2813536903410279 0.5525837792556426 -0.9233530495462646
59 531 0.049370213195297614 0 0.00474716030204704 0.7650707701331178 3.356530200440883 -6.034506190383978 -1.3148901567707152 0.558331419890338 -0.9556494062786828
60 540 0.0573752624895772 0 0.004749226076237674 0.7293389302339234 3.3278059640307083 -6.069170626257639 -1.338447166886065 0.5572369093248605 -0.974611665943623
61 549 0.058519525098621274 0 0.004747286478242865 0.6918002963284033 3.282455703387119 -6.052357061675409 -1.3280840695185443 0.5583357041461557 -0.9634148755447928
62 558 0.057248992904070935 0 0.004745042789948107 0.6462117526676578 3.1922383679784723 -6.15344815814562 -1.3707711224771646 0.5296762375840949 -1.0068075441627693
63 567 0.054614407329179535 0 0.004745754899438017 0.655705273767857 3.2210197008157833 -6.203056331005341 -1.36425323032818 0.5301693246523504 -1.001223396161217
64 576 0.06038987748059288 0 0.004736850630820378 0.661714501383043 3.2294456396101965 -6.189170574915597 -1.4005218179750558 0.535025277220112 -1.0306951369276103
65 585 0.06397717257292244 0 0.004742072947808583 0.7147756678684547 3.2664504771709972 -6.178840291427967 -1.3851564554575189 0.5288861315591671 -1.0242796697279628
66 594 0.07531798281598216 0 0.004726390482265873 0.5445016800182783 3.082923041534701 -6.331735377495037 -1.4863966035124527 0.5118130061076294 -1.1106238129322397
67 603 0.07671238158615544 0 0.004726358569149925 0.5116777152518381 3.0366804621563075 -6.438527460301656 -1.5390922936062632 0.49570677859355294 -1.1567408034089655
68 612 0.0781289515544962 0 0.004720662197137253 0.540482917035376 3.073765338284074 -6.339592176202242 -1.5388136099315994 0.508117722224045 -1.16043887024219
69 621 0.09587594801728606 0 0.004710990806367965 0.32752455394342733 2.8451770313368416 -6.604887826880426 -1.7104242295687049 0.48731698141592583 -1.3286620183780022
70 630 0.12985538231090513 0 0.004655774670575244 0.3947253383697358 2.904755785277369 -6.543420112088729 -1.7675590930309015 0.4909636131922278 -1.3572016394978375
71 639 0.16907862920065303 0 0.004610760992761712 0.2725724757349535 2.7595375395323805 -6.644604936089311 -1.8911187494019865 0.4695725005963658 -1.4424784981399041
72 648 0.18242069962843335 0 0.0045640398519236096 0.13408500910063756 2.6113227273892328 -6.728005435066314 -1.9516282786811476 0.474790675140869 -1.4931832502537588
73 657 0.18143820501911928 0 0.00459441809494875 -0.0007806837973643177 2.4624183952678735 -6.874489677643376 -2.0135116014336223 0.4545549578387653 -1.578656235613044
74 666 0.20384329850725605 0 0.0045640996121197284 -0.12055501159019733 2.3362473488846747 -6.911292932031219 -2.187502418431136 0.45243199363944 -1.7365289740555425
75 675 0.24256143172555347 0 0.004440643558204906 -0.32521977079363673 2.094129440282738 -7.285660845779187 -2.4425624588452832 0.4120307981549251 -1.9122613597230527
76 684 0.27719040741201917 0 0.004394017508625524 -0.38242236684505543 2.0432394247382546 -7.1951062164366135 -2.2805990635372337 0.4274704933477795 -1.7662800857124292
77 693 0.3486983598260817 0 0.004166159263845556 -0.703387450348977 1.671680630425251 -7.599460291738617 -2.978770889429489 0.40651846965981125 -2.310438493506526
78 702 0.3797617501245387 0 0.003963324137055612 -0.6679035774783313 1.8034946783595918 -7.377028170233865 -2.84364300167124 0.447620649599466 -2.194096876014987
79 711 0.41734843656681153 0 0.0038071158853509764 -0.6347313014312532 1.7978798441421555 -7.4442796248148 -2.731703651825381 0.44114933637014964 -2.050825818344439
80 720 0.5042159504961793 0 0.003399525445954318 -0.745998923369426 1.656731107054329 -7.3368179964996925 -3.116827020107391 0.4123826806012862 -2.2463859500260868
81 729 0.5089812244085906 0 0.0040463176014872105 -0.2687884511986184 2.1518165950392496 -6.817586526582546 -2.597296164015812 0.46621938965426224 -1.9453167799388527
82 738 0.46359174390325814 0 0.0038551855036537772 -0.8953036335518053 1.5560170586362019 -7.186859772079359 -2.765966693829456 0.4325568492619883 -2.024814531131621
83 747 0.43568842510737005 0 0.0038665591033830568 -1.5609928947322183 0.9029244109869978 -7.973656332772384 -3.307403305841855 0.39342919650686103 -2.389895404615481
84 756 0.4887406112017813 0 0.003246907599111603 -1.419588055260272 1.0759797985835085 -7.306432463688124 -3.3831119839492487 0.4860963869841926 -2.429919408265037
85 765 0.5347495835712303 0 0.003065240571672358 -1.104167499723352 1.31043224618286 -7.481858597984561 -3.3482947512891545 0.42324401688001045 -2.3207055925798734
86 774 0.6161963000994563 0 0.0026058758970831583 -1.555729712593484 0.849575947726247 -7.31686638450892 -3.731264613908338 0.44104677015230176 -2.464273600550077
87 783 0.6180120894993347 0 0.0027908584001248475 -1.765283973786321 0.5726554174805507 -7.205558977338709 -3.6634966856010642 0.4105194601015633 -2.4722660400778733
88 792 0.6265269369848571 0 0.002529634285907134 -1.6315753486049343 0.6868216671533379 -7.165988249450422 -3.897215987592892 0.43874263935572266 -2.62113615680903
89 801 0.6868524928188339 0 0.002865374163274777 -1.8911879352577465 0.26879585007973694 -6.82339243249566 -4.22272772524867 0.41710634452004264 -2.7562306875192357
90 810 0.7076352967345856 0 0.0029579429640103137 -2.3466678965238374 0.009078228414443001 -6.587486199500524 -4.1110774181251015 0.5139182044682886 -2.4997848355437795
91 819 0.6869818337379302 0 0.0023944973986992192 -2.0786262263672364 0.22558504749477673 -6.975586454968323 -4.319560439682867 0.47825582236461894 -2.745019622683164
92 828 0.6185961631217938 0 0.0025169690404306813 -1.9419170065616522 0.37144717677845396 -6.950361101340213 -4.41266767581103 0.45295052203897535 -2.8321929696801362
93 837 0.5325786868786249 0 0.0024975350487674176 -1.9295266174589434 0.3483707793439931 -7.2459277187799085 -4.196957403413157 0.4267973135171315 -2.7535032638047467
94 846 0.5494184056036745 0 0.0021127110691845745 -2.013135440692402 0.252574759968516 -7.367235016915886 -4.240815240856582 0.43465952764890214 -2.6660487268885595
95 855 0.5966778573027568 0 0.0023842091843196854 -1.808964121607292 0.4165861239635503 -7.649440195602748 -4.090379678450342 0.38971129737553084 -2.612483086236535
96 864 0.6346175412380456 0 0.0022212070036581504 -2.3068746268628577 -0.08921834880296026 -7.947683036115353 -4.39315021781163 0.3951401482940046 -2.771305001662988
97 873 0.6229888852125831 0 0.0025515245720645514 -2.10444450068741 0.13407404228704528 -7.8688284398722255 -4.392563188443869 0.3900966420803397 -2.8149542187850165
98 882 0.5701777876917375 0 0.002491314950793835 -2.215803954031755 0.20251114397000808 -7.823313110613458 -4.042474994632514 0.4313257663342275 -2.637514457213231
99 891 0.5047897454621121 0 0.002602613530899904 -1.9352549734353905 0.3319901979155441 -7.056594568304771 -4.383570028361347 0.46566512673502125 -2.7811167284865532
100 900 0.5097474571008954 0 0.002278828806095752 -2.8096694697380853 -0.5581072478347539 -7.2968879760269 -4.583353211511041 0.4232471481861827 -2.6862236052246917
101 909 0.45253722723514755 0 0.001965738216714484 -2.5058395084929947 -0.22491871029138785 -7.408012323806276 -4.311111238497365 0.44192521710238575 -2.6670240898638613
102 918 0.39689386889191547 0 0.002167163393063439 -2.5721462864174893 -0.3674490615306798 -7.411919794989809 -4.285814965425987 0.4146500425201634 -2.7177897036564413
103 927 0.4036781663321128 0 0.0018377282504991477 -2.541606395315347 -0.25836404443054606 -7.185322520297381 -4.598731799809332 0.44463402689706594 -2.7675577896163643
104 936 0.3459251203924327 0 0.0019189259736932852 -2.4248871991626437 -0.11686327339457803 -7.553356045491164 -4.503435044221195 0.43754653720947584 -2.759636896326395
105 945 0.3380876281807422 0 0.0020244113322169677 -2.6901873476744065 -0.3754228140517777 -7.372959398438948 -4.770762885491758 0.44449787332893675 -2.8313660024488336
106 954 0.3760784871916024 0 0.0019410313700097832 -2.3382940885783348 -0.0022923858608739356 -7.312520305276347 -4.535974749951135 0.4331787064951626 -2.727046927987678
107 963 0.4381710811257137 0 0.0017900491857820145 -2.345659607587616 -0.0016168072631281985 -7.335908766082144 -4.751435243252329 0.4394847592592742 -2.777336357966776
108 972 0.4514494254520524 0 0.0016798678395618535 -2.4447272382464544 -0.09684318290888187 -7.087722999960397 -4.901755244384876 0.4745549301259827 -2.8053202272956392
109 981 0.4779245036583668 0 0.0016802052308915662 -2.5872871733111418 -0.2670258500243468 -7.111393159618824 -4.919495342844343 0.4678394332219493 -2.771993339339971
110 990 0.4433464813579892 0 0.0018058084142254156 -2.258921772691245 0.014016027303724102 -7.18687298758969 -4.774707687918775 0.4327646988823536 -2.7296243545452916
111 999 0.49782734156199887 0 0.001599130839882695 -2.745755992249694 -0.5256593446737974 -6.977189020070151 -4.927379625193406 0.47034297198925173 -2.7924228317294095
112 1008 0.5052814685835701 0 0.0015897599890250173 -2.7098987244114316 -0.444384481171773 -7.047238019608021 -5.067263859439736 0.4778687775945724 -2.811118326853307
113 1017 0.520580199930644 0 0.0016495987458583327 -2.7209108552068817 -0.40842707132060846 -6.77205287529514 -5.429797577286535 0.49021614226264365 -2.9256300007108127
114 1026 0.5006935074979411 0 0.0014522807010159617 -2.534050338117942 -0.23193912408086118 -6.684462027733694 -5.407696832369373 0.4838339404299178 -2.8678478735206436
115 1035 0.4989068836115817 0 0.0015127129719307382 -2.6486873452427333 -0.3304079429016464 -6.643371853048195 -5.446185802885359 0.5069529917673602 -2.83577563055653
116 1044 0.5231263308357119 0 0.0014193190117955123 -2.8160532091034787 -0.6401083373989083 -6.4209873628902745 -5.557105650376249 0.5000585995559022 -2.8551754883574536
117 1053 0.47389375334957357 0 0.0014905144558936263 -2.8511841512567186 -0.6323382993302359 -6.578122491307245 -5.597740323886756 0.4861037330830047 -2.925434951159577
118 1062 0.4331114408754587 0 0.0014694349697935744 -2.5099346789321904 -0.2462246609664827 -6.741532449774928 -5.385494725116283 0.4697594837738407 -2.8375792210523088
119 1071 0.3516446171189892 0 0.0014629696169352997 -2.731793615800526 -0.47481305432085064 -6.847153773952899 -5.361547811548922 0.4786718739941667 -2.8657967453616147
120 1080 0.31555722749681464 0 0.0013965114072040639 -2.717930238411528 -0.4812038012611517 -6.644910189617003 -5.591389166792544 0.4885676126424277 -2.8647778355872475
121 1089 0.30644775481369746 0 0.0014285530132897442 -2.787915436582847 -0.5394275418414883 -6.862311876324128 -5.630304414650864 0.4754773389687867 -2.9068528899043375
122 1098 0.31735683098436845 0 0.0014274089122125982 -2.9360032529347966 -0.6724086578951061 -6.540425933475634 -5.7835852337636195 0.4980828662804546 -2.8978770884541687
123 1107 0.28536714877218605 0 0.0013963381993918537 -2.8983950139091137 -0.6692124783061162 -6.699945649006138 -5.722634990200312 0.48387286031227633 -2.906085468977046
124 1116 0.25903799267971994 0 0.0014128424690265198 -2.9302606495356067 -0.6958180081200894 -6.632609422605303 -5.789608732156924 0.4857897700837767 -2.9068971127375445
125 1125 0.2446164423405304 0 0.001366875589543604 -2.9229727960850775 -0.6902946478958482 -6.678070653757105 -5.824717197900334 0.4904260794968286 -2.907658391122544
126 1134 0.2931527287831518 0 0.0013136547737670943 -2.929805840770894 -0.7546348585874446 -6.5914134923929115 -5.864811837406155 0.48333091871971057 -2.880202639452252
127 1143 0.31276587759050195 0 0.0012980969636813 -2.9774661071696173 -0.7895092976955598 -6.49755749327869 -6.085217500734458 0.4920299929897795 -2.907947955555658
128 1152 0.34380924873335517 0 0.001273520421845203 -3.037177215806996 -0.8948226708733411 -6.66231827802159 -5.993129027470983 0.4847042655840199 -2.8953193561144075
129 1161 0.36823060273558605 0 0.001274659693474585 -2.910364239185306 -0.7450058033627861 -6.54518745191674 -6.13847677513456 0.4840475326183195 -2.917751852272541
130 1170 0.4120680313637124 0 0.0012565887945133677 -3.0293534844541523 -0.9221369656172125 -6.331826461994543 -6.436376656260975 0.4909646463299327 -2.9174558009923524
131 1179 0.45552589305949726 0 0.0011992367841352006 -3.081081717711558 -1.0032107198756435 -6.614752206210647 -6.4769786707814685 0.4819595610971827 -2.927167967909549
132 1188 0.4770921799945618 0 0.0012193731290286586 -3.023583015031653 -0.9254869883705963 -6.623350870675646 -6.584758647531523 0.4787777270115384 -2.9022658430861084
133 1197 0.5079602926637425 0 0.001197276021576424 -3.194417158576365 -1.1088160691565492 -6.702248881624606 -6.572963726900781 0.4911160443277789 -2.9230855421183763
134 1206 0.5667415308144842 0 0.001197931664592144 -3.321059960884399 -1.3139647761159121 -6.943251699980407 -6.729535640369402 0.47115990431077603 -2.9090793888173914
135 1215 0.573341650732396 0 0.0011561494382587737 -3.3083823710888107 -1.3462972414756378 -6.776057838427253 -6.781367465884346 0.4667651160543947 -2.927122615155434
136 1224 0.6084765404638008 0 0.0011664144851833104 -3.372241392326386 -1.4110711649202472 -6.9646643059630255 -6.750507633512866 0.48319083045057454 -2.9169911244188143
137 1233 0.6021719133510873 0 0.0011648054309809635 -3.478688747353652 -1.568960871433108 -6.854300054504297 -7.058233946312432 0.49786570228407645 -2.9077497809647204
138 1242 0.5874918180784535 0 0.0010889606441956152 -3.3746128443457395 -1.4976746957323699 -6.8098727044874465 -7.190764762764516 0.4659573419552789 -2.908219797296297
139 1251 0.5439930876808649 0 0.0011384701189985573 -3.4787430610030867 -1.5789624298627103 -6.795315685278548 -7.033780959709214 0.4811306253619839 -2.909570120360186
140 1260 0.5342150718556808 0 0.0010850016650777849 -3.500180373195415 -1.696032318360134 -6.98492762026087 -7.436163646225515 0.45776892892325766 -2.914432247421204
141 1269 0.6127132206305351 0 0.0010970666485720375 -3.397832815767829 -1.606375627603023 -6.6719629334886985 -7.9066581065614185 0.47587225906668257 -2.9009363189888555
142 1278 0.6143597691263978 0 0.0010483454181022937 -3.3841048393352415 -1.6138390759086727 -6.9501506404967985 -7.714125976560394 0.45160804404441895 -2.917601148957889
143 1287 0.6644762163690668 0 0.0009911542611841747 -3.529745842155072 -1.8243329165312463 -6.951450357287466 -7.939011747370133 0.45901390354487487 -2.9123606337415247
144 1296 0.692882877154633 0 0.0009565877333525678 -3.61267811796307 -1.9224259386240956 -6.655010799541482 -8.046162519338068 0.4910633833356085 -2.925441705033955
145 1305 0.7901322421078052 0 0.0009861151108070216 -3.6200236521401647 -1.9798300190769529 -7.070422450543312 -7.756351258869631 0.47271180697224097 -2.9061126967352053
146 1314 0.7877181568641223 0 0.0009944341760698395 -3.6601804823899453 -1.9890848555162948 -6.746278717125435 -8.019189864793242 0.4854644043608382 -2.9034251204689387
147 1323 0.7396437064738366 0 0.0009110620644641177 -3.6797322926295197 -2.0664875612507276 -6.43528004710665 -8.438252453133632 0.5084878255883019 -2.912340877236466
148 1332 0.7343507390629547 0 0.0008999881503169032 -3.642549967538115 -2.1575614554005518 -7.27896823409463 -7.854746415658207 0.43748702666956707 -2.9190956534963814
149 1341 0.7239468211340713 0 0.0009539085664851173 -3.564687671131078 -2.0273612462421946 -7.193571966803562 -7.691726413894596 0.44716879989870945 -2.904282586221438
150 1350 0.676610508463547 0 0.000881873709975332 -3.6326204456031963 -2.231350129727775 -6.922829314166334 -8.80497466844098 0.44927262367166826 -2.912899433561649
151 1359 0.6440211005964803 0 0.0009133505180184575 -3.64677348986939 -2.2185615815311714 -6.814944318033423 -8.58713938544202 0.4645021544238921 -2.946835642602872
152 1368 0.6280520490160992 0 0.0008271375190244795 -3.7493715938465995 -2.3515693656250325 -6.609472712740573 -8.820106222355262 0.4879889663255009 -2.9272859896698673
153 1377 0.6170158623603997 0 0.0008458886510224748 -3.7141675807114796 -2.3904547537771474 -6.894484821694913 -8.94786051565039 0.45467197753702915 -2.9404731702165487
154 1386 0.6230335829221543 0 0.0008437868572368798 -3.691296467741836 -2.3596022789368916 -6.778347954097328 -8.92105940250906 0.45635276323277657 -2.8993697244536767
155 1395 0.618849890190752 0 0.0007850393170552262 -3.7766750235926376 -2.4949004767415484 -6.84821243148083 -9.121775838051393 0.46344762100493214 -2.91230860366377
156 1404 0.5483406742395837 0 0.0008087778460465811 -3.7722320738094504 -2.5092347503479377 -7.165023694543671 -9.180707061550967 0.44304328069638205 -2.92103073208561
157 1413 0.5349722511864472 0 0.0007863731039581635 -3.8285195991106518 -2.6747600992097103 -6.8972631110400515 -9.478707312629616 0.45386678309287537 -2.915367683452107
158 1422 0.5625406481982891 0 0.000759422874322314 -3.8099960249583478 -2.7452502372105054 -7.086870496382018 -9.705074334075688 0.4390321147638617 -2.9136754594825893
159 1431 0.6648518042864876 0 0.0007344316812220273 -3.8462334404340845 -2.842308665399171 -6.911875114826767 -10.035472248766292 0.4499732102471726 -2.9048532537508085
160 1440 0.7226133758313039 0 0.0007649285620347652 -3.783534395354402 -2.7954545081580284 -6.7785741107535005 -10.50189344924345 0.45318283393164827 -2.896887288060275
161 1449 0.9083772754374619 0 0.0007405603412901062 -3.8186285563420355 -2.84633435403981 -6.56697075922995 -10.942455274550218 0.47004094293412574 -2.887602179608004
162 1458 1.0228160396422992 0 0.0007572430392437136 -3.8268344640111147 -3.0882174808666876 -6.890023507131605 -11.204964893529594 0.4354752827864957 -2.8636348104705456
163 1467 1.2249926486861862 0 0.0007446685208634006 -3.9607667924972447 -3.2631381542865334 -6.738963174393845 -12.29845361511061 0.46230719866545794 -2.8420450112923565
164 1476 1.1418816079663983 0 0.0008178441890773501 -3.9456219508845805 -2.9563437064891707 -7.1091390519631235 -9.879786379079732 0.4561348854655493 -2.8787085555880947
165 1485 0.9780428866332653 0 0.0006924416631050789 -3.8851941243531107 -2.9756363014612495 -6.706476564636596 -11.042147417732536 0.472696457039175 -2.8916216146682214
166 1494 0.8771038405306524 0 0.0007109223786476012 -3.879542591142261 -2.971255159589062 -6.350297002812615 -11.127830035352053 0.4960923274117111 -2.8873029807778696
167 1503 0.8043376291164673 0 0.0007117891971600636 -3.9078723008227474 -3.2226003684829014 -7.363474085210876 -11.643549004169222 0.4278952393429327 -2.852761459474803
168 1512 0.8107918520666691 0 0.000677502760917589 -3.8894311748541814 -3.070212518119082 -7.141478408848053 -11.579775219272138 0.4529525970908462 -2.8678637859995724
169 1521 0.707787882787741 0 0.000693055613431164 -3.8681695100638525 -3.027676655648575 -6.992994511094753 -11.051699066804586 0.4554616613171585 -2.8602203873681438
170 1530 0.5876255359127335 0 0.0006725850813374564 -3.901627987384398 -3.0682907413522598 -6.891557100794401 -11.25103265076599 0.46115648943807763 -2.872383742507921
171 1539 0.5194153851142951 0 0.0006915833968319942 -3.8832018496830614 -2.9558210357539765 -7.04656571323054 -10.592803451146724 0.4600629763779815 -2.884265451280098
172 1548 0.4837538339145239 0 0.0006776991350198744 -3.8966283244049587 -3.0913781917742202 -7.114156399370501 -10.96125498529093 0.4499912626528093 -2.8558730101514525
173 1557 0.4344668676133894 0 0.0006764429203405383 -3.874872495042405 -3.0400092655662068 -6.9894522208800955 -10.946868606892451 0.45159631247531357 -2.872029974684517
174 1566 0.3830392213505059 0 0.000675749128906954 -3.8941160729551303 -3.093132446867325 -6.786110064453866 -11.402346489136335 0.46326388834812504 -2.8679258118227096
175 1575 0.37559377567877594 0 0.0006757545025522613 -3.893491694667153 -3.106280204527833 -6.924214954246699 -11.130411644118187 0.4560312172942331 -2.8730315078697424
176 1584 0.35650786039429044 0 0.0006767162770535847 -3.9131149202026783 -3.1070718476078962 -6.890716057334095 -11.1322677797104 0.45996717213505545 -2.8595268833824545
177 1593 0.3165958521671715 0 0.0006714911646009894 -3.913302052379851 -3.1422089013080736 -6.972080309035154 -11.104944738859292 0.45721244694334645 -2.859640498390818
178 1602 0.29535073479262347 0 0.000671956050290162 -3.9110640740478186 -3.1248342082433567 -6.976505466129447 -11.2520356747484 0.45793519978488784 -2.867279372131329
179 1611 0.29826769555643584 0 0.0006732981849466507 -3.8913759875167098 -3.0786177993669703 -7.231679827153142 -10.831319255685782 0.44479789267582487 -2.8658084173567864
180 1620 0.2621615830925316 0 0.0006733058377083779 -3.9052430295386698 -3.1266071293200546 -7.038143866441857 -11.255262004605775 0.45156346650861107 -2.863554815692485
181 1629 0.23479734065287036 0 0.0006735339826334347 -3.8901910458209574 -3.1099975065340146 -7.048142650757351 -11.179411205995166 0.45095962780769777 -2.863860398698859
182 1638 0.21377261354196486 0 0.000671237874053339 -3.91213902634342 -3.1393175350233666 -7.035764631274636 -11.226716985274608 0.4558913727284183 -2.864256295006704
183 1647 0.22267225142891145 0 0.000671182350963641 -3.90468415482272 -3.147364244872496 -7.19052331219551 -11.162875037315683 0.4476752108260525 -2.860151821230701
184 1656 0.21823156389162338 0 0.0006716838045426509 -3.9070382790739844 -3.1564554530084927 -7.170369552956896 -11.224083350071963 0.44880906963060996 -2.8603573622387137
185 1665 0.22379533935558138 0 0.0006717751616037701 -3.9068419204469085 -3.156448124678119 -7.200002529366247 -11.354864683637663 0.44817434730421385 -2.859454838043877
186 1674 0.23714308377790105 0 0.0006730645868817093 -3.896224056582066 -3.148127063680216 -7.14948747492434 -11.423576447859942 0.4482758738192604 -2.859231621394915
187 1683 0.22034512535563552 0 0.0006722689471529388 -3.8939487514798508 -3.14104526825755 -7.220095372934375 -11.212662428706034 0.44327852908165055 -2.858352945604289
188 1692 0.19377789437432782 0 0.0006715012050899295 -3.907371893029568 -3.1380156396224694 -7.125798700280692 -11.256195795614218 0.45067619466642456 -2.8638113404588292
189 1701 0.18571318492908154 0 0.0006708333589415425 -3.9072585095827046 -3.1483646326064676 -7.122037643260733 -11.283415287273423 0.44985123671933186 -2.8635605382854035
190 1710 0.15799339917473668 0 0.00067054505028231 -3.9044713506091036 -3.1464387793869766 -7.106895595644359 -11.292748971463933 0.45032337309614295 -2.8632271296859195
191 1719 0.14425910734557304 0 0.0006712513737888037 -3.911951127828866 -3.145169084118109 -7.096466833991942 -11.303773149854221 0.45345457295696256 -2.8636425932029197
192 1728 0.14049212928410934 0 0.000671065889268767 -3.9043047626306353 -3.152251048029894 -7.166321117015683 -11.437836770282118 0.4488235438757926 -2.862452987356328
193 1737 0.1323674139606842 0 0.0006707369135210387 -3.905181964703679 -3.1390299739434493 -7.0595797880296915 -11.400062386223976 0.4535564657368219 -2.8642689842942177
194 1746 0.1274755700004374 0 0.0006705878964176996 -3.903526421657593 -3.1442478832577208 -7.109371707447668 -11.295601654519718 0.4504805268556342 -2.8629518000535823
195 1755 0.11368336015559882 0 0.0006712277085141957 -3.9065827232445867 -3.1428371644473914 -7.124911683682618 -11.217276056573548 0.44971206587866575 -2.862637513166132
196 1764 0.11136074315759524 0 0.0006709137514257494 -3.9039565787415524 -3.1432370593412857 -7.121022297793194 -11.277348573014784 0.45018099008159057 -2.8622091339678497
197 1773 0.09449999761131872 0 0.0006707978343132331 -3.904089033521659 -3.142086709153633 -7.108399765577414 -11.254894053040342 0.4502997269756031 -2.8630751740334035
198 1782 0.08926053797903545 0 0.0006709400845405788 -3.9023095881093504 -3.144140408817077 -7.124379227443495 -11.237522747096097 0.44899151571160767 -2.861939783057542
199 1791 0.0844352710414191 0 0.0006706932378507391 -3.9069446199744426 -3.141315200956308 -7.08723970930175 -11.319915811430823 0.4524362074033738 -2.8641729592010616
200 1800 0.0818323112889194 0 0.0006708988620403885 -3.904643741857781 -3.14437481243708 -7.082105460742631 -11.298314950573507 0.45152579355565964 -2.863051961811022
201 1809 0.07100799608633597 0 0.0006706430852644996 -3.9081783608826584 -3.1434919573612485 -7.087632949518249 -11.271912803451311 0.4526170495665336 -2.8637033396732607
202 1818 0.06601316762331692 0 0.0006705277614957652 -3.909007735875797 -3.1447850132409245 -7.063968094435972 -11.260373192921884 0.45329793840743854 -2.8635868897867773
203 1827 0.06376993794645462 0 0.0006705756793407471 -3.9094996719745043 -3.1447035634566323 -7.07205889552733 -11.296823125121733 0.4532931751734556 -2.8630706106665578
204 1836 0.06092582554880565 0 0.0006706510716485199 -3.906492310815995 -3.1420687723468763 -7.104597508924519 -11.222728208171386 0.4512272879799577 -2.86299997799158
205 1845 0.052626362144456804 0 0.000670551009675935 -3.908032187707111 -3.142399106369894 -7.071903708503456 -11.227749173927501 0.45256554197408316 -2.863770386430437
206 1854 0.04679684818634888 0 0.0006706001547937024 -3.9060757912562325 -3.1411551688326784 -7.091428494992197 -11.226662467833583 0.4514507467807244 -2.8628668422759795
207 1863 0.04662206281826755 0 0.0006705497641448933 -3.9061540665208487 -3.1390644021279916 -7.060182421344355 -11.236496656809146 0.45267632702196237 -2.863717507286868
208 1872 0.046279953372685256 0 0.0006705256789501175 -3.906436203810147 -3.1419299268925593 -7.073275885714477 -11.212321823605537 0.452011776193912 -2.862860642040302
209 1881 0.04344557148329551 0 0.000670541109722221 -3.9058663911976983 -3.139157124093351 -7.061423604288998 -11.219923290935059 0.45258396001235796 -2.863737378125948
210 1890 0.039155412523025124 0 0.0006704924961439118 -3.90676118674337 -3.1427609211041494 -7.067129803549764 -11.230798477485441 0.4524491471862144 -2.863260664508576
211 1899 0.033982355371206314 0 0.0006704965550555762 -3.907214225522515 -3.1429369202440367 -7.06481468469579 -11.24386908223961 0.45259041369484426 -2.862983285852798
212 1908 0.03060371453743994 0 0.000670482872849445 -3.906980700711494 -3.141007958682385 -7.060977917199923 -11.240119429127127 0.4529382117412731 -2.8635000877804306
213 1917 0.02971353120487625 0 0.0006704806784264042 -3.9063301297906396 -3.1395915919198787 -7.04819103825236 -11.238503872030043 0.4533075529088201 -2.8633911525981395
214 1926 0.03000252348958509 0 0.0006704808026717248 -3.9062832127492677 -3.141254924810821 -7.053314045064474 -11.244306062869482 0.45306341896385516 -2.863185015270227
215 1935 0.03240478865167857 0 0.0006704694391174502 -3.9069276144708365 -3.1420058701662463 -7.05158489161193 -11.26415075558597 0.4532614763731633 -2.8631410386210896
216 1944 0.02963449115287906 0 0.0006704716412893103 -3.9072070888276356 -3.1406727738226805 -7.0453666403858755 -11.26949424854905 0.453874551816616 -2.863537297800624
217 1953 0.02914774375742169 0 0.0006704705325601279 -3.907335635322953 -3.1402737049436 -7.045292572920477 -11.256662991334098 0.4539213359693211 -2.863541777682141
218 1962 0.025052030447040463 0 0.0006704699080953076 -3.907310513060686 -3.141160683124594 -7.054204881172283 -11.246147377919277 0.4533788079128082 -2.8631867732124814
219 1971 0.022756450111920266 0 0.0006704645459149386 -3.907565026439736 -3.1411767112675726 -7.048466177767803 -11.25275839042531 0.4537262590795225 -2.8633032779848175
220 1980 0.019026518033325057 0 0.0006704674312293215 -3.9072574280151975 -3.1416976268970127 -7.0509552506443205 -11.254158808077067 0.45350078110228326 -2.8634055659503206
221 1989 0.018817008831544912 0 0.0006704642596289409 -3.907660664356905 -3.1420642813188975 -7.049520770537353 -11.254188171070595 0.45356782990994304 -2.8633420861325773
222 1998 0.02134576619427254 0 0.0006704629990332713 -3.9077435627929273 -3.140330855850071 -7.043642194456673 -11.259221987840252 0.4539233234522813 -2.8635384214213313
223 2007 0.025503385426704692 0 0.0006704590346770406 -3.9080499514872264 -3.1414659076893927 -7.043758517720827 -11.272868547386503 0.45391644168788076 -2.863181390679311
224 2016 0.030773150544380568 0 0.000670457555943924 -3.907646858776764 -3.1407687318426922 -7.04114123749691 -11.279031586089863 0.45393419928012113 -2.863339195404079
225 2025 0.034858551110589095 0 0.0006704572166560745 -3.908404826869264 -3.14026172142299 -7.035235560434666 -11.289165199074104 0.4544272877989761 -2.863628849793247
226 2034 0.03954590923958797 0 0.0006704570629659113 -3.909087329136336 -3.13966792230367 -7.027991787460939 -11.317054282298674 0.4548847934475728 -2.863604476150921
227 2043 0.03680390198085239 0 0.0006704538928903593 -3.9083611250777874 -3.1413958812212903 -7.038964030226832 -11.295559825177177 0.4542523988474211 -2.863163101716112
228 2052 0.03580630900667505 0 0.0006704403839140686 -3.9087480199613336 -3.1391847309899203 -7.0192811452443715 -11.306810517427865 0.45522124892572574 -2.8636868490496203
229 2061 0.04440169853058902 0 0.0006704408827878738 -3.9083209546632003 -3.1380570751940176 -7.011423210109463 -11.329882420971185 0.45562151905691806 -2.863679489587605
230 2070 0.04747347938226086 0 0.000670431766394308 -3.908858365127724 -3.137142327180989 -7.004359959536949 -11.316331996094519 0.4559418758310277 -2.86374737474446
231 2079 0.05226869551450821 0 0.0006704276095386305 -3.9093395186778337 -3.1372695420205527 -7.000210807614553 -11.365796372517348 0.45634583945286505 -2.863491365280092
232 2088 0.05720380606464495 0 0.0006704398255316898 -3.908979640489059 -3.136744373250384 -6.994585191726141 -11.370059017875317 0.45648868231386286 -2.8631281148598506
233 2097 0.05260579303708134 0 0.0006704405605186453 -3.9098672774693557 -3.1380119865269025 -7.003482277814227 -11.344014597050728 0.45642861822952696 -2.8633990057928744
234 2106 0.04951660285841714 0 0.0006704355076165946 -3.909599508949328 -3.138647156771026 -7.009416898998684 -11.368800795840349 0.4560015906697557 -2.863459413325206
235 2115 0.054603880787431135 0 0.0006704332191739613 -3.9091777829887273 -3.136930096328194 -7.001141941964889 -11.394522032765012 0.4563203852554398 -2.8639778046278743
236 2124 0.06046843404312804 0 0.0006704207806897753 -3.909540253268061 -3.1365262176412765 -6.991574846878506 -11.397783589501953 0.4567384427542884 -2.8639439656902344
237 2133 0.06562627127227247 0 0.0006704349631368986 -3.9097092291428934 -3.137303038919235 -6.999570753545569 -11.432709602340104 0.45653158882290346 -2.8640522816283798
238 2142 0.0672764292236309 0 0.0006704460920680586 -3.90864393384033 -3.139205883804612 -7.022285361386023 -11.38071968196894 0.4550132217983806 -2.863797779757598
239 2151 0.0628073631667112 0 0.000670447963119263 -3.9083656909288504 -3.1393159774299666 -7.019476809164739 -11.37160723021548 0.45498747180250226 -2.8638272727653304
240 2160 0.057435422411128645 0 0.0006704407863315819 -3.9084471928735085 -3.1395847518914923 -7.022925768177069 -11.393433171273038 0.4549301700078177 -2.863361781096639
241 2169 0.04629593132642969 0 0.0006704356511626462 -3.908612290504937 -3.1380039702726 -7.012504225502129 -11.393999230504043 0.4555937151587692 -2.8634930570509862
242 2178 0.046456734793023154 0 0.0006704320514622525 -3.909257466730099 -3.137914122295916 -7.004384858902242 -11.453382862562608 0.4559260456920038 -2.863886164293614
243 2187 0.04654434522591636 0 0.0006704259259805333 -3.909360786648798 -3.1371785355623305 -6.99740378761994 -11.459118974249197 0.4562721996073831 -2.8637093333918893
244 2196 0.047185948179891114 0 0.0006704306199014176 -3.9094745157333035 -3.137846833471507 -7.003045430450771 -11.443466204769086 0.4563123864151867 -2.8636482795207083
245 2205 0.04479194211605204 0 0.000670418919698611 -3.909921617337414 -3.1367412316813166 -6.991230733205132 -11.47956260761613 0.4569029737066098 -2.8638135912521174
246 2214 0.04116804100194484 0 0.0006704189983948606 -3.9096249506159664 -3.136584516731797 -6.991860143721258 -11.448934068594593 0.45677152645305436 -2.863714861669903
247 2223 0.03599238059830681 0 0.0006704136930040775 -3.9098149699154465 -3.1361128956381044 -6.9848750215856965 -11.476142143165132 0.45712195789308524 -2.8638950979120104
248 2232 0.03327555375023181 0 0.0006704153586436336 -3.9098621158078655 -3.135221179198403 -6.979376756009369 -11.471552997731969 0.45729870527844285 -2.8638208298587036
249 2241 0.03321861347849592 0 0.0006704114204732574 -3.9103570526377855 -3.1348358352744157 -6.973434671805253 -11.497672495868693 0.4577601693800871 -2.863991124048621
250 2250 0.03408593143851258 0 0.0006704125177991804 -3.910560205876556 -3.1354235970105315 -6.97746310533504 -11.470392033992733 0.45763541357196136 -2.864046933666575
251 2259 0.03506920372222259 0 0.0006704145960830816 -3.910733424299271 -3.1354463145279348 -6.97687840375862 -11.472891540658392 0.45773340030520837 -2.8640261102314573
252 2268 0.038467851606664966 0 0.0006704184182256829 -3.9105193594978864 -3.1355958699366275 -6.976147537258809 -11.470406129444621 0.45752424998193514 -2.8641691042471606
253 2277 0.037244312593696996 0 0.0006704106180171491 -3.9111104424237992 -3.1349705866756414 -6.968504582646382 -11.486152358465954 0.4581281162867273 -2.8642079437669428
254 2286 0.03178470965019334 0 0.0006704098628494087 -3.910583444526642 -3.134751000253624 -6.970007119158447 -11.470690194678482 0.4579237293967877 -2.864182805674069
255 2295 0.0311395647715168 0 0.0006704170975203985 -3.9112177205000953 -3.1347895435071482 -6.965786764194526 -11.490478964470675 0.4581447661194655 -2.864111207532321
256 2304 0.027958624106733228 0 0.0006704103667807053 -3.910586495346609 -3.134473995281604 -6.967546806633178 -11.488458788198644 0.4579883335370074 -2.8641140953145543
257 2313 0.030545637249207645 0 0.000670419551782283 -3.910172590207001 -3.1358123454608475 -6.983762077330993 -11.470274622279534 0.4572875280705593 -2.8641857092521397
258 2322 0.028523433592204044 0 0.0006704103599445532 -3.9106602414261697 -3.135511534232135 -6.975394431463959 -11.488822743288296 0.45777474751190383 -2.864107357411915
259 2331 0.029558264929204124 0 0.0006704074108955611 -3.910561161912907 -3.1348396147491613 -6.971444375690402 -11.47824551644341 0.45790167744403976 -2.86390049428918
260 2340 0.0318326333687742 0 0.0006704101925010089 -3.9108241760291533 -3.1354093236154004 -6.974561388240796 -11.460646682608116 0.4578196125881787 -2.863851642131122
261 2349 0.03281933938478001 0 0.0006704071028354725 -3.9112346125025534 -3.1346126181117295 -6.964113812962112 -11.462989589350364 0.4583361866642429 -2.8638547800692615
262 2358 0.029768398030544225 0 0.000670408809457825 -3.9106504553200594 -3.135155704631233 -6.973508743777156 -11.465996478056168 0.4578616666691816 -2.8638209724734147
263 2367 0.02836534761246202 0 0.0006704073204871819 -3.911131615183416 -3.1349620811797547 -6.968438796433691 -11.467374011811852 0.4581740404291912 -2.8638935524666853
264 2376 0.03228775500893853 0 0.0006704062572592594 -3.9115612071534787 -3.1347819169072544 -6.9636607979640255 -11.501917722418876 0.4585249685615759 -2.8640614459862306
265 2385 0.031049737668291853 0 0.0006704076211003535 -3.910949827187554 -3.1351641691068735 -6.9709463165100525 -11.477152668107138 0.458002934835752 -2.863966053576281
266 2394 0.034456762656974504 0 0.0006704082492016384 -3.9105987124280346 -3.135250292840657 -6.973944152077377 -11.489246119613801 0.45784985729555777 -2.8638368870697133
267 2403 0.03513539217284381 0 0.0006704063938673217 -3.9106195065548244 -3.135035012697194 -6.971358763204408 -11.494779752529416 0.45789065036271814 -2.863965662929623
268 2412 0.03619115578004403 0 0.0006704064926625853 -3.91081577704319 -3.1350224922802945 -6.969860474374075 -11.52065384029978 0.45797733810502084 -2.8640086995889282
269 2421 0.034575945758546923 0 0.0006704058998973063 -3.9103916425008216 -3.1347116444750958 -6.9703195467372625 -11.53132893774544 0.4579296010531195 -2.864079023701072
270 2430 0.030882091906057396 0 0.0006704083884514468 -3.9101509245368 -3.1350296133239857 -6.97400474338546 -11.505869517365538 0.4577389861346876 -2.86391667064846
271 2439 0.02938339389187027 0 0.0006704059855217446 -3.9107020001161668 -3.134149358509894 -6.963514851188701 -11.497211467456937 0.4582468937593974 -2.864005683177638
272 2448 0.024943889726351108 0 0.000670404234633897 -3.910762302244 -3.134568012333619 -6.967124637219126 -11.501447054147853 0.4581572650460872 -2.8640086688840625
273 2457 0.02282281899983375 0 0.0006704042728737878 -3.9104839319207567 -3.13445349860659 -6.967381266630942 -11.531304342146763 0.4581103991664675 -2.864062801449622
274 2466 0.023126017713438887 0 0.0006704038700683343 -3.9110756089141363 -3.134830873183135 -6.966583728258743 -11.51927063819004 0.4583159435166493 -2.8639854203998665
275 2475 0.01992968565741634 0 0.0006704042863430542 -3.9105825906050207 -3.1345781117459763 -6.967983707500719 -11.524022617332106 0.458094582806335 -2.8640619395868208
276 2484 0.017462873369758714 0 0.0006704039391097959 -3.910800713849132 -3.134676147104914 -6.9671062026395285 -11.530491227623488 0.4582225141032994 -2.864109100855872
277 2493 0.01662229712976916 0 0.0006704020111708927 -3.911005040594276 -3.1343971117945193 -6.963684129555063 -11.514820295613253 0.4584224804730646 -2.8640166695405114
278 2502 0.015921630335974372 0 0.0006704017035948924 -3.9109841621982557 -3.1343955687670726 -6.963577620524628 -11.513918425821103 0.45839886180592504 -2.864039347430953
279 2511 0.0162093373851532 0 0.0006704023037647594 -3.910971761214661 -3.134475728238223 -6.9645442750443785 -11.520688410106652 0.458358387845318 -2.863960783568961
280 2520 0.015640015495392148 0 0.0006704031774219968 -3.910914274829115 -3.134633358008741 -6.96620353708731 -11.516974103439056 0.45827992563484676 -2.8639564568537708
281 2529 0.01584095500023628 0 0.0006704026971662287 -3.9107958590976764 -3.134248182026942 -6.963798486463203 -11.526231036010914 0.4583670965909348 -2.863986740515502
282 2538 0.016036891246258234 0 0.0006704028278599947 -3.910712157739532 -3.134374404552227 -6.965162353953589 -11.53816412029522 0.45830122107679827 -2.8639762497405314
283 2547 0.01454088745079891 0 0.0006704025799029093 -3.910729327030682 -3.13430245360796 -6.964381063812857 -11.531648059137822 0.4583447916653855 -2.863991427542856
284 2556 0.012924987454902035 0 0.0006704022542019793 -3.910907638531929 -3.1343641640955506 -6.964037573052529 -11.51567923131826 0.45838600645988553 -2.863972222343902
285 2565 0.01185608658463404 0 0.0006704025659203235 -3.9106471031096985 -3.134213394919522 -6.96418166830755 -11.539699102764995 0.4583257379474099 -2.864009578858932
286 2574 0.011152641773111495 0 0.0006704025833123857 -3.910827171849443 -3.1342127177388184 -6.963177999336403 -11.522816748630742 0.4584284501602702 -2.863994190319289
287 2583 0.00984518888734226 0 0.0006704023968539865 -3.910829571200645 -3.1343366068694256 -6.964130944813555 -11.523556378817666 0.45837465158361557 -2.8639586049135386
288 2592 0.00955896143274931 0 0.0006704020981129152 -3.910945868921602 -3.13432049492137 -6.963195628177095 -11.520153821054514 0.4584546168372678 -2.8639496703584886
289 2601 0.00934350166552899 0 0.0006704029609746105 -3.910937190196704 -3.134497659896759 -6.964994434212566 -11.516921270996464 0.45836395833024257 -2.863972289547112
290 2610 0.008883370497482048 0 0.0006704024569111952 -3.910839655710996 -3.1343587895116807 -6.964336706519567 -11.521916325899705 0.45836938822619167 -2.8639912718853022
291 2619 0.008206085043068911 0 0.0006704024266239264 -3.9109002156075556 -3.1344086559093793 -6.964357029355147 -11.517509035330917 0.45837510698371436 -2.863957025669177
292 2628 0.007618300945328217 0 0.0006704021505032482 -3.9108745695835854 -3.134362915836148 -6.964069431032853 -11.52219826023673 0.458384456556314 -2.8639844269517374
293 2637 0.008081624028536901 0 0.0006704016805777499 -3.9109635036023986 -3.134303072889028 -6.963088691639079 -11.524969686516071 0.4584477085009801 -2.864028874672154
294 2646 0.008446133656862876 0 0.0006704014328519783 -3.9108514681077233 -3.1342048923442847 -6.962832845501026 -11.530047023154435 0.4584322942448807 -2.8640598437994615
295 2655 0.008391510881973931 0 0.0006704015372328972 -3.9109414523434576 -3.1342964763307264 -6.963138307701276 -11.531450202507312 0.4584436409725319 -2.864043311838609
296 2664 0.009091772790800793 0 0.0006704013993334387 -3.910961563947141 -3.1342784687212255 -6.962816250390304 -11.532628333147656 0.45844989248795104 -2.8641070240329993
297 2673 0.008527673553044865 0 0.000670401763425599 -3.9109214835786257 -3.134343617791702 -6.963677910768238 -11.527090300824522 0.4584015816550806 -2.86405877462431
298 2682 0.008683062523094457 0 0.0006704015319189307 -3.9109495959655844 -3.134303633739096 -6.96316706124317 -11.527243067774313 0.4584224435537383 -2.864081412527889
299 2691 0.007682819067056679 0 0.0006704014603292367 -3.9108397296551307 -3.134210374074746 -6.962954903743011 -11.531146931546637 0.4584126951917095 -2.864086312155184
300 2700 0.006824850733869192 0 0.000670401574766956 -3.910909948622341 -3.134266579053148 -6.963079042067529 -11.533678439731528 0.45843921972027457 -2.8640685201658735
301 2709 0.006928572620937529 0 0.0006704013253658479 -3.9109875493217334 -3.1343152621458734 -6.962928454535505 -11.530115237837956 0.458459169455584 -2.8640435470952785
302 2718 0.005647814050087209 0 0.0006704013114496709 -3.910942848378255 -3.134276784738785 -6.962944945232117 -11.52990499315391 0.45843271099530014 -2.8640691806683516
303 2727 0.005254296135276655 0 0.0006704014464203926 -3.9108860477141487 -3.134249677573454 -6.963056812775589 -11.534306302410315 0.4584180478149404 -2.8640951840961857
304 2736 0.005149731971744473 0 0.000670401315373386 -3.910882040132116 -3.1342306617963516 -6.9629004031875565 -11.536722672775443 0.4584182040665907 -2.8641001369853316
305 2745 0.004925270478440406 0 0.0006704011987525546 -3.910972535078448 -3.134294013253579 -6.962858762342 -11.531064434785158 0.4584468397385004 -2.8640593940358334
306 2754 0.00483136100279437 0 0.0006704012723716113 -3.9109683900471373 -3.1342969363742488 -6.962908607835986 -11.53026582170296 0.4584338851433301 -2.8640801594236294
307 2763 0.004545972926612695 0 0.0006704011597565135 -3.910935253293887 -3.134258294627964 -6.9627949818403945 -11.533305189167086 0.45843569535098033 -2.8640732198636587
308 2772 0.004610096015966605 0 0.0006704012190437594 -3.910944284742728 -3.1342771372808738 -6.962909368641634 -11.5313193830333 0.45842076966264955 -2.8640674446821976
309 2781 0.0038449875062487853 0 0.0006704012725707371 -3.910903124757962 -3.1342481211873077 -6.962896412641247 -11.536139913067833 0.4584332514973983 -2.8640843685286983
310 2790 0.0034441955028599765 0 0.000670401231527679 -3.910962096132934 -3.134278233735002 -6.962806026206898 -11.532609910606956 0.45843887912620773 -2.8640878583184826
311 2799 0.0034981666124228043 0 0.0006704011988942563 -3.910969743549861 -3.134289597348475 -6.962831062216405 -11.529111065219354 0.45844483892526916 -2.8640573810381813
312 2808 0.003491056891287156 0 0.0006704011707206009 -3.9110060213539124 -3.1342890163844817 -6.962618930758297 -11.530549812666601 0.4584539433137449 -2.864086363712901
313 2817 0.0030716885671580566 0 0.0006704012186434366 -3.910992806091184 -3.134303273763437 -6.962821493571165 -11.531745793246433 0.4584498718558315 -2.8640760027216983
314 2826 0.0029050038455855115 0 0.0006704011353006784 -3.9110068963668665 -3.1342994214289472 -6.962689284565378 -11.530636551732247 0.45845383857627353 -2.864072938933231
315 2835 0.0026760890776026934 0 0.00067040113979728 -3.910988254123086 -3.13429233750702 -6.962749399919249 -11.532354817139064 0.4584500523830053 -2.8640719796987626
316 2844 0.002407561281805024 0 0.0006704011411486503 -3.910999368320183 -3.134299890127984 -6.962740440908491 -11.529683207945626 0.45845359388032736 -2.8640605159100527
317 2853 0.0023520424032373102 0 0.000670401128693325 -3.91098439307662 -3.134278686653489 -6.962658577656494 -11.532682967451468 0.4584566274460112 -2.8640780135304467
318 2862 0.002049893290874584 0 0.0006704011335339966 -3.9109966953717086 -3.1342862470492 -6.962647285216694 -11.53184377223162 0.45846011369287015 -2.8640770545959673
319 2871 0.0018633737309257537 0 0.0006704011176304598 -3.9109987637122248 -3.1342831444499852 -6.9626058986682775 -11.531660421032774 0.4584635217777826 -2.864077010117341
320 2880 0.0019975361986984117 0 0.0006704011409700151 -3.910999555628866 -3.1342902643572152 -6.96266535732496 -11.530534627171797 0.4584647639121403 -2.8640622910188336
321 2889 0.0019217506860736942 0 0.0006704011388627451 -3.9110090618680347 -3.1342938070902657 -6.962650074392007 -11.530025790758183 0.4584647286774664 -2.8640580776971882
322 2898 0.002067371963921702 0 0.0006704011251707579 -3.911008112586078 -3.13430067297759 -6.962692927304419 -11.529245883235063 0.45845744123028387 -2.8640558566289624
323 2907 0.0020490551524258425 0 0.0006704010838572709 -3.9110031147595556 -3.134285920616676 -6.96260762724676 -11.531825193878989 0.4584624500815888 -2.8640679943695133
324 2916 0.0018645643760725854 0 0.0006704011103044373 -3.9109961134074624 -3.1342889960961946 -6.962681713578959 -11.530568856054884 0.45845520352105606 -2.8640592209771656
325 2925 0.001639359360981137 0 0.0006704011096772508 -3.911017435258025 -3.1342966572735516 -6.962609193969273 -11.530333822376402 0.4584657285889929 -2.864063539225374
326 2934 0.0016771720179115702 0 0.0006704010792401107 -3.9110110908104025 -3.1342917568413937 -6.96260573206464 -11.529486902829131 0.45846327048806695 -2.8640506108859443
327 2943 0.0017570789149257292 0 0.0006704010789721148 -3.9110151230922483 -3.134295744517351 -6.962610288287305 -11.528977940962886 0.45846391831292416 -2.8640475038512703
328 2952 0.0018119031366865034 0 0.0006704010768887751 -3.911021358488604 -3.1342988609840883 -6.962603341437046 -11.529881120797834 0.45846518548777854 -2.864050109379219
329 2961 0.0018512955258436275 0 0.0006704010676872223 -3.9110150327130078 -3.134294891591151 -6.962601853028065 -11.528733754807178 0.4584628208951225 -2.864042731857502
330 2970 0.001762901961554758 0 0.0006704010707455301 -3.9110053514964394 -3.1342875400896886 -6.962606476172422 -11.53004313706843 0.45846210867451703 -2.8640547412018313
331 2979 0.001651562177795625 0 0.0006704010678592115 -3.9110139805815893 -3.1342956948911733 -6.962615619626382 -11.528783115551201 0.45845993840581456 -2.8640438898871956
332 2988 0.0016231426789885806 0 0.0006704010533318659 -3.9110260632060587 -3.134299048888976 -6.962568267652527 -11.528258455391386 0.45846737640671936 -2.8640361061260706
333 2997 0.0016208199838166411 0 0.0006704010594536098 -3.911006968623109 -3.1342887815762905 -6.962605201117271 -11.529488779871839 0.4584621902365308 -2.864043733918266
334 3006 0.0014365837435046517 0 0.0006704010552465124 -3.9110066641988146 -3.1342888716758512 -6.962604729950027 -11.529244160986448 0.4584588504831169 -2.864045502969067
335 3015 0.0012374509676177856 0 0.000670401047019405 -3.911025463526711 -3.1342977210301908 -6.962565144646881 -11.52854932757761 0.4584650690992408 -2.8640393323644915
336 3024 0.0011374229138858669 0 0.0006704010369490684 -3.9110109199332705 -3.1342879625372735 -6.962572891328734 -11.529231758949757 0.4584620975628773 -2.8640430324635133
337 3033 0.0010329514041105482 0 0.0006704010408958205 -3.9110068285019475 -3.134285939100787 -6.962580186568523 -11.529265758238678 0.4584591873988234 -2.8640446161090574
338 3042 0.0009185474419809996 0 0.0006704010415244885 -3.9110130377446697 -3.1342880467654415 -6.962560428680037 -11.52965381467189 0.4584627811015921 -2.864050879683877
339 3051 0.0009165990146983807 0 0.0006704010558837097 -3.9110105543962983 -3.134287622855656 -6.9625731739452 -11.529401631333057 0.45846228816054296 -2.864050102126333
340 3060 0.0009192823346635823 0 0.0006704010380247234 -3.9109994295449013 -3.1342802422217404 -6.962578380634116 -11.530332813566714 0.4584594173327878 -2.8640509300389083
341 3069 0.0007975582986997683 0 0.0006704010374010796 -3.9110131299689344 -3.134287657074647 -6.96255564799596 -11.529298217058757 0.45846291436659853 -2.8640469164470983
342 3078 0.0007700418794745616 0 0.0006704010333270717 -3.911001229997253 -3.1342810543025346 -6.962573054579255 -11.53011785446538 0.458459239186896 -2.864051447665197
343 3087 0.000873795890468526 0 0.0006704010317318808 -3.9110002033548925 -3.1342806359264612 -6.962575809262737 -11.529980208824556 0.45846000511870316 -2.8640465233346246
344 3096 0.0009342049694502926 0 0.000670401027235338 -3.911005121883827 -3.134283497061974 -6.96256989466112 -11.53013126022248 0.45846058501736303 -2.8640478008507677
345 3105 0.0010513328978887908 0 0.000670401021858756 -3.910989170951379 -3.134274634946807 -6.962592565156359 -11.5309144634167 0.4584555836678906 -2.8640484529955086
346 3114 0.001099341403019369 0 0.0006704010233147536 -3.9109865271115094 -3.134273323301485 -6.96259804376768 -11.531309246020966 0.4584558306973664 -2.8640499860782094
347 3123 0.0011988841714730637 0 0.0006704010347940607 -3.9109962687970987 -3.134280083492729 -6.96259654169532 -11.530563069556823 0.45845862562470646 -2.864044116092415
348 3132 0.001159056012838576 0 0.0006704010284937777 -3.9109863512958083 -3.134274635979159 -6.962610253176503 -11.531134671095138 0.458456298425004 -2.86404615494553
349 3141 0.0012461105267189607 0 0.0006704010220665201 -3.910981767946491 -3.1342719044228535 -6.9626139576782 -11.531232160852275 0.45845549284585757 -2.8640418544863238
350 3150 0.0013478915586038229 0 0.0006704010055401566 -3.9109813895712127 -3.134270804028175 -6.962606328368238 -11.531602386324613 0.45845538576916445 -2.864042614633134
351 3159 0.0014008557097355584 0 0.0006704010209549497 -3.9109903697037653 -3.1342784760514175 -6.962614437555349 -11.530606816376194 0.4584561201391116 -2.8640357101284692
352 3168 0.0016031359020703658 0 0.0006704010202940752 -3.9110012831643273 -3.134283154591098 -6.962586700422897 -11.529453949488882 0.4584579525278638 -2.864029974486109
353 3177 0.0015361709590543172 0 0.0006704010210590775 -3.910989804805947 -3.134276997340968 -6.962607013839852 -11.53055299558936 0.4584563432112038 -2.864037367577586
354 3186 0.0015152767008460005 0 0.0006704010233349329 -3.9109978708345774 -3.1342820903058 -6.962602096204219 -11.530025028521846 0.4584557340895263 -2.864037794231226
355 3195 0.0014243723377960539 0 0.0006704010111177587 -3.910987539393316 -3.1342744820503947 -6.962600113381928 -11.530838850726282 0.45845581862336926 -2.864033496014615
356 3204 0.0013190989388506902 0 0.0006704010053131901 -3.91099064546241 -3.1342758333029335 -6.962591831367092 -11.531055731134147 0.45845710676237816 -2.8640419422453105
357 3213 0.0013819889061531618 0 0.0006704010104180395 -3.9109941301162876 -3.1342790122873603 -6.962598059649306 -11.530940307652832 0.4584567335423579 -2.8640393859289435
358 3222 0.0014285916510863902 0 0.0006704009989868535 -3.91098156058347 -3.13427135264428 -6.962611415986636 -11.532230335220914 0.45845376598827786 -2.8640434001162425
359 3231 0.001509016628047106 0 0.0006704010008598193 -3.9109603567473865 -3.1342601821877816 -6.962648066127502 -11.533668052657898 0.45844725427846683 -2.864045675446564
360 3240 0.0015430856325372693 0 0.0006704010087127377 -3.910971840084365 -3.134267560973584 -6.962641809174769 -11.5329188487042 0.4584508538005437 -2.8640430827460586
361 3249 0.001528912542915048 0 0.0006704010024393314 -3.9109767060791594 -3.134269776127743 -6.96262783968876 -11.532448422057852 0.4584536940942763 -2.8640374755105515
362 3258 0.0017832751647020625 0 0.0006704010074177916 -3.910991805270115 -3.134278378262794 -6.962610350250373 -11.532274806904194 0.45845756206809446 -2.864041853839122
363 3267 0.0019638820565468663 0 0.0006704010208990306 -3.910967089635532 -3.1342661070648994 -6.962660286288027 -11.532709482633972 0.4584493537801628 -2.8640359785728444
364 3276 0.0018189287510072746 0 0.0006704010118444736 -3.9109914989410424 -3.134279576246733 -6.96262381071766 -11.531835988558726 0.45845462747257115 -2.8640361671148855
365 3285 0.0019373117556406607 0 0.0006704010061336634 -3.9110234083050055 -3.1342951183918335 -6.9625562925651305 -11.530738759401522 0.4584653790165885 -2.8640388093733598
366 3294 0.0019294351353990327 0 0.0006704009936864942 -3.9109867588659974 -3.1342757695108125 -6.962620949129843 -11.532863474069558 0.4584533539865581 -2.864035591480506
367 3303 0.0018749117908257477 0 0.0006704010020663021 -3.910969394909377 -3.1342671652606158 -6.962654471928356 -11.533266709635166 0.4584463218509758 -2.8640386050254705
368 3312 0.0017234196166617977 0 0.0006704009962983676 -3.9109852196366384 -3.1342753236941587 -6.962625948326102 -11.533077347853508 0.4584515754762236 -2.8640461311867065
369 3321 0.0016333518754876005 0 0.000670401005429435 -3.910973208468497 -3.1342705281268115 -6.962655799662067 -11.532573838711793 0.45844934104526486 -2.8640325435309917
370 3330 0.001546844080255342 0 0.000670400984365737 -3.9109777954319216 -3.13427179704716 -6.962640164734046 -11.533687322199713 0.4584524675939281 -2.8640339467831883
371 3339 0.0014911341215070556 0 0.000670401011471156 -3.910971512837319 -3.1342696289364316 -6.962658643141619 -11.533045777603268 0.45845126770664857 -2.8640351147749223
372 3348 0.001508746775503554 0 0.0006704009982543618 -3.9109684159038265 -3.134266465703842 -6.962651450671114 -11.533067043041822 0.4584482605474193 -2.864031443924597
373 3357 0.0014723615071132448 0 0.00067040100880948 -3.9109739991866155 -3.1342696992584895 -6.962645511230598 -11.532517070213054 0.4584503965989975 -2.86403187250539
374 3366 0.00137354420059133 0 0.0006704010081090835 -3.9109946026215865 -3.134282011912132 -6.962623002498567 -11.532216186760524 0.4584575504555714 -2.8640330793297077
375 3375 0.0012041666303892473 0 0.0006704010047326739 -3.910989042614303 -3.1342771425218867 -6.962617574430805 -11.53186681723936 0.4584549008444229 -2.864032049271186
376 3384 0.0012843262179140535 0 0.0006704010022122779 -3.9109986927776084 -3.134283529197702 -6.962612016907657 -11.532291284069913 0.4584593176826664 -2.8640312296095147
377 3393 0.0013660458185917983 0 0.0006704010154388695 -3.9109759141190192 -3.134271921716933 -6.962654306298611 -11.532717374718379 0.45845249622540923 -2.8640321844342944
378 3402 0.0015158028830581506 0 0.0006704010075311059 -3.9109828423715114 -3.134275639306872 -6.962644525533422 -11.53326790912163 0.45845589140503545 -2.8640363335566112
379 3411 0.0014309962337735933 0 0.0006704009941953886 -3.9109749480817912 -3.134270593094252 -6.962649292333192 -11.533822570989795 0.4584524052857393 -2.8640362374331687
380 3420 0.0015469411430350192 0 0.0006704009986313132 -3.910979609837234 -3.1342738107459995 -6.962648831706188 -11.533948776622516 0.4584546735252455 -2.8640334919536135
381 3429 0.001676965900298241 0 0.0006704009934844217 -3.910980006759571 -3.1342737248654817 -6.9626475408107344 -11.534643209390731 0.4584551705243787 -2.8640396873365317
382 3438 0.0015955362929666766 0 0.0006704009931839147 -3.910969172379925 -3.134267677640103 -6.962659612874916 -11.534403180319853 0.458451227013095 -2.8640394595608707
383 3447 0.0013504846889617788 0 0.0006704009892747294 -3.9109821427744427 -3.134275098563121 -6.962643612685124 -11.534183755094695 0.458454958687263 -2.8640354886015467
384 3456 0.0012565648085362936 0 0.0006704009993931098 -3.91097647679377 -3.1342720634982433 -6.962652442271853 -11.534218003506725 0.4584543447241218 -2.8640332405599267
385 3465 0.0013204135283409598 0 0.0006704009914821407 -3.9109730452733804 -3.1342706246861174 -6.962663604194235 -11.53511432440031 0.45845336418781546 -2.864038110591262
386 3474 0.0014617926653808567 0 0.0006704009984910474 -3.910982523401018 -3.1342760725640404 -6.962651696597654 -11.534439400784109 0.4584558378280299 -2.864038794464558
387 3483 0.0016453296225904404 0 0.0006704009892522226 -3.9109751773977184 -3.134272689072525 -6.962670688749231 -11.535762094352815 0.45845345363865986 -2.864040078492247
388 3492 0.0015409538903958387 0 0.0006704009832315306 -3.910980774012017 -3.1342751191843075 -6.962654964929863 -11.535251183526812 0.458454605088658 -2.864038510501285
389 3501 0.0015012574548222543 0 0.0006704009829325853 -3.9109873160277635 -3.134278846682951 -6.962646400733635 -11.534991706380833 0.4584558397512901 -2.8640390687711963
390 3510 0.0014332374586718735 0 0.0006704009838833331 -3.9109851084102667 -3.1342769351857545 -6.962644521401517 -11.535013815229252 0.45845609358232264 -2.864038986201106
391 3519 0.0015444339464904739 0 0.0006704009816372772 -3.910990744076711 -3.134279948066372 -6.962636993451509 -11.535028318264427 0.45845659241568637 -2.8640383524054784
392 3528 0.0016212030810579593 0 0.0006704009822897473 -3.910993963380573 -3.1342820469354304 -6.962634984085479 -11.534742518985665 0.458456727614241 -2.864038947840559
393 3537 0.0016177614286646575 0 0.0006704009806364792 -3.910995670662902 -3.134282417643641 -6.962627055046788 -11.534393384022797 0.45845547689267446 -2.8640415669989854
394 3546 0.0016268382877355078 0 0.0006704009863805366 -3.9110092432952204 -3.134289503362915 -6.9626026041364115 -11.533586738767255 0.4584602512758772 -2.8640368512661176
395 3555 0.0014165567360160617 0 0.0006704009815280301 -3.910994169923043 -3.1342813127158933 -6.962625597816877 -11.534251513011183 0.45845715622364913 -2.864036970535698
396 3564 0.0011472179006022677 0 0.0006704009853157832 -3.910991273882675 -3.134280040803931 -6.96263275763767 -11.534340301164757 0.4584552652352839 -2.8640389395748156
397 3573 0.0011970374213647553 0 0.0006704009814146614 -3.9109955434919983 -3.1342825734758293 -6.962629790205028 -11.534511801689108 0.4584562310580533 -2.864037594991558
398 3582 0.0012154709354384007 0 0.0006704009754012046 -3.9110037691310686 -3.1342868845771807 -6.962614757329853 -11.534315053682985 0.45845920590658545 -2.8640379055109526
399 3591 0.001419520942711353 0 0.0006704009744186705 -3.911013574981687 -3.134292529280174 -6.962603185861172 -11.534086704976733 0.4584606999755857 -2.864036116283482
400 3600 0.001323474502147285 0 0.0006704009775547517 -3.910998673196753 -3.134284144128444 -6.962623432047426 -11.534508063162807 0.45845626154005337 -2.8640406960806732
401 3609 0.001316757718046933 0 0.0006704009767611566 -3.911008613648162 -3.134289737158549 -6.962609562853008 -11.534247370935944 0.4584584656458786 -2.8640369640668366
402 3618 0.0013082374713247458 0 0.0006704009791660666 -3.9110137737754767 -3.134292772805142 -6.962603454112912 -11.534022210522277 0.4584596796371748 -2.8640394189402523
403 3627 0.001461981505492613 0 0.000670400981159166 -3.9110092199644977 -3.134289827002738 -6.9626074236053155 -11.534261387883152 0.4584577850489553 -2.864042928539201
404 3636 0.0014259054628814598 0 0.0006704009784362873 -3.9110038189560417 -3.1342876465143115 -6.9626203615279465 -11.53419168430616 0.4584564150483092 -2.864038360323089
405 3645 0.0012876261993410149 0 0.0006704009765854585 -3.911008338644597 -3.1342904559052833 -6.962617422295948 -11.534458862017937 0.4584573721755874 -2.8640371379633613
406 3654 0.0011615312406402485 0 0.0006704009734687993 -3.9110063667287065 -3.134288643430925 -6.962613799845164 -11.534556178914055 0.45845608175544156 -2.864043263224201
407 3663 0.0010722650024764398 0 0.0006704009772794532 -3.9110104775237193 -3.1342911314681476 -6.962610304410606 -11.534051910534037 0.4584587157731751 -2.864038650445182
408 3672 0.0009294271448438765 0 0.0006704009713567053 -3.9110080599753405 -3.1342899940485562 -6.962616236411874 -11.534817115656887 0.45845772274181895 -2.864040143265621
409 3681 0.0008659366099879786 0 0.0006704009726957111 -3.9110127327339708 -3.1342924958837957 -6.962609149617244 -11.534598667083925 0.4584593750298159 -2.8640402646637217
410 3690 0.0008648730313154002 0 0.000670400978578338 -3.911017490471225 -3.1342953434056295 -6.962605314673133 -11.534658013665197 0.4584606550490183 -2.8640400366942598
411 3699 0.0008427743261829668 0 0.0006704009773582049 -3.9110171534099485 -3.1342950682235813 -6.962604560863741 -11.534517526392166 0.45846094430930273 -2.864039295774381
412 3708 0.0007921194094826935 0 0.0006704009781240774 -3.911015702586365 -3.134294227731406 -6.96260598595567 -11.53465491298092 0.45846020575850516 -2.864040529390515
413 3717 0.00066643428209993 0 0.0006704009809394804 -3.911015333586617 -3.134293974107131 -6.962606421945328 -11.534533275190952 0.4584603726184421 -2.8640392684670664
414 3726 0.0006318616738347383 0 0.0006704009757291342 -3.911019028344234 -3.134295811564915 -6.962598637367941 -11.534264646395668 0.45846080657056987 -2.864038944960836
415 3735 0.0006533891802186053 0 0.0006704009794704414 -3.9110213983097113 -3.1342970780522514 -6.962595235513312 -11.534290308414356 0.45846111765257797 -2.8640387748241904
416 3744 0.0006352519520859425 0 0.0006704009782545776 -3.911022982415135 -3.134297752727667 -6.962590986652123 -11.534210427281794 0.45846182963055687 -2.8640390868643415
417 3753 0.0007027822728051743 0 0.0006704009801609698 -3.9110191625999793 -3.134296296779047 -6.962603184850033 -11.534643272518476 0.45846125783841507 -2.864038462845358
418 3762 0.0006911109539211075 0 0.000670400971682392 -3.911018962095474 -3.134295975707136 -6.962600506945203 -11.534504448427763 0.4584610245077913 -2.864038877822435
419 3771 0.0007012007458831185 0 0.0006704009780624027 -3.9110180553564593 -3.134295345046515 -6.962600541373427 -11.534207709744992 0.45846105573597484 -2.8640392792688685
420 3780 0.000596873790039136 0 0.000670400978843092 -3.9110191936897416 -3.134295738577547 -6.96259658129136 -11.534082378182871 0.45846061579114067 -2.8640384978618925
421 3789 0.0005378984664916807 0 0.0006704009819725775 -3.9110143516680007 -3.134293547192547 -6.962608041189831 -11.534342258753828 0.4584603684082605 -2.8640381199292504
422 3798 0.0005887349137982722 0 0.0006704009780427603 -3.911015464964265 -3.134294161694137 -6.962607152185499 -11.534436614827765 0.45846094786770414 -2.8640381138654156
423 3807 0.0006597212141750204 0 0.0006704009764858722 -3.9110171025918636 -3.1342953985427373 -6.962608347606853 -11.534793988126076 0.4584617064775974 -2.8640375802199745
424 3816 0.000745498383966983 0 0.0006704009761420564 -3.911014729681133 -3.1342938055442255 -6.962609108025821 -11.534727257436069 0.45846092755578827 -2.8640369470879548
425 3825 0.0007675107369171074 0 0.0006704009762031259 -3.9110146381319644 -3.1342941884048736 -6.962613212836383 -11.534878567091313 0.45846103497415175 -2.8640371205773394
426 3834 0.0008048072983700663 0 0.0006704009786704394 -3.9110180091716042 -3.13429606187843 -6.96260915226524 -11.534974387351829 0.45846263820910743 -2.8640363179523725
427 3843 0.0008291898731520835 0 0.0006704009771412171 -3.9110107607013314 -3.1342922959508455 -6.962621627597288 -11.535246431860946 0.45846145457473425 -2.8640354532839036
428 3852 0.0007731533456514425 0 0.0006704009759876029 -3.91101521002586 -3.1342943516145167 -6.962611375471933 -11.534937506770094 0.4584617329701206 -2.864036347257442
429 3861 0.0007089622116725148 0 0.0006704009766883263 -3.9110091662148814 -3.1342915438576515 -6.962624923242014 -11.535097322305877 0.45846072125226617 -2.864035276770244
430 3870 0.0007657243980315741 0 0.0006704009771876618 -3.911014065041715 -3.1342937399639728 -6.962612754953697 -11.53468449465375 0.458461071489153 -2.86403444120625
431 3879 0.0007559429972074969 0 0.0006704009794943586 -3.9110173999421227 -3.1342959477494388 -6.962612133437468 -11.534931893380183 0.45846199526789844 -2.8640351805756437
432 3888 0.0006807671349887856 0 0.0006704009771608034 -3.9110179338444064 -3.134296064930142 -6.962609773659986 -11.534981461318598 0.4584618069409554 -2.8640359619058295
433 3897 0.0007043878416379884 0 0.0006704009767462131 -3.9110188616573223 -3.134296745950865 -6.962609952013241 -11.534863870580942 0.4584619155491588 -2.8640358654147153
434 3906 0.0005770583768270564 0 0.0006704009770415673 -3.9110143034738756 -3.134293951089835 -6.962613498807887 -11.53473550640092 0.45846113997637034 -2.8640353400043237
435 3915 0.0004884524622005573 0 0.0006704009796755226 -3.911019134079615 -3.134296694019763 -6.962607451519423 -11.534802264443362 0.45846188993762127 -2.8640353910634246
436 3924 0.0005245776192355785 0 0.0006704009771004315 -3.911019228729499 -3.1342969708461235 -6.962610256315401 -11.535068506681526 0.458462275885351 -2.864035218881432
437 3933 0.0004921243222184163 0 0.0006704009766474641 -3.911018765264137 -3.134296430511949 -6.962607720704604 -11.53488284285645 0.4584616627042907 -2.8640368148074025
438 3942 0.0004778785544341766 0 0.000670400976760698 -3.911016998086933 -3.134295459947671 -6.962609798607705 -11.534718884759542 0.45846131001611173 -2.8640356191987566
439 3951 0.0004988420486317708 0 0.0006704009779847289 -3.9110206642203384 -3.134297438606544 -6.962604723566281 -11.534797560112624 0.4584619694039519 -2.8640362929269854
440 3960 0.00046162044629433963 0 0.0006704009757110567 -3.9110187843940327 -3.1342965117973627 -6.962608521168476 -11.534978121043753 0.4584617378269031 -2.8640361311225413
441 3969 0.00042801586101130903 0 0.0006704009764679665 -3.911019617032444 -3.1342968218280665 -6.9626051467315895 -11.534596973833198 0.4584614382542573 -2.8640362865278393
442 3978 0.00042310916982560536 0 0.0006704009757397175 -3.9110185695032853 -3.1342961601681925 -6.962605980674043 -11.5346874772585 0.45846108638179406 -2.8640371975852834
443 3987 0.0004641474752136036 0 0.0006704009753559862 -3.9110160767830777 -3.134294722454527 -6.962608669797705 -11.534573405523615 0.4584603635738031 -2.8640365436471806
444 3996 0.0004874914564482551 0 0.0006704009754346892 -3.911017514277549 -3.1342955553473657 -6.962607093091703 -11.534700514047834 0.4584606125567502 -2.864036943545726
445 4005 0.0004614095699215487 0 0.0006704009746248358 -3.911015954731268 -3.134294684048137 -6.962609233082514 -11.534720440025389 0.45846055557439425 -2.864036502864473
446 4014 0.00040048708100168717 0 0.0006704009765364957 -3.911017127474638 -3.134295297003599 -6.962607195969407 -11.534544797339029 0.45846071753239986 -2.8640362563378075
447 4023 0.00040442023579756345 0 0.0006704009753201273 -3.911013436762732 -3.1342933595439746 -6.9626130982902525 -11.534643752099914 0.45845992156733684 -2.8640366175730825
448 4032 0.00038985705647177877 0 0.0006704009750161242 -3.911017393359115 -3.1342956426859687 -6.9626089910088895 -11.534787820899913 0.45846087879353176 -2.86403704356539
449 4041 0.00039640757304395223 0 0.000670400976900963 -3.911018904708503 -3.134296270735814 -6.962604591427291 -11.534523671642019 0.458460663557855 -2.8640372531440033
450 4050 0.00038289386664490616 0 0.0006704009738856995 -3.911014805693794 -3.134294000113731 -6.962609985687638 -11.534640468498075 0.4584600138821754 -2.864037237536254
451 4059 0.00038877625365356464 0 0.000670400975646735 -3.9110188008390816 -3.1342963368334313 -6.962606221105353 -11.53471298078146 0.4584608653908758 -2.8640372082710335
452 4068 0.0003893756104054869 0 0.0006704009774175611 -3.911017543287843 -3.1342956059571203 -6.962607720543032 -11.534744840583437 0.45846096143947707 -2.864036881558798
453 4077 0.0004425112314447483 0 0.0006704009756789827 -3.9110159690418085 -3.134294510918631 -6.962607356290679 -11.534561834999447 0.45846008630738666 -2.8640379867685586
454 4086 0.00045281185469277197 0 0.0006704009770961065 -3.911017343714995 -3.1342955075939893 -6.962608504444792 -11.534877301038483 0.4584608272221424 -2.864037476227046
455 4095 0.0004478644875177585 0 0.0006704009733039308 -3.9110150243267774 -3.1342941261161923 -6.9626100793756 -11.534722982675312 0.4584598601311418 -2.8640375730702288
456 4104 0.00043526202447178924 0 0.0006704009746198044 -3.911014119016593 -3.1342936921920534 -6.962611986161218 -11.534691177253436 0.4584599256149202 -2.8640371856077818
457 4113 0.0004305049215407242 0 0.0006704009743268187 -3.9110130268142025 -3.134293118607153 -6.962613789872887 -11.534738434675104 0.458460037921192 -2.864037018407807
458 4122 0.0004351713805243838 0 0.000670400974790229 -3.911013432459064 -3.1342934166385494 -6.9626143132089275 -11.534878087441607 0.45846018204833233 -2.8640370277433984
459 4131 0.0004120961583098204 0 0.000670400976169482 -3.9110142984892975 -3.1342938817532615 -6.962613162866035 -11.534943702159907 0.4584604477169654 -2.864037461891796
460 4140 0.00042973358735798876 0 0.0006704009755887668 -3.911016067495714 -3.1342949020013284 -6.96261128021582 -11.53507163139721 0.4584605768149908 -2.864038384608008
461 4149 0.0004575239016952628 0 0.0006704009766597976 -3.911014372921373 -3.134293992428894 -6.962613975588767 -11.535044284179365 0.45846029371548086 -2.8640382624381076
462 4158 0.00044302735851575297 0 0.0006704009733841602 -3.9110129577052803 -3.134293116201061 -6.962614498411038 -11.534918861874178 0.4584598141469999 -2.8640378799230084
