% # columns="iteration, evaluation, void, void, void, xmean", seed=371157, Thu Nov 30 11:08:25 2023, <python>{}</python> # scaling_of_variables: 1, typical_x: 0
1 9 0 0 0 0.31091332839210595 1.8137447943237337 0.21826316907990995 -2.1867150192067975 0.9005327117301222 -0.547263304036613
2 18 0 0 0 1.2862305068724726 0.6431025035022935 0.4928017773290771 -2.8797619160685834 0.136849435580657 -1.6752272523177065
3 27 0 0 0 1.125284452624239 -0.08287497244815323 0.45119530085554294 -1.2421167214875712 0.14754683534778182 -3.4457275004415813
4 36 0 0 0 -0.04574991870383016 -0.717340537474717 -0.8307998519548134 -0.480557582842877 0.628996741284602 -3.2076423964605274
5 45 0 0 0 -0.32833490306535057 -0.30204309367367915 -2.2876485573437244 0.7652682084988347 1.0475713517404786 -1.784744842274382
6 54 0 0 0 -1.3386223086366786 -2.485581685595819 -1.8450362505308098 1.7914589246291615 1.2467528950966982 -2.643277961424524
7 63 0 0 0 -0.38892238846833527 -0.2940707163014884 -0.8646200327369642 4.50956437515772 1.3441627943317231 -2.2729007793033986
8 72 0 0 0 -1.6591892454266501 -0.9111416231990028 -1.614026786348446 6.399565349284715 1.052588336154336 -0.35992500859132015
9 81 0 0 0 0.1943471596620272 -0.07289022556171776 -4.109768592155624 6.790027570094267 0.12642185461896416 0.6515463977875742
10 90 0 0 0 -0.6870874289710133 -0.7112286836733411 -6.14398715857691 7.408123222804575 0.18032614995456062 0.2624603652922989
11 99 0 0 0 -1.308662445241088 -0.1811930180394643 -7.308147345873001 9.572729326966947 0.49257971888903695 -0.758638034792713
12 108 0 0 0 -1.474037338502899 0.43991382663572187 -7.220343665549633 9.839292615534747 -0.13165137748247768 -1.3298317522583225
13 117 0 0 0 -0.23158817481406757 2.4907383674584787 -6.883555892165826 12.049182597478234 0.35351556387958427 -3.363727246920554
14 126 0 0 0 1.2547708242278777 2.2614390155398896 -5.479712795834057 8.558957448902277 -0.6655662243319095 -4.6774334093941885
15 135 0 0 0 2.2855131275432057 1.4812653284847135 -6.444936225708405 9.04256470850917 -0.9007504714331114 -3.9126064780437915
16 144 0 0 0 2.593646560026109 0.8197264935110417 -3.351756113168142 9.877421467065293 -0.30515317440227885 -5.753255795162721
17 153 0 0 0 2.7176306693804273 -0.790729846414363 -3.6023244244362176 9.37018492241659 -0.6276818301082947 -4.02432021825283
18 162 0 0 0 3.3428954401988062 2.728384190454732 -4.535098798841216 12.797853559753383 -0.07841787045382087 -5.30548947294313
19 171 0 0 0 5.549250562794613 2.052031727196446 -3.348876813787337 12.252101312989428 -0.15693530164282635 -7.0097111959751315
20 180 0 0 0 6.626394108136278 3.595198620484458 -3.1575633196428274 15.171730061882798 0.2756472144533324 -6.6897670120953
21 189 0 0 0 7.223835265139849 0.689900385052018 -0.6213229532492623 12.708687483449495 -0.17137490907199326 -6.046507608461529
22 198 0 0 0 7.606006158099007 -0.37318768444110173 0.3463190124369778 11.597623788154031 -0.023091751209921463 -6.123532730965221
23 207 0 0 0 7.978747447426073 0.2303680565577355 -0.8784058294376133 11.326562263618756 -0.027911124570937137 -2.5518647459584107
24 216 0 0 0 8.606027429849899 2.173627760597437 -1.6091728567980759 12.656077232155079 0.07396725589436674 -5.277838911728293
25 225 0 0 0 8.553407439685614 1.8426020436737558 -2.3445409445419365 11.19386120484036 0.04118053976980634 -7.225108987310482
26 234 0 0 0 9.004466283914503 2.266995620203176 -2.374058370161451 13.20185313581182 0.009218445374639637 -7.737904369556917
27 243 0 0 0 8.262184067623858 0.7430902643024697 -1.6226556835408474 12.74583944582911 0.02023141042281288 -8.020731901641653
28 252 0 0 0 8.321090252958946 0.9923922631041748 -2.2686628560856716 11.540962473571396 0.12956822402326512 -7.310854729550291
29 261 0 0 0 8.835865985802435 2.6344431602552776 -3.517218281515636 12.44732658573439 0.09945692605940708 -5.823967927373724
30 270 0 0 0 9.75675781313511 3.7537619383287946 -3.4464710689787164 11.85776193448537 0.07819922370836323 -6.154673553424289
31 279 0 0 0 8.725925908992169 1.11040656447538 -3.3780782880376234 11.08942041019655 0.07953067340899703 -5.7500092108262635
32 288 0 0 0 9.06356957099261 1.5381155294439692 -4.287509396864076 10.782208753098027 0.1496059097543934 -5.478931686311172
33 297 0 0 0 9.041167274992864 1.7234722865330612 -4.194302609715954 9.3737681786193 0.039667042331837474 -5.657424594268548
34 306 0 0 0 9.029226526729715 2.5895934458178607 -5.55356321348297 8.128234304594292 -0.016895580657660947 -5.685899575425744
35 315 0 0 0 10.299040346089507 3.876625340670059 -6.6225147420159125 8.727027875555464 0.08371594026981284 -5.147648019349028
36 324 0 0 0 9.624281580591303 2.6210407832504257 -5.9975436708790015 7.448610248303515 0.17948754390742624 -5.443686212284325
37 333 0 0 0 10.68901043096292 4.06485519555477 -5.752175624776475 6.520293676203671 0.10418148801183111 -6.159287619347943
38 342 0 0 0 10.523034490948813 4.454915116863331 -6.291670018523847 5.941026061617099 0.11689299258336984 -6.242389887034806
39 351 0 0 0 11.748834639200735 6.188944983726108 -6.020513314025287 7.006966285040972 0.03681247143884113 -5.754739998451127
40 360 0 0 0 11.86229444286876 5.75857187034575 -6.904419967440456 3.8082066314019274 0.06630741502920037 -3.8516803998736724
41 369 0 0 0 10.21736586170676 3.9782107702432112 -7.0325441071619235 4.667073258712018 0.1343677963437128 -4.10410707764214
42 378 0 0 0 9.097277402458598 3.201989655935578 -7.339307726202479 6.5534410730650166 0.10622643894908952 -4.7954744311058715
43 387 0 0 0 8.852445006861291 2.3332632812487266 -6.54964306157559 4.7653499254893035 0.10585153232119841 -4.514820200247532
44 396 0 0 0 6.4739964068707145 0.7016275474675291 -7.555694784261583 3.6760444946531368 0.06682450741597512 -5.242027305754588
45 405 0 0 0 7.325430941967969 1.453610974385747 -8.224654941983788 2.3775838651623733 0.09717554077418998 -3.8757746968702107
46 414 0 0 0 7.249831725254656 0.6053893845593793 -8.262795534615092 1.2243823848786761 0.09033588963963188 -3.9793037741096215
47 423 0 0 0 6.305502213007583 0.5445767618467936 -9.372187476474346 -1.5783095664122115 0.07807926939450169 -1.73754878116694
48 432 0 0 0 4.166247138618853 -2.3465917454136678 -9.550371822718116 -0.40915114311153356 0.20002628342284057 -0.7188416636090205
49 441 0 0 0 6.515153491500349 -0.8619422343260468 -8.042865603852936 -0.5755598164591734 0.18804520088069532 -2.271064831296028
50 450 0 0 0 6.531157257285793 -1.559962976844908 -7.388748783364552 -2.2100751762188926 0.15452339265748888 -2.126690526449466
51 459 0 0 0 6.342701448206793 -2.1757976694230603 -7.791368132739288 -2.2869810932199233 0.08070083197575662 -2.3528312851653292
52 468 0 0 0 4.928815570433388 -2.4229416721437484 -9.611818939163769 -3.525612156862041 0.03727803048787856 -2.4165546364869055
53 477 0 0 0 6.233876079610185 -2.648690907058846 -9.27998135135396 -2.816123606351969 0.11519245038113064 -1.477678528113708
54 486 0 0 0 7.056634771707069 -1.3240700671727361 -10.213035839837444 -3.455100544851681 0.07413415865058244 -2.938297233773814
55 495 0 0 0 5.716832403411315 -2.6826890594738617 -12.084731466411444 -3.7162680765328346 0.19644444571554284 -1.940509064646853
56 504 0 0 0 4.97595549761187 -2.824572346673962 -13.415022480550272 -5.25454073824839 0.12921143231409943 -2.9582202419527954
57 513 0 0 0 5.160928303911537 -3.0134319658608217 -11.973426415822901 -3.8523235258175252 0.20262060691605427 -2.7032855264000837
58 522 0 0 0 3.234581464481785 -4.400592211267787 -12.32345559199045 -3.94674148052874 0.17595424297472928 -2.7699248548083366
59 531 0 0 0 4.533103617596769 -1.8802514431180306 -13.760405571159934 -6.275421402056319 0.1003742726166577 -2.822682724819866
60 540 0 0 0 4.743681042968467 -1.3293879629870486 -12.885493134274016 -5.4136066167734285 0.09746202099333315 -2.800334088962574
61 549 0 0 0 5.025226146064794 -1.2759795446522633 -13.644133711351213 -4.986949323619472 0.14404380211686652 -2.8849584365257326
62 558 0 0 0 5.135318531932671 -0.6933730823534119 -13.281613186849802 -5.2511181414050565 0.07904650525536701 -3.1285311997940397
63 567 0 0 0 5.220293032261327 0.822898934322353 -14.866785990477174 -5.256641319227782 0.09512398600748713 -3.042954348606658
64 576 0 0 0 4.513651615479749 -0.059668615875383524 -14.300622520210432 -6.94077127783751 0.05979616541293852 -2.8564806348902008
65 585 0 0 0 5.461043009967751 -0.2276694483279638 -12.67470435278084 -6.730292140770086 0.04742634056643628 -3.127897645609327
66 594 0 0 0 4.817624408578215 -1.4389178421108835 -12.191207976790869 -7.121252275971613 0.053222792502212166 -2.9935848595386254
67 603 0 0 0 4.189411168023281 -2.218412831704194 -12.027570065669812 -7.716102692931254 0.07039838031181575 -2.5902725645095512
68 612 0 0 0 3.774009779304026 -2.908135922174566 -11.711577226050112 -7.032094254941102 0.08187212270242393 -2.99430391563081
69 621 0 0 0 3.6933143176494565 -2.5887805435986806 -11.994606090655065 -6.62491771836657 0.12414792149850287 -2.8448924605172725
70 630 0 0 0 3.8381351581303718 -2.2713469230373855 -11.058693930494192 -7.067962454369695 0.08416646447420456 -2.796058751295048
71 639 0 0 0 3.467021829292643 -2.514752428480435 -11.525866459809857 -6.51512409412924 0.12405093247561921 -2.8013185398933205
72 648 0 0 0 3.363911116742416 -2.2086537674387183 -11.821479200767778 -7.617356792391224 0.12398486471509193 -2.9321315137117425
73 657 0 0 0 3.570347904011605 -1.7426585085987878 -11.530549006001213 -7.839000944474926 0.10786518322340735 -2.9239387315812695
74 666 0 0 0 3.5200689364196247 -1.8990911171484846 -11.482616218244939 -8.135352087798102 0.10616293227372271 -3.020342395931602
75 675 0 0 0 3.538126936696928 -1.9661338394973658 -11.19442729251069 -9.374913258226849 0.08532341941008693 -2.97651526900381
76 684 0 0 0 3.2319513157275477 -2.3379127535549666 -11.565786900479276 -8.901810408631677 0.11313245690221263 -3.0011015105186254
77 693 0 0 0 3.4584865527671744 -2.5775153470896712 -11.61151483342293 -9.208511767935223 0.10949490475340949 -2.9225146298638367
78 702 0 0 0 3.6113496841222994 -2.4546362962867514 -11.412597492361032 -8.90109899666877 0.10828203833170544 -2.8639761314026226
79 711 0 0 0 3.450761496681883 -2.974499357558243 -11.14428619560122 -9.72530127575375 0.09633731178052608 -2.84210166931726
80 720 0 0 0 3.181260283902517 -3.0603352901983607 -11.023641603550468 -9.193948819611533 0.10473757301786 -2.868836254122698
81 729 0 0 0 3.030103494690405 -3.1929517805296954 -11.133233351246695 -9.919605433448176 0.09241802555559592 -2.8370747364063025
82 738 0 0 0 3.007099855923927 -3.1332602060765122 -10.753232675420785 -9.746712829226635 0.08890751607708523 -2.841374386208902
83 747 0 0 0 2.6591285646094764 -3.3311195265950957 -10.821476951579225 -10.041732720559574 0.08956085666792969 -2.8745495489856294
84 756 0 0 0 2.8415480704610574 -3.2008799587485486 -10.61681175236281 -9.19370637444244 0.09427872345874395 -2.840450469322541
85 765 0 0 0 2.7598403424288422 -3.341906723991779 -10.454904875954147 -9.570789251846197 0.0946554817923091 -2.8413498807996778
86 774 0 0 0 2.824843728195369 -3.378222677414695 -10.32507489681272 -9.26099598432502 0.09975494959850503 -2.8222397913499315
87 783 0 0 0 2.940095147557866 -3.334886927416309 -10.12707134776977 -9.000225045843273 0.10436951280857473 -2.825419938347275
88 792 0 0 0 2.9507947793409013 -3.1376179005952625 -9.963446001045327 -8.78902390299745 0.10841371558170758 -2.8584111946453596
89 801 0 0 0 3.104632654447193 -3.1803434141104567 -9.354282952787438 -8.57804829086397 0.10690615396838095 -2.837030572216581
90 810 0 0 0 3.084987352810172 -3.0640586196077626 -9.244181019906783 -8.655076741279625 0.10568037019507916 -2.8702465176314957
91 819 0 0 0 3.0804208439770946 -3.1661966357806426 -8.804387096043572 -8.097997998259629 0.10490824451041367 -2.860572298590155
92 828 0 0 0 2.9950806595519093 -3.202701131517284 -8.426014358464569 -7.417851535119413 0.10912731492324892 -2.84135245417242
93 837 0 0 0 3.3116969333399413 -2.99069621775421 -8.772381961232801 -7.597473770683528 0.10880488057780324 -2.855744239915826
94 846 0 0 0 3.298384097207566 -3.0253012266017305 -9.11120733569475 -7.957369622485915 0.09999732545552352 -2.861759434428211
95 855 0 0 0 3.2398077747007727 -3.2014682759259436 -8.924652715442265 -7.958322646990727 0.10341151690260363 -2.851457723453759
96 864 0 0 0 3.2665356100311578 -3.2526638005872606 -9.387774230428587 -7.670631214347359 0.10270084347111993 -2.8159787558225906
97 873 0 0 0 3.240536953751474 -3.154898076526695 -9.26018872853497 -7.929552467667662 0.09838798812599263 -2.8367540617009683
98 882 0 0 0 3.2008058218951265 -3.1033052415855438 -9.625837104368784 -7.758318347820822 0.10009215959529427 -2.845802424639265
99 891 0 0 0 3.177224597855011 -3.2053497560128057 -9.716409131290025 -7.8177301023336705 0.09876492115095911 -2.8310778442014004
100 900 0 0 0 3.1035265280917663 -3.1743574431526804 -9.915912481229238 -7.738756214386614 0.10339978023678936 -2.8367307370596646
101 909 0 0 0 3.162906004310176 -3.1142123969081728 -9.729092503332108 -7.827368941812921 0.10232041512624383 -2.85778199486481
102 918 0 0 0 3.3220190042676774 -3.1548954775475737 -9.48522957643672 -7.975353949806758 0.09948569842154488 -2.8447273543903857
103 927 0 0 0 3.365762656351575 -3.1101443563421207 -9.328264106808568 -7.615703454718648 0.10053631155593226 -2.84228384416228
104 936 0 0 0 3.319360112811603 -3.126375112632925 -9.286426068021992 -7.396576165853461 0.10315932831435894 -2.836386866965915
105 945 0 0 0 3.2829808523247146 -3.151425191086606 -9.141346063793641 -7.368944417096439 0.10340915109301867 -2.8360492946788436
106 954 0 0 0 3.221092446749967 -3.1561632611713857 -9.304306814290507 -7.558269408265829 0.10263734957505623 -2.84091513950868
107 963 0 0 0 3.1848644576056993 -3.2014181354354014 -9.518685199018515 -7.742702733341034 0.1012643289396202 -2.8383408641809247
108 972 0 0 0 3.140133258348346 -3.185089610485716 -9.735747881707441 -7.888149924577813 0.09961035452103613 -2.843271547064012
109 981 0 0 0 3.2137664159515174 -3.156278912269781 -9.545459832697748 -7.832788801498589 0.10107457381634684 -2.848392998062679
110 990 0 0 0 3.217727311894186 -3.1500371155466707 -9.54448129276723 -7.9387835462341005 0.10132328782720477 -2.850316522020167
111 999 0 0 0 3.208675064556255 -3.1483278448279015 -9.409077070242816 -7.837137102592843 0.1012750996079301 -2.846799090837566
112 1008 0 0 0 3.2205236434979105 -3.150381101674093 -9.336410404690278 -7.775618764259324 0.10210753235252866 -2.8457692572012627
113 1017 0 0 0 3.1823127928591273 -3.1696067868359408 -9.346195539231454 -7.691430798108553 0.10203472630628299 -2.8427372883552766
114 1026 0 0 0 3.198369848000024 -3.160879432018204 -9.37447570719328 -7.7142831437995065 0.10168173582716125 -2.842096689440113
115 1035 0 0 0 3.1823800553390873 -3.1609016917930974 -9.481440309006771 -7.788785707604131 0.10116195716091683 -2.843258302430586
116 1044 0 0 0 3.1814173324092465 -3.15530258039276 -9.480876392223735 -7.814648071808422 0.10063439104710174 -2.8435776015874663
117 1053 0 0 0 3.185416500602391 -3.1634459470356164 -9.454231215974861 -7.8267406460319595 0.10022137162223929 -2.842662203123091
118 1062 0 0 0 3.181982631854787 -3.171490496871436 -9.486265617042761 -7.779877762830961 0.100540716367159 -2.8399468985193863
119 1071 0 0 0 3.165883558438739 -3.1679426760700777 -9.434356304616914 -7.727108904576395 0.10128206419416533 -2.8406635743045316
120 1080 0 0 0 3.156317776089502 -3.1617247179536645 -9.519568888033087 -7.783416684920735 0.10131035899762493 -2.8426514808288728
121 1089 0 0 0 3.151372409045711 -3.1687827194194123 -9.558067200511434 -7.8013400157054225 0.10118057338109993 -2.842881797801599
122 1098 0 0 0 3.1319815117267162 -3.169924222280191 -9.568079026669022 -7.8248851896235845 0.10078201257541441 -2.8435710638034575
123 1107 0 0 0 3.1253160899656267 -3.1685477941754745 -9.589110557697655 -7.864117246276361 0.10037123930144333 -2.8451954070088163
124 1116 0 0 0 3.1066686592467234 -3.161582696740848 -9.606809466122058 -7.874507347022481 0.10036745621654802 -2.8481617073354113
125 1125 0 0 0 3.095579025931538 -3.165570181539187 -9.627018271025912 -7.835515604674608 0.10077610395158285 -2.8470293971085825
126 1134 0 0 0 3.089448894320446 -3.162945413783918 -9.60434792799126 -7.845855352244165 0.10107918898230632 -2.848453471352453
127 1143 0 0 0 3.057951502185355 -3.1851703015098245 -9.71920363408072 -7.8889954870662296 0.10090532112236221 -2.845395670512759
128 1152 0 0 0 3.066800750591886 -3.1765791111396435 -9.728556256213661 -7.836821073438168 0.10158994994242398 -2.845539921999255
129 1161 0 0 0 3.0942160629950903 -3.1697339501404604 -9.660304396551691 -7.8533610875973885 0.10097163781658745 -2.846063286648662
130 1170 0 0 0 3.0942265695362057 -3.174447850769038 -9.666787887070173 -7.856616173742931 0.10076473486415768 -2.844554493598606
131 1179 0 0 0 3.0665952284412223 -3.1763904222746575 -9.695083318209871 -7.867889561819112 0.10069373534681668 -2.8456444154066
132 1188 0 0 0 3.0884138746190493 -3.1738552087678067 -9.70717425939282 -7.857994386949059 0.1008782457650011 -2.844762062073873
133 1197 0 0 0 3.085321946463493 -3.1755516931199033 -9.667432511620706 -7.838652691916128 0.1007994589833631 -2.8439012947912232
134 1206 0 0 0 3.0976480177169483 -3.1661664322127803 -9.67887849193135 -7.821718970399022 0.10090297121541135 -2.844648061453982
135 1215 0 0 0 3.1034891201782733 -3.1680862976150204 -9.677242205570316 -7.836761689432426 0.10072554754640997 -2.844045752665887
136 1224 0 0 0 3.0994187885023674 -3.1683895579606216 -9.685588440493191 -7.842358619309277 0.10077648861375607 -2.8444384173781816
137 1233 0 0 0 3.085516340984192 -3.167695137194651 -9.723310672317885 -7.8237704694524925 0.10106393485461121 -2.8446013364907152
138 1242 0 0 0 3.085148909635771 -3.1712809490587133 -9.723844137224908 -7.841356206502409 0.1008258874019737 -2.84385700500982
139 1251 0 0 0 3.1040829484677253 -3.1709366435775004 -9.70816900311829 -7.845025071855758 0.1005921738866858 -2.843082002942936
140 1260 0 0 0 3.103071234310499 -3.166789876555124 -9.68881613120231 -7.835428963213188 0.10089012049913013 -2.8444593984379485
141 1269 0 0 0 3.0973134947473535 -3.163883362517003 -9.696209455744462 -7.837476935169437 0.10115730591837756 -2.8455213636302634
142 1278 0 0 0 3.103094479953869 -3.164664436021854 -9.695173217067971 -7.835033529194238 0.10100479255576025 -2.844838466286503
143 1287 0 0 0 3.0997871366202303 -3.1657390765221813 -9.693025752078636 -7.841898253235122 0.10103167148778992 -2.844985973493736
144 1296 0 0 0 3.093208873651625 -3.166540273535455 -9.7070386826083 -7.845808231260344 0.10112974374422846 -2.8452988117099864
145 1305 0 0 0 3.0908402719996864 -3.165016382167483 -9.709949544889266 -7.843262803136652 0.10115895986677519 -2.8456712558282335
146 1314 0 0 0 3.0930938501180125 -3.164049103297581 -9.706713982541169 -7.837575910685872 0.10122887823848423 -2.8455955088689016
147 1323 0 0 0 3.09138443165475 -3.164438395650778 -9.702087159859909 -7.840434874086581 0.10118675003501985 -2.845733927650934
148 1332 0 0 0 3.0901784483190657 -3.1644470524227866 -9.705048200793835 -7.844612085702996 0.10122178741593077 -2.846029909605073
149 1341 0 0 0 3.0915081603846946 -3.164853918908976 -9.710825525638812 -7.845563194942196 0.10124555812830524 -2.8459245799051756
150 1350 0 0 0 3.090113371581019 -3.164401867011835 -9.712317601050705 -7.845230294482402 0.10129950724728766 -2.8461384694555987
151 1359 0 0 0 3.0901389762430047 -3.164084531391786 -9.714145053382612 -7.84403529840609 0.10129361760762969 -2.846105475034109
152 1368 0 0 0 3.0931949180330984 -3.1642192256751795 -9.707856727592137 -7.842800939315445 0.10130686030499121 -2.8459855838681722
153 1377 0 0 0 3.0909391915643174 -3.16383473683343 -9.712191862592949 -7.841792466661291 0.10130754600066398 -2.846031785220715
154 1386 0 0 0 3.089583116709628 -3.163654460173806 -9.710558683655064 -7.845017316680427 0.1013195439778135 -2.8462590454249623
155 1395 0 0 0 3.090433030907438 -3.163578651495216 -9.710996300883151 -7.844208346114988 0.10137194846785613 -2.846291055373082
156 1404 0 0 0 3.0903844807882956 -3.163606603206237 -9.710495503690177 -7.8443595152622 0.10134722490363823 -2.8462303432068166
157 1413 0 0 0 3.090391913142976 -3.16424767574459 -9.708376473688038 -7.842519231967553 0.10131321489813279 -2.845971940642445
158 1422 0 0 0 3.0904819943220394 -3.1645770249679583 -9.707072237480677 -7.8404008448538285 0.10126216907678011 -2.8457072008802484
159 1431 0 0 0 3.090426252764684 -3.1646472813042728 -9.70864943205645 -7.8438437212785574 0.10123106260699971 -2.845713950454294
160 1440 0 0 0 3.09072739925873 -3.164826508040602 -9.706442733769467 -7.844129643770539 0.10124491013066902 -2.8457814693906864
161 1449 0 0 0 3.090427618739172 -3.1641613515009377 -9.707839739226909 -7.846963564697969 0.10126787232032103 -2.8459961980037747
162 1458 0 0 0 3.090191739717932 -3.1648121652528514 -9.707170130003588 -7.848070015734419 0.10122370822265883 -2.8458433811003148
163 1467 0 0 0 3.090072142160021 -3.1646038479416276 -9.707857220101825 -7.846829418498803 0.10124420533326293 -2.845883593564234
164 1476 0 0 0 3.0902470962494455 -3.1643959052241115 -9.708716973768496 -7.847670396703012 0.10122410587003604 -2.8459351332454084
165 1485 0 0 0 3.0902329406879168 -3.1644658720945587 -9.708997053429066 -7.848356244785096 0.10122986345237438 -2.846002428188665
166 1494 0 0 0 3.09037650277754 -3.164683599478707 -9.709573044390567 -7.848613772914913 0.1012108271530074 -2.8459229396646437
167 1503 0 0 0 3.0904268097280467 -3.1646754097547936 -9.70997588514704 -7.8493115662151185 0.10123746328924857 -2.8459600296611245
168 1512 0 0 0 3.0903750804977372 -3.1648151233267328 -9.709408995612796 -7.848534857317543 0.10123525742934388 -2.8459405196854335
169 1521 0 0 0 3.090295852213585 -3.164986319617519 -9.70884589160829 -7.847241151348729 0.10122245608035253 -2.845836815063591
170 1530 0 0 0 3.0902557303649716 -3.1649511699536643 -9.70837302312492 -7.846404270798069 0.10122968439767535 -2.8458135594765928
171 1539 0 0 0 3.0903375930179546 -3.1651486701689584 -9.707340494029012 -7.844907637850073 0.10121656496944445 -2.8456951988420367
172 1548 0 0 0 3.0903785700907878 -3.165365881050191 -9.707422599400276 -7.84365727606233 0.10120373728499142 -2.8455762414334034
173 1557 0 0 0 3.090270760296159 -3.1653051790578717 -9.707796724540659 -7.845561754593716 0.1011935834729278 -2.845633386877858
174 1566 0 0 0 3.090153423841592 -3.1656279448386107 -9.706687092821303 -7.843927673726549 0.10118495278212024 -2.845473624375729
175 1575 0 0 0 3.090208360492973 -3.1658990016476856 -9.706245011711687 -7.841332847458592 0.10116537939921327 -2.8452831434964168
176 1584 0 0 0 3.09021068283214 -3.1657626694757655 -9.70653279832647 -7.839965946521161 0.1011579259440132 -2.8451757444074937
177 1593 0 0 0 3.090296811311514 -3.1658371909685017 -9.70798549870047 -7.844306471134891 0.10115265550603046 -2.8453423243320852
178 1602 0 0 0 3.090205252674928 -3.1660246156111636 -9.706773515971413 -7.8432304463176985 0.10111968485557961 -2.845216932923603
179 1611 0 0 0 3.09021435878842 -3.1662150302306595 -9.705730410830123 -7.8445199564276535 0.10110431594376139 -2.8452253377284453
180 1620 0 0 0 3.0902053962048877 -3.1667640730097353 -9.70682679261689 -7.844796969519566 0.10107823098043855 -2.8450774663273926
181 1629 0 0 0 3.0901788805260204 -3.167074776092924 -9.707294288149585 -7.845329828302599 0.10108417820830479 -2.8450831633858007
182 1638 0 0 0 3.0902333208586947 -3.167122353987595 -9.70782687158426 -7.844272331151334 0.10107909721447496 -2.84501364773086
183 1647 0 0 0 3.0901716139795137 -3.167803433993188 -9.707819048669075 -7.847682891341418 0.1010403934680909 -2.8449757361864756
184 1656 0 0 0 3.0901022926346866 -3.1675953948433286 -9.70611098854994 -7.846647185366535 0.10102954227676553 -2.8450245120306423
185 1665 0 0 0 3.090175774434816 -3.1680165466599775 -9.706513623230654 -7.846310909238899 0.10100575936017674 -2.8448589516689213
186 1674 0 0 0 3.0901229253206974 -3.1687364717827275 -9.707023919764177 -7.8466933891873705 0.10100592751621296 -2.8447206524601563
187 1683 0 0 0 3.0900666884862433 -3.1690763650084017 -9.706541042808134 -7.8483864114995825 0.10097848347565737 -2.8446876411832642
188 1692 0 0 0 3.0900922505956445 -3.169097482778639 -9.707260523777872 -7.845159500374523 0.1009875990537693 -2.8445545878515937
189 1701 0 0 0 3.0901611285579356 -3.1685380619144663 -9.707885580860346 -7.845409203247199 0.10102637309452764 -2.844705309753821
190 1710 0 0 0 3.090120995172499 -3.1687472337659437 -9.70706867106234 -7.846069858972721 0.10103581727658438 -2.8447624169692793
191 1719 0 0 0 3.090085780107948 -3.1691797652634173 -9.705936861882224 -7.844995354484164 0.10100748436922267 -2.844581048168863
192 1728 0 0 0 3.0900816838608813 -3.1689415172264233 -9.706693685793816 -7.846058769635479 0.10105141412583815 -2.844775628015568
193 1737 0 0 0 3.0900923842441204 -3.1691026524710266 -9.706609168518302 -7.846460606191929 0.10103647542298645 -2.8447617870151007
194 1746 0 0 0 3.0900684272303796 -3.1695303615062946 -9.705945907129516 -7.847670775847128 0.10101454557919236 -2.844736252349758
195 1755 0 0 0 3.0900534482460422 -3.1698131855321607 -9.70648870472977 -7.850301180054631 0.10101014329982956 -2.8448026805303823
196 1764 0 0 0 3.0900256070841463 -3.170524756133919 -9.705763931815387 -7.8521903368948 0.10098036280449481 -2.844773047809402
197 1773 0 0 0 3.0899793224824776 -3.171056279535283 -9.706590094030302 -7.85668035751611 0.1009770484335402 -2.8449056098959917
198 1782 0 0 0 3.089977380800356 -3.171274270780261 -9.706841575719325 -7.8576182894595155 0.10096492796284982 -2.8448501538198108
199 1791 0 0 0 3.0899391250524735 -3.172258720699907 -9.707472193675374 -7.861732442638791 0.10094807579923513 -2.844862860903086
200 1800 0 0 0 3.0900121884784997 -3.171657320659095 -9.707681420187646 -7.85995744351649 0.10098511099092083 -2.8449887390082966
201 1809 0 0 0 3.089963523053317 -3.1720281238487784 -9.708247102283053 -7.861055446487174 0.10101966099906746 -2.8450492348946583
202 1818 0 0 0 3.0899032679683294 -3.1724356531298317 -9.709735156939658 -7.861882838224165 0.10099797696515533 -2.8449192977233624
203 1827 0 0 0 3.0899542756399194 -3.1720188720756615 -9.70731024279045 -7.861109090806983 0.10098734351786444 -2.844943494091735
204 1836 0 0 0 3.0899584237255717 -3.1715639657988586 -9.707977291167152 -7.860571480348856 0.10100021615844203 -2.8449667348750056
205 1845 0 0 0 3.0899250872455046 -3.1722351942273437 -9.707279075609081 -7.863369740392818 0.10095110794871545 -2.8449097643367405
206 1854 0 0 0 3.089935621556892 -3.172068982668001 -9.707962024970305 -7.864022938560138 0.10098032264268875 -2.8450216454989508
207 1863 0 0 0 3.0899475419335407 -3.1717319247669575 -9.707746951856237 -7.860663546606304 0.1009977574331512 -2.844950107253935
208 1872 0 0 0 3.0899577517413785 -3.171711106581856 -9.708210468138992 -7.861708294809311 0.10100028938813486 -2.844957872168385
209 1881 0 0 0 3.089924718116561 -3.1721854710274946 -9.70779849544838 -7.863091642183808 0.1009745238293031 -2.844923630298877
210 1890 0 0 0 3.089924308233638 -3.172360717562555 -9.706850783000794 -7.863039371807544 0.10095955644375468 -2.844887218889993
211 1899 0 0 0 3.08991934138653 -3.1725126282128278 -9.707609450886524 -7.863402288574082 0.10095531041666972 -2.84481363186433
212 1908 0 0 0 3.089913501785345 -3.1726118877917306 -9.707185142293007 -7.863267317343609 0.10096562630381416 -2.844820669664411
213 1917 0 0 0 3.0899199417545637 -3.172402910116582 -9.707226085966827 -7.86145371094124 0.10098035834827218 -2.8447936006039143
214 1926 0 0 0 3.089928286705682 -3.1723524068669318 -9.706553690862204 -7.861321286081772 0.10097213007271912 -2.8447816591715918
215 1935 0 0 0 3.089913896035683 -3.172544623024411 -9.70725000514726 -7.861595961575353 0.1009691764896877 -2.844785278981337
216 1944 0 0 0 3.089900654110877 -3.1727635025729146 -9.707046628209888 -7.8615923993910455 0.10096733892525046 -2.8447441489451575
217 1953 0 0 0 3.0898827910160804 -3.1730263936707783 -9.707980224192847 -7.862501757313714 0.10097907837353441 -2.844767764842411
218 1962 0 0 0 3.089888042131507 -3.1730340447938574 -9.70891210389675 -7.863495621719097 0.10099422359963395 -2.8448082701792217
219 1971 0 0 0 3.0898740514171394 -3.1732903553264578 -9.709040144519374 -7.863602962113688 0.10098846143167485 -2.8447444724417164
220 1980 0 0 0 3.089840748789533 -3.173839357442258 -9.710492435623019 -7.864367039847882 0.10099352386413168 -2.8446707606762174
221 1989 0 0 0 3.089843987266033 -3.17382657338805 -9.710282382447325 -7.863181031770724 0.10099414637370427 -2.844621111207088
222 1998 0 0 0 3.0898484188266653 -3.1737598685688537 -9.710112784011777 -7.863205947894363 0.10099540967648321 -2.84468279483351
223 2007 0 0 0 3.0898475681888424 -3.173811743792553 -9.709875809403318 -7.865093971750266 0.10100199871258475 -2.844731825587687
224 2016 0 0 0 3.0898386410606777 -3.1738858346073653 -9.71088426512897 -7.86571055691014 0.1010161068970849 -2.8447371600609013
225 2025 0 0 0 3.0898315314238167 -3.1740345894776922 -9.712244496504287 -7.867640416475885 0.10101750984545992 -2.844760253876292
226 2034 0 0 0 3.0898147926890682 -3.1742728812360568 -9.711190549979861 -7.8677003681207 0.1009975330574174 -2.8447121175383305
227 2043 0 0 0 3.0897885481292926 -3.1746869179383155 -9.711704148668193 -7.866643670459606 0.10100740784944301 -2.844610494329798
228 2052 0 0 0 3.0897912435932215 -3.174777954203552 -9.7128320637882 -7.866982873630155 0.10102189448562666 -2.8446235671887297
229 2061 0 0 0 3.0897574376225556 -3.175210400898409 -9.71426795338343 -7.868249797473494 0.10103397157768647 -2.8445762674733346
230 2070 0 0 0 3.0897592966683836 -3.175185458729518 -9.715939653756122 -7.867721087819998 0.10104910783733202 -2.8445434875097004
231 2079 0 0 0 3.089787180541175 -3.174764347411603 -9.715676567690823 -7.868528416690127 0.10105250003529152 -2.844564910091295
232 2088 0 0 0 3.089773668624604 -3.174900247938339 -9.714207163765632 -7.867483449699281 0.1010507004539703 -2.844558241112498
233 2097 0 0 0 3.089784440218812 -3.1747485631729395 -9.715631653896176 -7.8682817218390255 0.10106138724993824 -2.844563353754862
234 2106 0 0 0 3.089778428207768 -3.1748873989552497 -9.716953567432709 -7.870285445169667 0.10105591941239059 -2.8445213718633333
235 2115 0 0 0 3.0898005718965926 -3.1745700800233987 -9.717619890304292 -7.870585411764035 0.10103923247449483 -2.844568387678641
236 2124 0 0 0 3.089795913544065 -3.17448722527278 -9.7180421504691 -7.868485654616273 0.10106263880800613 -2.8445539030770908
237 2133 0 0 0 3.0897690780143034 -3.175072381513908 -9.718871840375044 -7.869738119658066 0.10106837942503043 -2.8444866535693785
238 2142 0 0 0 3.089799459266487 -3.1745837892745796 -9.718878924711348 -7.870442068250108 0.10106844724987246 -2.8445768776184592
239 2151 0 0 0 3.0898197403922394 -3.1741761777923587 -9.718885179979718 -7.870572176713764 0.10105117846467165 -2.84462567473497
240 2160 0 0 0 3.089823141120419 -3.1740854621836485 -9.721357416227042 -7.871737471548311 0.10105012424465859 -2.8446379621602054
241 2169 0 0 0 3.0898287033904643 -3.1740411242461364 -9.72214831854915 -7.87640469405797 0.10104641686175798 -2.8447762093436824
242 2178 0 0 0 3.089822188027243 -3.1741347748829565 -9.72328720030448 -7.876456838155275 0.10104452400451466 -2.8447237215981382
243 2187 0 0 0 3.0898005478161723 -3.1745340194465475 -9.722190987337196 -7.877138459439066 0.10104489829141758 -2.8446601516260244
244 2196 0 0 0 3.0898092822354157 -3.1744017215352986 -9.724434722349624 -7.878236003375345 0.10105978859983157 -2.84466062334534
245 2205 0 0 0 3.089814146721982 -3.1742991490110493 -9.726919594546125 -7.881533246590969 0.10105639109862677 -2.844749621566344
246 2214 0 0 0 3.089809792805818 -3.174391261839482 -9.727242656356557 -7.880431276398446 0.1010686974967625 -2.844730101013768
247 2223 0 0 0 3.0898277982369087 -3.174062263945192 -9.727056614251175 -7.8807043470227 0.1010594792420398 -2.844791613989124
248 2232 0 0 0 3.089836408013674 -3.1739037996233814 -9.728333831634949 -7.883417464324177 0.10105906382729724 -2.844865880856389
249 2241 0 0 0 3.089841178147202 -3.1738529982567996 -9.729478686128637 -7.884932802115772 0.10107155493312495 -2.8449291330526223
250 2250 0 0 0 3.089844356759144 -3.1737819204299766 -9.730424144260962 -7.885817413003921 0.10106699466247895 -2.844902012519894
251 2259 0 0 0 3.089854126175015 -3.1735588018649987 -9.732431093282816 -7.888269486952782 0.1010743842901744 -2.8449694074216136
252 2268 0 0 0 3.089871201527135 -3.1732800898933204 -9.734502105441774 -7.891027518846573 0.10106049088679103 -2.8450430999532603
253 2277 0 0 0 3.089869768466476 -3.17332127588328 -9.73572492956702 -7.893330914663819 0.10105303183170078 -2.845108198508342
254 2286 0 0 0 3.0898866420639584 -3.1730580891048583 -9.73772518249297 -7.8978367270850525 0.10105407630302923 -2.845181014744844
255 2295 0 0 0 3.0899065517326934 -3.1727429513073964 -9.743438433941105 -7.90838370415877 0.10104984210117525 -2.8454160515270406
256 2304 0 0 0 3.0898919664760935 -3.1729276354338705 -9.74678764788889 -7.911313803542134 0.1010602651105176 -2.8453841279626704
257 2313 0 0 0 3.089895347206667 -3.1729045110988876 -9.747411525833332 -7.909713328546877 0.10108572853218496 -2.845332432143679
258 2322 0 0 0 3.089906378517106 -3.172731594657446 -9.748666341214392 -7.912714562652425 0.10104686710775712 -2.8454786452000667
259 2331 0 0 0 3.089919636227068 -3.1724687490542034 -9.753931399055293 -7.916899976640095 0.101053948541125 -2.845537013961117
260 2340 0 0 0 3.0899247248121653 -3.172348751329505 -9.758031283988279 -7.921216926680736 0.1010530581908306 -2.845645713561958
261 2349 0 0 0 3.089923745666472 -3.1723649779752257 -9.767106393928406 -7.932805802532138 0.10105879335129288 -2.845834126635513
262 2358 0 0 0 3.089916361833556 -3.1724466958656348 -9.767889647099228 -7.93849547875847 0.10105100606188924 -2.845852246521167
263 2367 0 0 0 3.0899406534433513 -3.1720814823943217 -9.77080352058402 -7.946594631823519 0.10107968626686176 -2.8460354200270297
264 2376 0 0 0 3.0899761646600803 -3.171454606515022 -9.779242397429623 -7.956810057583093 0.10105002082704821 -2.8462739366917784
265 2385 0 0 0 3.090028448081925 -3.170513485508675 -9.791864213161112 -7.975349146721976 0.10105152441981574 -2.846620541304283
266 2394 0 0 0 3.090044109118529 -3.170248146861468 -9.799186210057847 -7.98448016309421 0.1010606948799911 -2.8467916688005452
267 2403 0 0 0 3.090049039770501 -3.170147952785088 -9.799845571265799 -7.987590506905622 0.10106068682524012 -2.846859802358907
268 2412 0 0 0 3.0900714422604842 -3.169701978943445 -9.81619370261071 -8.009499594276502 0.10107769569632086 -2.847235687429986
269 2421 0 0 0 3.0900681595959187 -3.169747409631076 -9.822657824356481 -8.015828721652127 0.10105410993958412 -2.8472765244184215
270 2430 0 0 0 3.090104953900257 -3.1690083836745737 -9.838255231525709 -8.034498738172621 0.10103383192573517 -2.847678771023776
271 2439 0 0 0 3.0901521184986063 -3.1681213751123765 -9.86091153037398 -8.066418614712543 0.10102151034811929 -2.848242369040054
272 2448 0 0 0 3.090204664885449 -3.167168848888582 -9.876439436008605 -8.080914946696055 0.101037178020046 -2.848568238587482
273 2457 0 0 0 3.090123362630408 -3.1686261696249205 -9.847057456601789 -8.053076770976816 0.10103423231049237 -2.847973760632913
274 2466 0 0 0 3.0901507322880306 -3.16811677421586 -9.848203678297624 -8.053115388751342 0.10102974330014491 -2.848031660253293
275 2475 0 0 0 3.0901730505990423 -3.1677112488762686 -9.8447464984982 -8.045986883308867 0.10104218335658297 -2.8478973499799203
276 2484 0 0 0 3.0901941851921184 -3.167260310352835 -9.84654893254628 -8.048130283471002 0.10103228286685506 -2.8479490016572946
277 2493 0 0 0 3.090192311204425 -3.167162646978155 -9.850566261565225 -8.053019834348653 0.10105859279097026 -2.8479777137681723
278 2502 0 0 0 3.0902326962607924 -3.1663554010553896 -9.872738738201939 -8.079844473115095 0.101056577950808 -2.8484332106415424
279 2511 0 0 0 3.0902315045412587 -3.1662747941228817 -9.885438969674517 -8.089350335020987 0.1010612895038053 -2.848532573515586
280 2520 0 0 0 3.0902157543545066 -3.166605187812083 -9.877990587851066 -8.085138951207336 0.10103331552399822 -2.848529273920214
281 2529 0 0 0 3.090248834041369 -3.1659914006187275 -9.879172797259598 -8.081249372511316 0.10104658758789734 -2.848503496956876
282 2538 0 0 0 3.090238190958275 -3.1661350687974332 -9.871663912020084 -8.072319849089116 0.10102191897497717 -2.8483451510644935
283 2547 0 0 0 3.0901926840939296 -3.166948986585794 -9.858772416823733 -8.05763727276662 0.10105062218024242 -2.848034505617789
284 2556 0 0 0 3.0901857440856566 -3.1669898172655886 -9.862605523226916 -8.062282162359178 0.10104828310002655 -2.848126528435769
285 2565 0 0 0 3.090189251783855 -3.166813905236322 -9.862608915936583 -8.060282206405827 0.10102766806222394 -2.8480827774510784
286 2574 0 0 0 3.0902011092194104 -3.1665864600726734 -9.869816767729196 -8.070395741200516 0.10103469582365959 -2.8482654057842556
287 2583 0 0 0 3.0901803155248486 -3.167002313296004 -9.85794101249392 -8.059076355205853 0.10104266177208576 -2.84808677468959
288 2592 0 0 0 3.090197224373997 -3.1666595764854857 -9.86182289645539 -8.064093262792474 0.10106538215325162 -2.8482095722557186
289 2601 0 0 0 3.0902238981786687 -3.1660476117393483 -9.878690568886807 -8.084067186018412 0.10104971574311233 -2.848537033267181
290 2610 0 0 0 3.090225603465905 -3.1659722381343447 -9.865965465428488 -8.064748614769817 0.10103532306852743 -2.8482788295726706
291 2619 0 0 0 3.0902303449210873 -3.165748407799793 -9.872275318586025 -8.076160587799887 0.10104578756046245 -2.848478473739539
292 2628 0 0 0 3.090261980176395 -3.1650602880177 -9.877313707156013 -8.084440367467394 0.1010474060067031 -2.8487312604797914
293 2637 0 0 0 3.0902841843952498 -3.164549472536678 -9.879613349284575 -8.087228970743457 0.1010324566462953 -2.848778190560591
294 2646 0 0 0 3.0902493716043824 -3.1653271307217423 -9.869197665376591 -8.072676803038924 0.10104639908800002 -2.848481488162211
295 2655 0 0 0 3.0902569257338715 -3.1651466913456074 -9.870429784989383 -8.078109827001397 0.10106079689553706 -2.8485421101819606
296 2664 0 0 0 3.090285990224344 -3.1644399903415543 -9.876531861121585 -8.08775255872496 0.10107327189445066 -2.8487470690724948
297 2673 0 0 0 3.0903015162755083 -3.1638976082497794 -9.884929120200653 -8.099715984477957 0.1010763418709866 -2.848985370915372
298 2682 0 0 0 3.0902803353800232 -3.164456076972324 -9.878054587003188 -8.090386422082661 0.1010587148173689 -2.8488262290446738
299 2691 0 0 0 3.0902781586243084 -3.164522662485174 -9.878998298851345 -8.088740754694033 0.1010495097944659 -2.848827830215483
300 2700 0 0 0 3.090304875667653 -3.1638241998694925 -9.884978968602466 -8.102885359967074 0.1010590710777239 -2.8490445802623086
301 2709 0 0 0 3.0903038516943795 -3.1639153313940613 -9.882169524304217 -8.09685712994471 0.10105962617819642 -2.848967394878592
302 2718 0 0 0 3.0902956194415427 -3.164087922901719 -9.890522218654 -8.103036905251678 0.10105743913426349 -2.8490114425962196
303 2727 0 0 0 3.0903053791568285 -3.1638617555059807 -9.89635792746256 -8.109602062374178 0.10107467870134658 -2.8491135637231766
304 2736 0 0 0 3.090321223442779 -3.1634096338838393 -9.903439116462534 -8.121475608031762 0.10108213944943725 -2.8493358726436644
305 2745 0 0 0 3.090348133960224 -3.1627262087990253 -9.922308654482496 -8.14646827940289 0.10108777682181934 -2.8497360304717465
306 2754 0 0 0 3.0903758757189568 -3.1619039701871468 -9.937234569969208 -8.1680152657276 0.1011096513944144 -2.850111141113663
307 2763 0 0 0 3.0903899278760565 -3.161378478854877 -9.943406539464846 -8.177244212317012 0.10110390489759187 -2.8502640644070674
308 2772 0 0 0 3.090418339456184 -3.160765589124559 -9.94821534905416 -8.180889640755632 0.10110112347178567 -2.850368703398531
309 2781 0 0 0 3.090418889959951 -3.1608433441164694 -9.956604530220046 -8.194060700242591 0.10107896934103755 -2.8505243132319844
310 2790 0 0 0 3.0904149411592203 -3.160857770942685 -9.964285129127253 -8.19961318164113 0.10105342219226728 -2.850609679149263
311 2799 0 0 0 3.0903943666046434 -3.161278157461416 -9.951948483728765 -8.191789530119763 0.10105876666724731 -2.8504200166657028
312 2808 0 0 0 3.090392846396079 -3.1612360525242127 -9.967945524354137 -8.21337496125859 0.10105552588762097 -2.8506944209505574
313 2817 0 0 0 3.090374611019614 -3.16173864099055 -9.96082767954218 -8.20950529262022 0.10104233016012391 -2.850576283559118
314 2826 0 0 0 3.090396558578673 -3.1611314251462996 -9.959136149596969 -8.203769147660802 0.10103490529902377 -2.8506001292152017
315 2835 0 0 0 3.0904086028521687 -3.1608365226082884 -9.978506244675316 -8.223608862111902 0.10104105639769048 -2.8508631843392678
316 2844 0 0 0 3.0903967443689258 -3.1611495259034 -9.961813126624994 -8.200094621886034 0.10105120387009295 -2.8505095943219794
317 2853 0 0 0 3.0904011111911527 -3.160850032848337 -9.971778733890021 -8.214792009766008 0.10105198942738305 -2.8507432763271323
318 2862 0 0 0 3.0904125314248603 -3.160535073044619 -9.976453555150218 -8.220947985155824 0.10104739387145176 -2.8508519514769444
319 2871 0 0 0 3.0903999673408626 -3.1608464151911138 -9.978134326951306 -8.217289648455672 0.10104174438316627 -2.8507665807756934
320 2880 0 0 0 3.0904086444847625 -3.16051917273216 -9.985221357472316 -8.230160310612991 0.1010542835031698 -2.8509304297513576
321 2889 0 0 0 3.0904137049965734 -3.1603331194535667 -9.988407515662946 -8.230254787209388 0.10104676268208006 -2.8509201747307835
322 2898 0 0 0 3.090415966339641 -3.160280932910049 -9.982667556120974 -8.224397841999199 0.10106518387347302 -2.8508480409812202
323 2907 0 0 0 3.0904314142994216 -3.1597149377906257 -9.986174964093886 -8.231066260345571 0.10107424956420943 -2.850995175644974
324 2916 0 0 0 3.0904416402118997 -3.1593655047653146 -9.99976048266106 -8.244058458461488 0.10105640963208591 -2.8511993852750823
325 2925 0 0 0 3.090452664825029 -3.158999030462012 -10.013242765951789 -8.262109203284794 0.10105703301290003 -2.8514469009389933
326 2934 0 0 0 3.090445028863984 -3.159168458900422 -10.015558114334375 -8.263371227988316 0.10107051118052351 -2.851416471120535
327 2943 0 0 0 3.090448039023136 -3.15901462266679 -10.017339852710675 -8.266275545865081 0.10106433756713973 -2.8514609933221067
328 2952 0 0 0 3.0904629598541127 -3.158470358542199 -10.022524488347473 -8.274798119434694 0.1010573045222285 -2.8515975498894943
329 2961 0 0 0 3.0904611779096296 -3.158450195438021 -10.026893822549011 -8.276109575067172 0.10105476495344869 -2.8515785354242302
330 2970 0 0 0 3.0904706362167844 -3.1582097842144723 -10.035159807219017 -8.288105906623054 0.10105834428509852 -2.8517549918595173
331 2979 0 0 0 3.090475841309966 -3.157961488821398 -10.034514658441049 -8.289935436333662 0.10107573848131607 -2.851772032611858
332 2988 0 0 0 3.0904925743670146 -3.1573346391187367 -10.050421504916933 -8.308545625694194 0.10107264877832811 -2.852033257136157
333 2997 0 0 0 3.0905018282381227 -3.1570696922727306 -10.056599004502136 -8.310344043578827 0.10106627161478875 -2.852089851668519
334 3006 0 0 0 3.0905210596726493 -3.156360105881636 -10.073863686352247 -8.33563340815786 0.10106293874581547 -2.852443289231332
335 3015 0 0 0 3.0905259062067763 -3.1562102978682867 -10.093863087474016 -8.356260107144365 0.10106073934389057 -2.852693002176518
336 3024 0 0 0 3.090528629931472 -3.156100075935797 -10.110573613438959 -8.370045645470315 0.10106077684560875 -2.852808756606878
337 3033 0 0 0 3.0905412086633612 -3.1556396217304057 -10.12961795854627 -8.385944189410258 0.10105966398363302 -2.8529870748306045
338 3042 0 0 0 3.090564226054534 -3.1548549976142604 -10.166382026615295 -8.433013660685647 0.10105416219088229 -2.8535858501488987
339 3051 0 0 0 3.09054748147889 -3.1554723067170647 -10.153198583347015 -8.410361410010257 0.10103995052553535 -2.8532172434167165
340 3060 0 0 0 3.090556147391275 -3.1550296835986114 -10.176878792054017 -8.429154199862124 0.10100315185294219 -2.8534725275000845
341 3069 0 0 0 3.0905664866099025 -3.1547725195391845 -10.190557123371097 -8.44430122689367 0.10101528993864704 -2.8536521020974472
342 3078 0 0 0 3.0905591291445274 -3.1547174380212817 -10.165428699401355 -8.430529086151191 0.10104423133445577 -2.8534860331087932
343 3087 0 0 0 3.0905214274074826 -3.1558539484777706 -10.162368923515325 -8.411426682908159 0.10100608269855307 -2.8531585182050243
344 3096 0 0 0 3.0905612125400364 -3.1548297456542094 -10.19169498928724 -8.43827679173288 0.10101226645358792 -2.8535815224317758
345 3105 0 0 0 3.0905673463298404 -3.154656694098512 -10.180882020453643 -8.433269567577069 0.10104415966143694 -2.8535356354151924
346 3114 0 0 0 3.090578833615237 -3.154352359391882 -10.193997977248477 -8.450019183183349 0.10104552810919222 -2.8537373777952078
347 3123 0 0 0 3.0905707096089667 -3.1545609483992605 -10.203530267448905 -8.463964062652721 0.10104531162224664 -2.8538109326636523
348 3132 0 0 0 3.0905711730584633 -3.154620507843684 -10.202926286329328 -8.457134238925654 0.10103893691670567 -2.853736353968501
349 3141 0 0 0 3.0905667902902936 -3.1548044313163928 -10.192714964340839 -8.442402849646973 0.1010617852840289 -2.853591984366892
350 3150 0 0 0 3.090583021647017 -3.1543036172490404 -10.190910120554634 -8.44326836801049 0.10104752862519793 -2.8536657665531133
351 3159 0 0 0 3.0905731367335654 -3.1545147061383187 -10.19890171698411 -8.448931604736224 0.10103968520120744 -2.8536608161096098
352 3168 0 0 0 3.0905764317451077 -3.1544555368204836 -10.186317275451023 -8.437996051638958 0.10103924420444016 -2.8535794082542765
353 3177 0 0 0 3.0905865794904983 -3.154157017079065 -10.212082354037928 -8.463101213641618 0.10104163905188789 -2.85387481759286
354 3186 0 0 0 3.090580898974669 -3.154288436964409 -10.21271854612012 -8.46378126474519 0.10105379480082732 -2.85386325716732
355 3195 0 0 0 3.0905765990420013 -3.154377404328594 -10.202557792801809 -8.453764572451913 0.10105145477346711 -2.8537110768744838
356 3204 0 0 0 3.09057976073512 -3.1542854993563494 -10.206618946956981 -8.457825902121519 0.1010511426982039 -2.853766642877089
357 3213 0 0 0 3.0905836213814863 -3.1541779955152753 -10.209666486921368 -8.463911003538195 0.10105718623486654 -2.8538446090238896
358 3222 0 0 0 3.0905823169709143 -3.1542182397597296 -10.19865385254078 -8.452564860481225 0.10106390845024375 -2.8537265566926355
359 3231 0 0 0 3.090581588912938 -3.1542420983986945 -10.192915920644268 -8.447840536698829 0.10106490069528999 -2.8536775784555326
360 3240 0 0 0 3.090583198381131 -3.1541969918448975 -10.195735844737275 -8.450861868081608 0.10106102278651033 -2.8537314849265663
361 3249 0 0 0 3.0905828942674973 -3.1541617146271865 -10.20256107080698 -8.459603102579697 0.10106022298193883 -2.853810421614646
362 3258 0 0 0 3.090586508175182 -3.1540685463577818 -10.206465716868673 -8.463301437913447 0.10105477506678182 -2.8538590774961516
363 3267 0 0 0 3.0905844192967757 -3.1541320268164244 -10.205702979815953 -8.463501809457123 0.10105427564163198 -2.853851673100481
364 3276 0 0 0 3.09058302964829 -3.1541817198099826 -10.206046108573974 -8.461931351827827 0.10105053028748345 -2.853829185582512
365 3285 0 0 0 3.0905840218753173 -3.1541521369813834 -10.200331843214261 -8.45632437615684 0.10105775489548588 -2.8537811622554483
366 3294 0 0 0 3.0905849740939284 -3.154118530825025 -10.19914386848885 -8.453976167286967 0.10105950081874554 -2.8537515051724043
367 3303 0 0 0 3.0905856070118696 -3.154096635998142 -10.201773621231753 -8.458199585352453 0.10106033965500466 -2.853787291893978
368 3312 0 0 0 3.090585081726731 -3.1541118682835134 -10.200970586658334 -8.457001328513499 0.10106201429660143 -2.853765941369487
369 3321 0 0 0 3.0905857732457265 -3.1540990642697504 -10.20495672574691 -8.460995646941251 0.10106247515462913 -2.8538086589747382
370 3330 0 0 0 3.0905869209158543 -3.1540719230362653 -10.204298120731394 -8.46118163767664 0.10105963903999997 -2.8538155124464923
371 3339 0 0 0 3.0905861096460647 -3.1540909625168294 -10.204141587787653 -8.460313679044518 0.1010559173804252 -2.853804805136864
372 3348 0 0 0 3.090585684438377 -3.154099091594566 -10.20490971033224 -8.4603519747221 0.10105273966954478 -2.8538021320289912
373 3357 0 0 0 3.0905869112538653 -3.154065377962699 -10.208463665800078 -8.464156016241406 0.10105418887873581 -2.8538434377524746
374 3366 0 0 0 3.090587135135513 -3.1540578599603313 -10.206998854693131 -8.462317061477288 0.10105556352979286 -2.8538270352706316
375 3375 0 0 0 3.0905859685992683 -3.1540976410560013 -10.204242000750579 -8.46095812296352 0.10105777061264279 -2.8538175815536713
376 3384 0 0 0 3.090586646980929 -3.1540742382513427 -10.204913350511951 -8.461218101468026 0.10105611009433721 -2.8538207059502723
377 3393 0 0 0 3.090586391353102 -3.1540751364021737 -10.204208963379347 -8.45957099168222 0.1010543725611862 -2.853805115954663
378 3402 0 0 0 3.0905867584705793 -3.154061913811242 -10.20638228868721 -8.461947866636491 0.10105367739785032 -2.8538272133403586
379 3411 0 0 0 3.0905860437839987 -3.154078763264518 -10.206243130490405 -8.462017187379226 0.1010533810778426 -2.853822712194623
380 3420 0 0 0 3.090586514527668 -3.1540669659378477 -10.206796491918363 -8.461678664748742 0.10105372294562834 -2.853814991768355
381 3429 0 0 0 3.090586512368624 -3.15406630902966 -10.207909520080662 -8.463082457368483 0.1010534913553264 -2.8538313398878006
382 3438 0 0 0 3.090586468695363 -3.154071931934093 -10.20514610741661 -8.460605163480437 0.10105518083398478 -2.8538160064072735
383 3447 0 0 0 3.0905862209337585 -3.154076852676794 -10.203675035805833 -8.459333088447599 0.1010549014214898 -2.8538030142270188
384 3456 0 0 0 3.0905867176009156 -3.1540619435195345 -10.2052019471308 -8.460414036989619 0.10105400003515244 -2.853813693879546
385 3465 0 0 0 3.0905866666766446 -3.1540618272960814 -10.20591132641378 -8.460983427560363 0.10105359704334495 -2.853816156417344
386 3474 0 0 0 3.0905867036244796 -3.1540619567700485 -10.206770158593 -8.462087774060265 0.10105323560729362 -2.85382344484459
387 3483 0 0 0 3.090586719289422 -3.1540597729995423 -10.20682111737881 -8.462199520619178 0.1010524497841989 -2.8538270647168886
388 3492 0 0 0 3.0905867805430622 -3.1540590051294886 -10.206930591521393 -8.462455292434592 0.10105354669536676 -2.8538323284759235
389 3501 0 0 0 3.090586664885142 -3.15406200246517 -10.207679248977282 -8.463132341791125 0.10105327737520749 -2.853837417165213
390 3510 0 0 0 3.0905867823735726 -3.1540583296598546 -10.206851687569651 -8.462584047902531 0.10105314183558275 -2.853834213614218
391 3519 0 0 0 3.090586829793861 -3.1540570088787407 -10.207012854687255 -8.462958876765502 0.10105317081473265 -2.853839469651794
392 3528 0 0 0 3.0905868016774733 -3.1540581223342583 -10.206537189370136 -8.462636948909232 0.10105393143347112 -2.8538399162461077
393 3537 0 0 0 3.0905867615585803 -3.154059416485256 -10.206426857279661 -8.462114367831983 0.10105420268792366 -2.8538319565564656
394 3546 0 0 0 3.090586864806578 -3.154057053667243 -10.205748205838356 -8.461514622866458 0.10105451419377123 -2.8538279036866525
395 3555 0 0 0 3.0905868137064783 -3.1540573394310956 -10.20549240149429 -8.461261841490211 0.10105491260361449 -2.8538259207671564
396 3564 0 0 0 3.0905868129428575 -3.1540575805807833 -10.204998454351568 -8.460508298699963 0.10105512370532344 -2.8538190750359016
397 3573 0 0 0 3.0905867983281845 -3.154058090906807 -10.205065448814324 -8.460508994014091 0.10105409496490014 -2.8538169094236343
398 3582 0 0 0 3.0905867834403917 -3.154058305021729 -10.205115871831318 -8.460801876710144 0.10105398157262073 -2.8538189534782203
399 3591 0 0 0 3.0905868488357453 -3.1540563791083076 -10.206025929345682 -8.461762564986799 0.10105460383843595 -2.853828549259019
400 3600 0 0 0 3.0905868242535104 -3.1540571659471586 -10.206088769516018 -8.462208926061189 0.10105450909787712 -2.853832376479398
401 3609 0 0 0 3.0905868531846963 -3.1540561836281458 -10.205160230963292 -8.461506039671727 0.10105433909968434 -2.853828385403322
402 3618 0 0 0 3.09058687061923 -3.154056457842202 -10.204879473642855 -8.461227787139721 0.10105501428448194 -2.853824819172964
403 3627 0 0 0 3.0905868604969555 -3.1540563318348522 -10.204651666542231 -8.461099911913259 0.10105436352761356 -2.85382379082393
404 3636 0 0 0 3.0905868555725062 -3.154056603501176 -10.204533461766939 -8.460808765878365 0.10105454317173801 -2.8538224783006068
405 3645 0 0 0 3.090586834457991 -3.154056936421683 -10.205009114094283 -8.461452792667833 0.10105433161586132 -2.853828769211122
406 3654 0 0 0 3.0905868498340587 -3.154056259903259 -10.205648732598869 -8.46219395963616 0.10105422956845339 -2.853836200758245
407 3663 0 0 0 3.090586827605226 -3.1540567353391404 -10.204962939388636 -8.461502840825581 0.10105430904342941 -2.8538304719899985
408 3672 0 0 0 3.0905868559258063 -3.1540564521477052 -10.204847496544627 -8.461643378225146 0.10105426007782144 -2.853831285322822
409 3681 0 0 0 3.0905868442106743 -3.1540564553817068 -10.204525663312344 -8.461423894805966 0.10105460251882206 -2.8538287221262957
410 3690 0 0 0 3.0905868721272642 -3.154055563809351 -10.205064349127548 -8.461871321812403 0.10105451430252044 -2.853831720524758
411 3699 0 0 0 3.090586872026534 -3.15405560363782 -10.205580165299859 -8.462533502886785 0.10105426341673454 -2.8538376956598723
412 3708 0 0 0 3.0905868805407692 -3.1540556046435397 -10.205956379628393 -8.462945652335812 0.101054421641738 -2.8538417654752757
413 3717 0 0 0 3.090586873589489 -3.154055992883809 -10.20495026237574 -8.461849942789385 0.10105454614336415 -2.853832020720802
414 3726 0 0 0 3.0905868846271285 -3.1540557195773724 -10.205053785156634 -8.462003626680172 0.10105461406810234 -2.853832983584829
415 3735 0 0 0 3.0905868934004315 -3.1540553188179534 -10.205291023952677 -8.46200619148605 0.10105489703299048 -2.8538334257477898
416 3744 0 0 0 3.090586889859794 -3.15405525089836 -10.205582468826483 -8.462402174932466 0.10105456986384254 -2.8538371930301647
417 3753 0 0 0 3.090586894034714 -3.1540551691848475 -10.205427492541029 -8.462403976560086 0.10105439391178811 -2.8538362914398454
418 3762 0 0 0 3.0905868788174202 -3.154055360840269 -10.205173592037612 -8.46208410218489 0.10105440011256273 -2.8538327604067764
419 3771 0 0 0 3.090586887982174 -3.1540551329006004 -10.205334131068803 -8.462178521411046 0.10105469046542645 -2.8538323794609495
