% # columns="iteration, evaluation, sigma, axis ratio, bestever, best, median, worst objective function value, further objective values of best", seed=517454, Thu Nov 30 11:17:20 2023, <python>{}</python>
1 9 1.98462803826012 1.0000416675347343 0.2056212995991404 2.0562129959914041e-01 615.5794483872888 2816221.02147167   
2 18 2.3057423078095556 1.368202768327029 0.11082462246162851 1.1082462246162851e-01 6.790101721910391 1529.5100307530006   
3 27 2.3776490452098042 1.572478816988831 0.07260136433646704 7.2601364336467036e-02 0.18423124504607374 110.78790667190756   
4 36 2.2406760984121052 1.8926037099528543 0.0643049680707336 6.4304968070733604e-02 0.2622015260575931 15126.940240762302   
5 45 2.3142215861698463 1.876667363517628 0.0643049680707336 7.0330374938341017e-02 0.25937052046272135 10.070918511793895   
6 54 2.266440229974866 2.095678286384809 0.0643049680707336 7.5564966120871366e-02 0.7603421718826334 289.9737985017802   
7 63 2.245887508025437 2.1490989811314307 0.0643049680707336 1.9808820867305901e-01 0.29044609406956706 82.58508577603567   
8 72 2.079275778877917 2.3310723354112777 0.0643049680707336 7.8640919709811283e-02 0.2917249630838938 2.658852512865156   
9 81 1.8192242130664618 2.3708016202641247 0.0643049680707336 1.2121428203988091e-01 0.20846200735838885 1.115427795727843   
10 90 1.8554813234108545 2.5075461742467433 0.0643049680707336 6.6025202004842187e-02 0.12379142829086887 4.462949837407032   
11 99 1.8028985447841985 2.6394436426633594 0.0643049680707336 9.1965630995083480e-02 0.25774737583682267 16.26512152310649   
12 108 1.7208547373161402 2.6469011800888085 0.0643049680707336 6.7496663008966007e-02 0.2057685256135645 16.854650698360203   
13 117 1.6578593957566023 2.7447553071438615 0.0643049680707336 7.6566073990970901e-02 0.1420418414992969 3.463175437451018   
14 126 1.4969348890164138 2.976526465165932 0.0643049680707336 6.7721591377211912e-02 0.11156514299159977 0.16353980177532287   
15 135 1.3473319074586465 3.1129692365249295 0.0643049680707336 6.7956344870052782e-02 0.10796003120484758 0.21383183490387878   
16 144 1.2381454048909202 3.4529557949450402 0.0643049680707336 6.7811248886328279e-02 0.09985712306171679 2.349203697486167   
17 153 1.1284189112993164 3.840390118049955 0.0643049680707336 6.8034889929451434e-02 0.07921526743602708 0.17834275870334923   
18 162 1.0644202224644261 4.25727494401816 0.0643049680707336 6.8359701478859738e-02 0.07353543000057218 0.10489345786151169   
19 171 0.9816419852489532 4.815396162563938 0.0643049680707336 6.8124056343532816e-02 0.076947902640249 0.8663176580644597   
20 180 0.8469810128623526 5.669747620184396 0.0643049680707336 6.9100637940943774e-02 0.08169505949073466 0.24815575357250613   
21 189 0.859873122806006 6.185379884715507 0.0643049680707336 6.8008334789162114e-02 0.07505360711916238 0.28311580068457265   
22 198 0.8868451316832109 7.000973898712586 0.0643049680707336 6.8079140959496742e-02 0.06937817200893837 0.11328211246154489   
23 207 0.7552282443632399 7.946585102627791 0.0643049680707336 6.8003303687557692e-02 0.07181253515976763 0.13099044316464242   
24 216 0.7804319585663985 9.052475528214208 0.0643049680707336 6.7975234492065162e-02 0.06982867530924604 0.09362165279224997   
25 225 0.9196013929865139 10.2938401065361 0.0643049680707336 6.8138810535012390e-02 0.07342972958743217 0.07848027051476238   
26 234 0.9297105581911254 11.152104786366838 0.0643049680707336 6.7974244258717731e-02 0.07096740433275378 0.07903345932214885   
27 243 0.8016696998205961 12.21677230386152 0.0643049680707336 6.7980014571434086e-02 0.06859134630317686 0.07334212518626611   
28 252 0.8072624523236812 12.768103442670498 0.0643049680707336 6.7982993915626899e-02 0.06980877134630108 0.07931326271315373   
29 261 0.7307183008272186 15.135662505150227 0.0643049680707336 6.8879559955576597e-02 0.07033913524581233 0.07846984761488579   
30 270 0.6539965310427457 16.644355485068367 0.0643049680707336 6.8060924252459049e-02 0.06909885469403088 0.10551791681554493   
31 279 0.7915318937899525 19.759326236241172 0.0643049680707336 6.7979853798913886e-02 0.06872337378882545 0.07271805432345757   
32 288 0.8220306851319219 24.05658637146704 0.0643049680707336 6.8002632032759636e-02 0.06848283176795195 0.07689090364861541   
33 297 0.7863252110400196 28.661137255432415 0.0643049680707336 6.7975249058207329e-02 0.06999723239850958 0.07295752757846934   
34 306 0.719264304336737 32.21362492465964 0.0643049680707336 6.7980824929465888e-02 0.06809114549259991 0.07159968368097255   
35 315 0.6730833962390907 36.486896597155294 0.0643049680707336 6.7975612221294113e-02 0.06821747697771949 0.07028672814091133   
36 324 0.7123500233593587 41.908644882427694 0.0643049680707336 6.7976627806268466e-02 0.06818264762098941 0.06942086780455012   
37 333 0.6940980282167698 45.48466391130207 0.0643049680707336 6.7976542079530716e-02 0.06815085316954478 0.07070083691783359   
38 342 0.6409367724833974 48.92266784999266 0.0643049680707336 6.7976019409873370e-02 0.06836779704487612 0.07094555486364269   
39 351 0.5551351210591199 52.96069746240703 0.0643049680707336 6.7993964991774458e-02 0.06811491252101051 0.06983443165289879   
40 360 0.43658366868589593 59.263719880611944 0.0643049680707336 6.7978205368382005e-02 0.06802015766931485 0.06859707786878266   
41 369 0.40882285420412917 60.59615391838425 0.0643049680707336 6.7975600758151525e-02 0.068017150781334 0.06828399518371608   
42 378 0.3624355057800832 62.2042870645679 0.0643049680707336 6.7978957021086958e-02 0.06805137276938748 0.06825731920873336   
43 387 0.33647574098646577 65.2419394278767 0.0643049680707336 6.7975122617857778e-02 0.06801626014811762 0.06831238435956105   
44 396 0.3405603859559339 71.6022329640896 0.0643049680707336 6.7975544350744280e-02 0.06798326229941506 0.06806061029466974   
45 405 0.3889353722257493 75.25217897830292 0.0643049680707336 6.7975897796448845e-02 0.06797983470268745 0.06802507908950135   
46 414 0.35152914538017543 81.71139300292333 0.0643049680707336 6.7975094141113385e-02 0.06799783037650879 0.06811978815246782   
47 423 0.3449688332750857 89.35568377099926 0.0643049680707336 6.7975080262327500e-02 0.06797628230365518 0.06820192356688314   
48 432 0.32325563635726384 101.2647129056982 0.0643049680707336 6.7975202524554634e-02 0.06798379598334874 0.06799583055148718   
49 441 0.29655592747325044 104.76317857076634 0.0643049680707336 6.7975239736219356e-02 0.06797710027636328 0.06800791472011498   
50 450 0.28653625804164434 111.10039717568019 0.0643049680707336 6.7975700175000431e-02 0.06798229928501676 0.06800716249789622   
51 459 0.2985409323247775 115.52799435018659 0.0643049680707336 6.7975127475751657e-02 0.06797608419262774 0.06802973467645644   
52 468 0.27925155209036456 127.01508428981566 0.0643049680707336 6.7975135848464166e-02 0.06797868260419758 0.06800018002532157   
53 477 0.24348396507787434 129.9726618213083 0.0643049680707336 6.7975103672558976e-02 0.06797540251996664 0.06798617675871425   
54 486 0.20443444291321328 130.5685377702563 0.0643049680707336 6.7975093103327014e-02 0.06797771487218875 0.06797936523899206   
55 495 0.2218354745560614 140.8607460204454 0.0643049680707336 6.7975763420174459e-02 0.06797744535184304 0.06798658619172156   
56 504 0.20663642788765407 152.92659924797195 0.0643049680707336 6.7975116631061025e-02 0.06797737547854792 0.06799741036354605   
57 513 0.19778466638303777 176.78403253755266 0.0643049680707336 6.7975133166988375e-02 0.06797536840492412 0.0679848803104794   
58 522 0.19911956611226683 194.96615480166517 0.0643049680707336 6.7975092794294020e-02 0.06797599830563329 0.06797753430539687   
59 531 0.1776407974429578 193.19371240064345 0.0643049680707336 6.7975112193898568e-02 0.06797602532038757 0.06798323335261044   
60 540 0.17655498198705505 207.5444889870579 0.0643049680707336 6.7975082555206942e-02 0.06797510061400373 0.06797598053625264   
61 549 0.15234494663494655 236.47718539553415 0.0643049680707336 6.7975085471629212e-02 0.06797529719037945 0.06797878946838698   
62 558 0.15231239942093777 273.5086146741411 0.0643049680707336 6.7975093139839876e-02 0.06797526337830202 0.06797666124864832   
63 567 0.14869672166573686 283.2318465176106 0.0643049680707336 6.7975136625598689e-02 0.06797519962589872 0.06797586633411311   
64 576 0.1490665234589772 299.7632315604165 0.0643049680707336 6.7975081920884486e-02 0.06797522395861551 0.06797551899053601   
65 585 0.14448467508742477 321.61378291174816 0.0643049680707336 6.7975113283316263e-02 0.06797516088012007 0.06797648810932563   
66 594 0.13670581079201588 338.0059582958666 0.0643049680707336 6.7975093189967792e-02 0.06797514270647162 0.06797526268932974   
67 603 0.11465962758397043 356.4758041239563 0.0643049680707336 6.7975086621100855e-02 0.06797513300381473 0.06797524300840695   
68 612 0.09836509682045062 386.45675165660333 0.0643049680707336 6.7975092299043458e-02 0.06797514618623099 0.06797523578387857   
69 621 0.0909866778004413 384.3174376424308 0.0643049680707336 6.7975085828325066e-02 0.06797513317706448 0.06797534023536628   
70 630 0.08998523374711367 400.9442444653954 0.0643049680707336 6.7975084709522404e-02 0.06797511858398111 0.06797515751605937   
71 639 0.09193106981513247 436.38351341648786 0.0643049680707336 6.7975091153463715e-02 0.06797510519157857 0.0679751738791   
72 648 0.0838363003481518 474.13844984667446 0.0643049680707336 6.7975089522043897e-02 0.06797509602549363 0.06797528863192147   
73 657 0.07671406959221111 503.34263751798034 0.0643049680707336 6.7975097260790374e-02 0.06797511170353265 0.0679752030866735   
74 666 0.07247786541518572 564.4151190060778 0.0643049680707336 6.7975089959772486e-02 0.06797509630701436 0.06797514179749015   
75 675 0.07569209628980561 599.1055915967875 0.0643049680707336 6.7975084628183274e-02 0.0679750906153067 0.06797514158758763   
76 684 0.08040314870006963 658.4596017739605 0.0643049680707336 6.7975079634235755e-02 0.06797509228347809 0.06797513011755361   
77 693 0.09155470335627777 677.1088658605037 0.0643049680707336 6.7975082483305707e-02 0.06797509161897482 0.06797511199903646   
78 702 0.11791082025343151 771.282027654944 0.0643049680707336 6.7975070926871467e-02 0.06797509560813397 0.06797516178513267   
79 711 0.13310329639619284 857.6519436420065 0.0643049680707336 6.7975080948010219e-02 0.06797509475990221 0.06797517814498101   
80 720 0.12528594423809972 1072.1530739562477 0.0643049680707336 6.7975084936920449e-02 0.06797510189788467 0.06797516325294403   
81 729 0.12351976567398576 1144.4091376515876 0.0643049680707336 6.7975079906569064e-02 0.06797511135742587 0.0679751396944488   
82 738 0.12095435849023901 1290.3938860501137 0.0643049680707336 6.7975071552439537e-02 0.06797508962772537 0.06797510204008707   
83 747 0.10582051458034539 1405.3221764362445 0.0643049680707336 6.7975077577642762e-02 0.06797508936796652 0.06797510566182463   
84 756 0.10027976398724216 1484.2512568148984 0.0643049680707336 6.7975087880183013e-02 0.06797509833294417 0.06797514382024179   
85 765 0.09076381719260372 1554.5003716254257 0.0643049680707336 6.7975079565324878e-02 0.0679750917747459 0.06797511499060871   
86 774 0.08322470477135507 1623.6981531640438 0.0643049680707336 6.7975077349498494e-02 0.0679750810915685 0.06797509730711185   
87 783 0.09225347231584383 1753.2262515881664 0.0643049680707336 6.7975065245749075e-02 0.06797508949417558 0.06797510327753363   
88 792 0.09987450550736274 1834.5732946464495 0.0643049680707336 6.7975072485131738e-02 0.06797507716434051 0.06797508543244567   
89 801 0.1067853482552697 1927.0971632049993 0.0643049680707336 6.7975056707997750e-02 0.06797507871051768 0.06797509052524442   
90 810 0.10830669126636681 2112.8633482873233 0.0643049680707336 6.7975067037863060e-02 0.06797507897319456 0.06797513746761498   
91 819 0.09494988947399535 2296.2203590157496 0.0643049680707336 6.7975064766645568e-02 0.06797507126591927 0.06797509866016214   
92 828 0.09578902399793648 2389.809079268208 0.0643049680707336 6.7975056407506937e-02 0.0679750717786559 0.06797507994100399   
93 837 0.09563078725141462 2642.048321367188 0.0643049680707336 6.7975057214930301e-02 0.06797507057454727 0.0679750975983878   
94 846 0.10018517444403473 2716.23753098589 0.0643049680707336 6.7975046663926633e-02 0.06797506523674302 0.06797507484719482   
95 855 0.10539224904807648 2915.6471825937174 0.0643049680707336 6.7975039580528765e-02 0.06797505056724966 0.0679750704514663   
96 864 0.11317172045119032 3153.133834555609 0.0643049680707336 6.7975042151898327e-02 0.0679750534694882 0.06797508502114719   
97 873 0.11324255208403224 2894.6922753620242 0.0643049680707336 6.7975029050143757e-02 0.06797505980360968 0.0679750810341617   
98 882 0.14314509753175675 3291.846222025581 0.0643049680707336 6.7974955968487502e-02 0.06797502411690567 0.06797507564167793   
99 891 0.17144755805394332 3762.226024721786 0.0643049680707336 6.7974912617147137e-02 0.06797497981712936 0.06797503335258864   
100 900 0.22134984178659772 3905.9625346007783 0.0643049680707336 6.7974756099061881e-02 0.06797494843350828 0.06797502103624116   
101 909 0.27013985423442183 3848.981800042919 0.0643049680707336 6.7974493567006189e-02 0.06797478850922761 0.0679750788942013   
102 918 0.3411688231684787 3803.0290327512766 0.0643049680707336 6.7973638920497043e-02 0.06797415772225966 0.06797477289019702   
103 927 0.4105412816995662 3834.1535210493867 0.0643049680707336 6.7972309974746153e-02 0.06797367079576798 0.06797486218796171   
104 936 0.516421017834629 3776.645188260699 0.0643049680707336 6.7954944789968635e-02 0.06797124157013074 0.06797493751654318   
105 945 0.675745375320485 3776.510245266762 0.0643049680707336 6.7898782816648851e-02 0.06796626697026736 0.06797370797945719   
106 954 0.892018164994853 3825.7796869209533 0.0643049680707336 6.7112354692122053e-02 0.06788672313154727 0.06796724573996478   
107 963 1.1236295958785114 3894.0296740700783 0.06157664008570808 6.1576640085708081e-02 0.06768988443814795 0.06795831991930418   
108 972 1.412362173699701 3812.1415278797126 0.06043143167861627 6.0431431678616268e-02 0.06293544459831704 0.06787506055713137   
109 981 1.531808328226426 3995.4186788332113 0.052659236360626915 5.2659236360626915e-02 0.06320423987066535 0.06791775488300827   
110 990 1.4113126770067568 4185.358214888624 0.050741669530527944 5.0741669530527944e-02 0.0574276647886558 0.0671130758965543   
111 999 1.6124984990240185 3887.594201326828 0.03393430087847198 3.3934300878471983e-02 0.05517529834969584 0.06525174573137188   
112 1008 1.6052724085208911 3907.1382320363728 0.033933688513508864 3.3933688513508864e-02 0.038586018238747556 0.08681315919443619   
113 1017 1.8516372980359233 3553.190793210602 0.029528736058616493 2.9528736058616493e-02 0.040422699000515476 0.36777753863600054   
114 1026 1.955667608126535 3981.000652530208 0.02748159198347523 2.7481591983475231e-02 0.031251653554522994 0.25356241998784407   
115 1035 1.8943389201886625 4289.8776404031305 0.02748159198347523 2.7967556062239989e-02 0.03605404641199281 0.30048409851913965   
116 1044 1.9549224243673238 4169.130357730864 0.02748159198347523 2.7496345068806494e-02 0.03480209322165155 1.936764040717804   
117 1053 1.9883133372542134 4318.732018279 0.02748159198347523 2.8195027874085111e-02 0.03128207968395313 0.050552186018040846   
118 1062 1.8755698013326865 4392.431841369614 0.02748159198347523 2.8181947047655274e-02 0.044440455206338256 0.30901202029789654   
119 1071 1.6211603774728383 4556.693069921105 0.02748159198347523 2.7726288057555153e-02 0.03283703006966178 0.5475135961525889   
120 1080 1.5135664641772293 4934.192470363454 0.02748159198347523 2.8348324011691642e-02 0.029522628634287694 0.03751197625210698   
121 1089 1.4351513898883361 5710.260775177444 0.02748159198347523 2.9682551360531058e-02 0.037963419598072784 0.10194640896924156   
122 1098 1.3924219577747208 6208.735487371305 0.027475636251174333 2.7475636251174333e-02 0.029148150183411103 0.044917922463691216   
123 1107 1.349212556965977 6225.113665155363 0.027475636251174333 2.7564873472793246e-02 0.028454225825858454 0.03354747795722126   
124 1116 1.248375859083123 5790.669143448351 0.027475636251174333 2.7542287217408278e-02 0.028208398747684847 0.06457524954485651   
125 1125 1.3477600260566944 5810.245676972374 0.027475636251174333 2.7481381935597016e-02 0.028349054431547244 0.03756534720952068   
126 1134 1.3772551627862415 5296.215859388099 0.027475636251174333 2.7671196804739118e-02 0.02853191762362309 0.032590523280511964   
127 1143 1.261507644323652 4854.8904923689815 0.027475636251174333 2.7481059633787653e-02 0.0279521059613608 0.031248534631780227   
128 1152 1.1846607136936715 5507.639019227151 0.027475636251174333 2.7509052141123150e-02 0.02900610733876923 0.036774001297213574   
129 1161 1.056847986324076 5738.752629780918 0.02747227049650733 2.7472270496507328e-02 0.027989715421260948 0.03231900730602083   
130 1170 0.9528167844589128 5734.477883860258 0.02747227049650733 2.7489729409389457e-02 0.028161751101729724 0.03418968662340131   
131 1179 0.8596750499043547 5841.375243327386 0.027471837509654477 2.7471837509654477e-02 0.0282147750434012 0.03113752127376277   
132 1188 0.7120357601881069 5840.9243650474755 0.027471837509654477 2.7478260693427774e-02 0.027588181148284572 0.03557619497408199   
133 1197 0.7091802777778714 5905.069885221686 0.027471837509654477 2.7478875657139606e-02 0.027548190015124468 0.02807721481693119   
134 1206 0.7057019682055327 6325.053221978087 0.027471837509654477 2.7474434737934358e-02 0.027563813173430096 0.028659576401167383   
135 1215 0.7227979871853689 6323.37266237336 0.027471837509654477 2.7477189648210901e-02 0.027489965029036945 0.0279990187684981   
136 1224 0.7158718096599161 6404.968153564273 0.027471837509654477 2.7480415226554603e-02 0.027693130952247392 0.02795201931586479   
137 1233 0.7263701262244151 6816.565080171199 0.027471750386843675 2.7471750386843675e-02 0.0275604208041712 0.027674629838516145   
138 1242 0.70393751583451 6806.183693146922 0.027471750386843675 2.7478924169031190e-02 0.02759405547656804 0.02887947191176812   
139 1251 0.5997819990724972 7262.368497345958 0.027471750386843675 2.7473991427700035e-02 0.0274990695590796 0.027870749755029466   
140 1260 0.5884598192047247 7514.891602254106 0.027471750386843675 2.7478998944218132e-02 0.027513365054425268 0.02766515703388089   
141 1269 0.5282758025967518 7886.159254689056 0.027471750386843675 2.7473384937051985e-02 0.02747900691640363 0.027605630400237578   
142 1278 0.5275133318263805 7908.756389583002 0.027471750386843675 2.7472178553797803e-02 0.027479008096281024 0.027585362386945513   
143 1287 0.5073386813208666 8011.434854528323 0.027471750386843675 2.7474344823501504e-02 0.027495015780528962 0.027527017263630802   
144 1296 0.497595904052183 7670.281486141997 0.027471750386843675 2.7472570834576583e-02 0.027503189328328573 0.027541351240523697   
145 1305 0.4956289388973192 7783.033980404488 0.027471750386843675 2.7473577053475112e-02 0.027519693818446885 0.027661559619615462   
146 1314 0.5092054862299665 7826.734441458145 0.027471750386843675 2.7474964937781420e-02 0.02748655173171128 0.02757256194078135   
147 1323 0.45857967270970895 7103.392654630811 0.027471750386843675 2.7473320654972429e-02 0.02750663900130468 0.02752250247102011   
148 1332 0.48366434376794204 7150.17631171925 0.027471750386843675 2.7473447982715921e-02 0.027503402197487512 0.02754447680692248   
149 1341 0.5410563601166989 8268.725563452623 0.027468290968464846 2.7468290968464846e-02 0.027475439145230485 0.02751913112269542   
150 1350 0.6403231545229512 8777.289752509232 0.027468290968464846 2.7471657166040879e-02 0.02748485401921146 0.027613490617672452   
151 1359 0.637752010213344 8140.542433687074 0.027468290968464846 2.7471915921032625e-02 0.027474888685638195 0.027549859186408288   
152 1368 0.6316822751641301 8049.337595300652 0.027468290968464846 2.7472632099337899e-02 0.02747848904819729 0.027498816675791852   
153 1377 0.6564680664876581 8450.307869384125 0.027468290968464846 2.7472054046746370e-02 0.02747576295124691 0.02749081891744093   
154 1386 0.5829301575751766 7793.075075504021 0.027468290968464846 2.7472424920258025e-02 0.027483976890716574 0.027526074972829374   
155 1395 0.5247248273679462 8127.723341872665 0.02746824836261028 2.7468248362610279e-02 0.027475263099175078 0.027529125953664264   
156 1404 0.5146425957638672 7883.259259312466 0.02746824836261028 2.7471573977163773e-02 0.027474168631041754 0.027484734990115407   
157 1413 0.45685172503306315 8785.301061235277 0.02746824836261028 2.7473778842247304e-02 0.027479061779621377 0.0274993423350935   
158 1422 0.44513904771446955 9011.15345728349 0.02746824836261028 2.7471634952637977e-02 0.02747318010027846 0.02748659643334101   
159 1431 0.4862902395516704 9549.511287446305 0.02746824836261028 2.7472179953926850e-02 0.027473105642691 0.027485881520272235   
160 1440 0.4555517653188811 9237.305350399662 0.02746824836261028 2.7471790720287513e-02 0.027474310813624843 0.02747859390031111   
161 1449 0.45395808776152136 8818.145138132937 0.02746824836261028 2.7470278565340706e-02 0.02747339491849102 0.027478961181464426   
162 1458 0.41569246654237274 8643.194172561194 0.02746824836261028 2.7471116132210021e-02 0.027472704334711103 0.027478927917597026   
163 1467 0.3815941360622599 9068.1496857092 0.02746824836261028 2.7471845816955633e-02 0.027474132826664437 0.027476947280357964   
164 1476 0.3671985340539984 9267.421306098053 0.02746824836261028 2.7471648223171653e-02 0.02747345968584381 0.027480495958709304   
165 1485 0.3244092536944942 8601.372072146141 0.02746824836261028 2.7471713954357442e-02 0.027472726665252283 0.027475012046426824   
166 1494 0.2835229900569334 7985.849261744411 0.02746491736969383 2.7464917369693830e-02 0.027472052717202537 0.027474262924877386   
167 1503 0.23732539667639263 8208.56649516261 0.02746491736969383 2.7471481260370117e-02 0.027472407452584523 0.027473755571845084   
168 1512 0.21328246263281117 7956.520051024367 0.02746491736969383 2.7470894656903777e-02 0.0274726354987249 0.02747421748303832   
169 1521 0.19339816898874268 7788.785275534993 0.02746491736969383 2.7471519535515906e-02 0.027473698916830547 0.027475012442283165   
170 1530 0.16993500319339988 7686.807083348984 0.02746491736969383 2.7471564746679757e-02 0.027473662780081412 0.027474235463097782   
171 1539 0.18358680200800814 6908.0585720041745 0.02746491736969383 2.7471515474352417e-02 0.02747206659533981 0.02747389968667558   
172 1548 0.1804376286746823 6669.525714832591 0.02746491736969383 2.7470979726361627e-02 0.02747166705378171 0.027473339433620937   
173 1557 0.15666597245182015 6195.501332312592 0.02746491736969383 2.7470927419884723e-02 0.0274735203850903 0.02747413091163792   
174 1566 0.136707232649024 6119.2235229663875 0.02746491736969383 2.7470881838995539e-02 0.027472017488414765 0.02747417701902423   
175 1575 0.1301325499377694 6007.155073223371 0.02746491736969383 2.7471458190650784e-02 0.02747309908083677 0.0274738912955693   
176 1584 0.12664724676553654 5999.282282640036 0.02746491736969383 2.7470934727893345e-02 0.02747311291453293 0.027473768095990007   
177 1593 0.11380555944983058 5828.8632537995445 0.02746491736969383 2.7471458139715452e-02 0.02747166140393375 0.02747363404390859   
178 1602 0.12156098743564282 6026.956811146381 0.02746491736969383 2.7471461086453531e-02 0.027471983357949294 0.02747309390716006   
179 1611 0.12987627306794178 5814.6227520290595 0.02746491736969383 2.7471611507862783e-02 0.02747199028503087 0.027473121153710773   
180 1620 0.12808732925792077 6011.085863557885 0.02746491736969383 2.7471429146392789e-02 0.027471911311592108 0.027473552430293282   
181 1629 0.13211191658921476 5851.339458735087 0.02746491736969383 2.7470847238335257e-02 0.027471838358908138 0.027474405203057238   
182 1638 0.1259680170765447 5738.682211210926 0.02746491736969383 2.7471416713234408e-02 0.027473030245210167 0.027473368417956594   
183 1647 0.11966553002672534 6029.519268284428 0.02746491736969383 2.7471406874125005e-02 0.02747176166566307 0.027473104563206032   
184 1656 0.12438087858062971 5931.807684683363 0.02746491736969383 2.7471373416275539e-02 0.02747147775635498 0.02747344256792454   
185 1665 0.11673821502193771 5673.693391132441 0.02746491736969383 2.7471418386363033e-02 0.02747183624376998 0.02747370391491211   
186 1674 0.09545621396735128 5485.431096584561 0.02746491736969383 2.7471377154495769e-02 0.027471568881446348 0.027473040061141055   
187 1683 0.08879791692493996 5245.487646893684 0.02746491736969383 2.7471408064798912e-02 0.02747148122724558 0.027472884167848884   
188 1692 0.09714588172889893 4946.303872574141 0.02746491736969383 2.7471337205448469e-02 0.027471416257479706 0.027471468943129428   
189 1701 0.10719205646730244 3852.512771437342 0.02746491736969383 2.7471331814244281e-02 0.027471413757580578 0.02747353224710505   
190 1710 0.11177079189956748 3291.8053333363164 0.02746491736969383 2.7471348607750388e-02 0.02747139574942108 0.02747367032173337   
191 1719 0.10436331807569926 3040.515675912535 0.02746491736969383 2.7471334596311250e-02 0.02747139597825073 0.02747288881840683   
192 1728 0.09251009609909672 2964.998716611605 0.02746491736969383 2.7471353308106048e-02 0.027471404186630206 0.027472931805735082   
193 1737 0.09822098544141225 2731.802132446806 0.02746491736969383 2.7471271954271570e-02 0.027471332506943894 0.02747138792339592   
194 1746 0.12439861901775101 2393.159988248815 0.02746491736969383 2.7471250909282697e-02 0.027471322896424906 0.027472864293670674   
195 1755 0.13840240679614887 2194.7869822899484 0.02746491736969383 2.7471240702830666e-02 0.0274713927622137 0.027473498687598186   
196 1764 0.15385085610557675 2110.870226887931 0.02746491736969383 2.7471241965861048e-02 0.027471342120005304 0.027473255221569137   
197 1773 0.1457715866955269 2392.7940173647 0.02746491736969383 2.7471239286261970e-02 0.027471472197632615 0.02747349499209147   
198 1782 0.14279900011764757 2442.832968420922 0.02746491736969383 2.7471224240171076e-02 0.027471340846540324 0.02747347003017947   
199 1791 0.1356467030075147 2629.4728164210205 0.02746491736969383 2.7471246289487224e-02 0.027471301135093894 0.027473336597690037   
200 1800 0.133939766708802 2631.757535192663 0.02746491736969383 2.7471290643627310e-02 0.027471331496673225 0.027472719241597228   
201 1809 0.1438700286222962 2656.1940212442664 0.02746491736969383 2.7471220900465797e-02 0.027471288435882365 0.02747134531963861   
202 1818 0.14407690733777961 2216.4677487306426 0.02746491736969383 2.7471218804001170e-02 0.027471278105930787 0.027472859457919087   
203 1827 0.17568080643172151 2098.0104875174807 0.02746491736969383 2.7471200869023920e-02 0.027471245911785635 0.027473420783226114   
204 1836 0.17423650140223207 2136.58059712281 0.02746491736969383 2.7471193346892669e-02 0.027471230140065684 0.02747272562508123   
205 1845 0.15594430588736474 2170.3891638914847 0.02746491736969383 2.7471213236569151e-02 0.027471238498348125 0.02747288411196372   
206 1854 0.1472879386809796 2297.4288630318215 0.02746491736969383 2.7471216045431970e-02 0.02747122883706614 0.02747270640959553   
207 1863 0.12768944657967723 2332.049339547052 0.02746491736969383 2.7471184660162910e-02 0.027471233037909056 0.027473309790246193   
208 1872 0.1118602081294547 2252.602032586558 0.02746491736969383 2.7471192540058833e-02 0.02747121044605699 0.02747123847677909   
209 1881 0.10806772487513107 2276.733779637197 0.02746491736969383 2.7471182379597298e-02 0.027471219178205285 0.02747123796732048   
210 1890 0.09817754366174845 2034.5957880129051 0.02746491736969383 2.7471176811138448e-02 0.02747120263633654 0.02747125586979285   
211 1899 0.08609817955316845 2112.8160486893694 0.02746491736969383 2.7471181374720814e-02 0.027471211564366566 0.02747123229491125   
212 1908 0.0725832964093578 2080.1206423418485 0.02746491736969383 2.7471182128133244e-02 0.02747120256288028 0.02747123974447826   
213 1917 0.06257534921366792 2046.5323396842746 0.02746491736969383 2.7471181900705108e-02 0.027471191757105093 0.027471201711325683   
214 1926 0.0593218659207766 2114.8538306935034 0.02746491736969383 2.7471172789525114e-02 0.027471191351232237 0.02747120258492917   
215 1935 0.056592580259846835 2286.385484740119 0.02746491736969383 2.7471174142371518e-02 0.027471185576595853 0.027471197732587643   
216 1944 0.05110947502870817 2598.901152355704 0.02746491736969383 2.7471170136146802e-02 0.027471188071612918 0.027471198632318127   
217 1953 0.051986757799567025 2731.601513859346 0.02746491736969383 2.7471171607299553e-02 0.02747117852888181 0.02747120605377864   
218 1962 0.0532891037244989 2805.6591754238493 0.02746491736969383 2.7471168249558784e-02 0.027471177745242315 0.027471206234893877   
219 1971 0.05453918555557716 2977.696977022647 0.02746491736969383 2.7471170070756248e-02 0.02747118318205244 0.027471200300292185   
220 1980 0.051198910570006015 3138.895304371477 0.02746491736969383 2.7471171142090342e-02 0.027471186279994713 0.027471201349711056   
221 1989 0.04889599650739188 3256.3782831059584 0.02746491736969383 2.7471169057611208e-02 0.027471181337187726 0.02747118504128384   
222 1998 0.04474771908815974 2940.992492145925 0.02746491736969383 2.7471174308314011e-02 0.027471190073972744 0.027471213531967936   
223 2007 0.04521309962448801 3005.809059114068 0.02746491736969383 2.7471168403743636e-02 0.027471181112891697 0.027471190064934644   
224 2016 0.04156136329692866 2879.801093231502 0.02746491736969383 2.7471168730328316e-02 0.02747117698665197 0.027471190666300563   
225 2025 0.036512789303592114 2902.0739017538053 0.02746491736969383 2.7471170103043875e-02 0.02747118357313866 0.027471190844361892   
226 2034 0.041231406023261606 2710.113296697728 0.02746491736969383 2.7471166083746008e-02 0.02747116902724671 0.027471200232795385   
227 2043 0.03582062308620868 2800.822843414183 0.02746491736969383 2.7471177659496967e-02 0.027471184051886748 0.027471207046279388   
228 2052 0.033289826702707845 2756.2486963425827 0.02746491736969383 2.7471169206832461e-02 0.027471181496110334 0.027471200984165788   
229 2061 0.02960329159944279 2966.302540991041 0.02746491736969383 2.7471169504209695e-02 0.027471181723954775 0.02747119836272567   
230 2070 0.025415457160124767 2769.6125042146127 0.02746491736969383 2.7471165970781895e-02 0.027471181600125905 0.02747120657595576   
231 2079 0.02627841559936661 2796.285044174537 0.02746491736969383 2.7471165957824371e-02 0.027471177189431793 0.027471184951842895   
232 2088 0.027041247479480748 2759.2369265961383 0.02746491736969383 2.7471166360980431e-02 0.027471178968653528 0.027471201423212015   
233 2097 0.02709780481689972 2706.8756239637323 0.02746491736969383 2.7471166180136466e-02 0.02747118236471581 0.027471204533704163   
234 2106 0.028554793592262633 2847.6922024132355 0.02746491736969383 2.7471167768869837e-02 0.027471184354741798 0.027471200876920007   
235 2115 0.027136777447177313 2461.190234701704 0.02746491736969383 2.7471168230818323e-02 0.027471184282998867 0.02747120217232638   
236 2124 0.024125148907269123 2365.7050534723967 0.02746491736969383 2.7471166654046756e-02 0.027471183393313146 0.027471202972976325   
237 2133 0.021645400382290753 2438.495032958532 0.02746491736969383 2.7471167447252129e-02 0.027471178828882815 0.027471204785884187   
238 2142 0.02135643227807554 2589.1122502564926 0.02746491736969383 2.7471166714481073e-02 0.02747117747104844 0.027471202020107683   
239 2151 0.01815270240820389 2659.360197409952 0.02746491736969383 2.7471167009057610e-02 0.02747118336193004 0.02747120119942637   
240 2160 0.015229728815837 2791.759122184109 0.02746491736969383 2.7471166659558951e-02 0.02747117537169634 0.027471189761478023   
241 2169 0.013579246789628761 2695.2472153074004 0.02746491736969383 2.7471167462899439e-02 0.02747117911767592 0.027471199910196104   
242 2178 0.013863343550783216 2836.440765971272 0.02746491736969383 2.7471167232228873e-02 0.027471175562294132 0.027471199187906813   
243 2187 0.014003891688909685 2994.0607946790624 0.02746491736969383 2.7471167577018684e-02 0.0274711760862561 0.027471201044729568   
244 2196 0.013669058663454216 3069.1458644234854 0.02746491736969383 2.7471168200172501e-02 0.027471177691166204 0.027471182977553067   
245 2205 0.012742512553469035 3116.833666388918 0.02746491736969383 2.7471169062667295e-02 0.027471176668182263 0.027471186737888953   
246 2214 0.011712404085403026 3050.8317884590683 0.02746491736969383 2.7471166995060997e-02 0.02747117659534671 0.02747118415919419   
247 2223 0.010403589218172409 3038.302675591514 0.02746491736969383 2.7471167545139199e-02 0.02747117793211052 0.027471185196284192   
248 2232 0.009815886952155569 3214.3531213749393 0.02746491736969383 2.7471169293812499e-02 0.027471176563552115 0.027471181008494775   
249 2241 0.009322365527096957 3533.4863122042307 0.02746491736969383 2.7471167189452490e-02 0.02747117713011319 0.027471184715160888   
250 2250 0.008532031762386753 3630.3868030277877 0.02746491736969383 2.7471167415367037e-02 0.0274711759640902 0.027471178846864796   
251 2259 0.0084408692830366 3515.874343048553 0.02746491736969383 2.7471167075966398e-02 0.027471169054682554 0.027471183714985917   
252 2268 0.008066754170333089 3562.2448186186434 0.02746491736969383 2.7471167520428715e-02 0.02747117732835337 0.027471198262732355   
253 2277 0.008301947699925094 3757.1364216271677 0.02746491736969383 2.7471165962798184e-02 0.027471177367119223 0.027471183119633407   
254 2286 0.007857789432933969 4102.259189275297 0.02746491736969383 2.7471167151789547e-02 0.027471174743959558 0.0274712001029364   
255 2295 0.007366339372487572 4278.922709776606 0.02746491736969383 2.7471168657560559e-02 0.02747117584611308 0.027471203826925104   
256 2304 0.006844895020029099 4334.408303008976 0.02746491736969383 2.7471165700118597e-02 0.027471175616184996 0.02747119998684175   
257 2313 0.0068492867628650285 4149.612648190694 0.02746491736969383 2.7471166915310510e-02 0.027471175372446484 0.027471200114321435   
258 2322 0.006096623648806344 4506.080884150723 0.02746491736969383 2.7471168349009818e-02 0.02747117582247283 0.027471185400586438   
259 2331 0.005570626227453103 4529.9277769300115 0.02746491736969383 2.7471166869568544e-02 0.027471168570084692 0.027471183097644437   
260 2340 0.0046346202719785776 4481.969884684471 0.02746491736969383 2.7471164462264830e-02 0.02747117410613361 0.027471199423436416   
261 2349 0.004600055078477499 4573.752568834763 0.02746491736969383 2.7471165849046013e-02 0.02747117576810268 0.027471186183115094   
262 2358 0.004512945211670142 4668.18478580896 0.02746491736969383 2.7471166960888523e-02 0.027471175408524968 0.02747119827301701   
263 2367 0.00420238181924424 4529.772144532346 0.02746491736969383 2.7471164532755221e-02 0.027471175765520515 0.027471184686029583   
264 2376 0.003951475949410549 4531.428487602579 0.02746491736969383 2.7471166233564957e-02 0.027471175714048616 0.027471197085046955   
265 2385 0.004024828257031823 4720.797185487881 0.02746491736969383 2.7471165789875403e-02 0.027471180325746934 0.02747118235467153   
266 2394 0.004388023217746285 4622.166405823796 0.02746491736969383 2.7471166941813084e-02 0.027471176741313684 0.027471180632441184   
267 2403 0.004706661331033246 4706.786178442077 0.02746491736969383 2.7471167367516786e-02 0.027471176496209213 0.027471203944750344   
268 2412 0.004961743160893153 5053.349203124454 0.02746491736969383 2.7471165816788028e-02 0.02747117568883501 0.027471182159360997   
269 2421 0.005445981514054711 4984.085088300022 0.02746491736969383 2.7471166983445445e-02 0.02747117960653403 0.027471196247946784   
270 2430 0.005397006396026602 5182.705568824053 0.02746491736969383 2.7471167052517259e-02 0.02747117542226696 0.027471182262699914   
271 2439 0.006208787648818158 5407.647987436769 0.02746491736969383 2.7471166897974294e-02 0.027471176206598086 0.02747118538204038   
272 2448 0.006933872943053959 5809.575191893716 0.02746491736969383 2.7471165708989515e-02 0.02747116824935335 0.027471200585694824   
273 2457 0.007267138873678004 5931.717223025757 0.02746491736969383 2.7471166992311460e-02 0.027471175964821373 0.027471181350738654   
274 2466 0.007602864068717452 5731.945666219873 0.02746491736969383 2.7471166744019854e-02 0.027471179532942952 0.027471205832829075   
275 2475 0.008145916773852827 5777.590396210583 0.02746491736969383 2.7471166783999874e-02 0.027471175179274904 0.027471179725067664   
276 2484 0.0080418347390964 5818.251883100775 0.02746491736969383 2.7471167163188006e-02 0.027471175433730722 0.027471184958478428   
277 2493 0.007560736116640693 5962.007493071286 0.02746491736969383 2.7471167133262697e-02 0.027471175760394213 0.027471184632885805   
278 2502 0.00790685545548829 6135.269601425403 0.02746491736969383 2.7471168613320995e-02 0.02747117569225656 0.027471186179672147   
279 2511 0.007877181000711417 6624.876672918823 0.02746491736969383 2.7471166741802822e-02 0.027471176757653842 0.02747118285293984   
280 2520 0.007328931212264021 6420.748948585319 0.02746491736969383 2.7471165948296451e-02 0.027471175268522694 0.02747119593554838   
281 2529 0.007744094838079499 6930.806524632338 0.02746491736969383 2.7471166064623260e-02 0.02747116845334747 0.027471182962549485   
282 2538 0.009221343794242434 7081.2012766087055 0.02746491736969383 2.7471167289573915e-02 0.02747117570235853 0.02747118337469113   
283 2547 0.009954352825688436 9077.88277118666 0.02746491736969383 2.7471166719030205e-02 0.027471175916921806 0.027471185323417833   
284 2556 0.009832765057470265 10346.793746683017 0.02746491736969383 2.7471167754520708e-02 0.027471177292043025 0.027471185418191334   
285 2565 0.00972553431388914 10157.571993442796 0.02746491736969383 2.7471168362878079e-02 0.0274711779402338 0.027471180211892522   
286 2574 0.009449844251182823 9873.119749323307 0.02746491736969383 2.7471167560166602e-02 0.027471177512138695 0.027471184158805267   
287 2583 0.008973650217112095 10187.326240670482 0.02746491736969383 2.7471167506603594e-02 0.027471176248771295 0.027471183502662404   
288 2592 0.00866680672395276 10615.682658247579 0.02746491736969383 2.7471167392388394e-02 0.02747117774767236 0.02747118425713145   
289 2601 0.007831796346539263 10606.731547493668 0.02746491736969383 2.7471167926205027e-02 0.027471175970517472 0.027471180020418835   
290 2610 0.00798570269059596 10894.58839173573 0.02746491736969383 2.7471165668202003e-02 0.027471178314179542 0.02747118524294837   
291 2619 0.007183618946662385 11825.002009032773 0.02746491736969383 2.7471167726361927e-02 0.02747117651162812 0.02747118613738535   
292 2628 0.007501426548610678 13309.558684923939 0.02746491736969383 2.7471168116337402e-02 0.027471176735931337 0.02747118279850387   
293 2637 0.00692531102579376 14851.344049685546 0.02746491736969383 2.7471166866685024e-02 0.027471168375502945 0.027471182052404054   
294 2646 0.005922460744559483 14277.057038070438 0.02746491736969383 2.7471166367854120e-02 0.027471167963362072 0.02747117899217839   
295 2655 0.005503131443499668 15490.42828247183 0.02746491736969383 2.7471166459734079e-02 0.0274711691023143 0.027471182018568765   
296 2664 0.005484702421031888 16653.708234910588 0.02746491736969383 2.7471168237495229e-02 0.02747117737549672 0.027471182468148517   
297 2673 0.006165814236393151 16808.96471515223 0.02746491736969383 2.7471166640869741e-02 0.027471179911652703 0.027471182215741654   
298 2682 0.005473252620706033 15495.426339694077 0.02746491736969383 2.7471169447220108e-02 0.027471180392172386 0.027471183819726474   
299 2691 0.0057885412706047195 15247.251035051642 0.02746491736969383 2.7471167743283748e-02 0.027471176237122214 0.027471179970933124   
300 2700 0.006337463113443828 15007.71710538647 0.02746491736969383 2.7471166982561666e-02 0.02747118086310381 0.027471183828768585   
301 2709 0.0062396199141103136 14578.074561583893 0.02746491736969383 2.7471167672488184e-02 0.027471177698965007 0.027471180274341138   
302 2718 0.0063294277961749796 14385.376553045211 0.02746491736969383 2.7471167968624900e-02 0.027471176643757665 0.027471183187510177   
303 2727 0.005821765730673024 15440.860051640024 0.02746491736969383 2.7471167833295975e-02 0.027471179197233124 0.027471185309684842   
304 2736 0.00581111387737664 16343.911270231416 0.02746491736969383 2.7471166641213133e-02 0.02747117638122322 0.027471185434196382   
305 2745 0.005718385342193055 16448.999275299262 0.02746491736969383 2.7471165686860644e-02 0.027471177659622505 0.027471184881505583   
306 2754 0.0059766186117678295 15015.91212187144 0.02746491736969383 2.7471166925873838e-02 0.027471175766018662 0.02747118063521122   
307 2763 0.005977422207198847 13818.53594933999 0.02746491736969383 2.7471166418557885e-02 0.027471176508964683 0.027471181606673025   
308 2772 0.006064583698497519 13935.300350979891 0.02746491736969383 2.7471167672504428e-02 0.02747117734138504 0.027471182430974597   
309 2781 0.0062265655540342385 15117.336607756888 0.02746491736969383 2.7471165964223231e-02 0.02747116912650967 0.027471180321057248   
310 2790 0.005955358338531086 16566.26603293616 0.02746491736969383 2.7471165842714810e-02 0.027471176484914515 0.027471183271958074   
311 2799 0.005355768852815289 16071.792403701957 0.02746491736969383 2.7471167713919335e-02 0.027471177319175064 0.02747118529114554   
312 2808 0.0053085068474950205 16164.516072909146 0.02746491736969383 2.7471167817277285e-02 0.027471176966205685 0.02747118408244064   
313 2817 0.005540503181922924 15246.231866322112 0.02746491736969383 2.7471168076153941e-02 0.027471175292155835 0.027471178138702604   
314 2826 0.005935442627500869 15529.601030309346 0.02746491736969383 2.7471166696614341e-02 0.027471176698185034 0.027471183118943147   
315 2835 0.005059455549380339 15292.24281761567 0.02746491736969383 2.7471168324426514e-02 0.02747117771800604 0.027471182814858244   
316 2844 0.004459151615302495 15100.872526970497 0.02746491736969383 2.7471166368750140e-02 0.02747118093441587 0.027471186216871776   
317 2853 0.004690164406448829 14924.278634217622 0.02746491736969383 2.7471167046369031e-02 0.027471168452688696 0.027471179097528588   
318 2862 0.0043780781157409625 15376.379756730466 0.02746491736969383 2.7471166281447329e-02 0.0274711768970426 0.027471185316478137   
319 2871 0.003672977071965613 15359.29447473447 0.02746491736969383 2.7471167802140754e-02 0.027471177577599055 0.027471181563987743   
320 2880 0.0037255018521272945 13615.038605673335 0.02746491736969383 2.7471167555554277e-02 0.02747117778370906 0.02747118192636437   
321 2889 0.003542510075784406 14103.507434682144 0.02746491736969383 2.7471176191735388e-02 0.027471177882044128 0.02747118264026488   
322 2898 0.0035317592461601094 13727.406404671383 0.02746491736969383 2.7471167759411878e-02 0.027471174809234923 0.02747118251252665   
323 2907 0.00379518775724161 14340.392098049102 0.02746491736969383 2.7471166711999239e-02 0.027471169179107833 0.027471182436052545   
324 2916 0.003566529266030655 14132.207087727607 0.02746491736969383 2.7471166648014723e-02 0.027471175667989022 0.027471182557472277   
325 2925 0.003513556580373651 14890.1903495111 0.02746491736969383 2.7471165168734924e-02 0.027471177620436178 0.027471182950697847   
326 2934 0.0043048402952584495 16251.148336952916 0.02746491736969383 2.7471165686031161e-02 0.027471169141090684 0.027471180032243074   
327 2943 0.004654197827047531 16408.155041302674 0.02746491736969383 2.7471167753241651e-02 0.027471176785404585 0.027471181797746824   
328 2952 0.004785124403249686 15779.422707611997 0.02746491736969383 2.7471167019914776e-02 0.027471176790312073 0.027471185320885185   
329 2961 0.0046592659497774105 17494.474922529254 0.02746491736969383 2.7471165440367141e-02 0.02747117742772482 0.02747118227418408   
330 2970 0.0042329938858201195 19294.30067498522 0.02746491736969383 2.7471167056250488e-02 0.027471177786967536 0.027471181059284363   
331 2979 0.0044807095610180135 21170.51927182297 0.02746491736969383 2.7471167983624669e-02 0.027471177869340124 0.02747118523483217   
332 2988 0.0048844903330914164 20083.197414683098 0.02746491736969383 2.7471166430128979e-02 0.027471169230493964 0.027471185396548616   
333 2997 0.005158922595031609 18804.14680366755 0.02746491736969383 2.7471167903554864e-02 0.02747116908769787 0.027471185397579125   
334 3006 0.006341731924595407 20016.971235350095 0.02746491736969383 2.7471167839146778e-02 0.027471178410883257 0.02747118542926646   
335 3015 0.00566798917036693 18817.793144756975 0.02746491736969383 2.7471169727459888e-02 0.027471176849245955 0.027471185290859238   
336 3024 0.005631902513417731 17909.07753306692 0.02746491736969383 2.7471169537367512e-02 0.027471177422200177 0.02747118331289049   
337 3033 0.005807503234038962 16036.04474303202 0.02746491736969383 2.7471165451918626e-02 0.027471178304533127 0.027471182661666604   
338 3042 0.005991338888460512 16115.649065346475 0.02746491736969383 2.7471167869974670e-02 0.027471177792265784 0.027471182374628207   
339 3051 0.005432571118203641 16304.09731240783 0.02746491736969383 2.7471167660957512e-02 0.02747117629828247 0.02747118389130073   
340 3060 0.005174694834573686 16413.02565599862 0.02746491736969383 2.7471166767428352e-02 0.027471179779305153 0.027471186350251593   
341 3069 0.004845173129388954 17193.77662808098 0.02746491736969383 2.7471166664077996e-02 0.027471176853873746 0.027471184984100946   
342 3078 0.005487555617987162 17838.159910894195 0.02746491736969383 2.7471166922013505e-02 0.027471177090255282 0.027471184900613184   
343 3087 0.0065111260110708395 16783.1883707013 0.02746491736969383 2.7471166601471926e-02 0.027471169457899 0.027471181254667375   
344 3096 0.00640308030162952 15754.929855018263 0.02746491736969383 2.7471166431727860e-02 0.027471175934061662 0.02747118558979962   
345 3105 0.006451759048495468 15836.76666252384 0.02746491736969383 2.7471166699149271e-02 0.02747116859810997 0.027471185591319103   
346 3114 0.0070147485693451235 15757.12017426236 0.02746491736969383 2.7471166775412715e-02 0.02747116965080474 0.027471178280993405   
347 3123 0.006709475212216713 18273.066125857473 0.02746491736969383 2.7471166833709877e-02 0.02747116941010246 0.027471181551872226   
348 3132 0.0070695819460671085 18345.262417194834 0.02746491736969383 2.7471167943113415e-02 0.027471176999456372 0.02747118503287655   
349 3141 0.008024381076081567 19052.794313334056 0.02746491736969383 2.7471166888875125e-02 0.027471178533902775 0.027471181738578362   
350 3150 0.008884135196466974 19555.499156460137 0.02746491736969383 2.7471166502154132e-02 0.027471177994160156 0.027471181956026255   
351 3159 0.010596141747003695 21900.86003352017 0.02746491736969383 2.7471167063983139e-02 0.027471176218267227 0.02747118035293023   
352 3168 0.010553645352785074 25445.811212018478 0.02746491736969383 2.7471167634992934e-02 0.027471175860929863 0.02747118498477073   
353 3177 0.011358731326533433 24371.208438725396 0.02746491736969383 2.7471165795377679e-02 0.027471177116799625 0.027471200044726644   
354 3186 0.01081557366056352 27958.25843827219 0.02746491736969383 2.7471166312416924e-02 0.027471167569263794 0.027471175972129537   
355 3195 0.009877280416192114 26653.069516147818 0.02746491736969383 2.7471165303777488e-02 0.02747117639413868 0.027471185187442928   
356 3204 0.009666437071185826 27559.95118707435 0.02746491736969383 2.7471166018931563e-02 0.027471166769700916 0.027471183794400573   
357 3213 0.010648798976205333 28599.860147072122 0.02746491736969383 2.7471167023508880e-02 0.02747117718285803 0.027471181412355244   
358 3222 0.011460103155905947 26407.88624258546 0.02746491736969383 2.7471165866858788e-02 0.02747117579153339 0.027471205324668693   
359 3231 0.011894178230463485 27552.846871680696 0.02746491736969383 2.7471167925630705e-02 0.027471181909358457 0.02747119584660845   
360 3240 0.013922516413421565 27766.09409322612 0.02746491736969383 2.7471173655100725e-02 0.027471183329649655 0.02747120066644365   
361 3249 0.011991981519939873 26905.43669046189 0.02746491736969383 2.7471167192823359e-02 0.0274711888788986 0.02747119787687943   
362 3258 0.01181707546929248 24465.03523330153 0.02746491736969383 2.7471167177692532e-02 0.027471176032444887 0.02747118485528707   
363 3267 0.01164522505031223 24532.549504168965 0.02746491736969383 2.7471165399306226e-02 0.02747117465454968 0.027471181173443073   
364 3276 0.009895719999576457 26912.449028108113 0.02746491736969383 2.7471166998322524e-02 0.02747116835062697 0.027471199727044003   
365 3285 0.010688233074598501 28654.6547224081 0.02746491736969383 2.7471167041880611e-02 0.0274711765266328 0.027471182316290706   
366 3294 0.011725517758670166 31290.984387807235 0.02746491736969383 2.7471166898852803e-02 0.02747117553254478 0.027471198635948615   
367 3303 0.013261125065140855 31759.187445343985 0.02746491736969383 2.7471167396146943e-02 0.02747117889686858 0.027471199927170342   
368 3312 0.01240522287117243 30645.60715790044 0.02746491736969383 2.7471166727298376e-02 0.027471180468263426 0.0274711970537754   
369 3321 0.010990058008892039 29683.9356987541 0.02746491736969383 2.7471167486036046e-02 0.027471175882453784 0.027471198822012346   
370 3330 0.009686858187151846 30380.13925319259 0.02746491736969383 2.7471167167428007e-02 0.027471177944026738 0.027471181630877868   
371 3339 0.009791526796342232 30909.790346225265 0.02746491736969383 2.7471166734704285e-02 0.02747117469167068 0.027471180479627842   
372 3348 0.010260969749689614 34351.56377572286 0.02746491736969383 2.7471174675856965e-02 0.027471180560522446 0.02747120280716573   
373 3357 0.009341965794359787 36679.242918920914 0.02746491736969383 2.7471165439158035e-02 0.027471181823832676 0.027471202808563674   
374 3366 0.008353964498840518 39050.345375390745 0.02746491736969383 2.7471166784679611e-02 0.02747118059791068 0.027471201654357243   
375 3375 0.0086630447280167 37156.22609941805 0.02746491736969383 2.7471166933237683e-02 0.02747117672120945 0.027471187666945632   
376 3384 0.008288669040511102 34405.4013111816 0.02746491736969383 2.7471166018061800e-02 0.027471180496620506 0.027471196868593343   
377 3393 0.009269065286990879 36515.86444358163 0.02746491736969383 2.7471165435838298e-02 0.027471174697957682 0.02747119316133946   
378 3402 0.009238933142713424 34584.78093744982 0.02746491736969383 2.7471167720253188e-02 0.027471186695535776 0.027471199126424296   
379 3411 0.00889122430274108 34248.64148349778 0.02746491736969383 2.7471180448494864e-02 0.0274711958401072 0.027471200976116012   
380 3420 0.00904641736627923 34507.92043455274 0.02746491736969383 2.7471173604796853e-02 0.0274711790275374 0.02747120013244917   
381 3429 0.008673783593824268 33769.93938766986 0.02746491736969383 2.7471165686325755e-02 0.027471180823684625 0.027471200777980397   
382 3438 0.00937410417539373 35230.659928777655 0.02746491736969383 2.7471169025189614e-02 0.027471180209430002 0.027471183021637   
383 3447 0.009912644106283532 34938.73071752514 0.02746491736969383 2.7471173850721290e-02 0.027471182098752055 0.02747119984507523   
384 3456 0.00983938103543123 34078.918300385565 0.02746491736969383 2.7471166881309513e-02 0.027471195527675053 0.02747120019801496   
385 3465 0.009442260925935414 32237.368230684642 0.02746491736969383 2.7471166876715681e-02 0.027471175333212326 0.02747120010888214   
386 3474 0.009443711285905388 31866.347296446052 0.02746491736969383 2.7471166785448007e-02 0.027471179106694523 0.02747120029021416   
387 3483 0.008873396156817679 33532.58012761032 0.02746491736969383 2.7471165404872645e-02 0.027471178766946245 0.027471200217856345   
388 3492 0.009545625097948408 33514.271508185775 0.02746491736969383 2.7471174621252682e-02 0.02747118206561724 0.02747120526747996   
389 3501 0.009196972162568713 32237.549246070917 0.02746491736969383 2.7471165463578525e-02 0.027471174644047316 0.027471182010510967   
390 3510 0.009053535017837495 34483.12883851154 0.02746491736969383 2.7471166787421154e-02 0.02747117902169113 0.027471197753830952   
391 3519 0.00901902338789318 35176.19064442469 0.02746491736969383 2.7471166996198657e-02 0.02747117720823743 0.027471199560970355   
392 3528 0.009996432765895166 35303.18588680934 0.02746491736969383 2.7471165944822989e-02 0.027471179672697518 0.02747120035997162   
393 3537 0.01066447109362536 34494.15098369494 0.02746491736969383 2.7471164610160935e-02 0.027471167342139075 0.02747120002969969   
394 3546 0.00963346593033778 34378.06967593086 0.02746491736969383 2.7471167286349317e-02 0.02747117574023633 0.027471182185156907   
395 3555 0.008365083640324428 33779.074750692045 0.02746491736969383 2.7471166053837065e-02 0.02747117562240899 0.027471180756059893   
396 3564 0.008142050040868671 32252.670321518915 0.02746491736969383 2.7471167204573880e-02 0.027471179218593624 0.02747119625936581   
397 3573 0.008832994728799313 29685.768500921433 0.02746491736969383 2.7471167129322842e-02 0.027471177032544848 0.0274711824252077   
398 3582 0.011289631988052905 35309.392054422955 0.02746491736969383 2.7471167414362049e-02 0.027471177023189467 0.02747118666582707   
399 3591 0.013924111105189528 35929.48009274719 0.02746491736969383 2.7471166411913276e-02 0.027471176464539226 0.027471202033031404   
400 3600 0.01588443119532331 33074.16027267632 0.02746491736969383 2.7471167641080832e-02 0.0274711748104198 0.02747118487357968   
401 3609 0.018937275640836124 32309.094688643552 0.02746491736969383 2.7471167286439991e-02 0.027471176806183724 0.02747118477157593   
402 3618 0.02066406487707987 34239.62691153159 0.02746491736969383 2.7471165795967225e-02 0.027471178214070708 0.027471204474114063   
403 3627 0.019079675348219388 30797.41453482797 0.02746491736969383 2.7471168383675911e-02 0.02747117698176867 0.02747118146926552   
404 3636 0.01787379766809368 32744.169681373914 0.02746491736969383 2.7471166097413968e-02 0.027471177378936153 0.027471183181680174   
405 3645 0.015019169825937448 33282.09595755315 0.02746491736969383 2.7471167273926775e-02 0.02747117480727977 0.027471198520529077   
406 3654 0.01511069502622849 34404.50409168455 0.02746491736969383 2.7471167016310669e-02 0.027471168754827 0.02747120044186667   
407 3663 0.01473380523849015 33539.61998804033 0.02746491736969383 2.7471168123195125e-02 0.02747117626005708 0.027471199989790817   
408 3672 0.015081224527647166 32526.064014435844 0.02746491736969383 2.7471166931270906e-02 0.027471168905940157 0.027471182079995098   
409 3681 0.014681094911328324 33045.149634337504 0.02746491736969383 2.7471167963452264e-02 0.027471176585821665 0.027471184652615572   
410 3690 0.014179852606268572 34673.8385423321 0.02746491736969383 2.7471165626204191e-02 0.02747117607150288 0.02747118071410103   
411 3699 0.013645992785151278 34030.8142580401 0.02746491736969383 2.7471167233948636e-02 0.027471180004210068 0.02747120033830333   
412 3708 0.012221995390181237 34384.62437086986 0.02746491736969383 2.7471165975675952e-02 0.02747116877004995 0.027471183061491055   
413 3717 0.010989441166527914 33891.7658136063 0.02746491736969383 2.7471167362587350e-02 0.02747117590184406 0.027471183312439522   
414 3726 0.01108722625826754 34323.029852933614 0.02746491736969383 2.7471167057858799e-02 0.02747118034100337 0.027471200500189665   
415 3735 0.011020788569844784 31796.725344927432 0.02746491736969383 2.7471166090575195e-02 0.027471176169242058 0.02747118514193759   
416 3744 0.01073186561124705 32477.47432281861 0.02746491736969383 2.7471167031533069e-02 0.02747116855888595 0.027471183434248307   
417 3753 0.010269372965745515 30685.370500776255 0.02746491736969383 2.7471166977010644e-02 0.027471175680824793 0.02747118169417105   
418 3762 0.010708737202854503 29157.01292481246 0.02746491736969383 2.7471165796879089e-02 0.027471175376420368 0.02747118202673583   
419 3771 0.010478452263453057 28403.66103088796 0.02746491736969383 2.7471165876109205e-02 0.027471175096484366 0.027471184547750355   
420 3780 0.010845063667141379 27515.462177153502 0.02746491736969383 2.7471166561499283e-02 0.027471176126449767 0.027471183178493664   
421 3789 0.013505195906557516 26561.998213060055 0.02746491736969383 2.7471167098456654e-02 0.027471176753524573 0.027471185642461315   
422 3798 0.01743389792117819 27200.772415929805 0.02746491736969383 2.7471166734550970e-02 0.02747117621840236 0.027471198281610546   
423 3807 0.021717351002063352 27242.76489576769 0.02746491736969383 2.7471167278274953e-02 0.02747117594651119 0.02747118238724907   
424 3816 0.021500407640292256 26201.858028643495 0.02746491736969383 2.7471167463435690e-02 0.027471175925274174 0.027471181340753454   
425 3825 0.022310702332431674 28552.34277432094 0.02746491736969383 2.7471165217958803e-02 0.02747117588533874 0.027471183443422385   
426 3834 0.02402265077462592 31312.20268311691 0.02746491736969383 2.7471175364724709e-02 0.02747117914058654 0.02747119791561888   
427 3843 0.026221635525009092 28759.484174128207 0.02746491736969383 2.7471165793601222e-02 0.027471176203937523 0.027471179786206078   
428 3852 0.024167599328498872 30277.019758658906 0.02746491736969383 2.7471167285326167e-02 0.027471177836014087 0.02747120102718997   
429 3861 0.023858460502579268 31452.293162661423 0.02746491736969383 2.7471167417346964e-02 0.027471175943381082 0.027471199800003197   
430 3870 0.022622093322456287 29945.440827821258 0.02746491736969383 2.7471166596296611e-02 0.027471178284413082 0.027471184826027496   
431 3879 0.01981783811620279 30903.287055136327 0.02746491736969383 2.7471166774894820e-02 0.02747117621800953 0.02747120010179319   
432 3888 0.01766880424959026 30510.054586837476 0.02746491736969383 2.7471166035414166e-02 0.027471175908461598 0.027471182998813102   
433 3897 0.016241057520955022 30658.25661312126 0.02746491736969383 2.7471166983276580e-02 0.02747117563681557 0.027471185530422125   
434 3906 0.016066737155319286 29440.661623725373 0.02746491736969383 2.7471166771881134e-02 0.027471179176136767 0.027471200192559733   
435 3915 0.014428663581569877 30209.302345001444 0.02746491736969383 2.7471167028902208e-02 0.02747117853011257 0.02747118306775648   
436 3924 0.014605953340404848 31748.66039758927 0.02746491736969383 2.7471167139089200e-02 0.027471175377173526 0.027471183144633246   
437 3933 0.015608176724364261 31869.162144216916 0.02746491736969383 2.7471167140166633e-02 0.02747118307095061 0.027471201803437477   
438 3942 0.013276520265379779 29935.808019689168 0.02746491736969383 2.7471165508180125e-02 0.027471168383225636 0.0274711972184866   
439 3951 0.01254739705433909 32074.379869304754 0.02746491736969383 2.7471166954831060e-02 0.027471179103129222 0.027471199018105057   
440 3960 0.011225930024091724 35532.62289144812 0.02746491736969383 2.7471166193508270e-02 0.02747117869290177 0.02747120098220532   
441 3969 0.012350972138378402 35349.63584231794 0.02746491736969383 2.7471168589668690e-02 0.027471181432804276 0.027471197032560988   
442 3978 0.013879938397862907 35578.826813898515 0.02746491736969383 2.7471168536880131e-02 0.027471179335259797 0.027471182948819634   
443 3987 0.01346995628522839 37982.052013863104 0.02746491736969383 2.7471168479805842e-02 0.02747118117539261 0.02747118470705129   
444 3996 0.013413162993528719 38183.64323373902 0.02746491736969383 2.7471165719438605e-02 0.027471179003671402 0.027471184441686735   
445 4005 0.012281728926654373 35586.574984675266 0.02746491736969383 2.7471166857553905e-02 0.02747117671957921 0.027471181987509998   
446 4014 0.010201722480664166 37755.02102860535 0.02746491736969383 2.7471166873420282e-02 0.02747117553001798 0.027471181715099085   
447 4023 0.009431793954474042 38578.09027935589 0.02746491736969383 2.7471165709858331e-02 0.027471168459280854 0.027471175935474143   
448 4032 0.008737490712486546 40142.00712336025 0.02746491736969383 2.7471165664240894e-02 0.027471167412700493 0.027471195445652272   
449 4041 0.0086149156071146 42306.26204738015 0.02746491736969383 2.7471167054724740e-02 0.02747117566628808 0.027471184874043517   
450 4050 0.008378623692899352 43894.53351338759 0.02746491736969383 2.7471166914832847e-02 0.02747117691004858 0.027471183045926398   
451 4059 0.008165283447471043 44535.53092459713 0.02746491736969383 2.7471165814679139e-02 0.0274711756328494 0.027471197796925563   
452 4068 0.007544663086917006 43191.04073384765 0.02746491736969383 2.7471165580849458e-02 0.027471179027105906 0.027471184505025913   
453 4077 0.006974241782351064 42755.65134561944 0.02746491736969383 2.7471164711110562e-02 0.027471180102723012 0.027471200767042965   
454 4086 0.0069502575832633105 41106.120435752004 0.02746491736969383 2.7471164705209702e-02 0.027471176191239344 0.027471200797818313   
455 4095 0.006515782547969243 38399.97661144916 0.02746491736969383 2.7471167061348660e-02 0.027471175597220523 0.027471182329081932   
456 4104 0.006952062131238562 42134.157622805775 0.02746491736969383 2.7471167413425535e-02 0.027471176690203873 0.027471182867784227   
457 4113 0.006793645547202172 40265.29945933808 0.02746491736969383 2.7471166775612683e-02 0.027471175369029113 0.027471177955505927   
458 4122 0.007383739758383198 42293.0153876726 0.02746491736969383 2.7471166882814636e-02 0.027471176880391836 0.027471197944885187   
459 4131 0.0070534852683828515 42592.55787013925 0.02746491736969383 2.7471165756857503e-02 0.027471177761111507 0.027471185655618187   
460 4140 0.00650024002040063 38964.12462383367 0.02746491736969383 2.7471167055286599e-02 0.027471175587947913 0.02747120002613436   
461 4149 0.006382085509784197 39359.861193000084 0.02746491736969383 2.7471166057676143e-02 0.027471176803193754 0.027471182922580002   
462 4158 0.0060404963576529925 38093.85214606431 0.02746491736969383 2.7471167827474618e-02 0.02747117505798602 0.027471179213577487   
463 4167 0.006100638440759183 38300.784858164894 0.02746491736969383 2.7471166924074693e-02 0.027471176895881192 0.027471180736156776   
464 4176 0.006775877158834391 34378.161353061 0.02746491736969383 2.7471166070670176e-02 0.027471178929108647 0.027471186188338468   
465 4185 0.007554969009606275 31175.10095974013 0.02746491736969383 2.7471163016477680e-02 0.027471176869505037 0.02747118450301163   
466 4194 0.0072887163214184 28599.533350735277 0.02746491736969383 2.7471166106825567e-02 0.027471167063694978 0.02747118296987782   
467 4203 0.0077292834244377055 31886.486590171364 0.02746491736969383 2.7471167108803197e-02 0.027471167912083087 0.027471185238058655   
468 4212 0.007960350282021966 32226.092306481492 0.02746491736969383 2.7471166913927741e-02 0.027471175575412933 0.027471184622633496   
469 4221 0.008381526368384264 31391.14877320424 0.02746491736969383 2.7471167269711848e-02 0.02747117698898221 0.02747118072878282   
470 4230 0.00956146746972704 31904.90077830308 0.02746491736969383 2.7471166945746663e-02 0.027471178630797084 0.02747118302575358   
471 4239 0.010706951156293974 30614.19711187728 0.02746491736969383 2.7471165829510143e-02 0.027471178979244955 0.027471197224767246   
472 4248 0.01178918700310483 31992.69947059772 0.02746491736969383 2.7471167221601398e-02 0.027471174524456948 0.02747119795964937   
473 4257 0.014545390934052384 32097.58378497141 0.02746491736969383 2.7471166859989449e-02 0.02747117605362381 0.027471186527802394   
474 4266 0.014135486778592173 34356.17853728792 0.02746491736969383 2.7471168870425649e-02 0.027471176884275406 0.027471185489107496   
475 4275 0.014689505696074717 35450.1591790925 0.02746491736969383 2.7471166853181333e-02 0.027471176679892302 0.027471182109959316   
476 4284 0.014816780529629467 36627.384460793524 0.02746491736969383 2.7471166998802150e-02 0.027471175762362788 0.027471184500839   
477 4293 0.013794092629494884 35278.363990837366 0.02746491736969383 2.7471166981811689e-02 0.027471175473734136 0.027471175910284865   
478 4302 0.013268686366960344 35981.832328101074 0.02746491736969383 2.7471166923337429e-02 0.027471175774074395 0.02747119997301875   
479 4311 0.015551825764812061 35640.66872920488 0.02746491736969383 2.7471167148858489e-02 0.0274711758502792 0.027471185464475086   
480 4320 0.016330795657005195 35120.40891653288 0.02746491736969383 2.7471165307178490e-02 0.02747117512458508 0.027471182814099108   
481 4329 0.016522405074325192 30610.603907064287 0.02746491736969383 2.7471165637523991e-02 0.027471175665815237 0.02747118277714556   
482 4338 0.015877789722126074 31611.30191370595 0.02746491736969383 2.7471166629907371e-02 0.02747117674970148 0.027471179662002073   
483 4347 0.014613294644937594 29832.478198928893 0.02746491736969383 2.7471165791304625e-02 0.027471175583845563 0.027471184256398253   
484 4356 0.012819933390192816 27974.48725487796 0.02746491736969383 2.7471168240853834e-02 0.027471177579859226 0.027471182760445568   
485 4365 0.01201673322956413 29280.696579240688 0.02746491736969383 2.7471166843541298e-02 0.027471179649897103 0.027471183348347326   
486 4374 0.011584642814300482 31524.255722245085 0.02746491736969383 2.7471175211066318e-02 0.02747117953580297 0.027471186082279938   
487 4383 0.00960009061210783 31106.057162369176 0.02746491736969383 2.7471165794890604e-02 0.027471174355154875 0.02747118430792624   
488 4392 0.008428158739448922 31943.46887247486 0.02746491736969383 2.7471164497081296e-02 0.027471168418794097 0.02747117912425335   
489 4401 0.0077117948469244205 29818.392754758817 0.02746491736969383 2.7471168228629005e-02 0.02747118026217911 0.027471184359995047   
490 4410 0.006999387992252407 29670.450471421493 0.02746491736969383 2.7471165531348679e-02 0.027471175727775715 0.027471183035265422   
491 4419 0.006846586195342594 30490.986193264114 0.02746491736969383 2.7471165752390947e-02 0.027471175334706725 0.027471181924432195   
492 4428 0.006955339665626177 29462.801837803163 0.02746491736969383 2.7471165506875880e-02 0.027471175345952167 0.027471178982484586   
493 4437 0.006410977529432109 30291.241788020165 0.02746491736969383 2.7471166787459866e-02 0.027471175653521602 0.027471184430938385   
494 4446 0.005460809099845779 30673.643933781295 0.02746491736969383 2.7471165774987861e-02 0.027471175331806416 0.027471183289469233   
495 4455 0.004715073767028869 29579.171462656606 0.02746491736969383 2.7471165700946504e-02 0.027471176831826063 0.02747118433587624   
496 4464 0.004670325228213309 28083.203826959023 0.02746491736969383 2.7471165925955981e-02 0.027471175318749125 0.027471180277949446   
497 4473 0.0047552597559690464 28470.468099525464 0.02746491736969383 2.7471164452398653e-02 0.0274711768034847 0.027471184552218253   
498 4482 0.005257414714894162 29169.152448326833 0.02746491736969383 2.7471167005137766e-02 0.027471175863095935 0.027471184470662956   
499 4491 0.0046151112008867195 26895.92143489369 0.02746491736969383 2.7471166723883129e-02 0.02747117544291556 0.027471185015684095   
500 4500 0.004181784083061308 24677.03964467138 0.02746491736969383 2.7471167288525025e-02 0.027471178858740234 0.027471185294240925   
501 4509 0.0037487747143537527 24180.383822073916 0.02746491736969383 2.7471165522808223e-02 0.02747116851554584 0.02747117890289482   
502 4518 0.00402731817175672 26523.64197145805 0.02746491736969383 2.7471166800538769e-02 0.027471175068387796 0.0274711786901255   
503 4527 0.003995400082997201 23695.198948728008 0.02746491736969383 2.7471165691421783e-02 0.027471175351389644 0.027471182888248433   
504 4536 0.0043009425071928635 21778.24911517982 0.02746491736969383 2.7471168397537802e-02 0.02747117707544225 0.027471197524658146   
505 4545 0.004584177537371557 22108.817788191212 0.02746491736969383 2.7471166923810218e-02 0.027471175090424352 0.027471181831490193   
506 4554 0.006079493434348321 21458.521374087082 0.02746491736969383 2.7471167985014675e-02 0.027471175951727992 0.027471182699678125   
507 4563 0.006955227667229116 19479.379323506146 0.02746491736969383 2.7471166772551080e-02 0.02747116704393361 0.027471179119433746   
508 4572 0.007538564394584962 21384.155088830434 0.02746491736969383 2.7471168752242047e-02 0.02747117850727184 0.027471186610048385   
509 4581 0.008082943600106243 20704.5270713174 0.02746491736969383 2.7471166730916541e-02 0.027471173738175137 0.02747118066270704   
510 4590 0.008932472098175817 20148.584000688887 0.02746491736969383 2.7471166802726061e-02 0.02747117983256158 0.027471201527895617   
511 4599 0.009419023198027001 18936.811575092775 0.02746491736969383 2.7471168141091115e-02 0.02747117647918456 0.027471184342599174   
512 4608 0.009975244983536668 18751.496799149118 0.02746491736969383 2.7471166461241158e-02 0.027471175630989036 0.02747118660128217   
513 4617 0.008666234665008163 17398.67339408685 0.02746491736969383 2.7471166421786559e-02 0.027471168582561722 0.027471183130920267   
514 4626 0.008057373103191849 18173.512027866567 0.02746491736969383 2.7471166896315888e-02 0.027471175115785652 0.027471178462511462   
515 4635 0.007573032977974783 16937.016809254845 0.02746491736969383 2.7471166838782275e-02 0.027471178818547305 0.02747118445855052   
516 4644 0.00689224384081255 17430.802146924852 0.02746491736969383 2.7471166894035292e-02 0.02747116834431682 0.027471181896981008   
517 4653 0.006411467431167743 19030.913839902747 0.02746491736969383 2.7471166651659312e-02 0.02747116841318804 0.027471179054687732   
518 4662 0.006030985636051807 19140.556761923053 0.02746491736969383 2.7471168227191558e-02 0.027471176953071604 0.027471182268460466   
519 4671 0.00593363535404507 18511.811153179544 0.02746491736969383 2.7471165309903470e-02 0.027471168193212846 0.027471184396025222   
520 4680 0.006037424443365275 18968.253799251554 0.02746491736969383 2.7471167083131912e-02 0.027471175550327312 0.027471180322050412   
521 4689 0.006003905685811631 19288.027732925093 0.02746491736969383 2.7471165851396695e-02 0.027471168479017316 0.027471183199632786   
522 4698 0.006250810405298076 19744.804966963766 0.02746491736969383 2.7471165599493811e-02 0.02747117892764647 0.02747118441013325   
523 4707 0.006277221955785141 18173.814143314466 0.02746491736969383 2.7471165974513795e-02 0.02747116844307623 0.027471179221146724   
524 4716 0.007021520723953264 17875.794319765562 0.02746491736969383 2.7471176576390189e-02 0.027471177701427943 0.027471184378510892   
525 4725 0.006650282135950822 17549.424606152017 0.02746491736969383 2.7471166724614225e-02 0.0274711754737242 0.0274711997161954   
526 4734 0.007015936022640555 17386.809266443608 0.02746491736969383 2.7471167013000411e-02 0.027471174392621416 0.027471183374941567   
527 4743 0.006822017365514111 19298.543107017213 0.02746491736969383 2.7471165478422647e-02 0.02747117555583438 0.027471182995576007   
528 4752 0.0071820776678985345 22088.15728104396 0.02746491736969383 2.7471165373037287e-02 0.027471176803004656 0.027471199797959842   
529 4761 0.007693718012752579 21731.760925463725 0.02746491736969383 2.7471165412580056e-02 0.027471179685933246 0.027471195617882076   
530 4770 0.007497658011563001 21067.411494884487 0.02746491736969383 2.7471168164060061e-02 0.02747117936847459 0.0274711848521136   
531 4779 0.007474985935570566 20907.72999285587 0.02746491736969383 2.7471164558531509e-02 0.027471168348027212 0.027471179089080724   
532 4788 0.008047428852478356 21058.27821107918 0.02746491736969383 2.7471165725352267e-02 0.027471175467722746 0.027471184356910032   
533 4797 0.008942337247476213 21211.64819023033 0.02746491736969383 2.7471175283481048e-02 0.027471176571960746 0.02747118265576572   
534 4806 0.009957993441718254 21131.253078319944 0.02746491736969383 2.7471166763916609e-02 0.027471175169286332 0.0274711977835387   
535 4815 0.011263486877193755 21114.55051195886 0.02746491736969383 2.7471165113746473e-02 0.027471168226128835 0.027471178795976596   
536 4824 0.01079417702770816 18946.58923438092 0.02746491736969383 2.7471164262653849e-02 0.02747118189129392 0.027471194840865326   
537 4833 0.009918184646777429 18974.41913900849 0.02746491736969383 2.7471175305818413e-02 0.027471178991269142 0.027471199742391844   
538 4842 0.009049186909413452 18072.85230103109 0.02746491736969383 2.7471167840737349e-02 0.027471175253749675 0.027471185183353588   
539 4851 0.008776024171095659 17235.265492490624 0.02746491736969383 2.7471166802365318e-02 0.027471168233264058 0.02747118278600735   
540 4860 0.007952048231881066 18842.315987095742 0.02746491736969383 2.7471166447324644e-02 0.027471177754696603 0.027471198978196026   
541 4869 0.007969809645001893 18505.777893756625 0.02746491736969383 2.7471166668990039e-02 0.02747117431934812 0.02747119596706761   
542 4878 0.008429143796708921 18930.81867954945 0.02746491736969383 2.7471166765285722e-02 0.0274711767130689 0.02747119737047144   
543 4887 0.008002420454483048 19253.33297048518 0.02746491736969383 2.7471168236776866e-02 0.027471174359385248 0.027471175965687714   
544 4896 0.008151829050200414 19380.89216584361 0.02746491736969383 2.7471166617759949e-02 0.027471175011821686 0.02747118437022226   
545 4905 0.007968302296600414 21793.536125322866 0.02746491736969383 2.7471165568301537e-02 0.027471168236510746 0.02747118625253326   
546 4914 0.008146721423655811 22423.276793879173 0.02746491736969383 2.7471165368649832e-02 0.027471175122462516 0.027471200860623206   
547 4923 0.008931445320558635 24153.663100776805 0.02746491736969383 2.7471168199566610e-02 0.027471179144186373 0.027471196888617856   
548 4932 0.009113178904974702 26513.045262461375 0.02746491736969383 2.7471165356602965e-02 0.027471175028716675 0.02747118268742623   
549 4941 0.010783798705643942 27464.389410968928 0.02746491736969383 2.7471165755882369e-02 0.02747117517677285 0.027471182134242784   
550 4950 0.01565951711475614 28070.218598385993 0.02746491736969383 2.7471167775020823e-02 0.02747118064219805 0.027471184270475436   
