% # columns="iter, evals, sigma, 0, fitness, xbest" seed=517454, Thu Nov 30 11:17:20 2023, <python>{}</python>
1 9 1.98462803826012 0 0.2056212995991404 6.089523308229265 3.109279590008178 -3.794068965248613 -1.2450950176598625 -1.544547174055814 -0.4031974494706476
2 18 2.3057423078095556 0 0.11082462246162851 4.235867841784193 3.5368629891293444 -2.5738119609853345 2.0447932999066682 -0.2688714934714218 -2.531795070638843
3 27 2.3776490452098042 0 0.07260136433646704 4.453174677655386 2.996230904505483 -4.377034904392874 1.0658359440967462 -0.07873802687823805 -1.854168015596892
4 36 2.2406760984121052 0 0.0643049680707336 1.3339612266991683 -0.28821892536956906 -4.807673501988045 1.975575754204286 -0.1457064370126766 0.8816144979634921
5 45 2.3142215861698463 0 0.07033037493834102 6.679077398823557 3.918009034100124 -5.587010447926389 5.1860457226562495 0.19699023111656888 -1.6657854579018923
6 54 2.266440229974866 0 0.07556496612087137 10.270185342169635 2.805331745861918 -4.525059400642284 3.8626464869456543 0.2750230120025485 0.02879118480966736
7 63 2.245887508025437 0 0.198088208673059 7.980003965082959 1.3697514498334835 -3.8655567681816922 1.5769999497261464 -1.2120594500321258 -2.7994023980722416
8 72 2.079275778877917 0 0.07864091970981128 8.471566176332388 5.460739434126738 -5.661705483701053 0.9793557902456484 -0.24438608161377495 -0.6613711504626338
9 81 1.8192242130664618 0 0.12121428203988091 8.89071991582898 3.982676542653873 -8.360177973259189 3.712935509225199 -0.5300721543657729 -1.3158504851692086
10 90 1.8554813234108545 0 0.06602520200484219 11.392712384151967 2.048043710576499 -8.432391193419033 1.5339260718220151 0.12204673629122464 -1.782190367763257
11 99 1.8028985447841985 0 0.09196563099508348 12.795155634201729 4.149297665237578 -9.959841678622887 3.0097062115506534 0.3743082395462999 -2.7582646205680224
12 108 1.7208547373161402 0 0.067496663008966 12.985561630085162 1.952602283959938 -10.171996990687363 2.4137908386200673 0.12196901426937848 -2.17047075259847
13 117 1.6578593957566023 0 0.0765660739909709 13.14671416432169 2.1570977850629363 -9.639363090020074 3.7371376253414947 -0.10723342195891275 -3.079040512440213
14 126 1.4969348890164138 0 0.06772159137721191 11.814265780264048 2.049320976660352 -9.14680159854375 2.51059413255422 0.09060696291747135 -2.818236646539639
15 135 1.3473319074586465 0 0.06795634487005278 13.749432844601285 1.2044704790497573 -10.880376507605718 2.5918694881877773 0.08466738501164371 -3.943450496127048
16 144 1.2381454048909202 0 0.06781124888632828 12.438254891914985 1.2904737478066979 -9.432822317577463 1.462193322451559 0.14475812785900993 -3.0081287275132973
17 153 1.1284189112993164 0 0.06803488992945143 10.911267342334298 0.5276406359813239 -9.174555477471996 3.493365193773717 0.0778832084733551 -3.2289948093273195
18 162 1.0644202224644261 0 0.06835970147885974 13.604137789760387 0.8721628634327098 -11.092920279749155 5.307346119716812 0.06050990007716747 -5.026753127884626
19 171 0.9816419852489532 0 0.06812405634353282 13.889294724573992 0.22552342946328663 -11.039538746973724 3.7279326368448267 0.127131776318528 -4.1287827395543495
20 180 0.8469810128623526 0 0.06910063794094377 13.009733211401837 1.2645508647832637 -10.049152959849401 3.595020053833197 0.029817655531370002 -3.907491688807535
21 189 0.859873122806006 0 0.06800833478916211 14.866728742774985 1.8364411919369004 -11.529272695279714 5.356835654304304 0.08867096656065349 -4.264055354376204
22 198 0.8868451316832109 0 0.06807914095949674 15.756415103141899 1.3875263103808646 -11.959736282273209 4.8918781152171285 0.08007038384754905 -5.661207750189327
23 207 0.7552282443632399 0 0.06800330368755769 13.62147323238169 1.3249098271136615 -10.528436266362199 4.858160595430295 0.08982374289477503 -5.25916109051172
24 216 0.7804319585663985 0 0.06797523449206516 12.512900971987719 0.4029428100318462 -10.117269129009873 5.533123488623067 0.10294165450874106 -5.7104789218512675
25 225 0.9196013929865139 0 0.06813881053501239 12.856980201058231 0.7585318037602806 -12.379538359014898 7.679530713048121 0.07485072318431797 -6.657341403179305
26 234 0.9297105581911254 0 0.06797424425871773 13.992993190614392 0.4974738692168111 -11.374571049817149 5.5693675593554115 0.10180478681320831 -5.382047447950098
27 243 0.8016696998205961 0 0.06798001457143409 16.048081572372894 1.3271363056203855 -13.46603918417001 6.6716604535832 0.10557243543433295 -6.472701979083867
28 252 0.8072624523236812 0 0.0679829939156269 14.73046746622159 -0.12208696008944275 -11.85644029282358 4.947709558920395 0.10692650691699135 -6.490037448884588
29 261 0.7307183008272186 0 0.0688795599555766 14.524223689445758 0.48487512259006404 -11.419340689660425 5.489753337488019 0.1601141275543417 -4.967255280140872
30 270 0.6539965310427457 0 0.06806092425245905 15.579125681339299 0.5989917518076646 -12.527910521084744 6.3990981854772 0.11963014208895664 -5.966039400907199
31 279 0.7915318937899525 0 0.06797985379891389 16.578445277719126 -0.3596339757142055 -14.130160283663875 8.940202907416136 0.10545423216684208 -6.963795265405211
32 288 0.8220306851319219 0 0.06800263203275964 14.353074176290951 0.6931335907047067 -12.33430407211938 6.550361442599259 0.11172785241881135 -4.8124427912305485
33 297 0.7863252110400196 0 0.06797524905820733 16.61515117820216 0.5379397158887803 -14.425997799557223 7.5933913066123075 0.10012353207178096 -6.136005548999627
34 306 0.719264304336737 0 0.06798082492946589 13.297922192311232 0.6666207852547346 -12.02621086164641 7.163805930631475 0.09611895419514645 -5.3860862857205785
35 315 0.6730833962390907 0 0.06797561222129411 16.85366016530224 0.17678621083725168 -14.423740055803 8.665685633242525 0.10248252891827067 -6.522133745354722
36 324 0.7123500233593587 0 0.06797662780626847 12.993892462059987 -1.3905040671386892 -11.278904935319193 7.308522906777444 0.09848339692850024 -5.830984536611516
37 333 0.6940980282167698 0 0.06797654207953072 14.80866931946673 -0.5763723465408921 -12.298056716573411 8.539319740402547 0.09861029798381689 -6.423555437575802
38 342 0.6409367724833974 0 0.06797601940987337 14.961298739912902 -0.9714359724282917 -12.587725668988057 8.86197168793873 0.09910282302676542 -6.115427864301299
39 351 0.5551351210591199 0 0.06799396499177446 13.929636076860989 -0.17708921139763362 -11.653142651931402 7.49241586685655 0.10981793521940675 -5.690185853677528
40 360 0.43658366868589593 0 0.067978205368382 14.716241747470415 -0.5784825379033381 -12.657595127603514 8.662729005644438 0.10460551266518148 -6.533708804806561
41 369 0.40882285420412917 0 0.06797560075815152 14.98476121086005 -0.5128202947970609 -12.727964978646439 8.081311316001788 0.10254762949110782 -5.902243669043381
42 378 0.3624355057800832 0 0.06797895702108696 15.234261975747131 0.05781373872791934 -12.770309270113515 8.022905639009876 0.09704978535859152 -5.89635458848508
43 387 0.33647574098646577 0 0.06797512261785778 14.97645368561678 -0.03276388062168305 -12.839249057074092 8.57429203644946 0.10060390497785279 -5.784686537852502
44 396 0.3405603859559339 0 0.06797554435074428 14.596995646374744 0.271250000639049 -12.785774186493938 8.813714104706474 0.10243112244399444 -5.918339016267116
45 405 0.3889353722257493 0 0.06797589779644884 13.390954689369826 0.1320945246442904 -12.030124729428737 8.667980880920942 0.10289122081953891 -5.631839198960974
46 414 0.35152914538017543 0 0.06797509414111338 14.554978928075972 -0.07193381504917587 -12.408583795076677 8.6760393453978 0.10082097701481935 -5.928927348477062
47 423 0.3449688332750857 0 0.0679750802623275 13.759824379666782 -0.3417636696181273 -12.1487808803403 8.434004534194866 0.10132951592959358 -5.877064986956892
48 432 0.32325563635726384 0 0.06797520252455463 14.608005582701 -0.48915234945284675 -12.50890000331547 9.212341443791551 0.10173713435906488 -6.126754777551906
49 441 0.29655592747325044 0 0.06797523973621936 14.424242202454108 -0.31779713795538955 -12.400260445104738 8.855962989910521 0.10183771125638448 -5.953093954630302
50 450 0.28653625804164434 0 0.06797570017500043 14.84978518189718 -0.2559665734174199 -13.011465200240478 9.60714341700997 0.1026278512754621 -6.070880783028328
51 459 0.2985409323247775 0 0.06797512747575166 15.532593943010637 0.365552072273695 -13.392518987871757 9.015012719478436 0.10145916687554885 -5.824569607024249
52 468 0.27925155209036456 0 0.06797513584846417 15.591109484057156 0.14141936992462634 -13.330175997268986 8.773226849904804 0.10153421691864306 -6.103898430870775
53 477 0.24348396507787434 0 0.06797510367255898 14.585077875126665 -0.2864626088496396 -12.796134390907417 9.314141904196244 0.10084075452801516 -5.921002811261615
54 486 0.20443444291321328 0 0.06797509310332701 14.808477171817433 -0.28710942275282125 -12.773386255147278 9.3317117069485 0.1009189271138297 -6.02160047127531
55 495 0.2218354745560614 0 0.06797576342017446 14.79961360523714 0.27234896482161575 -12.774824206459668 9.040722634252019 0.09941261216384852 -5.76495745604203
56 504 0.20663642788765407 0 0.06797511663106102 14.388592608311184 -0.09770693132282171 -12.68961051180186 9.41647437482418 0.10075494395708501 -5.997208615941682
57 513 0.19778466638303777 0 0.06797513316698837 14.361217918527567 0.03373647614416627 -12.736881677351372 9.292487379566948 0.10145931721370637 -5.980121446705321
58 522 0.19911956611226683 0 0.06797509279429402 14.298626208385716 0.1783460531746151 -12.673798521211642 9.402711299742498 0.10098225175361311 -5.8222618369749695
59 531 0.1776407974429578 0 0.06797511219389857 14.178820616530095 0.11770119913707622 -12.62502195462334 9.20776139713322 0.10118873643702464 -5.660599972620602
60 540 0.17655498198705505 0 0.06797508255520694 14.802186525072747 0.29778174525661627 -13.05519355829195 9.27598796935496 0.10101202454008462 -5.725290866912017
61 549 0.15234494663494655 0 0.06797508547162921 14.47068651615506 0.04921709641854609 -12.674014958773913 9.10448729382114 0.10120831353070686 -5.755560971895405
62 558 0.15231239942093777 0 0.06797509313983988 14.116421030412246 0.21218735300437264 -12.488699561050637 9.354535144283929 0.10126473385374649 -5.521722370108698
63 567 0.14869672166573686 0 0.06797513662559869 14.105829362628999 0.08555569329392812 -12.56382659199972 9.55145332775387 0.10060428441857308 -5.602677466853593
64 576 0.1490665234589772 0 0.06797508192088449 14.490525185678687 0.2805898187427377 -12.884653349834121 9.599707313786496 0.10109102686898487 -5.610487672729586
65 585 0.14448467508742477 0 0.06797511328331626 14.470833392675072 0.21992239658796303 -12.779692151097171 9.41341834977682 0.10135226161503696 -5.610030521367131
66 594 0.13670581079201588 0 0.06797509318996779 14.715304028161258 0.33222678434654784 -13.045464869147269 9.592380623419315 0.100987623998166 -5.60576394150345
67 603 0.11465962758397043 0 0.06797508662110086 14.252495753547977 0.11842529956578893 -12.631784754646254 9.317500018386783 0.10093301635250586 -5.730769325070899
68 612 0.09836509682045062 0 0.06797509229904346 14.320483178470289 0.15894407016958081 -12.74823871929093 9.531371403811253 0.10111088210921827 -5.638136986247798
69 621 0.0909866778004413 0 0.06797508582832507 14.292419159317683 0.11408017163856203 -12.687405212195102 9.412610319662098 0.10110890353852937 -5.609571449314353
70 630 0.08998523374711367 0 0.0679750847095224 14.367998503971203 0.12761499649156188 -12.78040633155193 9.593638985408962 0.10108767088025589 -5.5846381517167
71 639 0.09193106981513247 0 0.06797509115346372 14.270522403562675 0.1290381316634407 -12.669008773338648 9.597009891370801 0.10103709144735554 -5.533897392525728
72 648 0.0838363003481518 0 0.0679750895220439 14.251716936874884 0.11901432743181539 -12.694710892370894 9.619515694052728 0.10109541931780824 -5.534248617289487
73 657 0.07671406959221111 0 0.06797509726079037 14.149712396933502 0.11038268756124912 -12.64693218802355 9.738889306036134 0.10121616091874613 -5.510803483735984
74 666 0.07247786541518572 0 0.06797508995977249 14.334683139415086 0.19910870643784903 -12.706246008656537 9.611949490150202 0.10119508623537524 -5.440917126841231
75 675 0.07569209628980561 0 0.06797508462818327 14.453285908940268 0.2179768133969135 -12.848193409601414 9.528509494768397 0.10114108409030197 -5.519081975555439
76 684 0.08040314870006963 0 0.06797507963423575 14.44897705633844 0.2738815230540276 -12.817962136809582 9.526760241424864 0.10110971686491413 -5.505761960321246
77 693 0.09155470335627777 0 0.06797508248330571 14.555839078121384 0.30800403575914115 -12.914329320418036 9.425584316276337 0.10093842468183582 -5.522217406774873
78 702 0.11791082025343151 0 0.06797507092687147 14.43947472336336 0.2624331396192287 -12.949708042175995 9.486110421749517 0.10117375435903178 -5.508976261114749
79 711 0.13310329639619284 0 0.06797508094801022 14.811131424196827 0.3795246035492077 -13.215376813355764 9.552249492854978 0.10099147389546075 -5.5627880926166755
80 720 0.12528594423809972 0 0.06797508493692045 14.550804033486335 0.5054295447549061 -12.992606035349137 9.427072273085887 0.10105132816768471 -5.364846008131736
81 729 0.12351976567398576 0 0.06797507990656906 14.681008525880308 0.6090586009004684 -13.067767661923277 9.22195438115479 0.10104001598063395 -5.3704844892962615
82 738 0.12095435849023901 0 0.06797507155243954 14.794317457198497 0.6680729504251053 -13.21568966782621 9.119524685448521 0.10091924169072566 -5.388640148575748
83 747 0.10582051458034539 0 0.06797507757764276 14.692723196560722 0.5093287653185873 -13.097903036177085 9.528433271204495 0.10104506006402096 -5.431221279332006
84 756 0.10027976398724216 0 0.06797508788018301 14.43253268502064 0.4963079731804198 -12.889471131613703 9.515622334990999 0.10097548890914822 -5.333723572939884
85 765 0.09076381719260372 0 0.06797507956532488 14.509686422995232 0.5053574826608606 -13.032863571965226 9.336607812394888 0.1011148296171024 -5.380232974787747
86 774 0.08322470477135507 0 0.0679750773494985 14.65397240246413 0.5492853509742824 -13.119881135039966 9.345708295246505 0.10103300544845005 -5.434128931459078
87 783 0.09225347231584383 0 0.06797506524574908 14.690057087290878 0.6486845105715983 -13.123591821963425 9.07209686486486 0.10108508739566761 -5.365897152020859
88 792 0.09987450550736274 0 0.06797507248513174 14.71250808623518 0.6913423147794944 -13.151940195108878 9.021824735114073 0.10103299500051999 -5.325103148892044
89 801 0.1067853482552697 0 0.06797505670799775 14.746137460732893 0.8746951000293254 -13.249620605721995 8.968069978980703 0.10100609988899974 -5.252022760774573
90 810 0.10830669126636681 0 0.06797506703786306 14.704021868231722 0.9388784204995205 -13.27958188305524 8.951702965083712 0.10106742122627137 -5.235472092503539
91 819 0.09494988947399535 0 0.06797506476664557 14.950091305460958 0.9207825304775884 -13.40243358118549 8.825983557318617 0.10089067003120923 -5.284972941368531
92 828 0.09578902399793648 0 0.06797505640750694 15.030812305221534 0.9663633581693949 -13.42524505131139 8.75563614790262 0.10105249929775786 -5.312055593209528
93 837 0.09563078725141462 0 0.0679750572149303 15.079588303881303 0.9900406717531606 -13.510043236702797 8.70224064748809 0.10092203606475532 -5.286865653876416
94 846 0.10018517444403473 0 0.06797504666392663 14.877762823991716 0.9686826176706073 -13.318750915122642 8.653451578937593 0.10106302695199705 -5.215322855214458
95 855 0.10539224904807648 0 0.06797503958052876 15.228799591771281 1.1313450169992578 -13.572375516622815 8.313193061917545 0.1008769053725164 -5.2472968990367495
96 864 0.11317172045119032 0 0.06797504215189833 14.991502597168248 1.1137343542505318 -13.392695302196444 8.54393720658339 0.10105471787089976 -5.155344167534747
97 873 0.11324255208403224 0 0.06797502905014376 15.550328934002444 1.2274453643909569 -13.821734354860926 8.031375872764716 0.10082440163024249 -5.330759378980095
98 882 0.14314509753175675 0 0.0679749559684875 15.68343746891058 1.4274647618878675 -13.92996776255641 7.616262546039157 0.10093869450460935 -5.222076058134823
99 891 0.17144755805394332 0 0.06797491261714714 15.856201667158778 1.5332628067535743 -14.040285535727614 7.217776623775237 0.10069301661993936 -5.242424598024575
100 900 0.22134984178659772 0 0.06797475609906188 15.699988415318202 1.6868189287760271 -13.944115369254614 6.851047880375604 0.1010173929725812 -5.187662727052088
101 909 0.27013985423442183 0 0.06797449356700619 16.37141869670633 1.9712933895652807 -14.528247853340762 6.119685103487031 0.1006312293605688 -5.240224532601287
102 918 0.3411688231684787 0 0.06797363892049704 16.708149356898616 2.3003383587328377 -14.587100585632639 5.356743924917216 0.10067707232393328 -5.205386044277191
103 927 0.4105412816995662 0 0.06797230997474615 16.690557539319798 2.385960873340818 -14.57202918168193 4.888068716577049 0.10055059712472177 -5.030890911616559
104 936 0.516421017834629 0 0.06795494478996864 17.12358748511956 3.1798553863608734 -15.026047044251966 3.0909256188841883 0.10083090462715084 -4.873659370453514
105 945 0.675745375320485 0 0.06789878281664885 17.380153257895465 3.689671715339575 -15.447424553882778 2.2945221337805446 0.10123753711543132 -4.338214773197852
106 954 0.892018164994853 0 0.06711235469212205 19.33292204262526 5.14270516777692 -17.139083243146718 -0.24163579480845643 0.10060772193398068 -4.405614945293739
107 963 1.1236295958785114 0 0.06157664008570808 20.172558328019335 6.32123521744376 -17.182145004964102 -2.699013303129872 0.09963399715605832 -4.444209804510689
108 972 1.412362173699701 0 0.06043143167861627 21.230046593974894 6.552767629525716 -18.473437433370435 -5.376171888038797 0.09979781774042314 -5.182619284791569
109 981 1.531808328226426 0 0.052659236360626915 17.832468424736472 5.709426149157179 -15.391609541006137 -3.732046780010917 0.10097648433725932 -4.0354718795927536
110 990 1.4113126770067568 0 0.050741669530527944 19.158885449841183 6.532630735127402 -16.629358969354783 -3.272013516974275 0.10118826898463719 -3.6923459388347792
111 999 1.6124984990240185 0 0.03393430087847198 19.80013401808779 8.017059946804888 -16.668490353689844 -8.892078574838589 0.10009859868451139 -3.480140177259065
112 1008 1.6052724085208911 0 0.033933688513508864 20.16848232602532 6.849778614410252 -16.553966545350555 -5.8476247233710765 0.09814278500995736 -3.407718395463646
113 1017 1.8516372980359233 0 0.029528736058616493 20.99832837940702 9.035022127165192 -17.243147875835803 -13.892882171425235 0.09847661605127109 -2.7708131562650054
114 1026 1.955667608126535 0 0.02748159198347523 21.11002382341513 7.501411605345875 -17.57419214336626 -11.061003682538033 0.09840170657687629 -2.985868009911947
115 1035 1.8943389201886625 0 0.02796755606223999 24.7218009017502 10.398496072531907 -19.321726492372196 -17.706760013897757 0.0982346559275018 -3.0909070194542574
116 1044 1.9549224243673238 0 0.027496345068806494 26.524470112132754 11.283257304795725 -21.184251169888288 -17.743754729163832 0.09890837741739286 -2.9504583640793722
117 1053 1.9883133372542134 0 0.02819502787408511 23.195862845925834 9.02024906239484 -18.490878950516976 -15.69479020742563 0.09945330903253756 -3.1173760718866403
118 1062 1.8755698013326865 0 0.028181947047655274 27.14897254848306 11.68450653653083 -21.865481402502212 -24.495620315871275 0.09658241644687156 -3.115381430176841
119 1071 1.6211603774728383 0 0.027726288057555153 27.000142402621577 11.489861121325823 -22.101103233714447 -21.728117297849906 0.09725146168346463 -2.8982572894609326
120 1080 1.5135664641772293 0 0.028348324011691642 25.24438538300197 10.747973585580395 -20.68996180408462 -21.674272187385718 0.09760993328945997 -2.837237508442674
121 1089 1.4351513898883361 0 0.029682551360531058 27.10301805798381 9.758991724150972 -21.653217677813 -19.70200219311796 0.09802526050932768 -3.2398956762538957
122 1098 1.3924219577747208 0 0.027475636251174333 23.90203940615768 9.715043207272103 -20.120652474979064 -19.28638992150165 0.09800270871953456 -2.981228631881016
123 1107 1.349212556965977 0 0.027564873472793246 24.11116115005949 9.213127272193418 -20.1658302272492 -19.376408811750697 0.09914269990282461 -2.9272533749681386
124 1116 1.248375859083123 0 0.027542287217408278 23.023394553070027 9.583559920653775 -19.42895924055306 -18.370849058193603 0.09833770686978677 -3.0163619772421426
125 1125 1.3477600260566944 0 0.027481381935597016 21.765289483068006 7.866698253629554 -18.017549075154758 -16.078068253435283 0.10024533688622222 -2.955807024194416
126 1134 1.3772551627862415 0 0.027671196804739118 21.9852891474956 9.19123283288447 -18.362095733888825 -19.081482926969816 0.10036483480888976 -2.906420016853933
127 1143 1.261507644323652 0 0.027481059633787653 23.78907723605536 8.836504211901856 -18.88911546156431 -17.88641908571401 0.09870230653636519 -2.9884335447097325
128 1152 1.1846607136936715 0 0.02750905214112315 23.119432129171923 8.787054543324379 -19.478807960318782 -18.340932053574893 0.09943197607355313 -2.9441275440650037
129 1161 1.056847986324076 0 0.02747227049650733 19.509271773215925 6.655998518569741 -16.330361779217196 -14.053671730445831 0.10098602754123447 -2.973349470215104
130 1170 0.9528167844589128 0 0.027489729409389457 20.094452717326398 6.522736998009297 -16.767216212819008 -13.048760800280844 0.10038797066313247 -2.994193138311554
131 1179 0.8596750499043547 0 0.027471837509654477 19.935212988846022 7.412509341088551 -16.778098777627022 -15.032671442805002 0.10034318428353449 -2.9776370102949685
132 1188 0.7120357601881069 0 0.027478260693427774 21.81843118582883 7.812274261392273 -17.974076992008875 -16.098790294691362 0.09994922911303004 -2.961663588172408
133 1197 0.7091802777778714 0 0.027478875657139606 20.3278458745361 6.515029018734811 -17.61000217825272 -12.535736129316238 0.10045268943094365 -2.9866992478589656
134 1206 0.7057019682055327 0 0.02747443473793436 23.001579324327043 7.9306800343705985 -19.186017596246344 -15.339759082056398 0.10012625870836409 -2.97049459175974
135 1215 0.7227979871853689 0 0.0274771896482109 23.25592640186793 7.5385063287072684 -19.718505375968558 -13.101598175478857 0.1004297646334913 -2.9631195124174816
136 1224 0.7158718096599161 0 0.027480415226554603 22.405886449730165 7.326781892113143 -18.51217211568024 -12.770903150110536 0.09979367912915715 -2.9880607715890317
137 1233 0.7263701262244151 0 0.027471750386843675 23.32099825205855 8.325201602844569 -19.364234260553715 -14.371512756031432 0.09985863063277826 -2.9736278553796174
138 1242 0.70393751583451 0 0.02747892416903119 20.349526888624137 6.432140820897056 -17.15665609256944 -10.671320194123107 0.10023077822830749 -2.9613073668256167
139 1251 0.5997819990724972 0 0.027473991427700035 22.42903802398338 7.313448711069309 -18.554727626565352 -13.550808937108286 0.0995090227616108 -2.9799126177540223
140 1260 0.5884598192047247 0 0.027478998944218132 23.546733977360002 8.129092981958065 -19.282313061828486 -15.767050375650419 0.09934052223858447 -2.963298932495031
141 1269 0.5282758025967518 0 0.027473384937051985 22.125271740110463 7.081619490643597 -18.331970965562736 -12.682064159750345 0.09976767016210873 -2.9704203442812758
142 1278 0.5275133318263805 0 0.027472178553797803 21.868174147821396 6.918106621438608 -18.426435769213022 -13.164937033386643 0.09981415163008181 -2.980540748888031
143 1287 0.5073386813208666 0 0.027474344823501504 21.805768621517792 7.009202942047578 -18.167721070777553 -13.694505521372482 0.09963506906772186 -2.975869001140857
144 1296 0.497595904052183 0 0.027472570834576583 22.394596126591345 6.964861691698405 -18.778622942907315 -13.611486443750495 0.1000227161336682 -2.971826097833784
145 1305 0.4956289388973192 0 0.027473577053475112 20.689630369143206 5.899517968936108 -17.679755552182147 -10.95530645411276 0.10051531159504706 -2.9772104620432933
146 1314 0.5092054862299665 0 0.02747496493778142 20.871889277762826 6.158677955670584 -17.597402760629798 -11.295242598240414 0.10070283890747002 -2.965598463384796
147 1323 0.45857967270970895 0 0.02747332065497243 21.057231395300025 6.057224841659367 -17.883602697127994 -11.062517749329405 0.10085751953876027 -2.970340560767675
148 1332 0.48366434376794204 0 0.02747344798271592 23.267437799846224 7.652726317133922 -19.11546338792737 -14.534735565578101 0.0998696011897852 -2.969378025080719
149 1341 0.5410563601166989 0 0.027468290968464846 23.819010175136768 8.065029035129987 -19.809239440731453 -16.188322824216897 0.10032266098925778 -2.9710880796222785
150 1350 0.6403231545229512 0 0.02747165716604088 20.824736779900086 6.816184656910095 -17.355572712865957 -12.93396501967047 0.10101859889825676 -2.9749597799264555
151 1359 0.637752010213344 0 0.027471915921032625 22.97486915252137 7.415610773267308 -19.48225337477493 -14.862853056133634 0.10048991686386517 -2.973499487045104
152 1368 0.6316822751641301 0 0.0274726320993379 22.606119232411086 7.339548670984922 -18.629770930936814 -14.52556479727639 0.10083465253713553 -2.9703465373545295
153 1377 0.6564680664876581 0 0.02747205404674637 23.36449969921605 7.192672928063231 -19.516762606094186 -14.873776844354062 0.10088445156331369 -2.9700307357507145
154 1386 0.5829301575751766 0 0.027472424920258025 22.54758583941844 7.459986284214562 -18.558919838535175 -14.102796662986343 0.10080605260943422 -2.9723163252417604
155 1395 0.5247248273679462 0 0.02746824836261028 21.994545978222558 6.896750970918185 -18.60633534063031 -12.883787826876652 0.10080931336487345 -2.9774688286440774
156 1404 0.5146425957638672 0 0.027471573977163773 24.51220171540687 8.302798754212871 -20.048614392326815 -17.008196468948498 0.10025279231808905 -2.969501396833003
157 1413 0.45685172503306315 0 0.027473778842247304 23.415039232355745 7.624286434171808 -19.319266082323967 -14.81352252312172 0.10059287689499029 -2.9696500896280504
158 1422 0.44513904771446955 0 0.027471634952637977 25.456652039577502 8.882984175002822 -21.006947904421466 -18.412994735650063 0.10010155941057261 -2.9743452716087297
159 1431 0.4862902395516704 0 0.02747217995392685 24.856620906021565 8.707259097357726 -20.78375259099965 -17.18663482923756 0.10032405274437849 -2.977411472795099
160 1440 0.4555517653188811 0 0.027471790720287513 24.744113239729476 8.478801929726643 -20.396539028772757 -16.897280177075675 0.09969969007623963 -2.9756740520253286
161 1449 0.45395808776152136 0 0.027470278565340706 26.8364029424895 9.142900247313214 -21.799414000827774 -19.140434542795266 0.0994819675170251 -2.974175716018059
162 1458 0.41569246654237274 0 0.02747111613221002 24.449952852607765 8.33404701214872 -20.01303176561922 -16.489037125606842 0.09992916112001211 -2.9716270199850063
163 1467 0.3815941360622599 0 0.027471845816955633 25.195316001199817 8.730061366481062 -20.567108716976247 -18.023694788037915 0.0998055422882991 -2.9728706172050736
164 1476 0.3671985340539984 0 0.027471648223171653 24.905419062935376 8.613035911143403 -20.175101159257096 -17.541443653933467 0.1001256218801546 -2.972255157559582
165 1485 0.3244092536944942 0 0.027471713954357442 24.74097444614628 8.62696151985343 -20.07011655415555 -17.403672415396965 0.09978195304597025 -2.9727860529268457
166 1494 0.2835229900569334 0 0.02746491736969383 25.050649656088595 8.785836196089354 -20.38481982928929 -17.934492393011656 0.09989159569588098 -2.9754936713705247
167 1503 0.23732539667639263 0 0.027471481260370117 24.42104564544414 8.54016425905516 -20.054420668131073 -17.02544244332847 0.10011135168409256 -2.9725533081406783
168 1512 0.21328246263281117 0 0.027470894656903777 24.393337625356345 8.371040738598458 -20.080925314519085 -16.712247006020228 0.09998890240125448 -2.9749677936908103
169 1521 0.19339816898874268 0 0.027471519535515906 24.610915848461836 8.56317855149805 -20.18245301366224 -17.05748294229748 0.09989986339549474 -2.9741727169420233
170 1530 0.16993500319339988 0 0.027471564746679757 24.58083447102246 8.560536463277531 -20.126427877413903 -17.277710370361266 0.09989882336601959 -2.974854923241084
171 1539 0.18358680200800814 0 0.027471515474352417 24.75061806714428 8.523286811849184 -20.345864252434776 -17.02814891567282 0.09991090440316314 -2.9744995339984936
172 1548 0.1804376286746823 0 0.027470979726361627 24.387249084126363 8.347586944434594 -20.07777832157654 -16.42301839075199 0.09997838582021648 -2.9750568131163178
173 1557 0.15666597245182015 0 0.027470927419884723 24.374085199824435 8.362409966331043 -20.02551491869786 -16.571689330998375 0.09999158344261172 -2.973083327924276
174 1566 0.136707232649024 0 0.02747088183899554 24.404502589852793 8.370414789847509 -19.983132094335847 -16.79664010850236 0.10006945561227881 -2.9725656882770255
175 1575 0.1301325499377694 0 0.027471458190650784 24.613720007171473 8.566721339698072 -20.248254816445776 -16.946633327624795 0.10000200988701752 -2.97387611630185
176 1584 0.12664724676553654 0 0.027470934727893345 24.35247894468485 8.334656870612925 -19.965967675707756 -16.77883943535513 0.1001324164995585 -2.974939753831533
177 1593 0.11380555944983058 0 0.02747145813971545 24.64697302011624 8.51945278177451 -20.1803454525956 -17.018143488707118 0.10001930619930505 -2.9739529448925777
178 1602 0.12156098743564282 0 0.02747146108645353 24.705046237682026 8.543457194390415 -20.13543999617818 -17.140801649414392 0.10003933470488878 -2.9729562755071908
179 1611 0.12987627306794178 0 0.027471611507862783 24.744535553517334 8.658174784420494 -20.20336987563791 -17.38535084690762 0.10004568830241789 -2.9727748660379105
180 1620 0.12808732925792077 0 0.02747142914639279 24.748888669401328 8.55506705204041 -20.265558493777643 -17.20195644753005 0.1001146096226341 -2.9736386023970764
181 1629 0.13211191658921476 0 0.027470847238335257 24.42799899670096 8.326736881590403 -20.050066214338898 -16.66884384976465 0.100145671572052 -2.97416928717679
182 1638 0.1259680170765447 0 0.027471416713234408 24.69549917941079 8.567264396869941 -20.1999769284344 -17.433132243297177 0.10014625410427935 -2.974523226352014
183 1647 0.11966553002672534 0 0.027471406874125005 24.673224280485684 8.57697675164742 -20.17962980037332 -17.477283208878877 0.10014432247141702 -2.973718380021938
184 1656 0.12438087858062971 0 0.02747137341627554 24.593239157595704 8.584005678795142 -20.111384232966078 -17.480265224296026 0.10014652842868005 -2.9740317930494293
185 1665 0.11673821502193771 0 0.027471418386363033 24.646732933187987 8.579038093313054 -20.1440940025533 -17.326695963311593 0.10013426460196716 -2.9745097454066975
186 1674 0.09545621396735128 0 0.02747137715449577 24.681819057427692 8.555204273013487 -20.17694985729095 -17.50256146539379 0.10020755150737544 -2.9746639372785433
187 1683 0.08879791692493996 0 0.027471408064798912 24.583059430926106 8.535191738772006 -20.130679742165782 -17.18728316164605 0.10014345284532329 -2.973655268856168
188 1692 0.09714588172889893 0 0.02747133720544847 24.677096446791843 8.561004492293792 -20.19065912865844 -17.35612881694918 0.10025192336818443 -2.974107562634941
189 1701 0.10719205646730244 0 0.02747133181424428 24.658044649150092 8.565748188267037 -20.169420748093067 -17.326955212820632 0.10024710707567551 -2.97359168455051
190 1710 0.11177079189956748 0 0.027471348607750388 24.663079429854818 8.580309605941634 -20.167006833015368 -17.44799951432847 0.10027676507781123 -2.973976551138864
191 1719 0.10436331807569926 0 0.02747133459631125 24.680185983288027 8.559703442477925 -20.21054547549689 -17.34451390361251 0.10027902629634043 -2.9743882559421997
192 1728 0.09251009609909672 0 0.027471353308106048 24.694307033049846 8.573565894411326 -20.212288992514427 -17.397007418700664 0.10030408679223511 -2.974431620201132
193 1737 0.09822098544141225 0 0.02747127195427157 24.65792522006274 8.548518623665814 -20.213904462101446 -17.346161436280283 0.10042464761871243 -2.9741400904306525
194 1746 0.12439861901775101 0 0.027471250909282697 24.721404282480528 8.545095908053662 -20.267662600447117 -17.467693809922377 0.1005352664457075 -2.974222280483388
195 1755 0.13840240679614887 0 0.027471240702830666 24.598784316856086 8.58904239692056 -20.200370615896407 -17.50724559619761 0.10054794216357832 -2.9740009533224927
196 1764 0.15385085610557675 0 0.027471241965861048 24.57143590341688 8.545839334956463 -20.202189502151843 -17.641022326504256 0.1006271978333829 -2.9738570761534486
197 1773 0.1457715866955269 0 0.02747123928626197 24.601993487049878 8.553026143122661 -20.23273192401161 -17.621527367025006 0.10065328415315072 -2.974164185635375
198 1782 0.14279900011764757 0 0.027471224240171076 24.644602747486488 8.565940413236067 -20.271532118575752 -17.701464419350813 0.10063642652589577 -2.97390532614275
199 1791 0.1356467030075147 0 0.027471246289487224 24.604642793431214 8.58467224473541 -20.21386985874271 -17.596296062636196 0.10064716766646452 -2.9732648411341236
200 1800 0.133939766708802 0 0.02747129064362731 24.640958628664745 8.566759290600105 -20.295474482909835 -17.366303032447785 0.1005889927693836 -2.9727975658564447
201 1809 0.1438700286222962 0 0.027471220900465797 24.672068444050314 8.569776481844958 -20.273897385018945 -17.5001201007127 0.10074940944100494 -2.9741703935265567
202 1818 0.14407690733777961 0 0.02747121880400117 24.59566420045964 8.561621867287405 -20.217379052956492 -17.515892418343487 0.10074781433847972 -2.973795614783731
203 1827 0.17568080643172151 0 0.02747120086902392 24.67657369019688 8.53967763656842 -20.37312350202952 -17.307764593287867 0.10088475070078451 -2.973276982196467
204 1836 0.17423650140223207 0 0.02747119334689267 24.658941214043796 8.5499329118998 -20.387865037142443 -17.373243466342135 0.10083664169030693 -2.974381012753994
205 1845 0.15594430588736474 0 0.02747121323656915 24.662591694399165 8.586390838640488 -20.352502784733694 -17.63157075447511 0.10096547412770586 -2.9739558520385767
206 1854 0.1472879386809796 0 0.02747121604543197 24.782524227884462 8.542155711870521 -20.430437528167158 -17.41935226274163 0.10085859088972476 -2.9742734250921736
207 1863 0.12768944657967723 0 0.02747118466016291 24.63863057613193 8.553146949000551 -20.30959705317042 -17.53508179873484 0.10088323858508165 -2.974088013600726
208 1872 0.1118602081294547 0 0.027471192540058833 24.670908214178198 8.559276362048433 -20.32668539971691 -17.517534478644897 0.10082658841950623 -2.9740003672580406
209 1881 0.10806772487513107 0 0.0274711823795973 24.658251555147647 8.571714072564536 -20.360078536811166 -17.43922051743587 0.1008734860684482 -2.9743586920511995
210 1890 0.09817754366174845 0 0.027471176811138448 24.62828290153341 8.559148899559657 -20.306587370074936 -17.592780142232844 0.10095670362656245 -2.974120243143453
211 1899 0.08609817955316845 0 0.027471181374720814 24.645139775374613 8.548921961902728 -20.303499306410874 -17.542198719924667 0.10093663847307388 -2.973980933448431
212 1908 0.0725832964093578 0 0.027471182128133244 24.646188738920344 8.551586206214791 -20.35309088092709 -17.479272923514124 0.10092744353261936 -2.9738497042753282
213 1917 0.06257534921366792 0 0.02747118190070511 24.648820682401983 8.555854278807326 -20.340882652180177 -17.46783586022535 0.1008625617584985 -2.973787798849679
214 1926 0.0593218659207766 0 0.027471172789525114 24.653789161834542 8.568470685140701 -20.31990599807813 -17.566020253370407 0.10090170549297098 -2.974091717472769
215 1935 0.056592580259846835 0 0.02747117414237152 24.636216717774737 8.579822464652917 -20.32759633261198 -17.584652694634176 0.10089326356191503 -2.9741719732359475
216 1944 0.05110947502870817 0 0.027471170136146802 24.652051646687436 8.569884178459578 -20.33883846433035 -17.590737980129326 0.10095496843874727 -2.974104083297296
217 1953 0.051986757799567025 0 0.027471171607299553 24.63822732414139 8.571910892641025 -20.358283101007093 -17.59988463148844 0.10095592589728715 -2.973745403483106
218 1962 0.0532891037244989 0 0.027471168249558784 24.66874868128439 8.565928502747928 -20.3749873941921 -17.605636140136866 0.10096433439059994 -2.9739906708100725
219 1971 0.05453918555557716 0 0.027471170070756248 24.634589481816064 8.573313592511985 -20.370201650101286 -17.65350944509327 0.10099792722225578 -2.9737563803015172
220 1980 0.051198910570006015 0 0.027471171142090342 24.66234498890417 8.555131957922102 -20.385645574451356 -17.574367495694865 0.10101649443582864 -2.974021906709672
221 1989 0.04889599650739188 0 0.027471169057611208 24.673922847732815 8.563738531664539 -20.366130333195017 -17.614264177587327 0.10095106091940839 -2.9740398851788377
222 1998 0.04474771908815974 0 0.02747117430831401 24.656212697564573 8.55520403463121 -20.365282124346937 -17.553620986860388 0.1009594653725823 -2.973917852684368
223 2007 0.04521309962448801 0 0.027471168403743636 24.66491418242549 8.559640011522443 -20.383185695635667 -17.638112475502428 0.1009820861622681 -2.97389262726955
224 2016 0.04156136329692866 0 0.027471168730328316 24.67298089914027 8.564989237778153 -20.38689513780694 -17.6422244595221 0.10099016163660292 -2.9740423184774754
225 2025 0.036512789303592114 0 0.027471170103043875 24.67914804859183 8.558457927110632 -20.382432006554303 -17.627343115713003 0.10096491109307014 -2.973946336095015
226 2034 0.041231406023261606 0 0.02747116608374601 24.68464969171264 8.562634046262476 -20.395372707610903 -17.64597224897171 0.10097254325332647 -2.9738255069695203
227 2043 0.03582062308620868 0 0.027471177659496967 24.678563064397423 8.562583809317523 -20.385890875679316 -17.618537132668713 0.10097237788481592 -2.974021713910255
228 2052 0.033289826702707845 0 0.02747116920683246 24.66434415092196 8.566740703445213 -20.388642142945695 -17.66458793582289 0.1009801764437284 -2.973851062182123
229 2061 0.02960329159944279 0 0.027471169504209695 24.683846976740842 8.557420564258216 -20.406664830931355 -17.613364513477936 0.10098095470276652 -2.9739330339338554
230 2070 0.025415457160124767 0 0.027471165970781895 24.67077223101261 8.561601262058979 -20.38713823956805 -17.634029890013796 0.10098310047693794 -2.973977302635368
231 2079 0.02627841559936661 0 0.02747116595782437 24.684058709011566 8.562733636737079 -20.405946831167856 -17.68416999773971 0.10097529184485923 -2.9738441015389854
232 2088 0.027041247479480748 0 0.02747116636098043 24.676164354095576 8.562335655455417 -20.40874755833772 -17.67338921346766 0.1009911412053921 -2.9738121106671
233 2097 0.02709780481689972 0 0.027471166180136466 24.684145717161364 8.559947524358035 -20.40295408414459 -17.697937328682308 0.10098417886582013 -2.9738588611126944
234 2106 0.028554793592262633 0 0.027471167768869837 24.67084194236577 8.56398470499664 -20.393312924079243 -17.6692728317725 0.10097921957614255 -2.973964790698858
235 2115 0.027136777447177313 0 0.027471168230818323 24.679991696511358 8.560163289319053 -20.39755368279805 -17.65731271952605 0.100952212905055 -2.973856938751364
236 2124 0.024125148907269123 0 0.027471166654046756 24.672547636945083 8.56616044954703 -20.392466066431215 -17.694306808314867 0.10098008715696766 -2.973903548869493
237 2133 0.021645400382290753 0 0.02747116744725213 24.678504697793535 8.564094492505943 -20.391841516960955 -17.672882252086264 0.10097382094901958 -2.973970087024645
238 2142 0.02135643227807554 0 0.027471166714481073 24.674176912426265 8.566334187351838 -20.386911948132575 -17.69585156595651 0.1009714460438521 -2.9739587888664927
239 2151 0.01815270240820389 0 0.02747116700905761 24.67383216995981 8.56562230616991 -20.393124040561595 -17.690899321642586 0.10097578872041003 -2.9738888038219224
240 2160 0.015229728815837 0 0.02747116665955895 24.67597487535701 8.564028039707967 -20.392435382489033 -17.7010743196439 0.1009817418166886 -2.973911583909589
241 2169 0.013579246789628761 0 0.02747116746289944 24.670009549485155 8.565179361308072 -20.38787000282499 -17.698944762562988 0.10097605309523955 -2.9739164439641312
242 2178 0.013863343550783216 0 0.027471167232228873 24.663393084435413 8.567341251934163 -20.379587189381912 -17.713355727682977 0.10098683169576347 -2.9739736677479507
243 2187 0.014003891688909685 0 0.027471167577018684 24.664963595436323 8.566523656700156 -20.384746871875397 -17.68118610146216 0.10098268554574764 -2.9739503289718723
244 2196 0.013669058663454216 0 0.0274711682001725 24.67096020133862 8.562879990705767 -20.389429594160596 -17.677639746473094 0.10098239536843301 -2.9739479002753613
245 2205 0.012742512553469035 0 0.027471169062667295 24.665047067019206 8.565729277175524 -20.38446894162481 -17.701803341444712 0.10098509985707782 -2.973961591906686
246 2214 0.011712404085403026 0 0.027471166995060997 24.67187860643172 8.563469916213956 -20.39255858091893 -17.684775652816555 0.10098059740429766 -2.97391790686219
247 2223 0.010403589218172409 0 0.0274711675451392 24.6735082550139 8.56422947173615 -20.391446637532763 -17.689249439458447 0.10097353790570643 -2.9739241328196138
248 2232 0.009815886952155569 0 0.0274711692938125 24.666667902532385 8.564458920767004 -20.388218481082482 -17.684831055362352 0.10098363295477557 -2.97394669558435
249 2241 0.009322365527096957 0 0.02747116718945249 24.672895903449565 8.564450772501148 -20.3909269319232 -17.68557218250308 0.10098464024057976 -2.973957279467113
250 2250 0.008532031762386753 0 0.027471167415367037 24.669081613025796 8.565642316198774 -20.388798694661194 -17.694279582034124 0.1009819195370832 -2.9739399916640283
251 2259 0.0084408692830366 0 0.027471167075966398 24.672328992305054 8.564380858312525 -20.3932027604265 -17.694008944274223 0.10098615553340386 -2.973929768954062
252 2268 0.008066754170333089 0 0.027471167520428715 24.670814017447956 8.564779293402523 -20.390811136615486 -17.706307296203477 0.10098560019017258 -2.97392768117339
253 2277 0.008301947699925094 0 0.027471165962798184 24.670510089772264 8.564818711041688 -20.387094328632823 -17.704538517928476 0.10098794399170069 -2.973962903533763
254 2286 0.007857789432933969 0 0.027471167151789547 24.668564789957887 8.5653135785574 -20.386660990222296 -17.71312824992784 0.10099180248682199 -2.9739595755785704
255 2295 0.007366339372487572 0 0.02747116865756056 24.668636939174945 8.565614418898003 -20.386473294672317 -17.695247390296515 0.10098843316690324 -2.9739840612266004
256 2304 0.006844895020029099 0 0.027471165700118597 24.6698075031437 8.565863501856338 -20.38723004818658 -17.702957217185784 0.10098445109657049 -2.973954269269944
257 2313 0.0068492867628650285 0 0.02747116691531051 24.67003122567377 8.565664687773607 -20.387943733627203 -17.713839896912873 0.1009884490332747 -2.9739548567564515
258 2322 0.006096623648806344 0 0.027471168349009818 24.670217725364147 8.56571638998826 -20.387307338515438 -17.70546163201372 0.10098796242208553 -2.9739733181415553
259 2331 0.005570626227453103 0 0.027471166869568544 24.67008900176778 8.566236444999708 -20.387726010956094 -17.709533006953194 0.10098763494886652 -2.973956401357371
260 2340 0.0046346202719785776 0 0.02747116446226483 24.66896524993415 8.566036697399584 -20.386201776391225 -17.71012741835767 0.10098773629117981 -2.9739557198793225
261 2349 0.004600055078477499 0 0.027471165849046013 24.668185753916998 8.565999376033849 -20.386376712927365 -17.713526671427612 0.10098937068291756 -2.97394986423367
262 2358 0.004512945211670142 0 0.027471166960888523 24.66900056697259 8.565859545972048 -20.387837392861034 -17.709361705553206 0.10098886537491468 -2.973956281778714
263 2367 0.00420238181924424 0 0.02747116453275522 24.668793282341007 8.5660422325436 -20.387478639065506 -17.714115925531065 0.1009908897309338 -2.973961577053085
264 2376 0.003951475949410549 0 0.027471166233564957 24.66841542659909 8.565572740664507 -20.387582961275406 -17.703819550351234 0.10098888149249134 -2.973959257985888
265 2385 0.004024828257031823 0 0.027471165789875403 24.668870264669245 8.5652997868541 -20.388334311829155 -17.70600101154218 0.10098973915689667 -2.973960687300994
266 2394 0.004388023217746285 0 0.027471166941813084 24.669744976943026 8.565378837613226 -20.389573205814816 -17.709247613006845 0.10098983843954304 -2.9739503958825773
267 2403 0.004706661331033246 0 0.027471167367516786 24.667350067001056 8.565806035069475 -20.387086319380792 -17.7134268340038 0.10099304447568604 -2.973959525915162
268 2412 0.004961743160893153 0 0.02747116581678803 24.66759882897262 8.566187854509222 -20.38687467913839 -17.71280794905442 0.10099112082570928 -2.973965141055612
269 2421 0.005445981514054711 0 0.027471166983445445 24.665790344040072 8.566424735497788 -20.384576035578057 -17.718603955331936 0.10099571696247144 -2.9739733119975713
270 2430 0.005397006396026602 0 0.02747116705251726 24.666198011516244 8.566412261852893 -20.3855149486922 -17.71581261343073 0.10099358656170855 -2.9739745712427457
271 2439 0.006208787648818158 0 0.027471166897974294 24.66742035633841 8.566222249572519 -20.385533410924523 -17.72553422089238 0.10099751722734308 -2.9739754324993535
272 2448 0.006933872943053959 0 0.027471165708989515 24.66487424905744 8.566928059003429 -20.381606809770215 -17.726422833800598 0.10099755240350512 -2.9739980516222553
273 2457 0.007267138873678004 0 0.02747116699231146 24.667453539375316 8.566226033102636 -20.38745437158924 -17.71851295972234 0.10099448774790903 -2.9739756162757454
274 2466 0.007602864068717452 0 0.027471166744019854 24.666122907334287 8.566443247891627 -20.38693975476402 -17.716615888889628 0.10099480144851622 -2.9739767054319386
275 2475 0.008145916773852827 0 0.027471166783999874 24.66486215664137 8.567064325823004 -20.38558123751686 -17.725123270909208 0.10099888628940794 -2.973991345446793
276 2484 0.0080418347390964 0 0.027471167163188006 24.663763101443486 8.566642701293455 -20.385013644923024 -17.72353888745738 0.1010029220602716 -2.973994247044323
277 2493 0.007560736116640693 0 0.027471167133262697 24.662948346094602 8.567287666841521 -20.38535159772978 -17.718427366925912 0.1009989478525306 -2.9739969901172283
278 2502 0.00790685545548829 0 0.027471168613320995 24.661419008961424 8.567884998409825 -20.381793798608296 -17.734328175563434 0.10100511230950483 -2.9740139126418
279 2511 0.007877181000711417 0 0.027471166741802822 24.661181208275973 8.56849128139778 -20.379781535273906 -17.742449410579912 0.10100786122141656 -2.9740196108557924
280 2520 0.007328931212264021 0 0.02747116594829645 24.663989675127116 8.566738740155312 -20.384227303913235 -17.72461202846516 0.10100305987084857 -2.973993497771753
281 2529 0.007744094838079499 0 0.02747116606462326 24.66165504344492 8.56740060080902 -20.382502527257014 -17.729776890155314 0.10100437997311651 -2.973997004658356
282 2538 0.009221343794242434 0 0.027471167289573915 24.66255131268596 8.566601891858094 -20.3848383082745 -17.709748586385377 0.10099750028288333 -2.973979571443067
283 2547 0.009954352825688436 0 0.027471166719030205 24.66060871592028 8.567035057263235 -20.381397941136196 -17.715687166000215 0.10100398678780913 -2.9740233847588295
284 2556 0.009832765057470265 0 0.027471167754520708 24.660162302477456 8.566765081487326 -20.38157188402994 -17.71080519933188 0.1010030383354129 -2.9740134453735467
285 2565 0.00972553431388914 0 0.02747116836287808 24.661651343242383 8.566847350126332 -20.38098758189085 -17.718087467336996 0.10100248135649743 -2.973996154877647
286 2574 0.009449844251182823 0 0.027471167560166602 24.661228915388136 8.566675324750406 -20.382233081879043 -17.70792717972731 0.1009996116294181 -2.973996709711882
287 2583 0.008973650217112095 0 0.027471167506603594 24.661849018030143 8.566928868445233 -20.380266259810124 -17.718665907368216 0.10100259650256001 -2.9739982508997493
288 2592 0.00866680672395276 0 0.027471167392388394 24.66159839509637 8.566574935897929 -20.380373184751846 -17.703993789219258 0.10099785197700238 -2.973996957558634
289 2601 0.007831796346539263 0 0.027471167926205027 24.66078217373862 8.566117614307492 -20.3798775231793 -17.701254437111032 0.10100115089502668 -2.974014979186827
290 2610 0.00798570269059596 0 0.027471165668202003 24.661973517919677 8.565792539489394 -20.38177147188222 -17.693746173237173 0.10099617442722467 -2.9739878820950505
291 2619 0.007183618946662385 0 0.027471167726361927 24.66081079673371 8.56656584069092 -20.38177889184339 -17.70146407853689 0.10100034347779735 -2.974013801068658
292 2628 0.007501426548610678 0 0.027471168116337402 24.662008305579615 8.564980267211896 -20.38354520266594 -17.684443472498586 0.10099807079071225 -2.974002340280507
293 2637 0.00692531102579376 0 0.027471166866685024 24.66120227004557 8.565464361313671 -20.383339677673558 -17.692847910174212 0.10100079548388506 -2.9740034682320684
294 2646 0.005922460744559483 0 0.02747116636785412 24.66168650782876 8.565173669962576 -20.38376993636794 -17.686095139106556 0.10099734389907915 -2.973992415066317
295 2655 0.005503131443499668 0 0.02747116645973408 24.66043511692204 8.565213511424831 -20.38253561083272 -17.683342182826784 0.10099943662147312 -2.974012616009503
296 2664 0.005484702421031888 0 0.02747116823749523 24.661424617302764 8.565319089299816 -20.38263181706533 -17.686145034397498 0.10099776831645409 -2.974004299508519
297 2673 0.006165814236393151 0 0.02747116664086974 24.660769293097886 8.565370703886742 -20.38202927216497 -17.684192225018418 0.10099738275860491 -2.97400526870083
298 2682 0.005473252620706033 0 0.02747116944722011 24.661863980894665 8.564950554420543 -20.383951432172932 -17.68102190443727 0.10099641476815399 -2.9739987571567785
299 2691 0.0057885412706047195 0 0.027471167743283748 24.661000150611784 8.565351929231008 -20.38390320336628 -17.687688617854175 0.1009994871339805 -2.9739968833363966
300 2700 0.006337463113443828 0 0.027471166982561666 24.66099022671322 8.564919138334247 -20.385064381310126 -17.68364807189531 0.10099866453943973 -2.973986860785805
301 2709 0.0062396199141103136 0 0.027471167672488184 24.66108817203875 8.565882627732101 -20.383965133611873 -17.694862498559722 0.10099963045620565 -2.9739948818164437
302 2718 0.0063294277961749796 0 0.0274711679686249 24.66058016760556 8.565811411735293 -20.383503664375812 -17.69353123753778 0.10100068739980987 -2.974002105089273
303 2727 0.005821765730673024 0 0.027471167833295975 24.662065438116283 8.565383211673801 -20.385999951175627 -17.68825991509908 0.1009986222170285 -2.9739907811336277
304 2736 0.00581111387737664 0 0.027471166641213133 24.661330752757454 8.565560201177092 -20.383118841519117 -17.68874888061096 0.10099854470654655 -2.9740100095516935
305 2745 0.005718385342193055 0 0.027471165686860644 24.661156308171698 8.56512031999578 -20.38420383770406 -17.685747726075192 0.10099826773418137 -2.9739932111176883
306 2754 0.0059766186117678295 0 0.027471166925873838 24.662506789761583 8.564762264676784 -20.385286363608255 -17.681568295037334 0.1009959353922539 -2.9739903001404917
307 2763 0.005977422207198847 0 0.027471166418557885 24.66119659571276 8.56533697510038 -20.38491148381956 -17.689762167901673 0.10099840695151556 -2.973989201438883
308 2772 0.006064583698497519 0 0.02747116767250443 24.66238647869069 8.56554390950667 -20.384891579700888 -17.693149738251133 0.10099664149326426 -2.97398447908857
309 2781 0.0062265655540342385 0 0.02747116596422323 24.66166693485203 8.565503278078403 -20.385194840522033 -17.688131149080967 0.10099621483117084 -2.9739836918602385
310 2790 0.005955358338531086 0 0.02747116584271481 24.66102390939567 8.565032766987446 -20.38359920281284 -17.681174095975518 0.10099542595994894 -2.9739881753370643
311 2799 0.005355768852815289 0 0.027471167713919335 24.66077999230883 8.565399255991858 -20.383246984225384 -17.688379386997678 0.10099828718612669 -2.9739943610802135
312 2808 0.0053085068474950205 0 0.027471167817277285 24.660259820223626 8.565680202089899 -20.38417590518676 -17.689742617605063 0.10099826793894175 -2.973990369656063
313 2817 0.005540503181922924 0 0.02747116807615394 24.659805715861207 8.565981986712083 -20.382569016181048 -17.694226190261418 0.10099981699426099 -2.973995821404209
314 2826 0.005935442627500869 0 0.02747116669661434 24.659707049847707 8.56588129176098 -20.38329743179579 -17.690937376237702 0.10099982355277702 -2.9739953426894363
315 2835 0.005059455549380339 0 0.027471168324426514 24.659988999572317 8.565573935558628 -20.384506949212746 -17.690070976444044 0.10099899029938901 -2.9739837043043496
316 2844 0.004459151615302495 0 0.02747116636875014 24.66052397255637 8.565196674112098 -20.385004244655438 -17.683775984557677 0.10099713981623269 -2.9739783672269824
317 2853 0.004690164406448829 0 0.02747116704636903 24.66130915433003 8.56554744379109 -20.38490789191141 -17.687111288571682 0.10099580171933052 -2.9739805773653263
318 2862 0.0043780781157409625 0 0.02747116628144733 24.660898240195532 8.565756120487555 -20.38497155704798 -17.690035742161076 0.10099708590929067 -2.973982013822187
319 2871 0.003672977071965613 0 0.027471167802140754 24.661115441709278 8.565542624298441 -20.384701335613173 -17.69018643846428 0.10099702128036434 -2.973981287900768
320 2880 0.0037255018521272945 0 0.027471167555554277 24.661401536835175 8.565344403464394 -20.38587158430178 -17.687592800270707 0.10099655776708952 -2.9739730598695737
321 2889 0.003542510075784406 0 0.027471176191735388 24.661151681364185 8.565368640168408 -20.385088339839484 -17.687530527127016 0.10099647905835216 -2.97397586527711
322 2898 0.0035317592461601094 0 0.02747116775941188 24.66161884731119 8.565514249702346 -20.385532366941014 -17.68991419420772 0.10099605372280665 -2.973973908838115
323 2907 0.00379518775724161 0 0.02747116671199924 24.661364863805957 8.5655301876079 -20.385139102264052 -17.69168335590409 0.10099814198527447 -2.9739867887627467
324 2916 0.003566529266030655 0 0.027471166648014723 24.6617140127248 8.56553180250576 -20.38501659004433 -17.69363516378866 0.10099775807155999 -2.973984106968324
325 2925 0.003513556580373651 0 0.027471165168734924 24.6618446512828 8.565663754872872 -20.385772981138246 -17.692912330365193 0.10099686930230634 -2.973980493095039
326 2934 0.0043048402952584495 0 0.02747116568603116 24.663009510275884 8.565262305819317 -20.386527966279534 -17.689776770266942 0.10099454854198214 -2.9739740496059364
327 2943 0.004654197827047531 0 0.02747116775324165 24.662624486268832 8.565209193329054 -20.38632407659332 -17.688999919868923 0.10099526292872459 -2.9739760364910492
328 2952 0.004785124403249686 0 0.027471167019914776 24.66311965161025 8.565153314202469 -20.387500945425746 -17.688530785123184 0.10099469725526611 -2.973971710986114
329 2961 0.0046592659497774105 0 0.02747116544036714 24.66235026904539 8.5649786511241 -20.386430993647103 -17.685175071503313 0.10099511324404614 -2.973974306267853
330 2970 0.0042329938858201195 0 0.027471167056250488 24.661942848749558 8.565344396893295 -20.385748017407273 -17.687148746255634 0.10099422670538563 -2.9739676551052283
331 2979 0.0044807095610180135 0 0.02747116798362467 24.662784715400836 8.564865506485638 -20.386901264139034 -17.681320636992663 0.10099229686599988 -2.973964443984506
332 2988 0.0048844903330914164 0 0.02747116643012898 24.662368614183727 8.565242636559042 -20.38512362943742 -17.68663694368966 0.10099388516829912 -2.9739783307020704
333 2997 0.005158922595031609 0 0.027471167903554864 24.664291560210145 8.564923003582715 -20.387729315943023 -17.681674511880036 0.1009894705719343 -2.9739614206930645
334 3006 0.006341731924595407 0 0.027471167839146778 24.664830901846546 8.564382434284541 -20.387106486729397 -17.67680229444871 0.10098814454479639 -2.9739643470952912
335 3015 0.00566798917036693 0 0.027471169727459888 24.66268464534616 8.564704108068785 -20.386113180134725 -17.67765566323806 0.10099210943189244 -2.9739718116841525
336 3024 0.005631902513417731 0 0.027471169537367512 24.663304192142803 8.564841936536014 -20.385526626666028 -17.680104653536663 0.10099119447697347 -2.9739788116871457
337 3033 0.005807503234038962 0 0.027471165451918626 24.664398200436615 8.56428466650564 -20.38805969948922 -17.674483452170602 0.10098870243258849 -2.973959514283377
338 3042 0.005991338888460512 0 0.02747116786997467 24.66387319083743 8.565009617692324 -20.38678484631398 -17.68501974148371 0.10099076373547743 -2.973968722727173
339 3051 0.005432571118203641 0 0.027471167660957512 24.6632937688618 8.565033462986703 -20.38584045061419 -17.682348645714843 0.10099114531001137 -2.973972754339248
340 3060 0.005174694834573686 0 0.027471166767428352 24.663781583596485 8.564442574189243 -20.386297869056236 -17.67548046558217 0.10098917056207582 -2.9739701896752893
341 3069 0.004845173129388954 0 0.027471166664077996 24.663803982837088 8.564606748449883 -20.385868070924285 -17.679392293745433 0.10099005708407788 -2.9739694741685447
342 3078 0.005487555617987162 0 0.027471166922013505 24.665059149670487 8.564351801859633 -20.38679746470965 -17.677758216650517 0.10098680976720513 -2.9739591871654083
343 3087 0.0065111260110708395 0 0.027471166601471926 24.664805211163625 8.564577347293008 -20.386122041145804 -17.67861381740689 0.10098657180920605 -2.9739620034014407
344 3096 0.00640308030162952 0 0.02747116643172786 24.664416289912683 8.563926687739338 -20.38642513909004 -17.670346723537005 0.10098665272583655 -2.9739622086003497
345 3105 0.006451759048495468 0 0.02747116669914927 24.663978358499794 8.564450935790253 -20.387330510082357 -17.680250698613612 0.10099128760851125 -2.9739692444189463
346 3114 0.0070147485693451235 0 0.027471166775412715 24.665086787099288 8.564812750749265 -20.38803253965493 -17.683712195610912 0.10098911329480989 -2.973964394093697
347 3123 0.006709475212216713 0 0.027471166833709877 24.66472751790635 8.564972173608245 -20.386626844112403 -17.68326768818654 0.10098821783395771 -2.973964253047967
348 3132 0.0070695819460671085 0 0.027471167943113415 24.664497396167402 8.564795530433685 -20.385346180156557 -17.67896467464939 0.10098696168849708 -2.9739715772521684
349 3141 0.008024381076081567 0 0.027471166888875125 24.664933270092668 8.565399682049446 -20.385747216506754 -17.68911769734808 0.10098872718337275 -2.9739757587447557
350 3150 0.008884135196466974 0 0.027471166502154132 24.663628540987915 8.56575480634183 -20.385157166585163 -17.692508588819265 0.10099254752825164 -2.973986365215527
351 3159 0.010596141747003695 0 0.02747116706398314 24.66613370289436 8.566605790642013 -20.38785938045845 -17.70611296955963 0.10099015460855441 -2.9739693650640824
352 3168 0.010553645352785074 0 0.027471167634992934 24.665818185654047 8.565639696592884 -20.386674205645832 -17.691293606590975 0.10098687695457995 -2.9739642541812827
353 3177 0.011358731326533433 0 0.02747116579537768 24.664070038651758 8.56770034684919 -20.385506199266235 -17.715752504071922 0.1009940032526599 -2.973977928870326
354 3186 0.01081557366056352 0 0.027471166312416924 24.665129818607113 8.56650833005654 -20.385707681331187 -17.70358187518067 0.10098958874532914 -2.9739709948158004
355 3195 0.009877280416192114 0 0.027471165303777488 24.665361079197197 8.56603140916195 -20.3859131831222 -17.696760580004323 0.10098790718787135 -2.973967599264658
356 3204 0.009666437071185826 0 0.027471166018931563 24.66505958054163 8.56731802578352 -20.384816576869603 -17.70711245193667 0.10098783479996477 -2.973973047455863
357 3213 0.010648798976205333 0 0.02747116702350888 24.66759904525768 8.566651899096719 -20.387215746882283 -17.704502910523164 0.10098382711904637 -2.9739602125066953
358 3222 0.011460103155905947 0 0.02747116586685879 24.66776030174054 8.56645742182629 -20.38755449964531 -17.701353906751617 0.10098327622794477 -2.973959942906274
359 3231 0.011894178230463485 0 0.027471167925630705 24.668063883004695 8.566505714175559 -20.387824595686652 -17.699397567205907 0.10098100424328692 -2.973948645693668
360 3240 0.013922516413421565 0 0.027471173655100725 24.67145434935857 8.566258742363512 -20.390612994647885 -17.693626918751757 0.10097141142186065 -2.9739300576189893
361 3249 0.011991981519939873 0 0.02747116719282336 24.66758164662472 8.566079787516703 -20.387562902904243 -17.697475738605398 0.10098385188720245 -2.9739624530681725
362 3258 0.01181707546929248 0 0.027471167177692532 24.664877159696307 8.567483098330428 -20.385482841467002 -17.707851654318265 0.10098830960864792 -2.9739701127070144
363 3267 0.01164522505031223 0 0.027471165399306226 24.665724436916634 8.568328022285629 -20.38689970160836 -17.719766561876686 0.1009898084249409 -2.9739729908466654
364 3276 0.009895719999576457 0 0.027471166998322524 24.665163541740576 8.567465583414224 -20.385245963714233 -17.711680588842874 0.10098941883624009 -2.9739737764719325
365 3285 0.010688233074598501 0 0.02747116704188061 24.667056884237716 8.567828612033725 -20.387065314229538 -17.71718684204463 0.10098713137864898 -2.973974241578567
366 3294 0.011725517758670166 0 0.027471166898852803 24.667251575301282 8.567653560599371 -20.38802493513802 -17.718083885758542 0.10098890700962751 -2.9739713257665037
367 3303 0.013261125065140855 0 0.027471167396146943 24.66532219891542 8.56688612867395 -20.387071329758065 -17.71154957143887 0.10099423666915658 -2.97398420564528
368 3312 0.01240522287117243 0 0.027471166727298376 24.666040009093514 8.567872610784002 -20.38735782087946 -17.715759042544043 0.1009897248425787 -2.9739794244547038
369 3321 0.010990058008892039 0 0.027471167486036046 24.665868822235012 8.567922493510723 -20.385747010296182 -17.72126827477782 0.10099162638664928 -2.973985567045209
370 3330 0.009686858187151846 0 0.027471167167428007 24.66648293100921 8.567282649937276 -20.386801841550685 -17.711450248032666 0.10098889701061357 -2.973979283965661
371 3339 0.009791526796342232 0 0.027471166734704285 24.662526800065898 8.569473977326762 -20.38343824604619 -17.73502483772509 0.10099974747483319 -2.974008801144621
372 3348 0.010260969749689614 0 0.027471174675856965 24.665432978997593 8.567621760857785 -20.38555054495497 -17.715733546530068 0.10099181002474633 -2.973993696232211
373 3357 0.009341965794359787 0 0.027471165439158035 24.664199856553854 8.568865489524985 -20.385182186805075 -17.72836758735976 0.10099599080243102 -2.97400101469715
374 3366 0.008353964498840518 0 0.02747116678467961 24.663330336366432 8.568715864889583 -20.384670160626985 -17.727619266170155 0.10099783809983783 -2.974001361260058
375 3375 0.0086630447280167 0 0.027471166933237683 24.665603264522584 8.567693938375932 -20.387185066617516 -17.71779980971497 0.10099233645988215 -2.973973372549951
376 3384 0.008288669040511102 0 0.0274711660180618 24.666570121222648 8.567095003687665 -20.386648407274023 -17.71176915831906 0.10098928590088578 -2.9739791434734824
377 3393 0.009269065286990879 0 0.027471165435838298 24.668270419622317 8.56765656243755 -20.387432662453925 -17.71567887261105 0.10098456783921703 -2.9739671327020174
378 3402 0.009238933142713424 0 0.027471167720253188 24.666279149845888 8.568220150662842 -20.38607573214855 -17.721659459041835 0.10098944807376194 -2.9739775986796793
379 3411 0.00889122430274108 0 0.027471180448494864 24.666041545247474 8.568383586249444 -20.385941531795833 -17.724485225096913 0.10099081743686733 -2.9739808863526194
380 3420 0.00904641736627923 0 0.027471173604796853 24.66630474572247 8.568533066059597 -20.385699458034704 -17.723639169486933 0.10098844927489917 -2.973976442753033
381 3429 0.008673783593824268 0 0.027471165686325755 24.667783197735236 8.567419191054555 -20.387654710499767 -17.714963008686063 0.10098603330824193 -2.973960595996604
382 3438 0.00937410417539373 0 0.027471169025189614 24.665136272376436 8.567553489929251 -20.386451783691445 -17.718123394572043 0.10099424270745987 -2.9739839845733127
383 3447 0.009912644106283532 0 0.02747117385072129 24.666752142858503 8.567120498076669 -20.3869600934085 -17.7138915369655 0.10098979492306402 -2.9739747597375663
384 3456 0.00983938103543123 0 0.027471166881309513 24.66682089715915 8.56739782255158 -20.38768954756597 -17.718266916805497 0.1009914604394195 -2.9739769557586118
385 3465 0.009442260925935414 0 0.02747116687671568 24.665728277383707 8.567488292748033 -20.3867181750022 -17.719774780215207 0.10099447874336065 -2.9739903981675777
386 3474 0.009443711285905388 0 0.027471166785448007 24.667464134802586 8.566792757364771 -20.388481221894367 -17.710176582396407 0.10098828815145496 -2.9739641870571565
387 3483 0.008873396156817679 0 0.027471165404872645 24.668292253340773 8.566851985128054 -20.388372557763525 -17.714250265089973 0.10098847618287932 -2.9739719635623914
388 3492 0.009545625097948408 0 0.027471174621252682 24.668332042873402 8.566928017915012 -20.390038573460792 -17.716206904283887 0.10099020936231236 -2.9739636532287275
389 3501 0.009196972162568713 0 0.027471165463578525 24.668861198855623 8.56692431969907 -20.389619379221536 -17.71149604489246 0.10098550036621161 -2.9739601191568292
390 3510 0.009053535017837495 0 0.027471166787421154 24.667874741758474 8.567253967148146 -20.387988604814325 -17.71234664509858 0.10098556482339151 -2.9739620696161504
391 3519 0.00901902338789318 0 0.027471166996198657 24.66748720877681 8.56694243480784 -20.38781652499779 -17.709433105016377 0.1009864854950521 -2.973964483568867
392 3528 0.009996432765895166 0 0.02747116594482299 24.665966696342263 8.5669902194362 -20.386382978247227 -17.70739981192715 0.10098803454548907 -2.9739667356201007
393 3537 0.01066447109362536 0 0.027471164610160935 24.665828967187544 8.56664894640218 -20.38646274248911 -17.703156499914147 0.10098729486039493 -2.9739632610050206
394 3546 0.00963346593033778 0 0.027471167286349317 24.66717056982986 8.56640504514103 -20.38737145459544 -17.703975244058576 0.10098640604622303 -2.973964568767821
395 3555 0.008365083640324428 0 0.027471166053837065 24.666814423589148 8.566724197029224 -20.386958411193355 -17.70847272662351 0.10098831924052006 -2.9739694272427046
396 3564 0.008142050040868671 0 0.02747116720457388 24.667287256378902 8.56646729700851 -20.38718983413304 -17.70128856318724 0.10098405840418435 -2.973958867090718
397 3573 0.008832994728799313 0 0.027471167129322842 24.665329333921566 8.56660591977512 -20.385709181468794 -17.700130813494685 0.10098670463201673 -2.973962301911975
398 3582 0.011289631988052905 0 0.02747116741436205 24.661842723137205 8.56723672934621 -20.382323838528226 -17.704079196211502 0.10099259642006041 -2.9739788915756753
399 3591 0.013924111105189528 0 0.027471166411913276 24.660763408501047 8.567751793957285 -20.379734904566288 -17.70701588526746 0.10099262432299091 -2.973985516929014
400 3600 0.01588443119532331 0 0.027471167641080832 24.657755417815274 8.568220172689859 -20.37781129417499 -17.710039435551238 0.10099863307683328 -2.9740024397435247
401 3609 0.018937275640836124 0 0.02747116728643999 24.655435738450937 8.568517800193831 -20.376945566271296 -17.71156186791301 0.10100357523384806 -2.9740099631495025
402 3618 0.02066406487707987 0 0.027471165795967225 24.658038671840888 8.567889914002718 -20.380580270155086 -17.708488479577017 0.10100117980154395 -2.9739950966669384
403 3627 0.019079675348219388 0 0.02747116838367591 24.662306029952024 8.568160267831836 -20.383562459406654 -17.718377528012486 0.10099635336756672 -2.973989211367677
404 3636 0.01787379766809368 0 0.027471166097413968 24.657085669716505 8.568549434581936 -20.377242243382423 -17.710856228540276 0.10099877420654764 -2.974008121733836
405 3645 0.015019169825937448 0 0.027471167273926775 24.657545718949144 8.568832162183266 -20.377414318408785 -17.714099424372968 0.1009980909294477 -2.9740023844582906
406 3654 0.01511069502622849 0 0.02747116701631067 24.65887788120401 8.568535961726427 -20.37983604669556 -17.713246750296108 0.10099725979422998 -2.9739872947957022
407 3663 0.01473380523849015 0 0.027471168123195125 24.659025884927804 8.567867256322879 -20.380874515010994 -17.707363359850255 0.10099792959656445 -2.9739874167825318
408 3672 0.015081224527647166 0 0.027471166931270906 24.66424638095587 8.567824288861189 -20.386300750119435 -17.71712953348423 0.100994230248117 -2.9739731896741897
409 3681 0.014681094911328324 0 0.027471167963452264 24.662095907948945 8.568457069722264 -20.383784456402736 -17.719258555663902 0.10099599506146348 -2.9739817191805353
410 3690 0.014179852606268572 0 0.02747116562620419 24.666121895911605 8.566708597626604 -20.38939190862308 -17.70628604257363 0.10099073130203608 -2.973955318966649
411 3699 0.013645992785151278 0 0.027471167233948636 24.663863477353576 8.566857648801427 -20.38558019851871 -17.703911028199546 0.1009916852031361 -2.973969492455636
412 3708 0.012221995390181237 0 0.027471165975675952 24.662331389167267 8.567519974440131 -20.38366013003561 -17.704206369653576 0.10099095277601888 -2.9739677925686934
413 3717 0.010989441166527914 0 0.02747116736258735 24.664702298507954 8.567235577287786 -20.385876661042868 -17.708478713625013 0.10099063037947682 -2.9739688415194663
414 3726 0.01108722625826754 0 0.0274711670578588 24.66788299402224 8.566409393089659 -20.389971941649677 -17.70368836634446 0.10098658087551508 -2.973948491470379
415 3735 0.011020788569844784 0 0.027471166090575195 24.666253730142145 8.566735129114218 -20.387960831351993 -17.706831681880498 0.10098940110814934 -2.973959942480061
416 3744 0.01073186561124705 0 0.02747116703153307 24.664378587203664 8.567142953098818 -20.386690867585784 -17.70996088267285 0.10099339908128246 -2.973966735939627
417 3753 0.010269372965745515 0 0.027471166977010644 24.66499403330272 8.566989257430185 -20.387496499338237 -17.707894733937582 0.10099194957856694 -2.9739648571439514
418 3762 0.010708737202854503 0 0.02747116579687909 24.662412805941642 8.567687423389284 -20.383658853168047 -17.70983564602379 0.10099362498738479 -2.973978640889275
419 3771 0.010478452263453057 0 0.027471165876109205 24.66288795902988 8.56767082591837 -20.383608413107734 -17.71209557937162 0.10099390074987069 -2.973981114768635
420 3780 0.010845063667141379 0 0.027471166561499283 24.66141225708498 8.567411132409882 -20.382661272443183 -17.705791602577566 0.10099473706012721 -2.9739808543664235
421 3789 0.013505195906557516 0 0.027471167098456654 24.664658465796773 8.567040019100398 -20.386599212813138 -17.713066291164342 0.10099559768602415 -2.9739808143743924
422 3798 0.01743389792117819 0 0.02747116673455097 24.660718655821874 8.566638461687647 -20.382688473650337 -17.70264082283775 0.10099854519285474 -2.9739925126285978
423 3807 0.021717351002063352 0 0.027471167278274953 24.66179994468907 8.566679350021799 -20.383208332650685 -17.704143704309722 0.10099705037244396 -2.97398742953047
424 3816 0.021500407640292256 0 0.02747116746343569 24.66274784083054 8.566733371185093 -20.383930716185354 -17.70521588144219 0.10099567156199296 -2.9739881997501048
425 3825 0.022310702332431674 0 0.027471165217958803 24.666141842696444 8.567164951646953 -20.388935374334757 -17.72354452377487 0.10099948522657586 -2.97398510228992
426 3834 0.02402265077462592 0 0.02747117536472471 24.667927442808804 8.56665039825132 -20.39070596266281 -17.71788035158294 0.1009957169229144 -2.973967817224373
427 3843 0.026221635525009092 0 0.02747116579360122 24.668284437240615 8.565434960696692 -20.389814732120648 -17.704190547192322 0.10099140768036355 -2.973963253565426
428 3852 0.024167599328498872 0 0.027471167285326167 24.664565107625418 8.566056667463979 -20.387341422328884 -17.702510639859423 0.10099512642101562 -2.973973098705944
429 3861 0.023858460502579268 0 0.027471167417346964 24.664585889218763 8.566705449701177 -20.38571573503082 -17.71063959241225 0.10099590606027097 -2.9739819783525645
430 3870 0.022622093322456287 0 0.02747116659629661 24.66942657090305 8.566565368056205 -20.390745666603657 -17.71899400396875 0.10099260179833702 -2.97396866633554
431 3879 0.01981783811620279 0 0.02747116677489482 24.667610929450348 8.56606649843733 -20.389252372912154 -17.71230188708815 0.10099449058133093 -2.9739734610700483
432 3888 0.01766880424959026 0 0.027471166035414166 24.663482419468284 8.56675013652576 -20.38462950810336 -17.714346504328304 0.10099972949116975 -2.973998245199479
433 3897 0.016241057520955022 0 0.02747116698327658 24.66637205867333 8.566619010273643 -20.387642831406758 -17.71867626703118 0.10099757435445784 -2.973991155191868
434 3906 0.016066737155319286 0 0.027471166771881134 24.666799356831607 8.566690704108716 -20.387232997486688 -17.717299125012225 0.10099509562056207 -2.9739839907566368
435 3915 0.014428663581569877 0 0.027471167028902208 24.6663963715756 8.566678865643057 -20.387314103677845 -17.716824381414458 0.10099582527252114 -2.973980838569181
436 3924 0.014605953340404848 0 0.0274711671390892 24.66558516343751 8.566794725772322 -20.38614076774023 -17.71288271064073 0.10099416676619534 -2.9739811564401903
437 3933 0.015608176724364261 0 0.027471167140166633 24.66948119944353 8.566603819364355 -20.38944537070863 -17.716000533020136 0.1009894368910471 -2.973971332648751
438 3942 0.013276520265379779 0 0.027471165508180125 24.66848266642102 8.5661000741942 -20.389284081697188 -17.711444686984223 0.10099146151652354 -2.9739687471357965
439 3951 0.01254739705433909 0 0.02747116695483106 24.669174098134064 8.566797728737491 -20.388919095405864 -17.72111236372413 0.10099196710310146 -2.9739780030496554
440 3960 0.011225930024091724 0 0.02747116619350827 24.66742888664069 8.566524473400884 -20.387841343194967 -17.715873170566873 0.10099351557702693 -2.9739770171759297
441 3969 0.012350972138378402 0 0.02747116858966869 24.668508895233035 8.566370734970414 -20.388135234892907 -17.7139005422633 0.10099060456211507 -2.973973689388541
442 3978 0.013879938397862907 0 0.02747116853688013 24.668127694329876 8.56606771371342 -20.388379954307194 -17.714540312324342 0.10099344837359611 -2.973976927974367
443 3987 0.01346995628522839 0 0.02747116847980584 24.666574920565296 8.566131068368954 -20.387105870093876 -17.712743514247222 0.10099514840470226 -2.9739810267143465
444 3996 0.013413162993528719 0 0.027471165719438605 24.667530312000814 8.566002712933097 -20.387745115224412 -17.710795686007884 0.10099237025712231 -2.9739739751409706
445 4005 0.012281728926654373 0 0.027471166857553905 24.66794645980911 8.566791796927458 -20.38767611304624 -17.721479710093966 0.10099418939891759 -2.973985155893728
446 4014 0.010201722480664166 0 0.027471166873420282 24.668154211578173 8.566133174757695 -20.38815542270423 -17.71305067747785 0.10099211001968034 -2.9739758065533977
447 4023 0.009431793954474042 0 0.02747116570985833 24.668019515673205 8.565664865680002 -20.388144754083214 -17.7056359224613 0.10099001184507538 -2.9739674151167823
448 4032 0.008737490712486546 0 0.027471165664240894 24.66623072833456 8.566457528918393 -20.3857865337679 -17.71235308948023 0.10099321402972201 -2.9739818177931845
449 4041 0.0086149156071146 0 0.02747116705472474 24.666894069751898 8.566461692560805 -20.387088630743207 -17.71391525438917 0.10099335891306806 -2.9739774469723836
450 4050 0.008378623692899352 0 0.027471166914832847 24.66767708406959 8.566565555555478 -20.3875584704075 -17.716864252937746 0.10099307126394275 -2.9739788136410885
451 4059 0.008165283447471043 0 0.02747116581467914 24.66636446145963 8.566742838759863 -20.386400834053845 -17.715763020093814 0.10099410853916652 -2.973981469348345
452 4068 0.007544663086917006 0 0.027471165580849458 24.666226998434844 8.566663867328009 -20.386609491545684 -17.71513192208753 0.10099458911456725 -2.9739796623044357
453 4077 0.006974241782351064 0 0.027471164711110562 24.666349640791935 8.566537650110655 -20.38651162735102 -17.713464363607027 0.10099368870897449 -2.9739799622267227
454 4086 0.0069502575832633105 0 0.027471164705209702 24.66523187785386 8.566727353555246 -20.385132182202383 -17.713144819089095 0.10099438693867406 -2.973983419815079
455 4095 0.006515782547969243 0 0.02747116706134866 24.665083879535622 8.567058135855408 -20.3850627979924 -17.718761170960722 0.10099658559463962 -2.9739898336776363
456 4104 0.006952062131238562 0 0.027471167413425535 24.665390419324424 8.566758858820954 -20.385915552497963 -17.713598183989138 0.10099494027605653 -2.9739822072473228
457 4113 0.006793645547202172 0 0.027471166775612683 24.6660477929806 8.566914749428873 -20.386171678932364 -17.717652170489664 0.10099504847674869 -2.9739836424484962
458 4122 0.007383739758383198 0 0.027471166882814636 24.66618851263834 8.566520239289062 -20.386791704365244 -17.711398860298747 0.10099333910693803 -2.9739773169627366
459 4131 0.0070534852683828515 0 0.027471165756857503 24.667364032908864 8.566445470314228 -20.387504918797624 -17.711722056397125 0.10099136913557248 -2.973971662053016
460 4140 0.00650024002040063 0 0.0274711670552866 24.66621853748435 8.566576952084306 -20.386294473082273 -17.711866933460225 0.10099289156023648 -2.973978258569391
461 4149 0.006382085509784197 0 0.027471166057676143 24.666114743166673 8.566490707915214 -20.38624088101377 -17.710338965789372 0.10099263218628779 -2.9739767305949996
462 4158 0.0060404963576529925 0 0.027471167827474618 24.66650722829294 8.566693219747119 -20.38634239400067 -17.714309934797004 0.10099317050985904 -2.973980654528129
463 4167 0.006100638440759183 0 0.027471166924074693 24.666361576755083 8.566484664166014 -20.38663087944417 -17.710764110715367 0.10099267444692309 -2.9739762552969182
464 4176 0.006775877158834391 0 0.027471166070670176 24.66567583115558 8.566692816354223 -20.386263046910397 -17.713101460405323 0.10099464393710088 -2.9739800096767213
465 4185 0.007554969009606275 0 0.02747116301647768 24.66528869476311 8.566698944700368 -20.38576701403508 -17.712057937412144 0.10099454419269432 -2.973979218088602
466 4194 0.0072887163214184 0 0.027471166106825567 24.66528419791274 8.566495733692017 -20.385913769176465 -17.708759927421045 0.10099366096519113 -2.973976929471393
467 4203 0.0077292834244377055 0 0.027471167108803197 24.665724780442556 8.566687326808752 -20.38636721610225 -17.711177659383274 0.10099346130416154 -2.973974859420321
468 4212 0.007960350282021966 0 0.02747116691392774 24.666895527321902 8.566582177459235 -20.386664383695333 -17.711897908886517 0.10099160620239267 -2.9739758911739815
469 4221 0.008381526368384264 0 0.027471167269711848 24.66661438709135 8.566395565878004 -20.38696312749123 -17.708734088687827 0.10099165942131114 -2.9739713424317866
470 4230 0.00956146746972704 0 0.027471166945746663 24.665782788309894 8.566774282297962 -20.386213654457617 -17.711237408572984 0.10099314029271717 -2.9739767003139943
471 4239 0.010706951156293974 0 0.027471165829510143 24.66422440194775 8.56713734058356 -20.385127082387093 -17.714540893310648 0.10099658119002727 -2.973984072285356
472 4248 0.01178918700310483 0 0.027471167221601398 24.66475893453663 8.567095070307953 -20.385235133000528 -17.713884468728672 0.10099515786707094 -2.9739827939895735
473 4257 0.014545390934052384 0 0.02747116685998945 24.661951426925988 8.56786760052165 -20.382728067318823 -17.72062558481089 0.10100091483995514 -2.9739993705261947
474 4266 0.014135486778592173 0 0.02747116887042565 24.662951103490293 8.567123050449839 -20.384533866063492 -17.71232616871609 0.10099836723320997 -2.9739860129368
475 4275 0.014689505696074717 0 0.027471166853181333 24.661884183584185 8.567841982678377 -20.3831800390262 -17.72093400630623 0.10100171656755629 -2.973996228122297
476 4284 0.014816780529629467 0 0.02747116699880215 24.662974121977417 8.56734171013968 -20.38452297850614 -17.718648570319758 0.10100082123071089 -2.973991458050886
477 4293 0.013794092629494884 0 0.02747116698181169 24.662361233896416 8.567642881819376 -20.38393724580187 -17.720017580698414 0.10100164595719324 -2.9739961412968112
478 4302 0.013268686366960344 0 0.02747116692333743 24.660380365271777 8.568070458057193 -20.381166248749384 -17.718982817013377 0.10100203179182403 -2.974004066099378
479 4311 0.015551825764812061 0 0.02747116714885849 24.662586598622717 8.56774572337598 -20.38471988719387 -17.719968238879765 0.10100100336470473 -2.9739896795380103
480 4320 0.016330795657005195 0 0.02747116530717849 24.662891846642374 8.5680261026783 -20.384322230568042 -17.72242222342221 0.10100060002697231 -2.9739913083236216
481 4329 0.016522405074325192 0 0.02747116563752399 24.659886275265155 8.568483961336474 -20.38171591752962 -17.722524209397672 0.10100404378148485 -2.9740007480164135
482 4338 0.015877789722126074 0 0.02747116662990737 24.659844534532382 8.56857904866037 -20.382107006244286 -17.725839768075623 0.10100628685595685 -2.974005583339435
483 4347 0.014613294644937594 0 0.027471165791304625 24.659524285234955 8.568316157541783 -20.38183558676799 -17.723399597705907 0.10100614206380082 -2.9740054277035877
484 4356 0.012819933390192816 0 0.027471168240853834 24.660595289958472 8.56841687681828 -20.383353685817706 -17.724845352598557 0.10100535275828082 -2.973999189043973
485 4365 0.01201673322956413 0 0.027471166843541298 24.659010078480705 8.56847446453416 -20.382071866227797 -17.72574936879386 0.1010085314397353 -2.974007801954434
486 4374 0.011584642814300482 0 0.027471175211066318 24.65879919904647 8.568322925717679 -20.38182407257909 -17.724263371293056 0.10100862879074227 -2.97400914847431
487 4383 0.00960009061210783 0 0.027471165794890604 24.65892161036931 8.568663576585834 -20.381865991857122 -17.725821452503414 0.1010078787132401 -2.9740063886759907
488 4392 0.008428158739448922 0 0.027471164497081296 24.65984673312991 8.568555750732488 -20.38231222013295 -17.72603725042473 0.10100638649447641 -2.9740047918900196
489 4401 0.0077117948469244205 0 0.027471168228629005 24.660257542845503 8.568435276957896 -20.382590792821702 -17.726681361169426 0.10100648711370694 -2.974006209473922
490 4410 0.006999387992252407 0 0.02747116553134868 24.66019596742448 8.56832024976732 -20.383039284851314 -17.72446803415472 0.10100627671750408 -2.9740019059405616
491 4419 0.006846586195342594 0 0.027471165752390947 24.661168500966262 8.56808505384764 -20.383671843872637 -17.723609824966726 0.10100468507358537 -2.9739995922350606
492 4428 0.006955339665626177 0 0.02747116550687588 24.660746563172157 8.568246057856078 -20.38288689006979 -17.725009469517342 0.10100524013330901 -2.9740034480309587
493 4437 0.006410977529432109 0 0.027471166787459866 24.660469215402745 8.568203699961947 -20.382891118742354 -17.724163286633928 0.10100569590261431 -2.974003017687279
494 4446 0.005460809099845779 0 0.02747116577498786 24.65992107278658 8.568441684920339 -20.382561122053723 -17.725277780906634 0.10100652732942546 -2.974004380492679
495 4455 0.004715073767028869 0 0.027471165700946504 24.660432140367863 8.568293458928718 -20.382818843798994 -17.724555712866554 0.10100557008719822 -2.9740030507104693
496 4464 0.004670325228213309 0 0.02747116592595598 24.660245093021064 8.568472742210487 -20.38273206351803 -17.72633159590296 0.10100632266120328 -2.9740046643039113
497 4473 0.0047552597559690464 0 0.027471164452398653 24.66032491794723 8.568355556842878 -20.382954694532653 -17.725373994132298 0.10100623371271364 -2.974003903831302
498 4482 0.005257414714894162 0 0.027471167005137766 24.66002937421137 8.568426448579007 -20.382839815544738 -17.725884592597463 0.10100694444292942 -2.9740051419373486
499 4491 0.0046151112008867195 0 0.02747116672388313 24.66008019490573 8.568456349650202 -20.382712469108 -17.725473623348353 0.10100631199507797 -2.9740038497112473
500 4500 0.004181784083061308 0 0.027471167288525025 24.659688433879495 8.568515741682049 -20.382303010303392 -17.725668936530717 0.10100684750759498 -2.97400579356878
501 4509 0.0037487747143537527 0 0.027471165522808223 24.6599474378096 8.56850943964814 -20.382494798625686 -17.726473433716258 0.10100683678967957 -2.9740062065228763
502 4518 0.00402731817175672 0 0.02747116680053877 24.65996414927678 8.568499066085344 -20.38250303297433 -17.72622041597678 0.10100675213324813 -2.974005864294384
503 4527 0.003995400082997201 0 0.027471165691421783 24.659969246316553 8.568544724992089 -20.38255932515626 -17.726384509177546 0.10100671596503374 -2.974005336928398
504 4536 0.0043009425071928635 0 0.027471168397537802 24.65975497430829 8.568621647615693 -20.382410386369518 -17.726823744771565 0.10100710738566082 -2.9740058298206797
505 4545 0.004584177537371557 0 0.027471166923810218 24.659606532999153 8.568684037142212 -20.382365785123476 -17.727284682228657 0.10100748548985373 -2.974006309067744
506 4554 0.006079493434348321 0 0.027471167985014675 24.660284919533765 8.568409749147769 -20.38300097150542 -17.726542593575886 0.1010069700003924 -2.9740049989445727
507 4563 0.006955227667229116 0 0.02747116677255108 24.660574710359366 8.568398681076596 -20.383234745601264 -17.72612658747801 0.1010062399495613 -2.9740027767746873
508 4572 0.007538564394584962 0 0.027471168752242047 24.66064761436621 8.568373276806895 -20.383349194550515 -17.72478067029434 0.10100542648278073 -2.9740002693734353
509 4581 0.008082943600106243 0 0.02747116673091654 24.66028180603312 8.568584131408619 -20.38312503750645 -17.727247296756207 0.1010068846107952 -2.9740036566102335
510 4590 0.008932472098175817 0 0.02747116680272606 24.66035329428728 8.56857893668874 -20.38335234954914 -17.726692623062277 0.10100665129239882 -2.9740022155865895
511 4599 0.009419023198027001 0 0.027471168141091115 24.660146947354587 8.568572373981231 -20.38288456783842 -17.72707273440508 0.10100702943385431 -2.9740054796164874
512 4608 0.009975244983536668 0 0.027471166461241158 24.66021405394899 8.568579665330958 -20.38281563413272 -17.727412421742528 0.10100693961780301 -2.974006785822806
513 4617 0.008666234665008163 0 0.02747116642178656 24.659888197242854 8.568625481543158 -20.382713077938103 -17.72791575701624 0.10100784766244028 -2.9740080315601647
514 4626 0.008057373103191849 0 0.027471166896315888 24.660000445773655 8.568849977479536 -20.38279140024703 -17.727697095322508 0.10100655589097382 -2.9740040850821177
515 4635 0.007573032977974783 0 0.027471166838782275 24.66002838021626 8.568775811555659 -20.38278196509097 -17.726664434497284 0.10100614398911531 -2.9740020328953687
516 4644 0.00689224384081255 0 0.027471166894035292 24.65969577298765 8.56871348788961 -20.3823466479577 -17.727706187620726 0.10100746676733964 -2.974008376362731
517 4653 0.006411467431167743 0 0.02747116665165931 24.6598954542391 8.568627332996165 -20.382531698670846 -17.727243536847364 0.10100717765711624 -2.974007279679738
518 4662 0.006030985636051807 0 0.027471168227191558 24.66024247222552 8.568549351773186 -20.38279706410314 -17.726861850598702 0.10100657860764596 -2.974005912756784
519 4671 0.00593363535404507 0 0.02747116530990347 24.660307491368613 8.568507695022285 -20.382839118132555 -17.726690897981417 0.10100649754412765 -2.9740050463565706
520 4680 0.006037424443365275 0 0.027471167083131912 24.66013339502103 8.568613452678616 -20.382569744469837 -17.726954481500076 0.10100648313828581 -2.9740058114278396
521 4689 0.006003905685811631 0 0.027471165851396695 24.66020519222032 8.568512664823128 -20.38250140372037 -17.727022743981408 0.10100663362763201 -2.9740076496038004
522 4698 0.006250810405298076 0 0.02747116559949381 24.660252988297984 8.568496153013525 -20.382551624133338 -17.726768888969637 0.10100651490293118 -2.9740066041914925
523 4707 0.006277221955785141 0 0.027471165974513795 24.660054488361673 8.56851270137079 -20.382444107324115 -17.726415033825372 0.10100668613317937 -2.9740065526416375
524 4716 0.007021520723953264 0 0.02747117657639019 24.66029790540188 8.568701991317178 -20.382624706597674 -17.727469226709644 0.10100609498281883 -2.9740041112028135
525 4725 0.006650282135950822 0 0.027471166724614225 24.660403242948487 8.568594537491968 -20.382712340931583 -17.726759506417824 0.10100592390465876 -2.9740042915273817
526 4734 0.007015936022640555 0 0.02747116701300041 24.660581069382474 8.568560517836744 -20.38267204036014 -17.727399860463123 0.10100590124111235 -2.9740061774883384
527 4743 0.006822017365514111 0 0.027471165478422647 24.66045338322263 8.568695462480132 -20.382741146113965 -17.72768418743678 0.10100597031119507 -2.974004295132559
528 4752 0.0071820776678985345 0 0.027471165373037287 24.660650175554796 8.56871651867334 -20.382760863468285 -17.727577746267688 0.10100527144926631 -2.9740032581705034
529 4761 0.007693718012752579 0 0.027471165412580056 24.660070341053235 8.568685440662538 -20.38245941382861 -17.727170069802845 0.10100635319297564 -2.974004610053925
530 4770 0.007497658011563001 0 0.02747116816406006 24.6601357940794 8.568720564787474 -20.382306037873164 -17.72808931769049 0.10100650666935453 -2.974007366128034
531 4779 0.007474985935570566 0 0.02747116455853151 24.660653638558905 8.56869669006625 -20.38266314478895 -17.72795592341169 0.10100546955540776 -2.9740048969485566
532 4788 0.008047428852478356 0 0.027471165725352267 24.660917781412643 8.568510680743488 -20.38274923171621 -17.72735113930437 0.10100517421195176 -2.9740048081916672
533 4797 0.008942337247476213 0 0.027471175283481048 24.660891869878437 8.56868213523962 -20.382640437524405 -17.727810142174448 0.10100474358667004 -2.9740035418787745
534 4806 0.009957993441718254 0 0.02747116676391661 24.660930243509537 8.56894031803427 -20.38274919527243 -17.728917396253046 0.10100437651524566 -2.9740012154045905
535 4815 0.011263486877193755 0 0.027471165113746473 24.661301590006985 8.568978988070079 -20.383180616604818 -17.72937244938491 0.1010038918058441 -2.9739996782395584
536 4824 0.01079417702770816 0 0.02747116426265385 24.66014419771446 8.569110595437346 -20.381962278222538 -17.72975391451747 0.10100558796395905 -2.974004789371449
537 4833 0.009918184646777429 0 0.027471175305818413 24.660843638649904 8.568858617419366 -20.38264946282799 -17.72824189140115 0.10100437563812206 -2.9740013915667496
538 4842 0.009049186909413452 0 0.02747116784073735 24.660370010430647 8.56880776108584 -20.382370368029168 -17.727926067017798 0.10100539186052065 -2.97400325269462
539 4851 0.008776024171095659 0 0.02747116680236532 24.65994420631902 8.56876913878257 -20.38216728575758 -17.72737871342731 0.10100614472640508 -2.9740043399724754
540 4860 0.007952048231881066 0 0.027471166447324644 24.660564214309506 8.568778147729423 -20.382605802486697 -17.727525282693502 0.1010049317491426 -2.974001249267284
541 4869 0.007969809645001893 0 0.02747116666899004 24.66090870611065 8.568768535778474 -20.382846562131615 -17.727809582783706 0.10100442577171045 -2.9740001131038487
542 4878 0.008429143796708921 0 0.027471166765285722 24.660402878778594 8.568913643039934 -20.382564573549356 -17.727355539639714 0.1010046906936458 -2.973998549381672
543 4887 0.008002420454483048 0 0.027471168236776866 24.661124333900112 8.568815978300297 -20.38303771429374 -17.727882844405965 0.10100385544060249 -2.973997893777668
544 4896 0.008151829050200414 0 0.02747116661775995 24.660707272144037 8.568915587825948 -20.382698991369598 -17.727714568494427 0.10100422869462687 -2.973998851299606
545 4905 0.007968302296600414 0 0.027471165568301537 24.661492784326803 8.568794339304576 -20.383235023502486 -17.727367820022728 0.10100287870759453 -2.9739957659887266
546 4914 0.008146721423655811 0 0.02747116536864983 24.661336066345537 8.568901570212889 -20.383480356782172 -17.727314015633823 0.10100308753564777 -2.9739933131200478
547 4923 0.008931445320558635 0 0.02747116819956661 24.660832019790423 8.56915645424711 -20.382979449044896 -17.728540025109663 0.10100375964681983 -2.973995174758072
548 4932 0.009113178904974702 0 0.027471165356602965 24.6609387522002 8.568876887781212 -20.383226215642622 -17.72776381863989 0.10100427818227395 -2.97399723625312
549 4941 0.010783798705643942 0 0.02747116575588237 24.660340436705297 8.568834562226984 -20.38291094510564 -17.727898533370187 0.10100586146425822 -2.9740016025935976
550 4950 0.01565951711475614 0 0.027471167775020823 24.659714731531835 8.569275124600695 -20.382589972660448 -17.729933401505676 0.10100685879298894 -2.97400249973842
