% # columns="iter, evals, sigma, 0, fitness, xbest" seed=467559, Thu Nov 30 11:09:16 2023, <python>{}</python>
1 9 1.9765226103571143 0 0.2165795847565482 1.3439634407728471 0.9021401665841411 -2.209614482684067 -2.770000285848127 -1.1518310309612476 -1.3969012368956382
2 18 2.1098397582636914 0 0.19775437482259461 0.3443946199058405 2.7582228656336882 -4.183018445765022 0.7523141395423361 1.4857709280559106 -0.9299258494947371
3 27 2.1003603657375876 0 0.06909139696882116 -0.711458024454267 1.8987628254424296 -2.043171422329114 0.9835863713853927 2.553392388665091 -4.376328833764474
4 36 2.130122380043605 0 0.06354165299875675 0.20004265012092642 1.5579346257316962 -5.548594941789185 1.8800913705483717 0.4650302939809434 -1.862885794418092
5 45 2.1185902707363193 0 0.09999535965337839 -2.4987248730175007 2.3726926246041513 -4.484781035251136 -0.6045795073690159 3.0320561297974464 -4.7294946888897
6 54 2.0767508766975085 0 0.046616035278825615 -1.9185534732562863 -1.3232019474026617 -1.8439756668816536 -1.6342452287581866 1.2091695150284065 -1.9151377197011998
7 63 1.813371302034905 0 0.049324109287870364 -0.9584716574935985 2.431198322118607 -5.036275296743396 1.302367797184838 1.0042484823263647 -5.160684638169927
8 72 1.683537053073371 0 0.06730703595733849 -0.42795031974490905 -0.11447976045185237 -3.0421131985767738 -0.2399684597398215 0.3136498894773371 -3.014704090318506
9 81 1.7034064653547187 0 0.02980001048987968 0.7889903592986577 0.6345246307616158 -4.211031843861521 -4.195696207630855 0.0788610473762067 -2.6858531914884747
10 90 1.5790009064404371 0 0.06130150428425219 1.1863574199920426 0.28636418120456164 -2.5483460415498014 -3.8174780825956476 0.5368385788200014 -3.238779604009617
11 99 1.6649321624798696 0 0.014994249702720718 -1.970295732684915 0.624742899856234 -3.516600952998798 -6.172514182525548 1.4947383391695892 -2.674034367206244
12 108 1.4703701446817121 0 0.04986103433220321 -1.233322057568086 1.592740639010737 -2.6417995162683994 -4.080720595472678 2.4175970073222195 -2.319651203868697
13 117 1.605713905737038 0 0.049045074858968384 -3.636925740536565 1.3506412541988708 -4.343611840042137 -2.0342527756580266 3.032969464469885 -6.325682202910459
14 126 1.6454808623571748 0 0.05614798755089129 -3.310572281341263 2.008017636443259 -5.0842545385205735 -0.31025453078096055 2.5645837520155044 -7.995407893440323
15 135 1.6110108673551693 0 0.046805750915645726 1.0406481833744259 1.9409619866804166 -4.183100738401885 -4.021762150467409 0.5465463398865085 -3.1985005609693173
16 144 1.8594123493469992 0 0.049611423772704444 0.3434256197132509 1.8124519124273073 -4.529911916246868 -6.443004447358786 0.45257043733920466 -5.637712416188404
17 153 1.9172191229030127 0 0.046838343171884775 -1.3474682267978246 2.8425908930750037 -3.4656816993187602 -5.019763858673707 2.628820504682304 -6.390831631874917
18 162 1.7347954186509358 0 0.051118427750684446 -2.916698045093751 1.307089932428781 -4.373748582268079 -2.7591327460296555 2.339625732010666 -8.52683549046224
19 171 1.4581163039947727 0 0.04217589818287617 -2.5067559553263794 1.1560694267923752 -4.042672820696042 -1.3476531359384665 1.8942284219245087 -6.542722136663689
20 180 1.281618357047271 0 0.055119746358091415 -1.7209055879024184 2.6775136747423414 -5.846189771509194 -4.389014000947738 1.6554881190126287 -8.137570752290028
21 189 1.1287836640802114 0 0.051300427380894534 -2.79410544048237 0.7919067525813761 -5.127685965440217 -1.602227646976135 1.1367713525580945 -6.554791240407018
22 198 0.9566646295755555 0 0.045036200146719475 -3.092293365246137 1.420527301306254 -4.779834231968054 -2.487281476241627 2.2180238278489344 -7.311854021884306
23 207 0.9304858834100234 0 0.044973895362924426 -2.657366249027862 0.5920780907647436 -4.53683047020048 -2.1495088172327304 1.2175612734610963 -6.214625320976325
24 216 0.8120439498269977 0 0.04030819458401427 -2.4455922812250734 0.7022840220620666 -4.70242927212297 -2.228853432981809 1.218899008170681 -5.518030306138936
25 225 0.6669194580706574 0 0.04015666050242287 -1.9233589931060244 1.1209314435722701 -4.852235494696586 -3.0606341023307655 1.0389180722575937 -6.018560306933512
26 234 0.6097810341784576 0 0.041335811709740655 -1.6881610457597813 1.0002867857578055 -4.9294197582113215 -2.715559834034633 0.8715016131047779 -6.348099287927124
27 243 0.5673605318687047 0 0.040108777847895266 -2.1693993816410186 1.4119840849593344 -4.490779802143713 -3.8079415967296653 1.5411404339138093 -6.226113455885142
28 252 0.5735839057751277 0 0.03964383125582803 -2.084741423555943 0.7389970692526512 -4.702225885451381 -3.490839991066006 0.9704303757299029 -5.851977839606434
29 261 0.6317713607450289 0 0.038590934585426735 -2.242084687634671 0.7605107460398037 -4.232551162966225 -3.2567130991644433 1.2416791709651491 -4.938781760504233
30 270 0.6580537449696413 0 0.038952609734207784 -3.1310634394253567 0.5457491368809602 -4.39126052143293 -3.587345842235714 1.673433919350585 -5.338376158671165
31 279 0.6191286064213403 0 0.03856428231422292 -2.7048741268071512 0.7619322482634298 -4.24812379353398 -3.2499475769690913 1.5484950523954513 -4.8700491244672985
32 288 0.6019982094651354 0 0.03745358386314517 -2.9765778887736594 0.0426613962660255 -4.122271822943647 -4.108425064967184 1.42326078475677 -5.226932652832343
33 297 0.5463614322549704 0 0.036115698575977184 -2.54151985320131 0.8003362019230338 -4.446498335857636 -3.873683688541789 1.3727938455934963 -4.945913429994724
34 306 0.48062779818136236 0 0.03702046129868361 -2.719833799830539 0.3681661120335567 -4.232807503046146 -4.12544821093614 1.3862064852851745 -5.26243217365979
35 315 0.4886753034008387 0 0.03598278610472433 -3.3457562433366945 0.21799369754658685 -4.347611857397156 -3.663662700430096 1.7754287274927074 -4.867327650489295
36 324 0.5347894696457821 0 0.034357678415657955 -2.7007997026021564 -0.43869582406837154 -3.830600353021416 -4.330829966296383 1.1364466394442454 -4.327780218803096
37 333 0.6747607689691146 0 0.028795239756840535 -3.1867412413793215 -0.7692947749590517 -3.4439141310520736 -4.854403775453594 1.4935439807860387 -3.9013075696813813
38 342 0.8519832401452353 0 0.021355370201162804 -2.9350949425667094 -0.8471039867632914 -4.201131946640092 -4.658136835777204 0.9396760107871427 -3.710130146277572
39 351 0.9053741267983724 0 0.01254205620366412 -3.3294654167790894 -0.5130405820513381 -3.2508217254574805 -4.916653549754346 1.888443045397088 -2.9646214437927427
40 360 0.9086889862566626 0 0.007555527375436728 -3.434766564406239 -0.6222095819465223 -3.9883765416344326 -5.475218023681621 1.526773189745798 -3.163725810734948
41 369 0.979803681083654 0 0.013443138201119934 -4.697167771972261 -1.797414446686679 -4.207475992104584 -3.43189341476665 1.925677844871076 -2.6361020043049805
42 378 0.9973515675613035 0 0.004483408015768438 -4.020782616981718 -0.48030735209065784 -4.641857079848549 -4.597387277775893 1.6976350385626486 -2.9155442186401
43 387 0.9374408972483645 0 0.006041943328265699 -2.537408634415139 -0.052450111127117616 -4.1917420749690635 -5.589657603451106 1.0813614682528143 -2.702865568770989
44 396 0.8840337503077774 0 0.004034571270342085 -3.1665079823662023 -0.819367768486379 -4.395182925530857 -4.014321001608746 0.9668215705201034 -2.5658467735086656
45 405 0.8231953394641315 0 0.003036860559293175 -3.0956703118082154 -0.7960489402331178 -4.548650913233444 -4.938365798944163 0.927899964293711 -2.773825381797542
46 414 0.7906026900682092 0 0.008778145253937546 -3.10338399887231 -0.9012608088653346 -5.090509906025173 -4.219193972591749 0.5997196194352112 -2.3874428411870166
47 423 0.7100251866924451 0 0.007736189183450756 -3.302360922244931 -0.053099081888947464 -4.952850452354737 -3.772376438049689 1.1992135205003902 -2.9112160897371613
48 432 0.7226070219015603 0 0.002842401498950464 -3.8662973548815645 -1.1407037101628499 -4.350654935112519 -4.321367451573515 1.3611611196748734 -2.765587033388324
49 441 0.6495768035597712 0 0.008652529787617484 -3.575815919088068 -0.24376584599177675 -4.8818202818437335 -4.131753764412734 1.3580482649936951 -3.0867659644138845
50 450 0.5479433829001743 0 0.009426323966587935 -3.5287574051981956 -0.21480821984920745 -5.458900100502961 -3.7502707401083932 1.1198711861577952 -2.8415513445273053
51 459 0.549467398988116 0 0.0022603386551706436 -2.697708280896098 0.1558609071351077 -4.978846027508362 -4.500385687207984 0.9300575913977862 -2.649383432119479
52 468 0.5226044228655186 0 0.0028784712958724876 -2.7810567593880537 0.30751883397045426 -5.0233598322949256 -4.614649228070932 1.0829183114243257 -2.8712220014615553
53 477 0.512832067864411 0 0.0037325559680076756 -2.674716305377624 0.07215971989176381 -4.725811316727255 -4.070515233085683 1.0214997599540172 -2.4594191101450287
54 486 0.4861131554815624 0 0.0025766890387220387 -1.9534342121816828 0.6590062998201683 -5.02861748772281 -4.879503421753137 0.734398481969041 -2.7527362747993553
55 495 0.4101755549578146 0 0.002530233663001642 -2.4764414437161073 0.3955141311112311 -5.418564044491645 -4.599138055933426 0.7964468115413793 -2.7627435238910163
56 504 0.3851553455795654 0 0.0030898131461878963 -2.5239882943199183 -0.05225218789906344 -4.96109824233454 -4.786468605870002 0.756880355933111 -2.937798358292914
57 513 0.3243523758424568 0 0.0019208456794168967 -2.3084480271529753 0.34932640657123376 -4.957732813354473 -4.706755837389801 0.8548388599977175 -2.797328561401983
58 522 0.27923966527129657 0 0.0016976851360916549 -2.4223528231292955 0.3050821160608595 -4.994003832864386 -5.067241559751412 0.8515495736985284 -2.802475490941279
59 531 0.28348069029310313 0 0.0016292000347991572 -2.169968756535565 0.7324895774660801 -5.107006005003044 -5.349933042970123 0.895788386329066 -2.857793916676975
60 540 0.26082014528199654 0 0.0019119513466013755 -2.3772682506594687 0.3787329339061857 -5.042631113467691 -4.707656376343338 0.8674876795126801 -2.700731193087722
61 549 0.230062108986756 0 0.0017026076444942718 -2.118477129018882 0.5940273940668088 -5.010962697953735 -4.981539631066801 0.8499946377191226 -2.7882503563392667
62 558 0.20697811081731102 0 0.0017439085596552537 -2.183658244483849 0.6645152863374444 -5.039572966291643 -4.867744223639867 0.9011680880569051 -2.8365603330208224
63 567 0.20364657287195378 0 0.0016883935503771287 -2.1862361178609366 0.5662732767914987 -5.057548601086631 -4.875068253017539 0.8581309103374055 -2.779890938250196
64 576 0.1783197777174519 0 0.0016899660751705005 -2.097372387541858 0.6812739786356397 -5.12894566275019 -4.961433095241589 0.8232728458385691 -2.810954200742334
65 585 0.18243706714349 0 0.0016393957327800488 -2.1420374664907555 0.6730930686703267 -5.14198559806759 -5.054010224790352 0.8616213493475707 -2.830071594513431
66 594 0.19346474582679873 0 0.0016064127093802754 -2.120076013051883 0.6981015025763748 -5.1349573877763754 -5.219101934522255 0.8538492853507531 -2.87724715147167
67 603 0.17729178237709134 0 0.0015710620202162543 -2.144637373444318 0.6060557429259273 -4.994714241242099 -5.176183326771172 0.8677932335822449 -2.832109526549254
68 612 0.19344697970568697 0 0.0015589263499769604 -1.8294321781531124 0.9757704388269786 -5.064933660829317 -5.499845220930153 0.8594237731405457 -2.827768975855039
69 621 0.23174045307816732 0 0.0014880860397256592 -1.7489051189354468 1.1150487739874424 -5.069039052744137 -5.89599357122647 0.8651691951986159 -2.893596409609036
70 630 0.2184870162737696 0 0.001526643270787989 -2.0224960918863055 0.7906931044200609 -5.018664164313537 -5.607991957501347 0.8750132155478989 -2.8406750289
71 639 0.2025942146125146 0 0.0015471047681576743 -1.8220173768825294 1.0160815827611724 -4.942882863130548 -5.94298084590841 0.9078765802521971 -2.8472970220156237
72 648 0.19474870648182568 0 0.0014664367537439835 -1.825215155194956 0.9707035967101715 -4.878458528245365 -5.941705814329196 0.9027083194529899 -2.8969782192619307
73 657 0.20213994583448558 0 0.001414921348624018 -2.0551499961308823 0.8218076161640269 -4.957145824346927 -5.812975274680593 0.9413531348567907 -2.9035429920835143
74 666 0.20687701330901676 0 0.0014054816580077354 -1.7611196221712813 1.182265087472894 -4.978478975405777 -6.223898618295222 0.9427696624536958 -2.943926832669559
75 675 0.2024703800524058 0 0.0013598057917479538 -1.8351470525861298 0.9940805191055253 -5.023062998622994 -6.167826738796779 0.8763644521643389 -2.9104267340457
76 684 0.1874147911660126 0 0.0013881205204341672 -1.86288535566246 0.9980871597262483 -5.004650314587621 -6.148073752864846 0.8955637518148212 -2.9409216949233903
77 693 0.16008737565939554 0 0.0014003553145556442 -1.8704034876250701 0.9968317935737261 -4.932550538750339 -5.992396051539645 0.9210704452584593 -2.925968170738012
78 702 0.14938797096010972 0 0.0013602654413685288 -1.8466736284943064 1.0552787657369143 -4.951647683545886 -6.112933607264911 0.9404677651444413 -2.9175765201669948
79 711 0.14674682453409346 0 0.0013575423195131568 -1.793128984207741 1.124380992783917 -4.936887664486256 -6.380484722059525 0.9593236342833197 -2.9464094674462014
80 720 0.16797573168671479 0 0.001353276626207325 -1.6844970957498018 1.2868512398471226 -4.857669850240087 -6.398679489693603 1.0040876824214633 -2.907194006551409
81 729 0.1762966719776846 0 0.0013615032858298789 -1.5953415715658197 1.3019579019302463 -4.876300438668748 -6.262902502046374 0.9504919539260841 -2.9161744889696064
82 738 0.19997263884240907 0 0.0012999145848390208 -1.4411751461911186 1.611807014837984 -4.800311233060399 -6.924689025169712 1.067200609918303 -2.9485504374130254
83 747 0.19436245666729854 0 0.001303064203708302 -1.4470017134575464 1.5538456112025525 -4.845342960005677 -6.817886847899018 1.0199350724066523 -2.9441765283103956
84 756 0.20975726622626542 0 0.0013118655256479698 -1.7738202691659137 1.2668281922281373 -4.746040234849733 -6.579888401127127 1.0880779354492782 -2.9331566947314447
85 765 0.18941421552633275 0 0.001330485763697586 -1.4966119159212943 1.569260330250506 -4.71650092412109 -6.834978912730967 1.0982009218653934 -2.9260336944761565
86 774 0.16353616305887864 0 0.0013260509497085592 -1.5329673863479798 1.4726957825310039 -4.833102263839309 -6.602705046069249 1.025252887650113 -2.9237699739337346
87 783 0.18500082970237366 0 0.001324007622968272 -1.2845235342622008 1.773458851499921 -4.803111830616697 -6.741395441564657 1.058254944069433 -2.9313175779672482
88 792 0.20097518932084332 0 0.001318124044906495 -1.4725318196919772 1.619674423828157 -4.708560238527423 -6.871214514522821 1.1277972796299787 -2.9673489243174873
89 801 0.17283540211389956 0 0.0013125810229126828 -1.4484479599121651 1.6253910443225463 -4.753218087480853 -6.9272524059355955 1.1022699363122566 -2.954519673478779
90 810 0.14717722559402352 0 0.0013166217290992213 -1.5111158577773223 1.5607179733929912 -4.747866224149124 -6.664860134956893 1.1008824473611198 -2.949087563229927
91 819 0.1434488066428139 0 0.001308418590082979 -1.317223532344027 1.7461966565638516 -4.717434293086549 -7.050927564886404 1.0986574342111992 -2.970683917708277
92 828 0.11992810497591613 0 0.001305683133261645 -1.4414252426325205 1.6446369624304369 -4.727462525108986 -6.863315156156804 1.114927822746489 -2.958400046442355
93 837 0.11748164235256224 0 0.001298150522869693 -1.5031387617656804 1.578926249750175 -4.697021160769143 -6.941735780613925 1.125377099548548 -2.948620051173099
94 846 0.1032026682964241 0 0.0012967954417941897 -1.394154190174236 1.6954569255196654 -4.735063788943364 -6.901339795119082 1.1099777482474646 -2.9511938790308
95 855 0.10135433650225206 0 0.0012893604280214735 -1.4355172208538642 1.6897248526048791 -4.67220847575892 -7.148230913757285 1.1558950323763737 -2.9637475864987994
96 864 0.09733167379978357 0 0.0012913583877070937 -1.4309592326208556 1.6878408830119904 -4.681268505215138 -7.028908724783159 1.151530535921459 -2.9457319629663066
97 873 0.0963477403311486 0 0.001291336197550514 -1.5249637585212357 1.6208493010203364 -4.645804719550003 -7.0021530686881945 1.1832899610956795 -2.9476645015769876
98 882 0.10091253862589612 0 0.0012872491893757409 -1.404021894552285 1.732156264995652 -4.677347870565123 -7.1546296822456155 1.1652942298936522 -2.9524926136565055
99 891 0.10844431752434065 0 0.0012894179921667693 -1.32165084300554 1.8395845188801472 -4.655322384238765 -7.08934351328051 1.1866124965256377 -2.9488229341349674
100 900 0.103648059576653 0 0.0012963227841555599 -1.3706717171306415 1.7620858989959947 -4.677133702119543 -7.095211711916242 1.1647530136566386 -2.9544804650690812
101 909 0.09576248423714218 0 0.001287519821905498 -1.2278665426019402 1.9003201896892343 -4.687306276053236 -7.161253064955456 1.1512068850401156 -2.957031622121768
102 918 0.09931579140426665 0 0.001283416257221394 -1.2309266140349224 1.912700020825754 -4.679515012343699 -7.254386713376135 1.1646950206942357 -2.956857007718743
103 927 0.1095490969111265 0 0.0012749840649170447 -1.1287112719393384 2.020604913797644 -4.661767715065516 -7.374535909196546 1.1726971081751494 -2.961205770840346
104 936 0.12425093196639046 0 0.0012792551862186024 -1.0496526047753303 2.096257435225141 -4.650804745647815 -7.406996802200759 1.1743935887733672 -2.9636552793889845
105 945 0.12131136523852659 0 0.0012759951332931272 -1.1371047414994837 2.012649535948644 -4.683244029391511 -7.354485921564571 1.1597440396108767 -2.9579471514664832
106 954 0.11899910623891068 0 0.0012709123612100353 -1.06194647119165 2.091428740201813 -4.689743168495483 -7.5234434285571075 1.158963502047384 -2.9629257775426088
107 963 0.10935172093707546 0 0.0012717543487531045 -1.148709383412609 2.029355656599399 -4.672034158330118 -7.463410316431333 1.1848279165680342 -2.9631801488436578
108 972 0.10526865315919337 0 0.0012717721834068804 -1.0766336077890968 2.0860219937168134 -4.686912691566634 -7.682732118157204 1.1685274583808853 -2.974641463338931
109 981 0.09195621379358138 0 0.00126986270521931 -1.070834732321579 2.096282287475147 -4.645376708687516 -7.526605374278839 1.1879527650165558 -2.9625937352978373
110 990 0.09976621167561575 0 0.0012683318035028636 -1.0508628279020853 2.126519154006546 -4.653068307764943 -7.596783261144946 1.1887396087959712 -2.9600125436511204
111 999 0.10413840342793404 0 0.0012631230641402189 -1.025363001413095 2.1738329736107143 -4.63773394663458 -7.800250882027404 1.2121242669581778 -2.9695153470912614
112 1008 0.12848360853140378 0 0.0012677283004025215 -0.8988127076348279 2.318724739230622 -4.632431037102743 -7.875011194111799 1.225206786512756 -2.9706853134721722
113 1017 0.14216534429590483 0 0.0012604847206945107 -0.6987133241718884 2.5063410503590626 -4.6329381101857585 -8.136246254266961 1.2130805694512818 -2.97430210343038
114 1026 0.15363888428880307 0 0.0012566805282334258 -0.9549373235921694 2.283534011338867 -4.564582585780044 -8.075322853210842 1.268151866387828 -2.975908772940154
115 1035 0.1614304457858211 0 0.001262850838515045 -0.6866783791410707 2.531212221369161 -4.62181470974653 -8.493998177498792 1.2250150062594107 -2.978567629892983
116 1044 0.18750773841174648 0 0.0012606586791878086 -0.8757155294992365 2.373874495736706 -4.6254954384377065 -8.345079904363393 1.2474709068469072 -2.96072258055584
117 1053 0.19827900091926925 0 0.0012488517117664887 -0.9585071611560421 2.283093209565704 -4.589811401367548 -8.378423484602322 1.2632741693103313 -2.9754066348010957
118 1062 0.17737686438783037 0 0.0012662647828021079 -0.6914812940881894 2.5472108375929 -4.628296236535533 -8.229837537094363 1.2347143839791401 -2.9587319291044825
119 1071 0.1707843227080579 0 0.0012571219728122571 -0.6941141710257767 2.5128126827475574 -4.656873103676698 -8.566745309048553 1.2069303416368033 -2.9618287270859804
120 1080 0.18477023671093687 0 0.0012500801156328338 -0.3795253023903545 2.823210504963878 -4.637968902535036 -8.897347872235324 1.207947282958951 -2.9724422808671984
121 1089 0.2002029420617875 0 0.0012509550986466464 -0.2829404656992523 2.9895658870277173 -4.600808090794135 -9.09990340848729 1.2650655670192503 -2.9697711744885273
122 1098 0.20430814975247744 0 0.0012551156330315655 -0.355411788010655 2.9012622029448427 -4.593410285615541 -8.830978730904686 1.265479360610008 -2.9716562259848716
123 1107 0.21983924497935667 0 0.001248768997232923 0.04507030097109627 3.3241794132541287 -4.574376822397764 -9.664357740918046 1.2805334493867702 -2.978274108408807
124 1116 0.1986540211144598 0 0.0012526176731429907 -0.4710780095593375 2.8116055500877177 -4.571441465886953 -8.731256253928569 1.2882921309686524 -2.9725484162810636
125 1125 0.1931125625638088 0 0.0012494481439195965 -0.12303899424739861 3.1643529658098117 -4.575841567354609 -9.42186662400003 1.2909067036419049 -2.9702064203394793
126 1134 0.17490591084895588 0 0.0012484727135695594 -0.32699732125477043 2.9474859345468447 -4.57486168298346 -9.258666868718157 1.2805785665320524 -2.972589211311877
127 1143 0.15078485951305506 0 0.001249409907906114 -0.17636459068023327 3.0695350434156974 -4.6082764494312025 -9.149843376442613 1.2444286672032299 -2.9687356047844267
128 1152 0.1447229230013577 0 0.001247288778929575 -0.2518752710047539 3.05315969081402 -4.566603714888399 -9.240782682222813 1.3075143614253628 -2.9718885041950625
129 1161 0.12102613246812424 0 0.0012487681118047264 -0.30112407999161467 2.9838648466469073 -4.572339966127369 -9.130617508309856 1.288318811218185 -2.9684906497865162
130 1170 0.10540027560547056 0 0.001248611841671163 -0.13044250553709713 3.1425674072421277 -4.576627774194877 -9.283670585293988 1.2775333786530627 -2.972529328009088
131 1179 0.09971647738246187 0 0.0012489531922100891 -0.09687580816482422 3.172363459909164 -4.581238773356511 -9.188266415457322 1.2726975492670431 -2.976108044104756
132 1188 0.09002414356257425 0 0.0012478758476978007 -0.2485043956010831 3.022306086776069 -4.587430142299052 -9.087981933594989 1.2742223063336127 -2.972107522335995
133 1197 0.08898524015484306 0 0.001249856697089526 -0.36399322416730845 2.9116087935184076 -4.5747294868524495 -9.103276119349294 1.2825202622541 -2.976729648609029
134 1206 0.08524926506717513 0 0.001248342778943424 -0.21542624736775812 3.0602712539010186 -4.579943859417686 -9.248797031147904 1.2807935537753459 -2.973251317636452
135 1215 0.08401516775546027 0 0.0012481775073920499 -0.05785412592548131 3.2262542158765077 -4.569644731478308 -9.335578357376038 1.288738637316546 -2.97306766133767
136 1224 0.07344162177532756 0 0.0012462882723615603 -0.1361437563021484 3.1505210568439668 -4.5744514576205635 -9.316873192858873 1.28845783770748 -2.9730859316215765
137 1233 0.07571978372739739 0 0.0012481101339872033 -0.08027805938968063 3.202555657588271 -4.582253003444709 -9.340125770506965 1.2800705271357553 -2.972042881488083
138 1242 0.0753188432070602 0 0.0012464718447150317 -0.11177026958992715 3.158539032336281 -4.592532993617393 -9.314370191625155 1.2695862092070065 -2.971235470132198
139 1251 0.0826916424172446 0 0.0012474432714877194 0.14184927936554592 3.3949534940488872 -4.602726549395571 -9.490259850263552 1.250283640043559 -2.971860327574605
140 1260 0.08081486943093216 0 0.0012463542312162804 0.06290646085111654 3.325555911511778 -4.5950038229895735 -9.421135734077737 1.2614360767115413 -2.971578967713535
141 1269 0.0687806949910129 0 0.0012466003381834813 -0.023424386405975897 3.2439721357546536 -4.593051543937104 -9.356381911236086 1.2665386500967157 -2.9706729022155764
142 1278 0.06416515570481514 0 0.00124688162523285 -0.04936441891191935 3.2193750528873424 -4.5869121553102525 -9.380010700434713 1.269695770532932 -2.971981883754535
143 1287 0.056302480367124985 0 0.0012469028210416247 -0.0162113104367371 3.2605803154996584 -4.585177356935383 -9.414184449042262 1.2771067075193039 -2.971006999294024
144 1296 0.049931655910323405 0 0.001245912335644616 0.011738208479884597 3.2774189300381464 -4.5917199876919605 -9.464716826535824 1.2667156115686928 -2.9719571466246566
145 1305 0.05248347253748005 0 0.0012460463093248602 -0.019938586549617162 3.2630851362796998 -4.584307313489637 -9.467800097860891 1.2819165967882489 -2.972212657987468
146 1314 0.05985622932785595 0 0.0012473754837186847 0.0012680613042227156 3.282639044746643 -4.586916308056443 -9.550522889828827 1.2807699228929157 -2.9705570754596415
147 1323 0.057020822518215296 0 0.0012457074701738675 0.0074636091548307085 3.2881615503889985 -4.582385371470657 -9.57995590841207 1.2800249895552813 -2.9731867449260188
148 1332 0.05137863547312419 0 0.001245652706553573 0.015310877276592222 3.2956877575902737 -4.585341684068468 -9.548942965221125 1.2787073983140917 -2.9724978935899053
149 1341 0.04365230413515117 0 0.001245936006657544 -0.03995446960069575 3.237453381457297 -4.588562159723338 -9.467993494132301 1.276574510423604 -2.971682296550819
150 1350 0.04146208312804771 0 0.0012461344537865297 -0.08376108688309347 3.198726457762323 -4.579978701894324 -9.46469254699233 1.2837347782310902 -2.972096964497883
151 1359 0.03985095271829785 0 0.0012457054627728254 -0.09268733566617907 3.1916503756188144 -4.5796307966804335 -9.484660541960237 1.284858459465995 -2.972346662715991
152 1368 0.04042388924043493 0 0.0012452913468570695 -0.06428523900354845 3.22072776472401 -4.57545626347988 -9.549583925577288 1.2877167391248205 -2.971789031851523
153 1377 0.041369794680060974 0 0.0012460475582105105 -0.1097955603710214 3.1783099405595983 -4.5698368173036075 -9.523982620222725 1.2925537336422304 -2.972941589766688
154 1386 0.0395285534870422 0 0.0012458338496769922 -0.13041092919552252 3.1559478079484315 -4.572265864538792 -9.434538737184777 1.2901746814165294 -2.9727867468067477
155 1395 0.036317124583879375 0 0.0012465827516759268 -0.10700260858246789 3.176328257493032 -4.572369584948087 -9.485035275035335 1.2885967369491893 -2.9723975936867375
156 1404 0.035771131227343544 0 0.0012462041927209517 -0.05319156137349422 3.229345212090836 -4.578079060259947 -9.529488747979642 1.2840754156678795 -2.972206369047342
157 1413 0.03306283786498303 0 0.0012456947873996586 -0.08246416362313011 3.19941817373912 -4.575009014909531 -9.47724432907525 1.2857757181631606 -2.9720183942622853
158 1422 0.03441622833918077 0 0.001245756881015528 -0.07361798039646891 3.2046562556272593 -4.584583974863684 -9.430953954096536 1.2786350200347645 -2.971611477355288
159 1431 0.036260385894358454 0 0.001245903852959848 -0.09083107662921243 3.1832593633181996 -4.585339514565426 -9.403498208775517 1.275800820707399 -2.9723228007651072
160 1440 0.03081233843087029 0 0.001245777334188588 -0.037321158035911295 3.242360612863015 -4.585092324499566 -9.506012953793622 1.2793786153880122 -2.9716913446886632
161 1449 0.032790939977368115 0 0.0012458094691605837 -0.1294767956874888 3.1561999362202373 -4.578900558097672 -9.435402474218614 1.286510477236495 -2.972203630165063
162 1458 0.02966294050113496 0 0.001245725260023142 -0.10468159804420361 3.1751849750038383 -4.584185058675293 -9.412402113217274 1.2805069560303368 -2.9722509769303285
163 1467 0.02913834355871417 0 0.0012459955766165902 -0.16527997989965929 3.120129618564177 -4.574591999007986 -9.384406832661673 1.2885202142167673 -2.9721598452171096
164 1476 0.029330025829202765 0 0.0012456044833814724 -0.14400969526494958 3.1411737779676376 -4.580624040048285 -9.393436030173191 1.2855428288663462 -2.9720097778885717
165 1485 0.030325545135927442 0 0.0012454445282530293 -0.13437867078615484 3.152539870511456 -4.578779578307795 -9.423865646395434 1.2873211794225612 -2.9721507752034304
166 1494 0.02799613625737726 0 0.0012460017086763039 -0.13219793225739748 3.1527308239100504 -4.583632328011294 -9.403368356157236 1.2840784536227132 -2.9719638707616296
167 1503 0.026884343513365265 0 0.0012459054515330799 -0.10766234101348779 3.174926387619403 -4.5837003576698665 -9.42205350087262 1.2822155669130055 -2.9722986198794534
168 1512 0.026812434065364703 0 0.0012459222276563668 -0.11951978922781406 3.168217560388201 -4.581312027444841 -9.42374292884024 1.2869318090899926 -2.9723446796824757
169 1521 0.026946969629756717 0 0.001245723502306674 -0.09675954338210249 3.1883345269504266 -4.5837324082435575 -9.458920246852031 1.2842876199260809 -2.971914172793145
170 1530 0.024338272860698788 0 0.0012454997119298221 -0.1393791815146281 3.147627696840775 -4.579242688426125 -9.412332153382883 1.2871582576664884 -2.9723972704434094
171 1539 0.023125283611653086 0 0.001245517041771168 -0.12626320710067365 3.158298731320886 -4.580326736645789 -9.443913592475644 1.2849702752659888 -2.97228713334174
172 1548 0.024944120907049463 0 0.0012454613481747553 -0.13959618838775192 3.147516886217531 -4.574829456850254 -9.436873443004885 1.2893329500745112 -2.9725262103856527
173 1557 0.028422904561639026 0 0.0012454238276444376 -0.15975104883106428 3.127813283832642 -4.575783499823959 -9.409112789859732 1.2892777174062662 -2.9717934132901886
174 1566 0.02927426298700572 0 0.0012457323515640065 -0.16478403006023984 3.121545793019299 -4.574386350719277 -9.407749625255894 1.288501294098595 -2.973373493494714
175 1575 0.027599895290733895 0 0.001245446814576006 -0.17198772624341233 3.1166997676444557 -4.573280917711403 -9.416652426413929 1.2913599010796892 -2.972648902463196
176 1584 0.023866812267172823 0 0.0012455337636896402 -0.1483534666463051 3.137168924276499 -4.577906065678781 -9.412291862963935 1.2866820968304225 -2.972607375912525
177 1593 0.020259297783398775 0 0.001245497628478291 -0.1480481576574338 3.138810341417549 -4.576341663950302 -9.416439771357998 1.2881443491952573 -2.972613144428107
178 1602 0.01754255166769213 0 0.0012454172249375727 -0.14180224906801578 3.1456464280264638 -4.577538546099957 -9.434945887530958 1.2885590829975335 -2.972461761646549
179 1611 0.01781895064170201 0 0.0012454026321002108 -0.1171261030715915 3.169193259321326 -4.5798007056806975 -9.442588713904168 1.2863703009107565 -2.9722645229795277
180 1620 0.019497721724180794 0 0.0012454515196301031 -0.1343313884804111 3.152763534381225 -4.5779421621955105 -9.432747539679818 1.2876293932889313 -2.972718300036922
181 1629 0.018444442845023695 0 0.0012453947904611934 -0.13039372984105274 3.156472297891327 -4.578172752935845 -9.44668030783525 1.2871487042579801 -2.9724393062308176
182 1638 0.017388128566923334 0 0.0012452156836769378 -0.12842294141199853 3.15745591208817 -4.579141113843318 -9.445884702509211 1.2865466309758322 -2.9721215809106742
183 1647 0.015525026174391022 0 0.001245376294969268 -0.12292418350703273 3.1630110211860183 -4.579186081622942 -9.456020502647247 1.286147744278244 -2.972426629581602
184 1656 0.013874125019907682 0 0.0012453382177884506 -0.13646725751796998 3.1505601163044568 -4.578106094506347 -9.443331204841193 1.2876370705537203 -2.9721030005734987
185 1665 0.012558936926034894 0 0.0012453742499165944 -0.1340091233100117 3.152528567258763 -4.576875270258002 -9.45043688297116 1.2876538609383776 -2.972397451926931
186 1674 0.01260425046974094 0 0.001245364960184772 -0.13518333081905323 3.151791289814169 -4.577306650557597 -9.446857936794817 1.2877449375428816 -2.972380279567585
187 1683 0.012433200791583662 0 0.0012453454714571666 -0.10874169065012732 3.1771703771950497 -4.5788427922497865 -9.462644217441289 1.2862594118022654 -2.972233606984895
188 1692 0.010768305924470046 0 0.0012453769713104586 -0.11866260789049385 3.1675694241484966 -4.578054794836016 -9.458260383466158 1.2868219885346275 -2.9722784439751186
189 1701 0.011426873418232921 0 0.0012453773708210845 -0.1394753699036118 3.147348551909897 -4.576216429273267 -9.448528231129782 1.2881775784164922 -2.9725149799597825
190 1710 0.012465596613502987 0 0.0012454163060321298 -0.1238298121752336 3.162220212583443 -4.577354988501286 -9.458125773208746 1.28685495481106 -2.9721944092129045
191 1719 0.01570366153789787 0 0.0012453968910253533 -0.13058827781929855 3.155397018552296 -4.574257402871127 -9.464616679850934 1.2879686923815301 -2.9726771895283335
192 1728 0.01660292687579681 0 0.0012453848613894398 -0.11074127907183895 3.175282700752135 -4.576603396540894 -9.471373366792433 1.286998431844234 -2.972313570927234
193 1737 0.015109609457506095 0 0.0012454263948011512 -0.12557165470342024 3.1607969624123613 -4.576369054531888 -9.455151909655706 1.2875316196579627 -2.972370932818277
194 1746 0.015651826350145604 0 0.0012454709812319655 -0.13148827474648145 3.1550292536067404 -4.574459056289387 -9.455221432755712 1.2886043148166446 -2.9725358710485055
195 1755 0.01600783426197749 0 0.0012453494377445999 -0.13606610838724884 3.151046397952799 -4.575057756935565 -9.4615531373699 1.2890196081006877 -2.9726019617786634
196 1764 0.015769558766971514 0 0.001245395277407395 -0.12129666135897839 3.1650961244005464 -4.57608515121066 -9.472702195577988 1.2878410469455555 -2.972726343128274
197 1773 0.0160483712569207 0 0.001245430869627143 -0.12982570336472418 3.1565318395221396 -4.574475935401433 -9.474620982035493 1.2885077745282023 -2.9727008878471977
198 1782 0.01606941367540784 0 0.0012453806124871941 -0.13182675978640387 3.155198822605523 -4.572863762718963 -9.480886967178861 1.2899294829387329 -2.9728405306424173
199 1791 0.014719047708676367 0 0.0012453665128989233 -0.13844309103904548 3.1486422849752014 -4.573785312689103 -9.470464475265624 1.2896919164334217 -2.9727715370651664
200 1800 0.015771427528297043 0 0.0012453065675405908 -0.13310157640303374 3.153779380855566 -4.57549010942021 -9.470923737916236 1.288742740214832 -2.9725200885545093
201 1809 0.017742906256063475 0 0.001245296382200672 -0.1356186236204664 3.1509828593845737 -4.57608840637922 -9.467386241071965 1.288235205359408 -2.9723921544508527
202 1818 0.017974674441112382 0 0.0012452990814931647 -0.14006534214602645 3.1465768288448603 -4.5762241148889835 -9.468252464998042 1.2884424117690512 -2.9725718955695415
203 1827 0.018344694275989535 0 0.0012452641994683765 -0.1476134184870575 3.1399295396517237 -4.575401360977791 -9.461606513445489 1.2894050589256787 -2.9723792346190923
204 1836 0.02152016445877092 0 0.0012452355121187106 -0.15059951358948226 3.1365669363016155 -4.577108269264066 -9.46354259057297 1.2884749584305093 -2.9724198749025086
205 1845 0.02497097956155625 0 0.0012452429672556021 -0.16138437306590514 3.1262187632132656 -4.5766482977592595 -9.450456771822026 1.2890330061951376 -2.9723055928089717
206 1854 0.02279800047660809 0 0.0012452546687463668 -0.13322543649034146 3.153257837066552 -4.578212521870399 -9.46982269968753 1.2873701641926112 -2.9721805891700797
207 1863 0.024832352695493002 0 0.0012452161510927943 -0.1234233069875263 3.1627991075687905 -4.580267156209863 -9.49008304870743 1.2864112715379776 -2.9718122347724885
208 1872 0.0257981525454816 0 0.0012451593940037754 -0.15476255899749333 3.1326460704504 -4.577924061316098 -9.475163099761224 1.2884460370127093 -2.9721496770354445
209 1881 0.027701952014324505 0 0.00124510047245515 -0.14682611797068543 3.1403248105671326 -4.577475684337064 -9.494600945460109 1.2883108381442756 -2.972346558850939
210 1890 0.02503726713756699 0 0.0012451674511966234 -0.14116599167407526 3.145496446387957 -4.58004755111776 -9.482565692031303 1.2867517041430958 -2.9721889630438225
211 1899 0.02388731242818919 0 0.0012451698339525645 -0.15076049433332306 3.1364952174324006 -4.57430274317618 -9.497267184365212 1.2896174875560273 -2.972822749586811
212 1908 0.027500758545946996 0 0.0012449973888111398 -0.16701411187503945 3.1210678728418073 -4.5772369065566645 -9.499594403350471 1.289073427464268 -2.9725744086754022
213 1917 0.029968937410780692 0 0.0012450089580825947 -0.16238360458055195 3.125651381606717 -4.576771696580226 -9.502441778701922 1.289183174533593 -2.9726613591203157
214 1926 0.03157018796152554 0 0.0012451104946763205 -0.14724709486779877 3.1398037840928166 -4.576841182208331 -9.510629131849669 1.2879975564064001 -2.9730667479997037
215 1935 0.027609161162342917 0 0.0012449787100539788 -0.15481218262745303 3.132759596891699 -4.576172488154675 -9.521059097482004 1.2890277885055874 -2.972768556064808
216 1944 0.027255389038102023 0 0.0012449327050651474 -0.16291774761612762 3.124872853992281 -4.575730223915847 -9.51970475083469 1.2893259664430863 -2.972497871895722
217 1953 0.030177438149343285 0 0.001244883657357011 -0.1558686365922706 3.1317702195762482 -4.575692993451821 -9.53894534197656 1.289366508155369 -2.9725182136582498
218 1962 0.03200526073514525 0 0.001244835248886821 -0.1788240878357187 3.110171785611889 -4.573774268430518 -9.538526249614428 1.2914080563002006 -2.972694240090798
219 1971 0.0356856937219672 0 0.0012447627462648463 -0.18071144694699087 3.1084934515509084 -4.573241023839869 -9.568744114892608 1.292018893085014 -2.9728653131132554
220 1980 0.04335879769838957 0 0.0012445570892733802 -0.16952696118011062 3.1190620342483113 -4.575924177026743 -9.600316927549521 1.2902047503425846 -2.972224228551195
221 1989 0.046672797792400605 0 0.001244609770795744 -0.17945346106611307 3.1090838001457786 -4.573332021353187 -9.60200116888193 1.2913293542015682 -2.972831311518364
222 1998 0.05058673835414349 0 0.0012447038632565864 -0.15670349970918987 3.1309572475034666 -4.581088969582775 -9.619554271191056 1.2876301286701102 -2.9720716055605716
223 2007 0.05606441829601459 0 0.0012444042849036822 -0.1729680373001724 3.1156150657563644 -4.574635669883826 -9.674163648188026 1.291064702000442 -2.9730352682986654
224 2016 0.05975835587599511 0 0.0012443394465925675 -0.13205213487439219 3.1549682578904332 -4.577893492027684 -9.724227543700986 1.288257421859885 -2.9729827496014565
225 2025 0.062487340456758855 0 0.001244369898042373 -0.17971796655518474 3.109058521199031 -4.57431025018119 -9.712668359561595 1.2916824038035781 -2.973152520468311
226 2034 0.05793147457147779 0 0.0012442456781912904 -0.1716612293107505 3.1171371447978755 -4.575910960824076 -9.676438055235373 1.290163726037709 -2.972599185202642
227 2043 0.05948611814370204 0 0.0012442343974980192 -0.13926596338770447 3.1477044124932414 -4.581795686091954 -9.740590155992972 1.286482148979802 -2.9716028170016426
228 2052 0.05818937784382778 0 0.001244204664481937 -0.134260303763367 3.1528620034855153 -4.583485879976103 -9.779402083701363 1.285881261114375 -2.9716032983454164
229 2061 0.057937577853670715 0 0.0012439395329921442 -0.15384577317576514 3.134070279043489 -4.574763858812844 -9.872416559559458 1.2907484382690628 -2.973156920030391
230 2070 0.057682646112072175 0 0.001243995532186321 -0.17406822920115894 3.1145521233864684 -4.5726248350305045 -9.774395792854175 1.2917008461729154 -2.972673318118598
231 2079 0.057880418081657226 0 0.0012437641566016334 -0.12359630765886626 3.162877464883814 -4.579178541669701 -9.883084839804674 1.2870800394337798 -2.972179212689448
232 2088 0.06504437908942852 0 0.0012435298368913882 -0.15970586271502163 3.1284748166534313 -4.573309571700012 -9.938493545892324 1.290872676839241 -2.973026732943282
233 2097 0.07054575441060532 0 0.0012436043878045649 -0.18862731479415581 3.1004458270000406 -4.569906317253498 -9.920268749703201 1.293279339545283 -2.9729696601813784
234 2106 0.0753202768189492 0 0.0012435671685639394 -0.17541049901627764 3.1132148139656772 -4.569878979020039 -9.977731208184693 1.2923818951790884 -2.97345716091641
235 2115 0.08715298716634803 0 0.0012433805099131517 -0.16059862740774586 3.127882600772389 -4.571200943546399 -10.028457356108296 1.2918712633438414 -2.9734670676244765
236 2124 0.08449209619462651 0 0.0012431035167879824 -0.16036239203641064 3.1278733136479673 -4.574320564808948 -10.112738325886385 1.2909079168824265 -2.972651385558291
237 2133 0.1005069633439684 0 0.0012430288949346795 -0.16889974718394296 3.1197880917110212 -4.5707302862910515 -10.239035182248982 1.2931752431633654 -2.972477741625935
238 2142 0.10722659859813535 0 0.001242922992432052 -0.14950414861946834 3.1381843606866555 -4.575681978653401 -10.193170596695234 1.2898033882751831 -2.97235425017953
239 2151 0.12879088604726352 0 0.00124258688013152 -0.0907191096316871 3.1943425075775185 -4.575730708503074 -10.568205402148058 1.2863720312117226 -2.973216582041117
240 2160 0.14600928365522306 0 0.0012424514878552851 -0.1336403258458745 3.153206415291832 -4.575852980542995 -10.442540377447552 1.2885524886429254 -2.9720574695425896
241 2169 0.1436508785399604 0 0.0012425175732824036 -0.15425380261723037 3.1336282283410974 -4.566477407546926 -10.838198420987528 1.2943867620491247 -2.973534324564302
242 2178 0.14862573509355131 0 0.0012421795573808688 -0.13860790656089764 3.1483166353749334 -4.57025563352088 -10.883581510242994 1.2907560058620022 -2.9725258431634183
243 2187 0.1830899050353748 0 0.001241966178903364 -0.1625793777001738 3.12528409991294 -4.567018717171335 -11.324514112215596 1.2926506674147142 -2.972243383708361
244 2196 0.17986102653994085 0 0.0012420185225448007 -0.13406727239376146 3.1528203153137038 -4.568014742346014 -11.387519159798476 1.2918583785826927 -2.972685427463247
245 2205 0.20343771988162268 0 0.0012416505845871866 -0.12758562304780782 3.158928249233167 -4.576096084959927 -11.681413470298732 1.2880468037811543 -2.9700467552945633
246 2214 0.21068715160704415 0 0.0012417477241897647 -0.14868664510944218 3.1391796329073762 -4.575757387987852 -11.42141373803497 1.2885145906277844 -2.970390408018631
247 2223 0.2139633554427834 0 0.0012415955743356757 -0.18383383981269796 3.1051807080711176 -4.564850426990876 -11.77721977587705 1.2952272020217388 -2.9722895924208017
248 2232 0.24235492720777937 0 0.0012413739394517486 -0.2173059407746512 3.0735955704971656 -4.565450742907508 -11.989621597477253 1.29635862691619 -2.9753638300225242
249 2241 0.24868528960059702 0 0.001241716087660751 -0.15508289420903915 3.1326222514281437 -4.58400974043565 -11.755280590395571 1.2842851571157374 -2.97171684251573
250 2250 0.22478123461252333 0 0.0012409064008065992 -0.18572741142876087 3.103689027559406 -4.57390681149033 -12.020864776024785 1.2915345928491857 -2.9723049468816023
251 2259 0.19279982894321343 0 0.0012411581501512556 -0.1579680012601099 3.129863092142486 -4.5797785898819185 -12.073568713362352 1.2873240927389669 -2.970940014203285
252 2268 0.1616284995243609 0 0.0012411540637291528 -0.19373833573547228 3.0958332213463837 -4.577158116609481 -11.71264002635946 1.2901646151279618 -2.97086706594853
253 2277 0.14497711970762595 0 0.0012409566203291215 -0.19359311116931058 3.0957466254767207 -4.57532326172186 -12.187046953560452 1.2907836801914583 -2.971061291769306
254 2286 0.12505849165608376 0 0.001241069376777139 -0.18630641797201017 3.1030259932753355 -4.573913234881961 -12.148659854512978 1.2907259664627553 -2.9715085402769232
255 2295 0.11528817432951316 0 0.0012409178151756208 -0.1741343849735881 3.1144613667760224 -4.577617271237255 -12.28442406414192 1.2889650145373044 -2.971611388825467
256 2304 0.11416929888383923 0 0.0012409415909227608 -0.1935284606691367 3.0959629181903154 -4.573733359807552 -12.730862535229013 1.2922508211748136 -2.9711969406493997
257 2313 0.11236773170220295 0 0.0012407426251662339 -0.20472501934123902 3.0852146484844853 -4.572580964161071 -12.629102022032955 1.2925775384198444 -2.971951943826974
258 2322 0.11102016931217715 0 0.0012407209540400584 -0.21588122562245934 3.0748675567029324 -4.570858039853793 -12.665994723235782 1.2942463566619737 -2.9724397362578134
259 2331 0.11064771238379636 0 0.0012406944040149782 -0.18595325177741387 3.103294117392866 -4.576116862312409 -12.81664373560025 1.290201777972066 -2.972353628543054
260 2340 0.10491658834160376 0 0.0012407007261736227 -0.18290335917756878 3.1064632759120543 -4.575394578927531 -13.086585261142675 1.2908473962909806 -2.971979420450845
261 2349 0.09450174273029281 0 0.0012406758227161735 -0.18317966576892353 3.1061932166975 -4.574798398148311 -13.1341665950566 1.2907626179037905 -2.9724574943613127
262 2358 0.10608364486537573 0 0.0012405985137777709 -0.20737710135947438 3.08291605349153 -4.571390061981058 -13.434349269219739 1.2934372202341171 -2.973400765114454
263 2367 0.12109219279382141 0 0.0012405777556751133 -0.19991761566084068 3.090044917298394 -4.57255214395434 -13.6650321257305 1.2925399606856978 -2.9736264377847177
264 2376 0.12809197126260882 0 0.0012406470307536712 -0.17402875770897677 3.1145856460390853 -4.5761082476759105 -13.413724267857281 1.2900761559514253 -2.9733326191849367
265 2385 0.11892598667945313 0 0.0012406687623708534 -0.1643344924879374 3.1240508068348505 -4.578830483522897 -13.425437614354585 1.2883035738612236 -2.973271813343851
266 2394 0.10845692966294397 0 0.0012406328747438695 -0.17396685775687998 3.1147785363809013 -4.575562718712213 -13.558479071589906 1.2902567078124565 -2.973674433203381
267 2403 0.1063466627413286 0 0.0012406356959289364 -0.16787997133676927 3.1206723920779034 -4.5784517854788955 -14.07841443091845 1.288503147320492 -2.973869731352363
268 2412 0.10593837900044481 0 0.0012406470689979427 -0.1982011913181837 3.091773262656451 -4.575745493890492 -13.22360638467894 1.2916292430525291 -2.973308919766431
269 2421 0.10032102183927138 0 0.0012405527509092562 -0.19363995176568524 3.095887869828062 -4.576347758536253 -13.571298758673736 1.2904357198502039 -2.973430962160213
270 2430 0.09812591025434357 0 0.001240585801178077 -0.21463503757562377 3.075932401833912 -4.571504066730187 -13.62153908688868 1.2934501641879417 -2.974188025752371
271 2439 0.09154770598548038 0 0.0012405663021459053 -0.19430986817237958 3.0952500767283504 -4.573771048893656 -14.069779207871079 1.2915340943542943 -2.973877077595791
272 2448 0.0870587385083286 0 0.0012405775874172785 -0.1901662081007425 3.099307854528108 -4.574012089168307 -13.74504075130956 1.291431062814775 -2.973592261417566
273 2457 0.07788567916822654 0 0.0012405654843611843 -0.1938134730646319 3.0957375878669637 -4.573671784998602 -13.910726131819313 1.2916048421729476 -2.973618224997544
274 2466 0.08014415919838194 0 0.0012405461767903434 -0.19959626543519962 3.090372865101486 -4.573267638093638 -13.89414317181397 1.292223391856693 -2.973617660132707
275 2475 0.07436752535998092 0 0.0012405552047011917 -0.1829113947400119 3.106229156043695 -4.576218002662784 -14.166702114483803 1.2901166343600825 -2.973070341906226
276 2484 0.0713666292043077 0 0.001240524150318168 -0.19591520463798107 3.0938232124137297 -4.574847932433801 -14.021543118884198 1.2913863644067978 -2.9732343391999922
277 2493 0.09599008349200729 0 0.0012404833937493217 -0.21549633013052055 3.074992149743079 -4.572985514071366 -14.421897432900241 1.2929986989608255 -2.972957211469512
278 2502 0.10336575961861712 0 0.0012404835094969378 -0.21929290788433145 3.0714136836866883 -4.572093795347239 -14.544304184518845 1.2935579664571277 -2.9729646463190442
279 2511 0.10317739772137885 0 0.0012405174868924734 -0.19713938645990275 3.092769392135103 -4.573443610751577 -14.644784078287142 1.2920661019914577 -2.9731737884032348
280 2520 0.09434983710294859 0 0.0012404941743996986 -0.20720859178444678 3.0832989977612653 -4.572962228911058 -14.518029266881472 1.2927380995564723 -2.9729579106364183
281 2529 0.0871519999232396 0 0.001240496320740032 -0.20424386163329833 3.0859943936464176 -4.574733482976443 -14.49109684775752 1.291905284530899 -2.9726862520760955
282 2538 0.07924558773923358 0 0.0012404939404948383 -0.20429765185406315 3.085975309496387 -4.573772521174284 -14.829048286872098 1.2924542427611796 -2.9732091581736655
283 2547 0.07635823908381711 0 0.0012404860152011132 -0.2044578454494989 3.085865994823975 -4.574149062353222 -14.786005713660604 1.2920932716147242 -2.9727261426068807
284 2556 0.08043050117813867 0 0.0012404867178569421 -0.2144080452142078 3.0765493912133888 -4.571777044683935 -14.985799881986312 1.2936273754314747 -2.9728332123183634
285 2565 0.08371144318858607 0 0.0012404789129462314 -0.20974508165930872 3.080806699609199 -4.5726995746011205 -15.072545141031354 1.2928272579112752 -2.9732512698163216
286 2574 0.08383175045937215 0 0.001240489235546088 -0.20417324413179427 3.0863061467858954 -4.572926339957489 -15.207290248356452 1.2926531835401525 -2.973131085341675
287 2583 0.07609205006688559 0 0.0012404769488905168 -0.2037622356428204 3.086576298478168 -4.5734764014719325 -15.458355863905474 1.2923235521408827 -2.973272236413242
288 2592 0.07300181240543153 0 0.0012404808389800954 -0.20269262338572394 3.087824504640826 -4.573261740131547 -15.439850474073836 1.2925798524157797 -2.973143110462116
289 2601 0.06554940070134588 0 0.0012404711391387833 -0.20946035055753726 3.081197023685888 -4.573015713244966 -15.308331898801818 1.29279823056404 -2.972901387508147
290 2610 0.06190582071128458 0 0.0012404721129003283 -0.20086378532570373 3.089247126130258 -4.574853841154765 -15.495678856474166 1.291587254721273 -2.972969572712544
291 2619 0.05680129695658211 0 0.0012404669114028566 -0.20600159371877272 3.084293707203724 -4.5737641848912585 -15.375556672298993 1.292260752472493 -2.9730923984193915
292 2628 0.06457016811404974 0 0.0012404672771038792 -0.2170848833277402 3.0736652961804976 -4.572137988895287 -15.17589176326141 1.2933943800608187 -2.9729267565004545
293 2637 0.06785115747196924 0 0.0012404603952481056 -0.21689109246025273 3.0736285390811275 -4.572553850719099 -15.149813343199671 1.2930521610277514 -2.9730114029397137
294 2646 0.06082976012120779 0 0.0012404637925018279 -0.20590204260471856 3.084335866533576 -4.5744900744391055 -15.141269427956136 1.2919185763365795 -2.9730180405016915
295 2655 0.05331353643869815 0 0.0012404569752170734 -0.21635018278900892 3.074345267037339 -4.572375789100497 -15.459370556629178 1.2932288989137 -2.9731311434209338
296 2664 0.047486559221848613 0 0.00124045646509525 -0.21279107567265534 3.07781910433995 -4.572940210136738 -15.417221111009091 1.2928610829370848 -2.9733112453132597
297 2673 0.04376407299733479 0 0.0012404544819498197 -0.21206968820965044 3.078430172731638 -4.573249722278385 -15.439416121695027 1.292717625769738 -2.9731869725444895
298 2682 0.045839768522445104 0 0.0012404512854593476 -0.21278516141682038 3.0776585634926747 -4.573353658485037 -15.474549574902 1.292564539009904 -2.9731127166779996
299 2691 0.057315809879487915 0 0.0012404534990859237 -0.20797539360285366 3.0822710733215324 -4.574209511519251 -15.724783209006588 1.2919671691910326 -2.9734307820136197
300 2700 0.06576763472493699 0 0.0012404463209622582 -0.21150734465127136 3.078776911983781 -4.573957799751767 -15.621912822559668 1.2921550506647181 -2.9734063148852354
301 2709 0.06859740007236903 0 0.0012404459254250124 -0.20963723827437192 3.0804620482933167 -4.574422037762014 -15.719115836798602 1.2918559247497872 -2.9732076929007154
302 2718 0.06317021595607372 0 0.0012404513738134182 -0.21028509922440855 3.0800209849136686 -4.573727636417617 -15.834321429041166 1.2922284924785357 -2.973318037585665
303 2727 0.06319874608899527 0 0.0012404435007868603 -0.21121858329778745 3.0791133085594544 -4.574019810982693 -16.018393749570162 1.292186282830368 -2.9730391566659224
304 2736 0.06724330843054806 0 0.0012404502627194115 -0.21009232567816835 3.0801883325778383 -4.573975918754495 -16.23243695870298 1.292068122374328 -2.973004616003366
305 2745 0.07015340539621155 0 0.00124044792596245 -0.2194740028836892 3.07124942915089 -4.572060658963552 -16.416243219422498 1.2934285803456151 -2.9732372261493003
306 2754 0.06922584847811762 0 0.0012404484863874471 -0.20977657479740042 3.0804659435959283 -4.573805211300361 -16.209870383208433 1.292224961239173 -2.9731976257262303
307 2763 0.07229734103789112 0 0.0012404445401881202 -0.2120228362005459 3.078286927065736 -4.5736262098509135 -16.351878291739894 1.292435134064119 -2.9732431074412466
308 2772 0.0713746716770529 0 0.0012404463649001113 -0.2103210879220901 3.0798449012074247 -4.573938825959452 -16.352281080797386 1.292163101660108 -2.9731377260757634
309 2781 0.06621444610694469 0 0.0012404418198656507 -0.21660681565530537 3.0738731203161533 -4.572794722316448 -16.758183354956724 1.2928727529472241 -2.97327986102059
310 2790 0.05980300565692955 0 0.0012404426745178641 -0.21451535546988568 3.0758675555287716 -4.573177409567935 -16.479452524464975 1.2926264557402245 -2.973352276757743
311 2799 0.055615685367758266 0 0.0012404428662146495 -0.21644964565775698 3.0740610239355477 -4.572809672740319 -16.618141976579874 1.2929650769387273 -2.973319398442454
312 2808 0.050518513386662425 0 0.0012404420096375516 -0.2121659513891293 3.0781977577140607 -4.57359176328256 -16.693366868281174 1.2924736880689407 -2.973272260067603
313 2817 0.051512321349500255 0 0.0012404405831193289 -0.21428399228753303 3.076168245082981 -4.573170646034408 -17.0365317626929 1.2927130470753587 -2.973233611524435
314 2826 0.04737701753586025 0 0.0012404398031287782 -0.21451462616755873 3.075871523601945 -4.573237664770176 -16.898875109564088 1.2926289928819272 -2.973267278349421
315 2835 0.04822102804896494 0 0.0012404385347658474 -0.21177221100291285 3.078507761783087 -4.573875059340864 -17.1338146338392 1.2922665878858486 -2.9732165918559814
316 2844 0.05189359015323282 0 0.0012403309561197055 -0.21264582795759335 3.077558486819516 -4.5738489216385085 -17.2694467023675 1.2922257243575208 -2.973320190440399
317 2853 0.05191007977397448 0 0.0012404375000515599 -0.21184063968250086 3.0784116032565696 -4.573904279836695 -17.406054502624638 1.2922248473459372 -2.973198436238004
318 2862 0.057771520212782 0 0.0012404356210134223 -0.2121184484205947 3.0781424114692824 -4.574068701642032 -17.352433831526465 1.2921476628605648 -2.97308324490783
319 2871 0.0529462338205867 0 0.0012404342532850987 -0.21428300680189677 3.076060848882285 -4.57362801482474 -17.370029769069124 1.2924363389633602 -2.973153505474104
320 2880 0.052653898844447794 0 0.001240435199163591 -0.2143580463031756 3.076048342709357 -4.573538832792412 -17.609386577375425 1.2925132296052277 -2.973064293408929
321 2889 0.05392075507093472 0 0.0012404387964597271 -0.2154399785971318 3.0750279945898744 -4.573102299365778 -17.493212125483424 1.292756287373299 -2.9730809260193296
322 2898 0.052139554774872324 0 0.0012404393966313875 -0.21229218233938588 3.0780646529330746 -4.573693896248562 -17.91180555890516 1.2924009116088775 -2.97304709545055
323 2907 0.047186161643340926 0 0.00124043856154023 -0.21427997931683487 3.0762046047618057 -4.573301485837871 -17.652904641231018 1.2927010701239137 -2.97308078655783
324 2916 0.04376094610987277 0 0.0012404372339204666 -0.21329267485893613 3.0770947480213318 -4.573564879552106 -18.104182889825235 1.2924565579425502 -2.973077651311375
325 2925 0.04973288327861829 0 0.001240437675583047 -0.21114472610278714 3.0791480220352763 -4.57406921833841 -18.14642682908034 1.2921120640345356 -2.9730721588713607
326 2934 0.048266371249832386 0 0.0012404381418252286 -0.21511523413681516 3.0753583823588753 -4.573179248677801 -17.870872069301008 1.2926438901791728 -2.9731011747816356
327 2943 0.045560709321283414 0 0.0012404376194883435 -0.21599141418670764 3.0745282032391663 -4.5729909338655705 -17.765397087413497 1.2927794704299196 -2.973171185228346
328 2952 0.05013670458678354 0 0.0012404397890956316 -0.21188770302230403 3.0784093584419083 -4.573829807403635 -17.92650967517676 1.2921669526763735 -2.973187352973783
329 2961 0.05615718437105729 0 0.0012403319758003267 -0.21525790282860746 3.0750862485192707 -4.573637162849892 -18.21186841605578 1.2923081908012375 -2.9730263809121538
330 2970 0.059082511954156765 0 0.0012403738034384624 -0.21415552633873208 3.0761308238647067 -4.573747261655405 -17.68951272632199 1.2922793453516919 -2.973148603853312
331 2979 0.05415465253284168 0 0.0012404413491088578 -0.20956254788313342 3.0805815054142363 -4.574272758630758 -18.042474741242085 1.2918687049610453 -2.973161080110974
332 2988 0.05278642966977655 0 0.0012404389837289253 -0.21177931378187712 3.078500388453791 -4.573811721405018 -17.797461610608362 1.29220394834162 -2.973193496371061
333 2997 0.05941897374402852 0 0.0012404376270590829 -0.21261221715595746 3.0778067857865468 -4.5735856642952735 -17.43360183165806 1.2924570875495134 -2.9732676679121406
334 3006 0.057635903311026145 0 0.0012404389899871796 -0.21208869184134269 3.0782705144254923 -4.573709536576386 -17.213340190919652 1.2923377089361425 -2.973172153999591
335 3015 0.05449042472140287 0 0.001240435507580107 -0.21101690283809948 3.079156877947975 -4.57433458440573 -17.4103303611206 1.2919333608262134 -2.973171196507156
336 3024 0.05185762376870542 0 0.0012404360385599273 -0.21145501672538827 3.0788286796106923 -4.574058127690564 -17.610742114458688 1.2921173824768748 -2.9732293026917422
337 3033 0.04713808164457062 0 0.0012404360788117739 -0.21199402114812388 3.0782546658881946 -4.5740377767871765 -17.24050034312371 1.2921496957323022 -2.973132391551055
338 3042 0.042752824430979254 0 0.0012404356622886803 -0.2119137573767164 3.078330386735958 -4.5741412581016165 -17.605984555040305 1.2920602233923373 -2.9730639967787917
339 3051 0.03585050014699176 0 0.0012404355290554312 -0.2115807912204278 3.0786644118836555 -4.574183881460372 -17.591795164155027 1.2920331013740722 -2.9731083234721596
340 3060 0.03852309196900761 0 0.0012404343139839845 -0.2123079261087594 3.0779448601314545 -4.5740443710933105 -17.877607607808283 1.2921811701038484 -2.973178668772369
341 3069 0.04328431217552632 0 0.0012404341320121932 -0.21183017010530192 3.0784456358642562 -4.574113622651844 -17.980476121607573 1.2920804851811136 -2.973211899451422
342 3078 0.056428855036470854 0 0.0012404342931951486 -0.21133356677277645 3.07890310917893 -4.574284952441 -18.683575597604733 1.291970426382035 -2.973122418222944
343 3087 0.06525127847423658 0 0.001240435088453085 -0.21098327198483802 3.079220619103183 -4.574260845954461 -18.29264487275361 1.2919857328832218 -2.9733495028442154
344 3096 0.06138767552027712 0 0.001240438362116414 -0.2106077283408001 3.079601233365378 -4.574173164265375 -17.399429314660807 1.2919971183427175 -2.973322151386365
345 3105 0.062594804812622 0 0.0012404358982379886 -0.21118814108096162 3.0790031726729867 -4.574195547826577 -17.999958524000903 1.2919796900408935 -2.973333675556474
346 3114 0.06009417123520123 0 0.0012404346571132825 -0.21225593101082418 3.0780457075739798 -4.57390666604948 -18.31972956303866 1.2922457781508416 -2.9731925332104474
347 3123 0.05574698915482735 0 0.0012404340363773377 -0.2123664600276837 3.0778891444134597 -4.574015298054451 -17.730979990413378 1.292185237258073 -2.973256562343379
348 3132 0.052302624667967354 0 0.0012404331100471745 -0.2122395566259631 3.077991134278118 -4.574183091845596 -17.549405187315124 1.29210022432538 -2.9731922588087514
349 3141 0.04913739218180161 0 0.0012404334319061653 -0.21255232245235692 3.077699562308682 -4.573997472691049 -17.74268493227622 1.292159234425168 -2.973233131494017
350 3150 0.045168799806218865 0 0.001240433244604304 -0.21230823979557958 3.0779287765897267 -4.57414167629543 -17.563623418832496 1.292064480378299 -2.973172889892436
351 3159 0.039798276332483166 0 0.001240433069148376 -0.21362857136309432 3.0766840863553737 -4.573778146891413 -17.688965169725407 1.2923272949973705 -2.9732709923710323
352 3168 0.03240703961695494 0 0.0012404331754948313 -0.21353049918012848 3.076803619071425 -4.573770211186964 -17.711214837094914 1.2923436887540685 -2.9732007065869164
353 3177 0.030985033540499442 0 0.001240433011989658 -0.2127578537943558 3.077513815130941 -4.573994752477798 -18.067936623970247 1.2922016620930488 -2.9731699564079217
354 3186 0.029276010731400477 0 0.0012404321864200696 -0.21276776955461543 3.077514915291336 -4.5740273354488865 -17.784241770361245 1.292165042280686 -2.9732154495011085
355 3195 0.02766462392786532 0 0.0012404322529307196 -0.2125841736919344 3.077666169882979 -4.574116659135378 -17.957228576108843 1.2921234932437742 -2.9731603508734223
356 3204 0.026512277900588098 0 0.0012404324788414748 -0.21297536221674096 3.0773078352816166 -4.573993600846655 -18.13019162658115 1.2921868121349274 -2.9731206259290155
357 3213 0.027251249720158004 0 0.001240432923588083 -0.21245446282751843 3.077809143865129 -4.57407811826565 -17.89575526604062 1.2921563524374897 -2.9731955717612872
358 3222 0.02482789790372979 0 0.0012404327374487037 -0.2126243812715938 3.0776670173366605 -4.573989618801185 -18.18054548696006 1.2921927783684601 -2.9732039513217567
359 3231 0.022337994280509893 0 0.0012404331973949192 -0.21224866006630908 3.0779992747281724 -4.574100431485553 -18.060621600085867 1.2921336604237155 -2.9732008751475463
360 3240 0.020130321093617943 0 0.0012404327045734689 -0.212532064239136 3.077748546223736 -4.574029075422844 -18.073650299504088 1.2921506053216096 -2.973229457794844
361 3249 0.01915710817461872 0 0.0012404323579531026 -0.21238642412149425 3.0778679933020268 -4.574113046015506 -18.130779521419722 1.2921277490115193 -2.9732157653746016
362 3258 0.020579991462993774 0 0.0012404321702983207 -0.2121535779578807 3.0780868082864816 -4.574173754671489 -18.220408051121286 1.2920689609012304 -2.9732268196976186
363 3267 0.022885189565347238 0 0.0012404321907571448 -0.21204215098218793 3.0781793892341627 -4.574232720333576 -18.255230411504403 1.2920410289145219 -2.973203672829125
364 3276 0.024968474681356847 0 0.001240432520429506 -0.21253587973713112 3.077723127190248 -4.5740755924600025 -18.40864198659137 1.292137103388981 -2.9731453958740657
365 3285 0.0233574775113068 0 0.0012404321479207738 -0.21246307810228826 3.0777900142057146 -4.574112063690926 -18.369630874591746 1.2921154622630446 -2.9731756645461807
366 3294 0.022630974351049788 0 0.0012404318237835802 -0.21306255029918902 3.077224858161796 -4.573953354783362 -18.222694236876173 1.292205412179962 -2.9732368397121602
367 3303 0.022876649859373214 0 0.0012404313197159763 -0.21313514499697553 3.0771463694166146 -4.573987645056795 -18.257760224954186 1.2921930248502471 -2.973199163730589
368 3312 0.0217119956676664 0 0.0012404319063828162 -0.21264963539451995 3.0776040761199273 -4.574093661398898 -18.552663804653605 1.292119650885797 -2.9731578152222613
369 3321 0.022206737467858065 0 0.0012404318283042747 -0.21341365119677108 3.076894714861765 -4.573885437042213 -18.723476095183045 1.2922835599997042 -2.973166861832947
370 3330 0.02211767833570505 0 0.0012404315353784089 -0.21349760534091972 3.0768132800225056 -4.5738745499350575 -18.634840751136004 1.2922763602027163 -2.9731746913954837
371 3339 0.018824234919182798 0 0.0012404315827699486 -0.21296126867071402 3.0773106606732017 -4.574032127885767 -18.618230714750016 1.2921836464281002 -2.9731615698085854
372 3348 0.01602908400732813 0 0.0012404316628787976 -0.21293434097327466 3.077339775173021 -4.574020056792171 -18.424057479991433 1.292182447708974 -2.9731800373103234
373 3357 0.013994423539058035 0 0.0012404315826199277 -0.21313498022365923 3.077151183715998 -4.573963480958485 -18.651167638967184 1.2922178674737994 -2.9731832942023044
374 3366 0.012784466199258477 0 0.0012404315638434252 -0.21307576216932145 3.0772014827331957 -4.573998315150987 -18.55520950133273 1.292202736582799 -2.9731838935969015
375 3375 0.011643144902420044 0 0.0012404315274116148 -0.21281463366448666 3.0774489571842465 -4.574065183084196 -18.600175818127564 1.2921669726151785 -2.9731970697617385
376 3384 0.010141196958438577 0 0.0012404314820791788 -0.21304285273106244 3.0772328856587388 -4.574009641817926 -18.530981718409308 1.2921904898769156 -2.9731840899090103
377 3393 0.010342815891522913 0 0.001240431594482935 -0.21304319267567784 3.0772331261905705 -4.57401032878276 -18.47095297616538 1.2921966062735366 -2.9731682581584393
378 3402 0.009886222730057988 0 0.001240431417614256 -0.2130654716193302 3.077214837504806 -4.5740017494944425 -18.534500270937556 1.2921934662235668 -2.9731722007138113
379 3411 0.008147722842866127 0 0.0012404312266009563 -0.21306290062463393 3.077214774031551 -4.574009664085083 -18.545819083071148 1.2921962421638649 -2.973195020508722
380 3420 0.007982197452385655 0 0.0012404314516442456 -0.2132066340455759 3.077076961867923 -4.57396963904612 -18.528741245206902 1.2922196554626983 -2.9731834560989885
381 3429 0.007215458106720436 0 0.00124043153328451 -0.21310023436627337 3.077178138803231 -4.573996676846173 -18.561117430091315 1.2922061421910809 -2.973176614479278
382 3438 0.006846003183432927 0 0.0012404314923224766 -0.21304499705288188 3.077229399221202 -4.574008690014163 -18.55249842949802 1.2921998249362932 -2.9731819785711213
383 3447 0.0071597267267090375 0 0.0012404315739549619 -0.2130966929540949 3.077179957959142 -4.573998372393874 -18.52840693366953 1.2922015575342536 -2.97316538808631
384 3456 0.006852636130843765 0 0.001240431555066901 -0.21299332865445278 3.0772792576000225 -4.574021694081018 -18.525977601656074 1.2921838621815895 -2.9731698570638243
385 3465 0.005831902983755849 0 0.001240431482327097 -0.2130322923561173 3.077241000576314 -4.5740155056402845 -18.49963532838718 1.2921922568435222 -2.9731864491635793
386 3474 0.00571987371437342 0 0.001240431347517887 -0.21311410517955323 3.0771648823702655 -4.573997729330167 -18.571666993233002 1.2922043215857475 -2.973181145989393
387 3483 0.004972920805472795 0 0.0012404314790449178 -0.2129603446721114 3.077312419009439 -4.5740249510605455 -18.593429879711667 1.292184625634179 -2.9731716715042547
388 3492 0.004891679237474003 0 0.0012404314723051136 -0.21301775600184744 3.077256466389419 -4.574013933395908 -18.5738748922717 1.2921912285994859 -2.9731882214387544
389 3501 0.005097886011103877 0 0.001240431421559323 -0.21310778572056482 3.077169228688912 -4.574000863198996 -18.60631863664441 1.2922013703523207 -2.9731764845560407
390 3510 0.00501260725620021 0 0.0012404314101188269 -0.2131205896384364 3.0771576932603883 -4.573994794254171 -18.581286323081557 1.2922024158240746 -2.9731802533800784
391 3519 0.005015725196417772 0 0.0012404313900962335 -0.21305286283174057 3.0772213463348197 -4.574008139106345 -18.59822056694717 1.2921957630343164 -2.97318618612412
392 3528 0.004690275319756306 0 0.0012404314439624737 -0.21304871334975983 3.0772251185535446 -4.574009876770391 -18.611427570855327 1.2921962238824503 -2.9731802485906433
393 3537 0.004892772169250197 0 0.001240431492625451 -0.21299950062140038 3.07727281827412 -4.574018293427259 -18.632541596686174 1.292188606283287 -2.973178850701744
394 3546 0.005573431983838918 0 0.0012404317099727995 -0.2129361999962507 3.077333094392879 -4.5740256070769405 -18.565585036588043 1.2921827582345429 -2.9731835818238115
395 3555 0.0055739184360554615 0 0.0012404316149972436 -0.2130517598909678 3.077222616486933 -4.573999741220911 -18.540233786576806 1.292201336663536 -2.9731855923561876
396 3564 0.005273185869792703 0 0.0012404317490406131 -0.21293850529318079 3.0773301819180876 -4.574026478169911 -18.581652141323577 1.2921859652550458 -2.9731774086153275
397 3573 0.0049109710277416875 0 0.0012404315541065475 -0.21292989321980071 3.077337448756852 -4.574034371591903 -18.587143636964207 1.2921810303559338 -2.9731850586473074
398 3582 0.005545144005876471 0 0.0012404315286588957 -0.21288429568916387 3.077381733221605 -4.574039428241137 -18.590450874695147 1.2921784510558085 -2.9731970951048416
399 3591 0.0060167208412179275 0 0.0012404315116815328 -0.21288072178549178 3.077384758587633 -4.5740470158257605 -18.60438623055139 1.2921716775894923 -2.973199727854239
400 3600 0.007616395732161459 0 0.0012404315179422528 -0.21282192256177734 3.077440116527125 -4.574056583760003 -18.52711733847382 1.2921648320535262 -2.973223036866434
401 3609 0.008660734770382558 0 0.0012404315374214033 -0.21280288022877503 3.077458090349586 -4.5740518434825495 -18.430216371587044 1.2921632650778423 -2.973234951629747
402 3618 0.009639456823934587 0 0.0012404317901587223 -0.21276266066220412 3.0774962591942234 -4.574062142047675 -18.457382140949964 1.2921665572116654 -2.9732268873446763
403 3627 0.009988921777660205 0 0.001240431649107226 -0.21274490860768894 3.077512936965905 -4.5740668814936045 -18.457649132134247 1.2921591193124324 -2.973234090024073
404 3636 0.010036319948865734 0 0.0012404315739999367 -0.21288534688823868 3.0773820938798204 -4.574031285879069 -18.462298986321645 1.292183681386361 -2.9732280720123243
405 3645 0.011583816256754831 0 0.0012404315882538562 -0.2128611915119581 3.077404546219861 -4.574044082007976 -18.427233328697778 1.2921826669440453 -2.9732571132924246
406 3654 0.011539666975098723 0 0.001240431720156569 -0.2128592101247823 3.0774077871152206 -4.574024223245805 -18.464715087931776 1.2921859270676859 -2.973265520101487
407 3663 0.010604817924819224 0 0.0012404318206026732 -0.21273332138863887 3.077525341438592 -4.574064231821169 -18.399272451401423 1.2921649014434162 -2.9732512435712364
408 3672 0.012234683274184747 0 0.001240431602398569 -0.21323743892039565 3.0770499781861522 -4.573941586863273 -18.479778368512914 1.2922402270006383 -2.9732235874415194
409 3681 0.012548533990011016 0 0.0012404315380198975 -0.2130658731609846 3.0772109282402096 -4.573985710245683 -18.584343267275383 1.2922165245433879 -2.973240515207013
410 3690 0.013177859195865987 0 0.001240431461600406 -0.21313710153375312 3.0771449968277595 -4.573979183080942 -18.677699612640293 1.2922198348938128 -2.9731925290731382
411 3699 0.012848513820103354 0 0.0012404315398348526 -0.21299159975133194 3.0772803684945167 -4.574009885544712 -18.682200257957444 1.2922003542705056 -2.973202598270101
412 3708 0.011459567244896005 0 0.0012404316493037821 -0.21290071901569418 3.077365462540472 -4.574036199926037 -18.518481147837498 1.2921864931711564 -2.9732251922380333
413 3717 0.0103298825496188 0 0.0012404315396364251 -0.2129864728476527 3.0772871766505965 -4.57400485525426 -18.61456526672173 1.2921998434906263 -2.9732363596631544
414 3726 0.010845101804968383 0 0.0012404313731726113 -0.2131138614336099 3.0771656628700614 -4.573987141843089 -18.6893717327101 1.292211757598605 -2.9732109208333006
415 3735 0.012472848539454533 0 0.0012404312529135705 -0.21301847035259258 3.07725512875518 -4.5740063237577555 -18.714150082245535 1.2921985558448696 -2.9732476742410796
416 3744 0.013753446673887885 0 0.001240431261170107 -0.21297354663937526 3.0772980226119686 -4.57401809801385 -18.734581421276484 1.292189693433779 -2.973253632660277
417 3753 0.013173627819408984 0 0.0012404311437350267 -0.21294136606569275 3.0773275348124636 -4.574035058414596 -18.753682085379815 1.2921800998014479 -2.973243932231685
418 3762 0.012657491689678991 0 0.001240431159885417 -0.21301057922683717 3.0772610054815557 -4.574018495634041 -18.813677871455422 1.2921886579249309 -2.9732330882039597
419 3771 0.011669653327686226 0 0.0012404311539159923 -0.21300557351531996 3.0772670092159675 -4.574014312983905 -18.857760825097547 1.2921867968094125 -2.9732281563322625
420 3780 0.010514903637987709 0 0.001240431212858145 -0.21286193300232 3.077401727529497 -4.574047316943249 -18.79077354398993 1.2921609935674283 -2.973240538842502
421 3789 0.01168189864606387 0 0.0012407625979880387 -0.2131130656138759 3.077165556668848 -4.573999264160103 -18.900496402790893 1.2922026426834035 -2.9732373276410993
422 3798 0.012020853968816516 0 0.0012404309695681491 -0.21304731008414324 3.077228571950137 -4.574003659192358 -18.885444513155228 1.2921902549020705 -2.97324945171644
423 3807 0.011762858574855166 0 0.0012404310182205615 -0.2130769881911103 3.077200600186227 -4.57399798126991 -18.91366924750467 1.2922008522555335 -2.9732646259923032
424 3816 0.013617249606399139 0 0.0012407621284033332 -0.21331929632435642 3.0769710001927257 -4.573964965265304 -18.98486850588046 1.2922206050397542 -2.9732171986792433
425 3825 0.015920821354447924 0 0.001240762018636047 -0.21316064952539704 3.0771189678303914 -4.574007921443033 -19.016044852682633 1.2921948556359197 -2.973256440561783
426 3834 0.01994515686013464 0 0.0012407615546112093 -0.2132824903999619 3.0770062374254445 -4.573984372515742 -19.343169678277587 1.2922000362321147 -2.9732625441137035
427 3843 0.020828428915826258 0 0.001240761360023903 -0.2133986379765541 3.0768956626721775 -4.5739666957098954 -19.355947491807918 1.2922127758378408 -2.973239285358113
428 3852 0.02062231233336197 0 0.0012407613839889276 -0.2134240531012992 3.07687010445385 -4.5739721761690975 -19.44847029756759 1.2922098862598732 -2.973211686906678
429 3861 0.020852810454180935 0 0.0012407613848644634 -0.21334547458533343 3.076946922264598 -4.57397521406303 -19.538733962692937 1.2921970691262596 -2.973221127236624
430 3870 0.021567337072450354 0 0.0012407608412257135 -0.21364996062419067 3.076657202916718 -4.573922990121259 -19.63154217689408 1.2922320986495734 -2.9732700253215016
431 3879 0.021282852648383043 0 0.0012404309964115193 -0.2130181367833156 3.0772598567992637 -4.574006525767833 -19.058539141816993 1.2921820436740659 -2.9732104996430864
432 3888 0.019656430249944908 0 0.0012407607689590907 -0.2135566867579688 3.0767470416331313 -4.5739437745958 -19.63545892468098 1.292215324108028 -2.9732513645969316
433 3897 0.02189353882476042 0 0.0012407602175530472 -0.2136610997809771 3.0766459463632128 -4.573954951920677 -19.931356458890495 1.2922187733545643 -2.9732844723657297
434 3906 0.022806465444323448 0 0.001240759998667121 -0.21384303602876653 3.0764752663539907 -4.573918221950171 -20.04899750635671 1.2922388012091328 -2.973282267833467
435 3915 0.026722570125960507 0 0.0012407593119324865 -0.2139761988171838 3.0763485103092605 -4.573919276464761 -20.37314058597496 1.2922359001958157 -2.973261157595352
436 3924 0.02945718214592936 0 0.0012407584780387737 -0.21455897432527485 3.075796005242453 -4.573828440928347 -20.929100003404617 1.2922979037329647 -2.9733486120379364
437 3933 0.035176395882014974 0 0.0012407579565517305 -0.21479271029144648 3.0755749067586224 -4.573801890470667 -21.0602783167057 1.2923190312160813 -2.973353693757319
438 3942 0.041900976434768485 0 0.0012407579654146951 -0.21486980430882727 3.075504175403531 -4.573780302973132 -20.966237465537937 1.2923413909293282 -2.97327418429378
439 3951 0.04969934727705222 0 0.0012407560687680659 -0.21563750239819587 3.074775596165616 -4.573707665517452 -22.09801573569413 1.2923832816877685 -2.973340521804127
440 3960 0.0593260534140879 0 0.0012407543222423415 -0.21689815687601396 3.0735833225327043 -4.573525602056359 -23.381768934107722 1.2925148111892895 -2.97337268124267
441 3969 0.07263283846228544 0 0.0012407535171539402 -0.21783677007409055 3.072698035991238 -4.573423906709351 -24.717854513621074 1.2925758256973405 -2.973456712039992
442 3978 0.08519743376215042 0 0.0012407535694190603 -0.21813308346596377 3.072424641058119 -4.57330331407765 -24.173561927780906 1.2926560209819786 -2.9733809467100802
443 3987 0.10193910741328532 0 0.0012407518017958957 -0.2197272816205986 3.0709224324988385 -4.573029764028752 -24.948529586052256 1.2928879750995623 -2.973343893154659
444 3996 0.10610412943707262 0 0.0012407498569957458 -0.22037992210075935 3.0702942423223227 -4.573046531746435 -26.38247788851939 1.2928406486032213 -2.973319111937158
445 4005 0.1133154408923012 0 0.0012407478855611257 -0.22219738589248453 3.068570660322691 -4.572808551110066 -28.460010616893573 1.2930162897794808 -2.973243807936419
446 4014 0.13096105098581662 0 0.001240745334624876 -0.22343417996554843 3.067402928591875 -4.572628644789958 -29.058562597859876 1.2932002496702701 -2.973265112437273
447 4023 0.13913761587268308 0 0.001240744221165836 -0.22342157860782838 3.0674139633569824 -4.572689730749818 -28.946388365988458 1.2931642627492097 -2.973358251526307
448 4032 0.15700100399181766 0 0.001240742429525095 -0.22646744130481217 3.064530851698622 -4.572218645585837 -31.00854708813142 1.293535303700992 -2.9733615156400783
449 4041 0.15197417637142016 0 0.0012407418064782861 -0.2271121524667561 3.0639195439889706 -4.572158987010711 -32.167392786508834 1.2935400067821843 -2.9732868379072386
450 4050 0.1549885839633138 0 0.0012407391108506236 -0.22721759747659007 3.063816134609222 -4.572250042846996 -33.398608660061655 1.2935019690394505 -2.973329836226984
451 4059 0.165517378251456 0 0.0012407369968247934 -0.2264769510117006 3.06451182784716 -4.5725177659509235 -33.80225566788917 1.2933136784265247 -2.973344980104053
452 4068 0.16277941153529923 0 0.0012407386757562675 -0.22383587530840346 3.0670182057570043 -4.572850194622199 -30.53265994021815 1.2931481845993194 -2.973220912794603
453 4077 0.15720863944071822 0 0.0012407377948775603 -0.22672487809954436 3.0642936055256573 -4.572368919374877 -33.76637196049097 1.2934490959244385 -2.9733602843574483
454 4086 0.1431974020263396 0 0.001240737831045179 -0.22395584829423076 3.066904458313197 -4.572891602601959 -31.155740023290743 1.293102830193891 -2.973168093654465
455 4095 0.13732163122567587 0 0.0012407365549350535 -0.22698964926613274 3.064047458371623 -4.572347962621172 -32.85325212116751 1.2934942466451225 -2.973281104266114
456 4104 0.1342845817479068 0 0.0012407341680552909 -0.2265291553650847 3.0644689380239765 -4.57254577131824 -33.44915726494593 1.2933728951682357 -2.9733476811887267
457 4113 0.1782926386396839 0 0.0012407311278526659 -0.22964227972413365 3.0615197817570423 -4.572266801024837 -35.779341095333244 1.293682858677757 -2.9730083258375006
458 4122 0.2044424788945681 0 0.0012407285616266104 -0.22608654385745247 3.0648826607464024 -4.572939234018777 -34.681322745583756 1.2931528910160524 -2.973430364025005
459 4131 0.19809913961907724 0 0.0012407291428583808 -0.2278046637913571 3.0632685493845577 -4.572532854831683 -35.66176629031509 1.2934215995617353 -2.973272214142188
460 4140 0.2138261778530862 0 0.0012407235181598226 -0.23248748398528338 3.058841059641529 -4.572011457949944 -40.71009688248665 1.2938206351479833 -2.9733099704073878
461 4149 0.23198726066969408 0 0.0012407203551017966 -0.23040522950275583 3.0608057244516087 -4.572483371697858 -39.60985571166408 1.2935751793501904 -2.9731346174301927
462 4158 0.26761183049776793 0 0.0012407151613627887 -0.23013554928505506 3.061058196285504 -4.572761312285064 -39.99289559116868 1.293417940386093 -2.97336771108388
463 4167 0.3502033601843073 0 0.0012407069685898165 -0.2351319205410155 3.056326535706293 -4.572220369439971 -44.714512443628074 1.2938641226525354 -2.9732576959021837
464 4176 0.4617533622712977 0 0.0012407028244718907 -0.24160104162020543 3.050213303599759 -4.571407014031948 -49.32218924813411 1.2945773144771808 -2.9730495511597725
465 4185 0.5579490726217226 0 0.0012407042926680686 -0.2389429118322784 3.052732837734933 -4.571696326834494 -46.408966365216585 1.294297405553508 -2.973412482955373
466 4194 0.5608650832026606 0 0.001240702809415256 -0.2372468308968855 3.0543361662045383 -4.572058486313446 -45.09641448303259 1.2940478386093308 -2.973137915828183
467 4203 0.6398893765704998 0 0.0012406949549627995 -0.24888919007582708 3.043339476721997 -4.570607527711301 -55.73039915831752 1.295253842144331 -2.973457361165813
468 4212 0.8348079376845243 0 0.0012406615274474192 -0.2516543258444396 3.040713775527331 -4.571768653373246 -63.358351099218524 1.2948651823041488 -2.9736587323293353
469 4221 0.9410376007079049 0 0.0012406595734258767 -0.25676315986486864 3.035884802154506 -4.5708846975351625 -66.8515653880933 1.2955554871621768 -2.9732120791142562
470 4230 1.1362083045756222 0 0.0012406572530894407 -0.25552071595001935 3.037075169287097 -4.5716971560931485 -71.26351084461417 1.2948399967274014 -2.9733549865011826
471 4239 1.2083010771333624 0 0.001240663327281514 -0.27369597780611715 3.019903977161114 -4.56902662866487 -84.35566429276788 1.2968743443408641 -2.973153664039653
472 4248 1.0947200269739368 0 0.0012406549720377616 -0.24756687848081957 3.0445863676208105 -4.572973967524084 -61.93871047566038 1.2941819657736544 -2.9735528545227945
473 4257 1.1554087985834107 0 0.0012406350723530718 -0.28041504217043095 3.0135758499949357 -4.569255228739844 -95.26647330853542 1.297185106524703 -2.973749376605684
474 4266 1.056870618018652 0 0.0012406570552486364 -0.2734628025829707 3.020149330875652 -4.568998619434956 -83.06894299395202 1.296991854619179 -2.9731094041238766
475 4275 1.0879940084556667 0 0.0012406233509693948 -0.2653700641902738 3.0277899258612035 -4.572016959307594 -86.12832271960087 1.2953106647543715 -2.973787054615656
476 4284 1.2023501644124324 0 0.0012406058088539336 -0.2686502057713518 3.0247018558214807 -4.572000030797345 -90.81418512271044 1.2954851253766104 -2.9734277113700225
477 4293 1.096506103105519 0 0.0012406116192934988 -0.2719448363220195 3.021531742319759 -4.570986777620569 -90.76559339344297 1.2960768894743813 -2.973517189612893
478 4302 1.0564148017978439 0 0.001240594658718096 -0.27921884171482586 3.014694134163512 -4.571454127940763 -100.02480896715157 1.2962141321466785 -2.973725492171431
479 4311 0.8912805750743609 0 0.0012406063076720116 -0.2822317310292887 3.0118528738265704 -4.56981071927685 -99.67158289137834 1.297185387750283 -2.9732254518736956
480 4320 0.7762631864953763 0 0.0012405978141059343 -0.279454577913899 3.014459843317341 -4.571748616217792 -105.30026521331126 1.2960145754411323 -2.973835054959634
481 4329 0.7347621271050008 0 0.0012405821837376736 -0.28374284731119676 3.0104250705496414 -4.571034655929765 -109.41615872175127 1.296585215923138 -2.973380953835302
482 4338 0.8107606341290582 0 0.0012405743665955232 -0.28684507441089463 3.007501467223976 -4.571228358621483 -113.72190449607722 1.296701602179033 -2.9733266341630986
483 4347 0.8879951031046053 0 0.001240566415415698 -0.2947766602332156 3.000014324491714 -4.570747318618348 -123.08612600716923 1.2972265820366236 -2.9734650995189242
484 4356 0.8369696941633409 0 0.0012405647985418012 -0.2935330594260609 3.0011552447115974 -4.571098590684688 -122.28432962544606 1.2970375865261763 -2.9733979262822428
485 4365 0.7657293753547177 0 0.001240571310912356 -0.2901302867424085 3.0044052891480995 -4.571585480815598 -120.66732361191652 1.2966179263601003 -2.972968700494008
486 4374 0.7443704211832236 0 0.0012405726711686973 -0.30444067724910606 2.9908633172095067 -4.569000445814022 -129.1760174799844 1.298409275527593 -2.9733546319744306
487 4383 0.7294868127624137 0 0.0012405569689071078 -0.30109725546557886 2.9940332469973714 -4.570619907119642 -132.6491499949649 1.297547254742435 -2.973274667790225
488 4392 0.7096152465717842 0 0.0012405573816065686 -0.30552480453930836 2.989858206597222 -4.570237279486181 -136.46973140803613 1.2979031986315337 -2.9735267221185375
489 4401 0.7730080077165805 0 0.0012405490113362523 -0.3121557919823333 2.9836122738546464 -4.57097876927536 -146.56326470976745 1.2979140398297662 -2.9735979206122853
490 4410 0.7664226926246718 0 0.0012405479289148793 -0.3137982095332798 2.982044850297956 -4.570820288310847 -153.35266549305885 1.2979226713088157 -2.9732366809693915
491 4419 0.8858409198002599 0 0.0012405362466672645 -0.32455091432217364 2.971911185884783 -4.5705521189959795 -166.54905091737376 1.2986237931080715 -2.97325712242085
492 4428 0.881220466509869 0 0.0012405448259052573 -0.3155973501267518 2.9803442848287145 -4.571424614732807 -158.56374306177202 1.2977981282247213 -2.9732080899714104
493 4437 0.9398667862785659 0 0.001240540292609994 -0.3280199458175271 2.9686530832291242 -4.570661642248495 -173.13677442634406 1.2987175815671295 -2.973557427409594
494 4446 0.8394016515262206 0 0.0012405360039093184 -0.3243397934583962 2.9721024878290336 -4.570701940159721 -165.69782908156756 1.2986120116310162 -2.9732301702135167
495 4455 0.8039657783695532 0 0.0012405428537415309 -0.3221730785800783 2.9741530844864488 -4.571530068665354 -166.7931663404544 1.298110684906611 -2.9733254570807484
496 4464 0.8688555411907991 0 0.0012400366433599124 -0.34241460256147904 2.955047943475586 -4.571862241159272 -197.88444421362823 1.2989332195707781 -2.973536675966644
497 4473 0.7775950891251319 0 0.0012405398477816616 -0.3284786144009466 2.968226443575129 -4.571095669237292 -172.41702014776902 1.2986526508433596 -2.973425021869707
498 4482 0.6839380896005829 0 0.0012405395034193896 -0.32231503738840117 2.9740175829736035 -4.571117509149323 -165.5610885184207 1.298360232123546 -2.9732761278667263
499 4491 0.6452387079124404 0 0.0012405364990752696 -0.32560799954404973 2.9709331097696494 -4.570477787996555 -168.39520326118776 1.298830962327519 -2.973375057720377
500 4500 0.6530853300124765 0 0.0012405343161721145 -0.32763530190276074 2.96901102436993 -4.569848446277201 -169.37118432904296 1.2991868377208708 -2.9731609378692108
501 4509 0.6161176888794636 0 0.0012405341540493442 -0.3267017673463674 2.9699042164342857 -4.570174029624335 -166.85866834385251 1.298959867654253 -2.9732940309385323
502 4518 0.5925861716579274 0 0.0012405338492510226 -0.3269845838318617 2.9696215793659024 -4.570265252783576 -168.5779185423698 1.2989273024320402 -2.973307424208927
503 4527 0.6061972489419982 0 0.0012405316639135396 -0.333890076868509 2.96311436020208 -4.569506070365452 -174.85046803824935 1.2995898831597703 -2.973395958150174
504 4536 0.5787296923724997 0 0.0012405330753287535 -0.3324768955065249 2.964445409988228 -4.569300293934907 -171.68916084220632 1.299646560984501 -2.973401326516285
505 4545 0.5534538093179032 0 0.0012405315745015444 -0.33582034576430086 2.961303234624862 -4.569310188894563 -175.25007277215119 1.2997821505038902 -2.9734056806183986
