% # columns="iteration, evaluation, sigma, axis ratio, bestever, best, median, worst objective function value, further objective values of best", seed=502487, Thu Nov 30 11:10:38 2023, <python>{}</python>
1 9 1.7350585961697134 1.0000416675347343 0.28674896351761764 2.8674896351761764e-01 1427.8875628929463 15495.410943451343   
2 18 2.0729926330964394 1.1711392981134319 0.17216947266813196 1.7216947266813196e-01 2.664667426357204 7405.362536551769   
3 27 2.1676681439171155 1.383412563843303 0.06208781531165419 6.2087815311654193e-02 0.2776635193225099 270.5813542237812   
4 36 2.211221528279936 1.3950607697469213 0.06208781531165419 6.5484518171522219e-02 0.27125112814710084 206.46710372895706   
5 45 2.311591574308337 1.4755015022854698 0.05369251683962034 5.3692516839620341e-02 0.28480967360661497 17.757171229285447   
6 54 2.2247922142060697 1.6853802284650443 0.05369251683962034 1.3779672022217998e-01 0.28633943802540585 13.31041106806444   
7 63 2.0134483765828635 1.7638726699244243 0.05369251683962034 6.9292394907160743e-02 0.31044435376240354 17800.493500706427   
8 72 1.9463045248970723 1.9586789450913646 0.052779875416463465 5.2779875416463465e-02 0.14034760909114488 9.383527718806741   
9 81 1.8239089043908696 1.971471908973203 0.03914316800242527 3.9143168002425267e-02 0.22056189028734566 77.54573856532109   
10 90 1.7973729168474633 2.2101236909874804 0.03914316800242527 1.6750444367499778e-01 0.30365814187229995 100.4500893487312   
11 99 1.6138566977796427 2.507184350169724 0.03914316800242527 4.6731784928041524e-02 0.18655700427588828 26.644870978138385   
12 108 1.451415733664658 2.704214859555906 0.03914316800242527 4.3497512806348920e-02 0.2300130139214399 207.42877834785855   
13 117 1.2463636483084484 2.926830768450245 0.019406540342662308 1.9406540342662308e-02 0.17499103496248627 0.36122385785539485   
14 126 1.0745153895862445 3.0690293060433773 0.019406540342662308 4.3773603139254512e-02 0.20853207640245083 1.3602322517275938   
15 135 1.1166278714079663 3.2992581965274925 0.019406540342662308 4.9144882997428356e-02 0.14095521599366428 0.2759116161108608   
16 144 1.171042492064448 3.681222788734938 0.019406540342662308 4.9844655362829060e-02 0.06701039190529023 0.2584935507114956   
17 153 1.0878736655993813 3.963623731125789 0.019406540342662308 5.9780815864185266e-02 0.1226666104337402 0.30920169924786417   
18 162 1.2114870688528092 4.211788352423222 0.019406540342662308 4.2092095084911067e-02 0.12414281624672212 0.7149886639921811   
19 171 1.258841530959922 4.412990165568384 0.019406540342662308 2.6926811272824799e-02 0.06206962535347212 0.16987565880662853   
20 180 1.1505543579655106 4.814063074637511 0.019406540342662308 2.5019916494603261e-02 0.056841251539226686 2.9686237777687623   
21 189 1.071509650288776 5.321102312444044 0.013122117235618656 1.3122117235618656e-02 0.050532581824252326 0.21754027556849959   
22 198 0.941661156761994 5.676823599153219 0.013122117235618656 2.6963647056690229e-02 0.05368753541702294 0.21121946847821155   
23 207 0.8272319888793178 5.9201477863120795 0.013122117235618656 3.7530541504035217e-02 0.05305363514006664 0.1352363416229668   
24 216 0.7180069503112595 6.548308841983037 0.013122117235618656 2.6113667724700907e-02 0.040953735420646044 0.07245679381593095   
25 225 0.6581825411184763 6.488005716730506 0.013122117235618656 1.3927449204522258e-02 0.030353849661718016 0.07131844484522648   
26 234 0.6861998478430785 6.546753139118992 0.008677300188726773 8.6773001887267727e-03 0.0284511325865668 0.07862871579446608   
27 243 0.8011253431939062 6.597058446889092 0.008677300188726773 1.3403051012078582e-02 0.019157528768571807 0.11553974364079819   
28 252 0.7951094271786484 8.052881305186364 0.00290820414690868 2.9082041469086798e-03 0.03301181340772515 0.10099515625475969   
29 261 0.764935363261867 8.642302044955853 0.00290820414690868 8.1959800891231345e-03 0.030837262981811615 0.0860030633484356   
30 270 0.7313740776756734 8.810266411118853 0.00290820414690868 4.5437996248062600e-03 0.02083242064547791 0.04144922403099766   
31 279 0.689535070894248 9.12925097045868 0.00290820414690868 1.1598771124746636e-02 0.02092053083270136 0.04377285268298146   
32 288 0.6446441198476207 8.585328097783199 0.00290820414690868 3.2830668405718312e-03 0.01984722358025923 0.07169719099980491   
33 297 0.6025489614046774 9.249693701112719 0.002239353218929127 2.2393532189291269e-03 0.013042102270739528 0.025289273669426005   
34 306 0.5705538456930216 9.662017673131077 0.002239353218929127 4.8324375373089042e-03 0.00869764059743483 0.061870709612176465   
35 315 0.5076447982439227 9.505909093204902 0.0021294001825900746 2.1294001825900746e-03 0.015968577444056966 0.036758606942710666   
36 324 0.48025187805706293 9.809840274907009 0.0021294001825900746 3.1585177888939636e-03 0.009436226309728485 0.03838044350329839   
37 333 0.4267923617761014 10.6570225824358 0.0021294001825900746 3.7001942208124902e-03 0.00808710572068479 0.0143831307528351   
38 342 0.3758965932394269 10.037699749673772 0.0021294001825900746 2.2710378455049131e-03 0.004380286967982364 0.010668726255008216   
39 351 0.330714446596954 10.013255206756813 0.0020635596838256137 2.0635596838256137e-03 0.003231653585530792 0.014286703270304393   
40 360 0.3502596721342559 9.97549873592094 0.0017206586887760504 1.7206586887760504e-03 0.00280566003289479 0.005631409785995417   
41 369 0.33538263212875324 10.83582479263888 0.0017206586887760504 2.2441917810528248e-03 0.003748121549983495 0.008075996678052276   
42 378 0.2876404896956714 12.21746955335222 0.001669253327710401 1.6692533277104010e-03 0.0026811416716332704 0.0072696070939757265   
43 387 0.24168478716337544 12.372186190464463 0.001669253327710401 1.6739456616698101e-03 0.002686448300975839 0.005318908288165237   
44 396 0.20955846810258788 11.690170282245738 0.001669253327710401 1.6704256725270810e-03 0.003143093479007534 0.008790406882815668   
45 405 0.20922440219047134 12.256876059427173 0.001669253327710401 1.9537690940409167e-03 0.003218990479487118 0.004237100138851124   
46 414 0.167157051410871 11.85295805716104 0.001669253327710401 1.9401493833907958e-03 0.0023195308860424696 0.004112791242780561   
47 423 0.16215697608484902 11.14912801466967 0.001669253327710401 1.8231623809072677e-03 0.0020705569796093427 0.004349696104780859   
48 432 0.14079284779080647 11.560826592805087 0.0016540431023314818 1.6540431023314818e-03 0.001821824959873982 0.002104748043377792   
49 441 0.12100866098302224 11.454084500417773 0.0016540431023314818 1.7494958562443061e-03 0.0019305707220161879 0.00240942422085748   
50 450 0.14505237573855018 12.021541935642428 0.0015640086760869 1.5640086760869000e-03 0.0017643625134765263 0.0022297830983792092   
51 459 0.17591540265565034 12.465819814235404 0.0014956882386119722 1.4956882386119722e-03 0.0018211671218983938 0.0021198003048612316   
52 468 0.187410117732836 15.29775311255601 0.0014956882386119722 1.5332793243712662e-03 0.0016427093923954187 0.0024189924779185958   
53 477 0.1859605712451781 17.584111858646054 0.0014956882386119722 1.5912627356474186e-03 0.001757923665133959 0.0020947295845286503   
54 486 0.18952255585690503 20.281878608188208 0.00148107132557329 1.4810713255732899e-03 0.0017887182791791413 0.0020236625863771164   
55 495 0.16455075173192474 22.40413459249075 0.0014694923934212016 1.4694923934212016e-03 0.0016422724654272215 0.002506521208628743   
56 504 0.16596907550926807 24.17395880733438 0.0014527879833211251 1.4527879833211251e-03 0.001556806208232159 0.0021330040410411336   
57 513 0.16416512828520385 30.347644473549533 0.0014308968778930552 1.4308968778930552e-03 0.0015874163341184774 0.0018719131550179807   
58 522 0.14833345693662126 33.77602587236958 0.0014072386434983769 1.4072386434983769e-03 0.0015472362091753927 0.0017744388561850804   
59 531 0.14567637177679812 32.789658883081415 0.0014072386434983769 1.4293528718377687e-03 0.00157049417721157 0.00175854294298213   
60 540 0.1566518139551327 37.786620927102206 0.0013821432309021012 1.3821432309021012e-03 0.001458962222409775 0.001645035118409978   
61 549 0.19224914460297315 39.672450012800155 0.0013560347619630882 1.3560347619630882e-03 0.0014226452309551128 0.001481703891174446   
62 558 0.18441601984093772 43.39004541797196 0.0013554793668912898 1.3554793668912898e-03 0.00152897562567948 0.0017506623594648863   
63 567 0.1844475711582495 45.759941250847 0.0013362438898011134 1.3362438898011134e-03 0.0014511854549197208 0.0017350249100266208   
64 576 0.17229418498043347 46.402378533371994 0.0013227975602507064 1.3227975602507064e-03 0.0014391080599890356 0.001670164519084404   
65 585 0.16868866565474758 49.16714384328661 0.0013227975602507064 1.3328125372310570e-03 0.0014326314738124474 0.0015468347167206659   
66 594 0.17785919500403732 48.579910331776034 0.0013113746145920631 1.3113746145920631e-03 0.001417601991816288 0.001500920652675597   
67 603 0.17067053963496015 49.99608037951385 0.0013113746145920631 1.3275512353405090e-03 0.0013982112662761672 0.0015426866311309794   
68 612 0.1671039737940868 51.57153229435262 0.0013113746145920631 1.3381227915464601e-03 0.001357292445013569 0.0014896816828195276   
69 621 0.1470734629757806 56.84029962316841 0.0013113746145920631 1.3237022053808251e-03 0.0013685740493134227 0.0016362262522464956   
70 630 0.132392450737344 57.43860453002082 0.0013113746145920631 1.3395549931431378e-03 0.0013866060466972857 0.0014470977856277387   
71 639 0.11456417181863957 57.055956583766715 0.0013113746145920631 1.3358460117038166e-03 0.0013522659404508843 0.0014257346649838945   
72 648 0.10294471855622832 57.065515871591614 0.0013092219232907895 1.3092219232907895e-03 0.001363390423223805 0.0014055662988708873   
73 657 0.09804221121405976 53.176451341041655 0.0013034305695261558 1.3034305695261558e-03 0.0013376021172095474 0.0013782114913660317   
74 666 0.10659231497377981 51.01029144643762 0.0013022776989095922 1.3022776989095922e-03 0.0013202555757469408 0.0013571263958920042   
75 675 0.11594966215733485 51.918085738746015 0.001287694387996787 1.2876943879967871e-03 0.0013251598974800176 0.0013522388018418802   
76 684 0.10214833300523735 65.31878711617145 0.001287694387996787 1.3060169388380328e-03 0.0013174867961219486 0.0013528873134482367   
77 693 0.10843165546796978 66.66920148775496 0.001287694387996787 1.2901094312975348e-03 0.0013069449137440659 0.0013314075344527565   
78 702 0.11639617266573284 67.69411027585849 0.001287694387996787 1.2918073595108114e-03 0.0013030638089674505 0.001359149125964102   
79 711 0.11692943934109094 62.799648943411 0.001287694387996787 1.2931133330722577e-03 0.0013120739600871547 0.001350311882792291   
80 720 0.13751533701994215 66.00598741631758 0.001287694387996787 1.2950024453220804e-03 0.001311868854652292 0.001344939605975231   
81 729 0.14832008297174906 61.910353655828054 0.001287694387996787 1.2951788684128021e-03 0.0013083307526435448 0.0013606672807482182   
82 738 0.1490835566453778 60.3340231144143 0.0012865063323980568 1.2865063323980568e-03 0.0013042045439095487 0.0013367787595823426   
83 747 0.13566733359417962 65.59017178844306 0.001282866706535303 1.2828667065353030e-03 0.0013052016912271786 0.001355370916379491   
84 756 0.1357749059883847 71.60512406184009 0.0012765506154590678 1.2765506154590678e-03 0.0012909466701026908 0.0013417285616442775   
85 765 0.13314532690007475 76.12335564705963 0.0012739393137294888 1.2739393137294888e-03 0.00129212789594234 0.001304848964869521   
86 774 0.11842674943360193 79.83939472118875 0.0012739393137294888 1.2784471489515753e-03 0.001293722314857794 0.0013118757770021628   
87 783 0.11587731223726654 83.52187913469622 0.00127229458723656 1.2722945872365599e-03 0.001290465057509885 0.0013069511136009175   
88 792 0.11134159444613945 102.70312125609179 0.001271699777752848 1.2716997777528481e-03 0.0012816553538947436 0.0012988041703397527   
89 801 0.11637223362904582 107.54348585709299 0.0012628459597991183 1.2628459597991183e-03 0.0012783532699971324 0.0012879707812947854   
90 810 0.12523618554741767 123.95807206877132 0.001259655306315379 1.2596553063153790e-03 0.0012738865338095455 0.0012807197225933313   
91 819 0.13586265336562542 151.58490588909322 0.001255601303902322 1.2556013039023220e-03 0.0012671148884516239 0.0012788900958652615   
92 828 0.1518393549048308 173.0228169304186 0.0012536601858589627 1.2536601858589627e-03 0.0012628225460256087 0.001276989905219596   
93 837 0.18644124471171014 189.3780505158818 0.0012536601858589627 1.2556485064078892e-03 0.0012590946677784162 0.0012819242759159323   
94 846 0.20581813612649566 212.0443081705479 0.001249504564764745 1.2495045647647450e-03 0.0012787926208947954 0.0013114252240038291   
95 855 0.2052705233339579 229.02205869591313 0.001249504564764745 1.2520683939703317e-03 0.001259368658051322 0.001344812628148164   
96 864 0.1887382900134687 247.13777524705554 0.001249504564764745 1.2502563432983760e-03 0.0012639158544444883 0.001329139200669128   
97 873 0.17517595696998925 230.07045667762432 0.001249504564764745 1.2503257992110370e-03 0.0012657277698130012 0.0012866400077431962   
98 882 0.16945009975012568 233.5035151381855 0.001249504564764745 1.2509223250624390e-03 0.0012663850202055977 0.0012839714089393807   
99 891 0.16840952130018397 236.17156801643753 0.0012483756513203546 1.2483756513203546e-03 0.0012592135017825364 0.0012690543251080658   
100 900 0.1475567296089612 241.12355938435522 0.0012479720878110457 1.2479720878110457e-03 0.0012549429740085218 0.0012642186061063436   
101 909 0.12302594578877506 249.7481715944782 0.0012479720878110457 1.2489908355611560e-03 0.0012535971338094865 0.0012641241472589745   
102 918 0.10520032247372221 245.05406899263312 0.0012473246705511749 1.2473246705511749e-03 0.0012503168513691763 0.0012525501814813884   
103 927 0.10484446884522816 232.5389089044887 0.0012465547778841334 1.2465547778841334e-03 0.0012482835893049633 0.0012532384997514295   
104 936 0.11245874892352331 255.46620004945342 0.0012455917444778135 1.2455917444778135e-03 0.0012468784612794817 0.0012522477524938677   
105 945 0.10705181192994716 255.94406426391257 0.0012455917444778135 1.2464421575497956e-03 0.001247506215160591 0.0012526491373224258   
106 954 0.10812951170177791 283.0724144103681 0.0012455917444778135 1.2457384709855571e-03 0.001247509445744015 0.001249949885204197   
107 963 0.10921730383512117 273.4887495793697 0.0012455064813919193 1.2455064813919193e-03 0.0012474916501168667 0.0012560603408703296   
108 972 0.11114795116379791 290.3170394520035 0.0012455064813919193 1.2472019468546774e-03 0.0012486866297094204 0.0012543214221252715   
109 981 0.11028568100437398 319.51910514774534 0.0012455064813919193 1.2457845855739552e-03 0.0012473139208839241 0.0012512006167190392   
110 990 0.10518898040075657 330.8246965366784 0.0012447490395240055 1.2447490395240055e-03 0.001246907397682403 0.0012494676128531495   
111 999 0.10009410544209323 339.86946379091455 0.0012447490395240055 1.2449198681231707e-03 0.0012467634981516477 0.001250569160819072   
112 1008 0.08345119807393268 340.03079899054467 0.0012447490395240055 1.2451802687066613e-03 0.0012461106315415102 0.0012502311929583855   
113 1017 0.08437590906356664 395.38635336103323 0.0012447082741611874 1.2447082741611874e-03 0.001245623885004393 0.0012485593822449338   
114 1026 0.09063598090031554 479.6688522731322 0.0012441501924346694 1.2441501924346694e-03 0.0012449083110010087 0.001246289290310609   
115 1035 0.09291925542265973 543.6291243044673 0.0012439675795809918 1.2439675795809918e-03 0.0012449205602737459 0.0012488515725718997   
116 1044 0.09799317198132336 574.135618863837 0.001243877959523913 1.2438779595239130e-03 0.0012445111861996458 0.0012460608121276568   
117 1053 0.09468440457648471 596.9051829221822 0.001243877959523913 1.2440531343616318e-03 0.001244633509853542 0.001246220744634334   
118 1062 0.09308939512498927 601.0669799701639 0.001243877959523913 1.2440069501436755e-03 0.0012444934742229462 0.0012458792104148415   
119 1071 0.10209066963931915 644.3498277267994 0.0012436550548228752 1.2436550548228752e-03 0.0012443809748171031 0.0012445734147991303   
120 1080 0.10785862559038245 668.0066223876183 0.001243406205795679 1.2434062057956790e-03 0.001244597100210347 0.0012460941556748822   
121 1089 0.092026192484522 686.486741024423 0.001243406205795679 1.2438656135886792e-03 0.001244480728789907 0.0012462064948941401   
122 1098 0.09333643803497728 628.1890328917846 0.0012427489962318315 1.2427489962318315e-03 0.0012432397808655787 0.0012448638917506726   
123 1107 0.10670114763739105 696.1666066941939 0.0012423055182686346 1.2423055182686346e-03 0.001243504712686787 0.0012445228284701153   
124 1116 0.1285610238479523 647.9687085316442 0.0012414706411862618 1.2414706411862618e-03 0.0012425476229455808 0.0012442519937411038   
125 1125 0.12357662199251027 714.2262422931673 0.0012414706411862618 1.2421283906388272e-03 0.001243304551084741 0.0012460130135791936   
126 1134 0.12087304756851035 729.1732382015543 0.0012410757184711052 1.2410757184711052e-03 0.0012428755161227245 0.0012482758627395643   
127 1143 0.11563632959066796 754.3453073957941 0.0012407099738894478 1.2407099738894478e-03 0.0012427378044372822 0.0012462552201083347   
128 1152 0.11107578056510675 819.479196076581 0.0012407099738894478 1.2408718140546689e-03 0.0012431826103295328 0.0012445680676732669   
129 1161 0.10308499655073533 757.439288826082 0.0012399819662039027 1.2399819662039027e-03 0.0012417346538410074 0.001246849110311739   
130 1170 0.09744533191372579 753.5852966796534 0.001239615836363768 1.2396158363637681e-03 0.0012420444200846362 0.0012449422737987469   
131 1179 0.0824027574392381 734.06577280031 0.001239615836363768 1.2410056942193395e-03 0.0012417810668681585 0.0012479083865821567   
132 1188 0.08206746291923794 709.3545025329385 0.001239507409173071 1.2395074091730710e-03 0.0012408227824668619 0.0012427472263504147   
133 1197 0.08871152536360438 641.8080253373067 0.001239507409173071 1.2399542072323022e-03 0.0012412899653461112 0.0012455202809040283   
134 1206 0.0925964446883999 538.3451697999384 0.001239507409173071 1.2397738218284855e-03 0.001241103308142436 0.0012454862834601515   
135 1215 0.09182283624253713 487.28142676815594 0.001239507409173071 1.2398078488662617e-03 0.0012413581971882784 0.0012481097666379073   
136 1224 0.08784802156874853 478.77106122187627 0.001239507409173071 1.2396280314712457e-03 0.0012403377652396349 0.0012419273080376346   
137 1233 0.0813852452662945 448.40085439086073 0.001239507409173071 1.2398567279919520e-03 0.0012410431221462986 0.001243025031967025   
138 1242 0.0763070803975751 429.62346018299365 0.0012394786483128219 1.2394786483128219e-03 0.0012404883331500602 0.0012415093204727172   
139 1251 0.0898010779708327 442.7488144375845 0.0012394786483128219 1.2397077143490136e-03 0.0012408235421867311 0.0012431532438454838   
140 1260 0.09816447893010347 455.59026414542217 0.0012394786483128219 1.2396296196332500e-03 0.0012408565913770682 0.0012413896728137028   
141 1269 0.09281039452368305 493.42997103129403 0.0012394786483128219 1.2397902787831560e-03 0.001240756721062167 0.0012428818535490031   
142 1278 0.08407346347650106 501.34956466401246 0.0012394786483128219 1.2396537865472829e-03 0.0012414916734775584 0.0012426330368976119   
143 1287 0.08542519174585761 500.771593136073 0.0012394786483128219 1.2396399202261859e-03 0.0012405528554081005 0.0012413113252549802   
144 1296 0.0832124308681693 492.72269786864433 0.0012394786483128219 1.2397947697872166e-03 0.0012404741368608697 0.001242318719067108   
145 1305 0.08528997934497261 494.0153396948689 0.0012394786483128219 1.2395542010644150e-03 0.001240303551414251 0.0012414690161708232   
146 1314 0.07861894561662913 487.7040314453048 0.0012394786483128219 1.2395627186402823e-03 0.0012402846625116683 0.0012417934406535572   
147 1323 0.06980596404815949 489.80053582401143 0.0012394786483128219 1.2395378763340964e-03 0.001240252362818045 0.0012418577377308765   
148 1332 0.0673457504783728 525.6793851555301 0.0012394786483128219 1.2396771405941167e-03 0.0012402564832261179 0.0012424304762935013   
149 1341 0.0660854915529658 519.2109064318013 0.0012394786483128219 1.2395051891439751e-03 0.0012397976308750717 0.0012405507647344132   
150 1350 0.06825597339550991 539.7428274990689 0.0012394786483128219 1.2396068718430095e-03 0.0012406712168494816 0.001241120797746095   
151 1359 0.06556119836425844 533.0985055266834 0.0012392938465792323 1.2392938465792323e-03 0.0012396165736831644 0.0012405802819066866   
152 1368 0.06313523863260018 595.9254110726109 0.0012392406340397532 1.2392406340397532e-03 0.001240253725676626 0.0012406237769204804   
153 1377 0.05754030908453942 626.8321950823962 0.0012392119846825623 1.2392119846825623e-03 0.0012394369628585592 0.0012413421405118264   
154 1386 0.057544655201781945 607.358955335651 0.0012392119846825623 1.2393079221324666e-03 0.0012394909801778824 0.0012407368247586497   
155 1395 0.04955002191655773 638.6503366509568 0.0012391748484510414 1.2391748484510414e-03 0.001239383732244443 0.0012406881461873962   
156 1404 0.04649790608799847 626.3989106677527 0.0012391318544966768 1.2391318544966768e-03 0.0012394878874435727 0.001240940950598881   
157 1413 0.049235388678120724 628.2435024801385 0.001239107978552886 1.2391079785528860e-03 0.001239242916956946 0.0012393787744004736   
158 1422 0.04963950497677832 565.9431270673502 0.0012390567653292061 1.2390567653292061e-03 0.0012394293318085357 0.0012412891238379187   
159 1431 0.049728613060646056 561.2426343978193 0.0012390022478324621 1.2390022478324621e-03 0.001239233775279612 0.0012409704884614131   
160 1440 0.053095538086741445 615.1721755724744 0.0012390022478324621 1.2390255301723563e-03 0.0012392268612901756 0.0012410900238663909   
161 1449 0.04665404136611837 703.2210564146781 0.0012390022478324621 1.2390371990964051e-03 0.0012393740164168476 0.0012411640717115706   
162 1458 0.04504060118050603 695.0048769143318 0.0012389973154314001 1.2389973154314001e-03 0.0012391728019087616 0.0012407503298913817   
163 1467 0.04097146411147384 731.0668775533014 0.0012389872506456143 1.2389872506456143e-03 0.001239201697448366 0.0012408358717975682   
164 1476 0.0380533815091368 723.0487892340761 0.0012389872506456143 1.2389939103626334e-03 0.0012390534940771515 0.0012408673159960918   
165 1485 0.03806900038928226 724.3863151470979 0.0012389806004897105 1.2389806004897105e-03 0.0012390397359637421 0.0012407161869296458   
166 1494 0.03963722761413151 662.7713093554696 0.0012389227772625245 1.2389227772625245e-03 0.0012390509507698062 0.0012409149852424207   
167 1503 0.039662398005524686 695.0944661235671 0.0012389050909290726 1.2389050909290726e-03 0.001239027723710532 0.0012408709676683992   
168 1512 0.05140082334848228 656.7728730027868 0.0012388558349234326 1.2388558349234326e-03 0.0012389242391361848 0.0012407933891164025   
169 1521 0.06048972154956016 684.416537293549 0.0012388416005157 1.2388416005157000e-03 0.0012389064630630399 0.0012411844210889543   
170 1530 0.0670171778460778 633.0956432382856 0.0012388314747455442 1.2388314747455442e-03 0.001238938738142412 0.0012392802575049247   
171 1539 0.0708078214487358 638.1033023128439 0.0012388314747455442 1.2388579523262124e-03 0.0012389106668813507 0.0012412721285468688   
172 1548 0.06636214127364055 646.5630476101593 0.0012388314747455442 1.2388803491844903e-03 0.0012389665104139917 0.001241333116269467   
173 1557 0.05824695945397836 681.9942063210062 0.0012388314747455442 1.2388625298677500e-03 0.001238954209872988 0.0012390584422645834   
174 1566 0.05334680549007745 641.8724072396478 0.0012388003210389447 1.2388003210389447e-03 0.001238873738347342 0.0012392113652468094   
175 1575 0.04598810451065433 613.9120517780441 0.0012388003210389447 1.2388017730762002e-03 0.00123883665513606 0.0012410094549730349   
176 1584 0.039840142862189405 700.1480366410061 0.0012387944255308773 1.2387944255308773e-03 0.0012388384317198239 0.0012389023444734626   
177 1593 0.04237971230181737 742.9865104532873 0.0012387820758122333 1.2387820758122333e-03 0.0012388206828381689 0.0012388787330668925   
178 1602 0.0395356392854651 816.963204479742 0.001238780992959448 1.2387809929594480e-03 0.0012388239416145364 0.00124105217181107   
179 1611 0.03725846071585598 810.1428559600872 0.0012387596390837719 1.2387596390837719e-03 0.0012388022067367276 0.0012389225762810569   
180 1620 0.03900233251542502 863.516334649804 0.0012387222348654598 1.2387222348654598e-03 0.0012387806845920973 0.001238893488995689   
181 1629 0.04560473296201456 886.0336417958905 0.00123870683011237 1.2387068301123699e-03 0.0012387492782617328 0.0012388055026497876   
182 1638 0.0499333325659458 936.6431764216652 0.0012386810234722861 1.2386810234722861e-03 0.001238759144000245 0.0012388328387324963   
183 1647 0.050155159486757146 1027.1767783222933 0.0012386786310034066 1.2386786310034066e-03 0.0012387559344415344 0.001238865908545021   
184 1656 0.05933800316408633 915.9905443465466 0.0012386741360323572 1.2386741360323572e-03 0.0012387220709954901 0.0012388026582598071   
185 1665 0.08120146082145699 997.2740389952404 0.0012385877873292265 1.2385877873292265e-03 0.0012386662655601737 0.0012387443928600977   
186 1674 0.0938899056175484 1096.2839949018007 0.0012385877873292265 1.2386479887241013e-03 0.0012387703682990353 0.0012388609944895875   
187 1683 0.08930920817512299 1071.9613408382716 0.0012385877873292265 1.2386432947811105e-03 0.0012388736717710478 0.0012408052289284968   
188 1692 0.0836359587308481 1127.9556394848053 0.0012385877873292265 1.2386406863360260e-03 0.0012387131680238795 0.0012412224942094608   
189 1701 0.07623873311357506 1092.3084714428348 0.0012385877873292265 1.2386093096890516e-03 0.0012386857725073135 0.0012388936242585626   
190 1710 0.07373286550260588 1115.760991906584 0.0012385562752823015 1.2385562752823015e-03 0.0012386666948727035 0.0012387855511087629   
191 1719 0.07029810192889324 1220.9028197174332 0.0012385562752823015 1.2385997462260451e-03 0.001238635145082858 0.0012387087449914598   
192 1728 0.08256035504345896 1207.5799161873165 0.0012385562752823015 1.2385822760196644e-03 0.0012387032053556458 0.0012412142927208615   
193 1737 0.08134453739885755 1353.1699986411775 0.0012385562752823015 1.2385748702487868e-03 0.001238635853295335 0.0012387483888583344   
194 1746 0.08068110459953204 1271.7041378157705 0.001238511455233844 1.2385114552338440e-03 0.001238570437597632 0.0012388385129030405   
195 1755 0.09493544383108686 1352.2858008849282 0.0012384613283512728 1.2384613283512728e-03 0.00123857285351621 0.0012411922680233337   
196 1764 0.11282595813407018 1610.9551728421156 0.0012384613283512728 1.2384794791059348e-03 0.0012385831011785765 0.001241082075724059   
197 1773 0.11266094618314892 1887.2914251908676 0.0012384613283512728 1.2385251795978534e-03 0.0012385961550387917 0.0012413385740321103   
198 1782 0.11877912043215877 1923.145610940059 0.0012384613283512728 1.2385291538893983e-03 0.0012387427522323063 0.0012410759064381098   
199 1791 0.12694305606372505 1920.8383182529803 0.0012384613283512728 1.2385103261606696e-03 0.001238576600928183 0.001238654432656758   
200 1800 0.11983907804691438 2119.2934850914708 0.001238458734031402 1.2384587340314021e-03 0.001238639275366406 0.0012410583391987192   
201 1809 0.12264389494730722 2296.200708806202 0.001238458734031402 1.2385046616275597e-03 0.0012385243858412777 0.0012387082371575675   
202 1818 0.11455477265381789 2395.219279533036 0.001238458734031402 1.2384622131554918e-03 0.0012385666585604984 0.001241086316510744   
203 1827 0.1029868600547116 2409.0252810183597 0.001238458734031402 1.2384849583090547e-03 0.001238613447132113 0.0012387824424615326   
204 1836 0.09692554997432842 2609.914229798549 0.001238458734031402 1.2384971720400448e-03 0.0012385329585359293 0.0012385939364880326   
205 1845 0.0977289925093913 2578.0811444052893 0.001238419160536133 1.2384191605361329e-03 0.0012385019118112855 0.0012385880116260453   
206 1854 0.10157919775978647 2740.7253964765964 0.0012384105455184899 1.2384105455184899e-03 0.0012384685343415284 0.0012408223795224418   
207 1863 0.09777726129336875 3034.2364224630546 0.0012384105455184899 1.2384271456302744e-03 0.0012385035953364403 0.0012409720116537725   
208 1872 0.0919405594633093 3174.2109316618153 0.0012384105455184899 1.2384423856798780e-03 0.0012384905010157468 0.0012385755756571378   
209 1881 0.08142183016782756 3349.4371534632683 0.0012384105455184899 1.2384314265756905e-03 0.0012384706357104493 0.00124097155442395   
210 1890 0.06815267663365467 3443.008543316709 0.0012384105455184899 1.2384180547189419e-03 0.0012384535535327537 0.001241026847988905   
211 1899 0.059940455664696767 3350.738926807828 0.0012384105455184899 1.2384148513931302e-03 0.0012384341607457351 0.0012384923710760639   
212 1908 0.055583421470085624 3261.559882089871 0.0012384105455184899 1.2384110940840464e-03 0.0012384241983452436 0.00124086766927462   
213 1917 0.056604537874105534 3545.420888521743 0.0012383967240818723 1.2383967240818723e-03 0.0012384214228076025 0.0012384413426647974   
214 1926 0.05719556357944369 3933.2061477191337 0.0012383967240818723 1.2384104876604425e-03 0.0012384176240549881 0.0012409451031912089   
215 1935 0.05185140479524545 4252.779921958261 0.0012383967240818723 1.2384004325401133e-03 0.0012384145429195136 0.0012384445925098936   
216 1944 0.05330420005966081 4313.894186870249 0.001238392660980835 1.2383926609808350e-03 0.001238403418991671 0.0012408897383572586   
217 1953 0.050670521788056345 4219.603455458867 0.001238392660980835 1.2383947896136688e-03 0.0012384037583826832 0.0012409523602392395   
218 1962 0.052010599798856874 4547.504104731114 0.001238392660980835 1.2383982180626553e-03 0.0012384052000334357 0.0012408933556678522   
219 1971 0.0475453014346059 4307.865380587004 0.001238392660980835 1.2383984668365192e-03 0.0012384117070081836 0.00124088060836382   
220 1980 0.04520511654583886 4653.108386809443 0.0012383913382680203 1.2383913382680203e-03 0.0012384053684680065 0.0012409227934629837   
221 1989 0.05075660183350904 4861.043242109284 0.0012383882571658433 1.2383882571658433e-03 0.0012383975073460287 0.0012409288437864301   
222 1998 0.05285133929858195 5221.474756553141 0.0012383834811460167 1.2383834811460167e-03 0.0012383994677383466 0.001240878977717514   
223 2007 0.052519025496061245 6063.37678139741 0.0012383834811460167 1.2383911841957432e-03 0.0012384043017095035 0.0012409068462838518   
224 2016 0.05017507478345093 6403.2741568467545 0.0012383834811460167 1.2383883356878839e-03 0.0012383944101628285 0.001240914068294502   
225 2025 0.04529348911966989 6449.335718121411 0.0012383834811460167 1.2383875321222183e-03 0.0012383939027687193 0.0012408790400424315   
226 2034 0.04306474621133859 6877.4979008135215 0.0012383834811460167 1.2383880469009399e-03 0.0012383947158559482 0.0012384052131707813   
227 2043 0.03770898529279917 7359.911551882262 0.0012383830689177218 1.2383830689177218e-03 0.0012383914368800466 0.0012409226951178433   
228 2052 0.041843988919195885 7922.527779579827 0.0012383830689177218 1.2383845828170569e-03 0.0012408794437342677 0.001240914415410029   
229 2061 0.035511535907030024 7616.243294079517 0.001238382958418213 1.2383829584182130e-03 0.0012383877661065023 0.0012409068944692974   
230 2070 0.039232643446183935 7287.582946991116 0.001238382774853419 1.2383827748534190e-03 0.0012383887130465205 0.001240920724332678   
231 2079 0.04644316219658808 7795.962373173219 0.001238382774853419 1.2383831236087869e-03 0.0012383849752520386 0.0012383886127945985   
232 2088 0.048184176368105264 7961.494938627051 0.001238381408467018 1.2383814084670180e-03 0.0012383856819783538 0.0012409136355847083   
233 2097 0.04177770940662748 8887.491853433967 0.001238381408467018 1.2383819250681930e-03 0.0012383853467755508 0.0012408801450931627   
234 2106 0.039014173308802545 9295.82598922484 0.0012383804837735428 1.2383804837735428e-03 0.0012383865481779878 0.0012409059647176162   
235 2115 0.03411136955905604 9370.65817579105 0.0012383804837735428 1.2383816150941989e-03 0.0012383859882442163 0.0012408847149953212   
236 2124 0.028124394294571888 9623.284641926988 0.0012383799870552886 1.2383799870552886e-03 0.0012383861183737931 0.0012409229970030194   
237 2133 0.025714089374334136 9378.3428563744 0.001238379586743085 1.2383795867430851e-03 0.0012383817014731792 0.0012383834463723497   
238 2142 0.023129932240830722 9576.083592402887 0.001238379185995469 1.2383791859954690e-03 0.0012383811487103934 0.0012409003118199393   
239 2151 0.02033173392641919 9408.78635028722 0.001238379185995469 1.2383797768804111e-03 0.0012383819669547914 0.0012409079155568667   
240 2160 0.018500442773486794 9539.13679884351 0.0012383786564053542 1.2383786564053542e-03 0.001238381414870992 0.0012409157051103763   
241 2169 0.015788374863082752 9132.569481673589 0.0012383786564053542 1.2383787692065071e-03 0.0012383804940848228 0.0012408841292903192   
242 2178 0.01479735572247417 8781.733471245725 0.0012383786564053542 1.2383789316139833e-03 0.0012383798967043774 0.0012383805468820207   
243 2187 0.015348088655385901 9139.82899786582 0.0012383786564053542 1.2383787299723034e-03 0.0012383798973139163 0.0012408949141548271   
244 2196 0.014285219072705855 9378.780979351834 0.0012383783980165351 1.2383783980165351e-03 0.0012383805717025786 0.0012409022325202152   
245 2205 0.012681581396419757 9231.815933355374 0.0012383783980165351 1.2383787166344480e-03 0.0012383788451741202 0.0012383793311689542   
246 2214 0.012884764597328078 9876.257733404807 0.0012383783980165351 1.2383789931476792e-03 0.0012383795225564538 0.0012408913851824966   
247 2223 0.011955180549439972 8990.856276015957 0.0012383782271278457 1.2383782271278457e-03 0.0012383795149210077 0.0012383806079772973   
248 2232 0.0111226424523217 9535.769058420472 0.0012383782271278457 1.2383788023578389e-03 0.001238379009733755 0.001240909995343059   
249 2241 0.01134255771833444 10075.112436654428 0.0012383782271278457 1.2383785420749054e-03 0.0012383790478990636 0.0012409109538294646   
250 2250 0.01223902209083907 8887.474748150698 0.0012383782271278457 1.2383782677861084e-03 0.001238378725261033 0.0012408978472517578   
251 2259 0.0122691915379294 10156.190263780847 0.0012383782271278457 1.2383782875738294e-03 0.001238378623333926 0.0012409127391052916   
252 2268 0.011906547734277434 10615.486279523986 0.0012383782069469913 1.2383782069469913e-03 0.0012383785523796755 0.001238379237662117   
253 2277 0.011358297384899272 11017.498808740405 0.0012383780368150014 1.2383780368150014e-03 0.0012383786199710218 0.0012409009703411088   
254 2286 0.01133937356455827 11022.280813781232 0.0012383778060489398 1.2383778060489398e-03 0.0012408895865121566 0.0012408958743015753   
255 2295 0.010980275601309838 11353.409225333015 0.0012383778060489398 1.2383781032755919e-03 0.001238378322615459 0.0012408875116985327   
256 2304 0.010924609039340488 11314.503762306264 0.0012383778060489398 1.2383778108717141e-03 0.0012383783982138506 0.0012408842071462646   
257 2313 0.009371650824938679 10115.300751748871 0.0012383778060489398 1.2383779206673368e-03 0.0012383781757569407 0.0012408952823762622   
258 2322 0.009002088036226923 10524.406881827354 0.0012383776326124658 1.2383776326124658e-03 0.001238378313117028 0.0012408988310976033   
259 2331 0.008384994416625265 10409.94300779615 0.0012383776326124658 1.2383777404436904e-03 0.0012383782514880817 0.00124089673376382   
260 2340 0.008039755156340965 9761.87963547461 0.0012383776326124658 1.2383776670941943e-03 0.0012383779393555449 0.001240890990518678   
261 2349 0.00850898021914244 9935.697897393353 0.0012383776326124658 1.2383778676203720e-03 0.001238378200100788 0.0012408869871568394   
262 2358 0.011261838362272871 9841.875601535257 0.0012383776326124658 1.2383779314544727e-03 0.0012383781562467912 0.0012408903292843616   
263 2367 0.013051263880122654 11257.714368302524 0.0012383774123914313 1.2383774123914313e-03 0.0012383782966507242 0.0012408868339869974   
264 2376 0.013175074260762858 12734.846171346311 0.0012383774123914313 1.2383775884636300e-03 0.0012383779704695794 0.0012408882707379716   
265 2385 0.012992143963521104 13724.697634587184 0.0012383773628017714 1.2383773628017714e-03 0.001240886288452581 0.0012408967104853585   
266 2394 0.01499864070451316 12981.578263767966 0.0012383773628017714 1.2383776357724225e-03 0.0012383779457140166 0.0012408871967748627   
267 2403 0.014040392124964787 13460.471000915664 0.0012383773628017714 1.2383776901343261e-03 0.0012383779896740375 0.0012409023491228419   
268 2412 0.014366639059400164 14297.38294428054 0.0012383773628017714 1.2383776030361194e-03 0.0012383779978582554 0.001240891270843775   
269 2421 0.015012671571163228 13113.869955036043 0.0012383772322219115 1.2383772322219115e-03 0.0012383778148959826 0.001240908908087061   
270 2430 0.01277487149137386 13256.061139879293 0.0012383772322219115 1.2383772739679496e-03 0.0012383780550305075 0.0012408959491765172   
271 2439 0.012820314652417444 13893.52531479504 0.0012383772147447057 1.2383772147447057e-03 0.0012383775985396453 0.001238378019869408   
272 2448 0.01224192853749122 13962.876948011111 0.0012383772147447057 1.2383774065784082e-03 0.0012383778411933573 0.0012408997279702793   
273 2457 0.012887536604245057 13322.471005802212 0.0012383772147447057 1.2383772389127910e-03 0.001238377375616629 0.0012383780137354527   
274 2466 0.012437121459064218 12840.595056460035 0.0012383772147447057 1.2383773427229964e-03 0.0012383775529640206 0.0012408960237617719   
275 2475 0.011018978897866752 12812.958096364271 0.0012383771616038502 1.2383771616038502e-03 0.0012383776331984862 0.0012383783278133117   
276 2484 0.010498264716794986 13030.722492534027 0.001238377141899563 1.2383771418995630e-03 0.0012383773631708247 0.0012383785515018974   
277 2493 0.01135938720106698 13111.700239407164 0.0012383770003163172 1.2383770003163172e-03 0.0012383773619502071 0.0012383776881974005   
278 2502 0.011922761219779657 14832.427874831797 0.0012383769713944478 1.2383769713944478e-03 0.0012383772956899542 0.0012383778417325688   
279 2511 0.013708046725523206 16010.761947776722 0.0012383766991428142 1.2383766991428142e-03 0.0012383771849114667 0.001238377691993044   
280 2520 0.014210379421405486 17821.983302657354 0.0012383766035440364 1.2383766035440364e-03 0.001238377451770865 0.001240910175508238   
281 2529 0.014781080422967828 19102.709062457532 0.001238376579105056 1.2383765791050560e-03 0.001238376924600632 0.001238377358124217   
282 2538 0.015192137522821733 21808.222181802168 0.0012383764715520559 1.2383764715520559e-03 0.0012383768754258226 0.0012408934329394723   
283 2547 0.01554508724478647 24425.48829960713 0.0012383764035358309 1.2383764035358309e-03 0.0012383769310617939 0.001240894460700207   
284 2556 0.01568559823752907 24865.885272725158 0.0012383762022318123 1.2383762022318123e-03 0.001238376802322134 0.001240892032771407   
285 2565 0.019151894873930667 26461.25921849874 0.0012383762022318123 1.2383762846552915e-03 0.0012383765111551037 0.001240884794737613   
286 2574 0.021957554101771963 29244.41248541448 0.0012383760951674679 1.2383760951674679e-03 0.0012383763549382771 0.0012408862081606169   
287 2583 0.023759525981337022 31951.393497389014 0.0012383759983010164 1.2383759983010164e-03 0.0012383762304517222 0.0012408912610456615   
288 2592 0.023196448422618077 33227.1709896866 0.0012383759983010164 1.2383761489934064e-03 0.0012383768901758456 0.0012409040701536356   
289 2601 0.02454989208909673 33186.595355657715 0.0012383759739314738 1.2383759739314738e-03 0.0012383764475280446 0.0012383770637255267   
290 2610 0.024461337332420997 36193.78180981217 0.0012383759188301275 1.2383759188301275e-03 0.0012383763755954439 0.0012383774389720628   
291 2619 0.023936155942973162 36613.44086431425 0.0012383759188301275 1.2383759605370743e-03 0.0012383761800405272 0.0012383770672151134   
292 2628 0.022357922382352725 37947.067002841446 0.0012383757439554817 1.2383757439554817e-03 0.0012383763373328138 0.0012383774159717166   
293 2637 0.02239693725892291 39002.57380847081 0.0012383754515538795 1.2383754515538795e-03 0.00123837595947593 0.0012408959644108946   
294 2646 0.02325267055484532 40328.71137829704 0.0012383754515538795 1.2383756283372359e-03 0.0012383759893682714 0.0012409026846420378   
295 2655 0.024726349451055406 43329.58828163712 0.0012383754515538795 1.2383755131769904e-03 0.0012383757686882254 0.0012383765911915387   
296 2664 0.024065518699829987 46259.5813744092 0.0012383754515538795 1.2383756584208746e-03 0.0012383758701270714 0.0012383762438214745   
297 2673 0.024071015227057707 45878.83320112437 0.0012383754515538795 1.2383754807178671e-03 0.0012383760508365657 0.0012408906875448593   
298 2682 0.022433502317380557 47374.452428978875 0.0012383754515538795 1.2383754985533031e-03 0.0012383756546395003 0.001240898789070669   
299 2691 0.022349199569219547 46975.31598975635 0.0012383752775995277 1.2383752775995277e-03 0.0012383756837059355 0.0012408911736137376   
300 2700 0.02433650814671383 48188.51957149452 0.0012383752607161057 1.2383752607161057e-03 0.0012383755739842567 0.0012408885604948553   
301 2709 0.027048886672898027 53592.08708046294 0.0012383752607161057 1.2383754009943834e-03 0.00123837569585258 0.001240894335193087   
302 2718 0.030509071321509793 55222.76303606557 0.0012383752607161057 1.2383754052004989e-03 0.0012383762161121644 0.001240906666881753   
303 2727 0.035961668359695 59641.348161132206 0.0012383752607161057 1.2383754636550075e-03 0.0012383756382910057 0.001238375858504742   
304 2736 0.03780324923753856 51950.91845024309 0.0012383747945854035 1.2383747945854035e-03 0.0012383758213689474 0.0012409035328101606   
305 2745 0.040476354438310526 55152.63890171991 0.0012383747945854035 1.2383749321780166e-03 0.0012383757921594577 0.0012409123861487474   
306 2754 0.03779740340149146 54240.18443027904 0.0012383747945854035 1.2383752060537391e-03 0.0012383758717823595 0.0012409178809184458   
307 2763 0.03783574315005868 56082.154209679626 0.0012383747945854035 1.2383751000073530e-03 0.0012383753772935676 0.0012383767480184135   
308 2772 0.03530368221769965 61489.99873395645 0.0012383747945854035 1.2383753116394149e-03 0.0012383756825294664 0.0012409090803528712   
309 2781 0.0304616939756456 64548.56099095858 0.0012383747945854035 1.2383751729123250e-03 0.0012383755288647921 0.001240888819896231   
310 2790 0.030143074397884974 172.8576191619124 0.0012383747945854035 1.2383755213987674e-03 0.0012383757348891885 0.001238376093723443   
311 2799 0.027808203204886514 178.76461236285604 0.0012383747945854035 1.2383751469822850e-03 0.0012383754516100917 0.001238375850317604   
312 2808 0.02800386204475007 173.56858120652942 0.0012383746966550162 1.2383746966550162e-03 0.0012383754282018005 0.001238375597125267   
313 2817 0.026384987915183004 184.27513547415396 0.0012383746966550162 1.2383750173990413e-03 0.0012383753310188771 0.0012408889871664067   
314 2826 0.02645918018416564 191.63018380696442 0.0012383746966550162 1.2383750178718664e-03 0.0012383752483615088 0.0012408982188723164   
315 2835 0.030412506540824228 204.60219702003303 0.0012383746966550162 1.2383747928255775e-03 0.0012383751694397891 0.0012408913428206053   
316 2844 0.027871093560187687 224.33283890696742 0.0012383746966550162 1.2383747857522120e-03 0.0012408896370659436 0.0012409055987036852   
317 2853 0.024580309605868222 216.7533622727996 0.0012383746966550162 1.2383750917788739e-03 0.0012383757209283 0.0012408990363105986   
318 2862 0.024618005520059303 224.07999630736447 0.0012383746966550162 1.2383751505924056e-03 0.001240890258008334 0.0012408965574098702   
319 2871 0.025273397583503176 219.82321388026966 0.0012383746966550162 1.2383747854261750e-03 0.0012383750638411746 0.0012383755591898558   
320 2880 0.023053054294549173 202.1947967924057 0.0012383746966550162 1.2383747804004892e-03 0.0012383750984230595 0.0012408946536090152   
321 2889 0.020754519781871164 214.6630515166223 0.0012383746966550162 1.2383748541828416e-03 0.0012383753143291958 0.0012408895893584204   
322 2898 0.019592569894361367 234.94970292251412 0.0012383746966550162 1.2383748394921800e-03 0.0012383752938597242 0.0012409026307190058   
323 2907 0.02058639923977483 257.4543602834369 0.0012383746966550162 1.2383749084533757e-03 0.0012383751508416947 0.001238375385025219   
324 2916 0.022668727985646966 263.09588731482944 0.0012383746966550162 1.2383748588447063e-03 0.0012383750793096516 0.0012408959757940687   
325 2925 0.024304687089551906 271.30428474115723 0.0012383746966550162 1.2383747564196990e-03 0.0012383753260443455 0.0012408899834952971   
326 2934 0.02265904133213752 234.59383771011377 0.0012383746966550162 1.2383749073305969e-03 0.0012383751777330892 0.0012408869072084226   
327 2943 0.01968155484767496 250.880236220752 0.001238374616597112 1.2383746165971119e-03 0.001238375134690465 0.0012408901156757163   
328 2952 0.018455372487699656 251.54537992359056 0.001238374616597112 1.2383748542359138e-03 0.001238374965474022 0.0012408895857779706   
329 2961 0.017675390384391566 242.96430721293527 0.0012383745974739197 1.2383745974739197e-03 0.0012383750293343293 0.0012408851422097617   
330 2970 0.014650120025968714 233.28556502916396 0.0012383745974739197 1.2383747664861898e-03 0.0012383749452391764 0.0012408894186409399   
331 2979 0.012990882857133299 219.29807564055682 0.0012383745974739197 1.2383748281773236e-03 0.0012383749929588523 0.0012383752265820432   
332 2988 0.013604769239114524 219.24996799170418 0.0012383745974739197 1.2383747618760787e-03 0.001238375103090961 0.001240894778594389   
333 2997 0.013801808869386855 218.53338291386484 0.0012383745822884661 1.2383745822884661e-03 0.0012383749988456945 0.0012408948415988902   
334 3006 0.012703430873949572 212.64662233597156 0.0012383745822884661 1.2383747162354425e-03 0.0012383749060430852 0.0012408905605693636   
335 3015 0.012438153417454112 225.33913329848426 0.0012383745822884661 1.2383746955740014e-03 0.0012383749699963471 0.0012383752792619464   
336 3024 0.013082503127884096 233.365263471069 0.0012383745822884661 1.2383746551641740e-03 0.0012383748892802172 0.0012408924048705329   
337 3033 0.012915748309994384 271.4716819351774 0.0012383745822884661 1.2383748660290096e-03 0.001238374927657195 0.0012383751285532875   
338 3042 0.013941192011165303 276.29933859879594 0.0012383745822884661 1.2383746784026921e-03 0.0012383748575981318 0.0012408972892603539   
339 3051 0.015024045194484172 276.6616686944598 0.0012383745822884661 1.2383746142750048e-03 0.0012383748980658675 0.0012408894760549097   
340 3060 0.018258558433866576 285.99127719245075 0.0012383744726921745 1.2383744726921745e-03 0.0012383748817276353 0.0012383751938486276   
341 3069 0.020538201512544756 282.6068683129398 0.0012383744726921745 1.2383746272037911e-03 0.001238374893926498 0.0012383752935735362   
342 3078 0.020797868168388703 273.36578610747216 0.0012383744726921745 1.2383747160888768e-03 0.001238374987302331 0.0012383751880947489   
343 3087 0.021927942642874405 264.4206766723294 0.0012383744726921745 1.2383748300472022e-03 0.0012383750436530871 0.0012383752598234229   
344 3096 0.021078293452628922 252.35801582036058 0.0012383744726921745 1.2383748248376348e-03 0.0012383749441226193 0.0012409026119881564   
345 3105 0.01770678420374868 253.6589201565015 0.0012383744726921745 1.2383748411141371e-03 0.0012383750877418788 0.0012409016038729564   
346 3114 0.016178517537786933 274.37687872708545 0.0012383744726921745 1.2383746934373648e-03 0.0012383749659891374 0.0012409014003889828   
347 3123 0.014994608609025115 270.4349357913745 0.0012383744726921745 1.2383747819696576e-03 0.001238375085104141 0.0012409002045378045   
348 3132 0.01365672465713002 279.7566273721207 0.0012383744726921745 1.2383745860370585e-03 0.0012383748935861562 0.001238375050430377   
349 3141 0.013348733006260369 294.81529968072243 0.0012383744726921745 1.2383747688324122e-03 0.0012383749169355904 0.0012408950065154393   
350 3150 0.01333100788328386 304.4709516280834 0.0012383744726921745 1.2383746599008969e-03 0.0012383748007881853 0.001238375117105304   
351 3159 0.012816229133410434 337.35473134356454 0.0012383744726921745 1.2383747767471978e-03 0.0012383749676065665 0.00123837502623077   
352 3168 0.01139120403923852 354.56604811617495 0.0012383744726921745 1.2383747700917397e-03 0.0012383748590088966 0.001238375043425505   
353 3177 0.010351249408886673 378.0035753188501 0.0012383744726921745 1.2383747574195047e-03 0.0012383749029575217 0.0012383751731618346   
354 3186 0.009669134264350173 399.08375157701636 0.0012383744726921745 1.2383745758708484e-03 0.0012383748015819041 0.0012383752354053548   
355 3195 0.010796688986403815 461.5884730406145 0.00123837442651668 1.2383744265166800e-03 0.0012383747929064464 0.0012383750482514383   
356 3204 0.01095563374190198 481.022481721856 0.00123837442651668 1.2383745639835428e-03 0.0012383747278730383 0.0012383749338806056   
357 3213 0.01069874766530684 491.84090583528734 0.00123837442651668 1.2383745976266201e-03 0.0012383747531330225 0.0012383749652354874   
358 3222 0.009557145176262456 473.3320641395152 0.0012383744180707514 1.2383744180707514e-03 0.0012383747381789383 0.0012383750213338064   
359 3231 0.009316011985947902 508.96816810053804 0.0012383744180707514 1.2383745895469633e-03 0.001238374781270657 0.001238375023935591   
360 3240 0.009406377829723164 537.3390241810578 0.0012383744180707514 1.2383746473832303e-03 0.0012383748489078771 0.0012383750435754752   
361 3249 0.00863583769650427 569.7949273155144 0.0012383744180707514 1.2383745279014669e-03 0.0012383748601434443 0.0012383752015769555   
362 3258 0.008748969405746938 552.6858751059975 0.0012383744180707514 1.2383746879274025e-03 0.0012383748776879403 0.001238375091756672   
363 3267 0.008148974503609258 576.6718246619195 0.0012383744180707514 1.2383745329892356e-03 0.0012383749051863686 0.0012383750471594102   
364 3276 0.0075863044698198925 589.1967515320655 0.0012383744180707514 1.2383746337832277e-03 0.001238374756470856 0.0012383748820390208   
365 3285 0.007049750464481113 575.6543427106272 0.0012383744180707514 1.2383745553431558e-03 0.001238374883987669 0.0012383751443141107   
366 3294 0.00699293716462052 590.1539537208304 0.0012383744180707514 1.2383746258347586e-03 0.0012383748108841244 0.0012383750250329318   
367 3303 0.0068045298792386855 588.8188045216543 0.0012383744180707514 1.2383745910128680e-03 0.0012383748633560316 0.0012383750709124121   
368 3312 0.006400848962140139 652.7290729589827 0.0012383744180707514 1.2383746310142899e-03 0.0012383747772428963 0.001238374928782478   
369 3321 0.006005415126704707 629.8493204375287 0.0012383744180707514 1.2383745852375513e-03 0.001238374743563758 0.0012383750846850403   
370 3330 0.006023474002816186 568.674864490666 0.0012383744180707514 1.2383745658064000e-03 0.0012383747678214353 0.001238374848435741   
371 3339 0.00600629447930578 506.3498831536284 0.0012383744180707514 1.2383745300528362e-03 0.0012383748271778204 0.001238375073271152   
372 3348 0.006341703257529175 497.77048411666857 0.0012383744180707514 1.2383746360769463e-03 0.0012383747885639992 0.0012383749717944917   
373 3357 0.007039658744450038 497.2684384559259 0.0012383744180707514 1.2383745355887179e-03 0.0012383748271138292 0.0012383750427576734   
374 3366 0.008739632243569748 496.36599898759505 0.0012383744180707514 1.2383746226671270e-03 0.0012383748133517622 0.00123837491383035   
375 3375 0.012285022029925692 546.9626419349809 0.0012383744180707514 1.2383747178501667e-03 0.0012383748566823674 0.0012383750594096288   
376 3384 0.012563773415938659 544.077537079488 0.0012383744180707514 1.2383745448027320e-03 0.001238374819028651 0.0012383751291855608   
377 3393 0.01145721365067579 576.2976311017077 0.0012383744180707514 1.2383746635634583e-03 0.001238374845550433 0.001238375041952621   
378 3402 0.010632400878314092 608.1363131239344 0.0012383744180707514 1.2383744667439705e-03 0.0012383748058873644 0.0012383750280580209   
379 3411 0.011330468285615472 632.8595238652027 0.0012383744180707514 1.2383747776424162e-03 0.0012383748582170668 0.0012383750654507222   
380 3420 0.010620972575411235 668.7242619914138 0.0012383744180707514 1.2383747169233805e-03 0.001238374910195714 0.0012383751083140933   
381 3429 0.010957879020444464 651.1059518346354 0.0012383744180707514 1.2383745008635856e-03 0.0012383750056392802 0.0012383752364818045   
382 3438 0.013276649579565645 610.9737306422031 0.0012383744180707514 1.2383747153744697e-03 0.001238374976406002 0.0012383752504458627   
383 3447 0.013635680420199591 603.0455477907524 0.0012383744180707514 1.2383747388988104e-03 0.001238374991074482 0.0012383751239273637   
384 3456 0.013298560751095806 655.4072750976038 0.0012383744180707514 1.2383747620795468e-03 0.0012383748989673342 0.001238375273424345   
385 3465 0.012438454617032153 687.2363666661798 0.0012383744180707514 1.2383747233328931e-03 0.001238374883410909 0.0012383752430009142   
386 3474 0.012828800170358517 704.6090384802849 0.0012383744180707514 1.2383747515781701e-03 0.0012383749625705972 0.0012383752539565792   
387 3483 0.011594399132831494 640.0398721051447 0.0012383744180707514 1.2383747422107501e-03 0.0012383749072151981 0.0012383750359308456   
388 3492 0.01248322083714121 627.2121914059616 0.0012383744180707514 1.2383747011058179e-03 0.0012383748907194062 0.0012383751103075182   
389 3501 0.012085434962461922 559.7610845821368 0.0012383744180707514 1.2383747923371594e-03 0.0012383749815033558 0.0012383750544109108   
390 3510 0.011869701814848732 548.1238104860544 0.0012383744180707514 1.2383748930234971e-03 0.0012383750023775085 0.001238375363415884   
391 3519 0.013742793350127814 621.5439844014754 0.0012383744180707514 1.2383745842829105e-03 0.0012383748439402566 0.001238375022234141   
392 3528 0.012646133806660262 615.7907724061098 0.0012383744180707514 1.2383747186088356e-03 0.0012383747893530105 0.001238375054104647   
393 3537 0.012567225707544335 640.2942663282987 0.0012383744180707514 1.2383744800843947e-03 0.0012383748022295517 0.0012383751320418769   
394 3546 0.01060830173767151 686.2688639191637 0.0012383744180707514 1.2383747276783275e-03 0.0012383748768177174 0.0012383749968686636   
395 3555 0.011244171784355763 705.4935862883514 0.0012383744180707514 1.2383748206010450e-03 0.0012383748821384697 0.0012383751338775634   
396 3564 0.011027925939082209 698.896294930743 0.0012383744180707514 1.2383745999241863e-03 0.0012383748673215472 0.0012383752211062127   
397 3573 0.009957481363809003 723.6820143974727 0.0012383744180707514 1.2383746961110351e-03 0.0012383748575589752 0.0012383752597727674   
398 3582 0.009268814964838707 753.0992503452918 0.0012383744180707514 1.2383746741588594e-03 0.001238374987535904 0.0012383751384594157   
399 3591 0.010267331951963755 754.4386836656739 0.0012383744180707514 1.2383746995744801e-03 0.0012383750069326596 0.0012383750684831357   
400 3600 0.010359733035843957 805.5887975734556 0.0012383744180707514 1.2383747615579126e-03 0.0012383748861383517 0.0012383752635881013   
401 3609 0.009593061062050138 796.6044342434004 0.0012383744180707514 1.2383747516198367e-03 0.0012383749618412987 0.0012383752632115362   
402 3618 0.009858296803656852 818.0061219460378 0.0012383744180707514 1.2383746210018131e-03 0.0012383749162848743 0.0012383752552163107   
403 3627 0.009961992206022504 917.4117341735133 0.0012383744180707514 1.2383746695618450e-03 0.0012383748789023914 0.0012383750277270534   
404 3636 0.009803802732798872 964.8875916323165 0.0012383744180707514 1.2383745478516245e-03 0.001238374786617624 0.0012383750937518365   
405 3645 0.009899608525689642 952.1530026276035 0.0012383744180707514 1.2383745316739418e-03 0.0012383748404431803 0.0012383750217635566   
406 3654 0.0091545415890558 930.8744176265817 0.0012383744180707514 1.2383746925038464e-03 0.001238374841448939 0.0012383750357920966   
407 3663 0.00851418146410439 982.7042706773193 0.0012383744180707514 1.2383747016203870e-03 0.0012383748924382027 0.0012383750685660542   
408 3672 0.008795052106503654 876.6820237414062 0.0012383744180707514 1.2383744825478170e-03 0.0012383747416546285 0.0012383748761459188   
409 3681 0.008071787623547308 847.5946852180258 0.0012383744180707514 1.2383746406470161e-03 0.0012383747996818268 0.0012383749864964188   
410 3690 0.007650809905412194 835.341097006084 0.0012383744180707514 1.2383747901764449e-03 0.0012383748172481745 0.0012383752013239058   
411 3699 0.007591037747842187 733.8548304568881 0.0012383744180707514 1.2383746760295557e-03 0.0012383748824176706 0.0012383750487557424   
412 3708 0.008078881186440649 793.4531758239706 0.0012383744180707514 1.2383745536763040e-03 0.0012383748549845866 0.0012383749310741887   
413 3717 0.00739156875367925 754.2039888402802 0.0012383744180707514 1.2383747184677304e-03 0.0012383749624497677 0.0012383752939843506   
414 3726 0.007416739497965936 735.7193544756847 0.0012383744180707514 1.2383746772937887e-03 0.0012383748016103586 0.0012383749628960665   
415 3735 0.007485862299817608 750.9535611088426 0.0012383744180707514 1.2383745881395481e-03 0.0012383749075238972 0.001238375057969783   
416 3744 0.008351713623416558 896.1335591091794 0.0012383744180707514 1.2383746598805504e-03 0.0012383748326947905 0.0012383751970864586   
417 3753 0.009730829322457918 1035.7572241314906 0.0012383744180707514 1.2383745988912662e-03 0.0012383748745966943 0.0012383749839335828   
418 3762 0.01079135985775865 1197.8848350967219 0.0012383744180707514 1.2383747222692505e-03 0.0012383749243942723 0.0012383751567971977   
419 3771 0.011675463695803823 1254.3411155012975 0.0012383744180707514 1.2383746309279520e-03 0.0012383748050591309 0.0012383751842929558   
420 3780 0.01049570432224492 1284.661758224713 0.0012383744180707514 1.2383747278420366e-03 0.001238374871338772 0.001238375056661442   
421 3789 0.00990014113472281 1344.8938415047292 0.0012383744180707514 1.2383745296555473e-03 0.0012383748147488318 0.0012383749706803393   
422 3798 0.008928904414829764 1265.7920336234176 0.0012383744180707514 1.2383745568379575e-03 0.001238374873470643 0.0012383750297631881   
423 3807 0.00844221717095418 1203.0754634086472 0.0012383743720917272 1.2383743720917272e-03 0.001238374759137763 0.0012383749607083106   
424 3816 0.008480201074251556 1228.9424901916236 0.0012383743720917272 1.2383746394767294e-03 0.0012383748600359294 0.001238374985292548   
425 3825 0.008307818833868136 1245.7510526960323 0.0012383743720917272 1.2383747052337338e-03 0.001238374771250992 0.001238375141185346   
426 3834 0.009132271240390422 1286.074514504102 0.0012383743720917272 1.2383747214942602e-03 0.0012383749260725446 0.0012383752707323264   
427 3843 0.009468611318039824 1232.633116428969 0.0012383743720917272 1.2383747143531298e-03 0.0012383748785214821 0.0012383750571329064   
428 3852 0.010235859417059998 1221.5248850825394 0.0012383743720917272 1.2383746732249836e-03 0.0012383748526287684 0.001238375015025251   
429 3861 0.00928157584401073 1168.9559306727242 0.0012383743720917272 1.2383746632137493e-03 0.0012383748864829855 0.0012383751230463352   
430 3870 0.008037536254550672 1279.5718023178968 0.0012383743720917272 1.2383747067838988e-03 0.0012383749044937485 0.001238375120517293   
431 3879 0.008439422755464549 1159.3429157585097 0.0012383743720917272 1.2383746908791208e-03 0.001238374753593434 0.0012383750336147253   
432 3888 0.009624413319924448 1217.431747825453 0.0012383743720917272 1.2383746223020365e-03 0.0012383748041976117 0.0012383751071821621   
433 3897 0.009760358485657171 1256.941180664464 0.0012383743720917272 1.2383745877490419e-03 0.0012383749067835874 0.0012383750994285304   
434 3906 0.009898230919802067 1316.0652423122078 0.0012383743720917272 1.2383747065583877e-03 0.0012383748019485304 0.0012383749656957994   
435 3915 0.008652396981923629 1309.0399228184551 0.0012383743720917272 1.2383745987967834e-03 0.0012383748394438232 0.0012383749693017825   
436 3924 0.007762546004293895 1335.683611807839 0.0012383743720917272 1.2383745301305514e-03 0.001238374882189075 0.0012383752211552643   
437 3933 0.007488028156088323 1350.924830548495 0.0012383743720917272 1.2383745835225371e-03 0.0012383749196207563 0.001238375076211649   
438 3942 0.006803159905728312 1288.1575174875497 0.0012383743720917272 1.2383744935886279e-03 0.0012383749456088846 0.0012383750771579436   
439 3951 0.007293878134662443 1331.252682809581 0.0012383743720917272 1.2383745740878836e-03 0.0012383748254749555 0.0012383749967197824   
440 3960 0.009368416647972114 1455.4538885555794 0.0012383743720917272 1.2383744804428838e-03 0.0012383748187075093 0.0012383751698870004   
441 3969 0.011141865507434583 1677.7645598043973 0.0012383743720917272 1.2383746611004283e-03 0.00123837490670991 0.0012383751247419558   
442 3978 0.011655612874419725 1696.1984346826684 0.0012383743720917272 1.2383746799105044e-03 0.001238375113725715 0.0012383752549506724   
443 3987 0.013674475564719468 1849.8908955906802 0.0012383743720917272 1.2383746332669358e-03 0.0012383748013675392 0.0012383750141141798   
444 3996 0.016322114317449652 1844.7639217340873 0.0012383743720917272 1.2383746903635666e-03 0.001238374820484877 0.0012383751131484662   
445 4005 0.01606157147113448 1809.3384271451912 0.0012383743720917272 1.2383747519478805e-03 0.0012383749147912289 0.0012383751265077775   
446 4014 0.01880684502403357 1959.4306493054942 0.0012383743720917272 1.2383747602756259e-03 0.0012383749662411713 0.0012383751458994543   
447 4023 0.018094231136674924 1868.9187449713368 0.0012383743720917272 1.2383746354261414e-03 0.0012383748957995636 0.0012383750539827836   
448 4032 0.01897018025306592 2169.291998485832 0.0012383743720917272 1.2383746361992825e-03 0.0012383747551727772 0.0012383750560663225   
449 4041 0.019833932102936998 2231.8331503261047 0.0012383743720917272 1.2383744128764635e-03 0.001238374905268813 0.00123837505453418   
450 4050 0.0179686554491823 2129.495925760948 0.0012383743720917272 1.2383746173359872e-03 0.0012383748287453193 0.001238374976616123   
451 4059 0.017498837760432605 2092.5114953459233 0.0012383743720917272 1.2383746798740243e-03 0.0012383749356043848 0.0012383749756118146   
452 4068 0.017527955021215545 2092.555972777616 0.0012383743720917272 1.2383745846199442e-03 0.0012383749350719708 0.0012383750316090937   
453 4077 0.01742064736221204 2200.5741573705245 0.0012383743720917272 1.2383747112180857e-03 0.0012383748176073908 0.0012383750822122204   
454 4086 0.01842249692024354 2304.2360895511515 0.0012383743720917272 1.2383747645864085e-03 0.0012383749286209403 0.0012383751519700172   
455 4095 0.017233745994699512 2366.272784151552 0.0012383743720917272 1.2383747803050968e-03 0.001238374970567272 0.0012383750661174237   
456 4104 0.01730567746000297 2412.942494405858 0.0012383743720917272 1.2383746344132251e-03 0.0012383748436185782 0.0012383751734937752   
457 4113 0.01770739341624662 2517.8301434445825 0.0012383743720917272 1.2383747389146081e-03 0.0012383749595882255 0.001238375087143446   
458 4122 0.017379973196113226 2741.2771289367934 0.0012383743720917272 1.2383746826225440e-03 0.0012383748650887155 0.0012383750700181925   
459 4131 0.019066414975230574 2991.4779551374836 0.0012383743720917272 1.2383746189443675e-03 0.001238374812110043 0.0012383749662593908   
460 4140 0.01927393652699937 3301.5503245569203 0.0012383743720917272 1.2383746576566750e-03 0.0012383747924325978 0.0012383751005401564   
461 4149 0.017521533035069866 3586.6674181367234 0.0012383743720917272 1.2383744792841282e-03 0.0012383748605400771 0.0012383751066166698   
462 4158 0.015991005365182033 3782.2356398184247 0.0012383743720917272 1.2383745230692923e-03 0.0012383748780855045 0.0012383749943164761   
463 4167 0.017640334436536776 3801.332951748794 0.0012383743720917272 1.2383748580908174e-03 0.0012383749537886236 0.00123837520285422   
464 4176 0.018113601739475314 4078.4477292180923 0.0012383743720917272 1.2383747000739569e-03 0.0012383750010152431 0.0012383751364068369   
465 4185 0.017395830175227823 4265.435802017309 0.0012383743720917272 1.2383747806324944e-03 0.0012383749074629945 0.0012383750715175726   
466 4194 0.01661290425135943 4536.997340666267 0.0012383743720917272 1.2383744265391497e-03 0.0012383749771952856 0.0012383751390281287   
467 4203 0.018440450413659593 4722.101020594852 0.0012383743720917272 1.2383745962170265e-03 0.0012383748736454624 0.001238375042094093   
468 4212 0.01769728669198289 5792.6935589928125 0.0012383743720917272 1.2383746856834200e-03 0.0012383749180736527 0.0012383751966490906   
469 4221 0.017662761184317866 5675.921688150481 0.0012383743720917272 1.2383746670035032e-03 0.0012383748187763256 0.0012383751841278322   
470 4230 0.02071097286734284 5432.808766805721 0.0012383743720917272 1.2383746566818731e-03 0.0012383748473686618 0.0012383750169732612   
471 4239 0.021920094274935936 4609.334017518743 0.0012383743720917272 1.2383745399181885e-03 0.0012383748685834033 0.0012383751086543881   
472 4248 0.02092340203844783 4545.140617013993 0.0012383743720917272 1.2383746527280179e-03 0.0012383748585728474 0.001238375113717256   
473 4257 0.019158782519608803 4537.240804717816 0.0012383743720917272 1.2383748305326676e-03 0.001238374930695089 0.001238375099975431   
474 4266 0.019202197835340613 4087.608019120971 0.0012383743720917272 1.2383747053576787e-03 0.0012383748214794084 0.0012383751434355908   
475 4275 0.019347038684023782 3922.551292357052 0.0012383743720917272 1.2383746337633669e-03 0.0012383748484173008 0.0012383751241264842   
476 4284 0.018951358573183766 3764.8459933235804 0.0012383743720917272 1.2383746505826962e-03 0.0012383749010766757 0.0012383751206863458   
477 4293 0.018152911731232336 3531.2904569640705 0.0012383743720917272 1.2383745891554373e-03 0.0012383749522834613 0.0012383750939177927   
478 4302 0.01716234750261573 3382.858952325298 0.0012383743720917272 1.2383747948604342e-03 0.0012383749552058595 0.001238375286486244   
479 4311 0.016166009992496323 3604.8024747957184 0.0012383743720917272 1.2383745699050257e-03 0.0012383748194450105 0.0012383749714601603   
480 4320 0.016019801137273162 3657.887166980535 0.0012383743720917272 1.2383745848009212e-03 0.0012383748604493103 0.0012383750080116251   
481 4329 0.015881594762426416 3720.4209014600247 0.0012383743720917272 1.2383745519394984e-03 0.001238374697257268 0.0012383750780880763   
482 4338 0.014641050478161098 4040.7665616769405 0.0012383743720917272 1.2383746095596417e-03 0.0012383749167843038 0.0012383750642083267   
483 4347 0.014296926855209478 3884.019865320381 0.0012383743720917272 1.2383747975728836e-03 0.0012383749537081658 0.0012383751271922844   
484 4356 0.015086981446955623 3937.8564252429805 0.0012383743720917272 1.2383747826507725e-03 0.0012383749243676037 0.0012383751678505057   
485 4365 0.013087166893218856 4222.372158788664 0.0012383743720917272 1.2383746758430833e-03 0.0012383749050382355 0.0012383750141088633   
486 4374 0.01386372605662164 4243.819849053338 0.0012383743720917272 1.2383745734717247e-03 0.001238374738519363 0.0012383750549736206   
487 4383 0.013250931828509118 4067.9403012876896 0.0012383743720917272 1.2383746304276773e-03 0.0012383749366242072 0.0012383751681364441   
488 4392 0.01593776823778458 3801.8013849903336 0.0012383743720917272 1.2383747063631483e-03 0.0012383748608063834 0.0012383750681052485   
489 4401 0.015295240765938937 3650.335126701666 0.0012383743720917272 1.2383746934755049e-03 0.0012383750041989054 0.001238375175086333   
490 4410 0.013857589302977478 3770.433778249628 0.0012383743720917272 1.2383746113302197e-03 0.001238374941904962 0.0012383752581313534   
491 4419 0.014423931002582551 3731.625002376089 0.0012383743720917272 1.2383746739624490e-03 0.0012383748897428928 0.0012383751280763704   
492 4428 0.013495055934449583 3740.917562223192 0.0012383743720917272 1.2383748160545757e-03 0.0012383749261292167 0.001238375112171774   
493 4437 0.014145757224022072 3975.1243334659102 0.0012383743720917272 1.2383746672660386e-03 0.0012383747720582112 0.0012383750335103556   
494 4446 0.013210830771504629 4003.727199291019 0.0012383743720917272 1.2383747710726588e-03 0.0012383749727292934 0.0012383750861527133   
495 4455 0.013293709746061278 3732.2581802751642 0.0012383743720917272 1.2383746695906672e-03 0.0012383748963689255 0.0012383751057187028   
496 4464 0.012748941690562203 3842.668083065506 0.0012383743720917272 1.2383746915774526e-03 0.0012383749261687844 0.0012383751585755532   
497 4473 0.012675209530952313 3517.322535905497 0.0012383743720917272 1.2383746777396315e-03 0.001238374919289126 0.001238375161776707   
498 4482 0.010190322886202391 3837.4364894586215 0.0012383743720917272 1.2383746503132865e-03 0.0012383749439398785 0.001238375049145049   
499 4491 0.00998490777783581 3561.231022633102 0.0012383743720917272 1.2383747964015940e-03 0.0012383749169765882 0.0012383752154752263   
500 4500 0.008610862266797102 3321.379411506693 0.0012383743720917272 1.2383748470776771e-03 0.001238374959220476 0.0012383751291519928   
501 4509 0.007324045113145658 3393.829509727994 0.0012383743720917272 1.2383746426342021e-03 0.0012383748675435255 0.0012383750726986174   
502 4518 0.006349615700162641 3286.3936816480846 0.0012383743720917272 1.2383746715791464e-03 0.0012383749503096213 0.0012383751400796843   
503 4527 0.005990396877299154 3591.792361091089 0.0012383743720917272 1.2383745749887203e-03 0.0012383749448542877 0.0012383751395767227   
504 4536 0.005950190255368853 3730.4324747837286 0.0012383743720917272 1.2383746560167403e-03 0.0012383750608468333 0.0012383752319697727   
505 4545 0.005061031765449551 3720.7733497305717 0.0012383743720917272 1.2383747208860540e-03 0.0012383749569872691 0.0012383750470547161   
506 4554 0.004808792208736998 3816.090186959988 0.0012383743720917272 1.2383745539915766e-03 0.0012383748079045223 0.0012383749237092018   
507 4563 0.004782150263590004 3770.8155480796913 0.0012383743720917272 1.2383747438423798e-03 0.0012383748229430763 0.0012383751246255307   
508 4572 0.004258319757365764 3406.433940698346 0.0012383743720917272 1.2383746438405434e-03 0.001238374972295902 0.0012383752959583077   
509 4581 0.00428244282589923 3418.7995023810304 0.0012383743720917272 1.2383746301128163e-03 0.001238374894568738 0.0012383750744979873   
510 4590 0.004352917625642836 3338.8202668314334 0.0012383743720917272 1.2383746869213987e-03 0.0012383748762229572 0.0012383751159198726   
511 4599 0.004456599012432281 3094.463674469056 0.0012383743720917272 1.2383747428968471e-03 0.0012383748782450006 0.0012383750508127458   
512 4608 0.004236506656599947 2948.148969050378 0.0012383743720917272 1.2383748783015532e-03 0.001238374887970664 0.0012383750540732338   
513 4617 0.004295053520631436 2905.2484034431445 0.0012383743720917272 1.2383745261111308e-03 0.0012383748969559659 0.0012383751336902807   
514 4626 0.004195860761865857 3134.9458474232565 0.0012383743720917272 1.2383747139502323e-03 0.0012383748670497833 0.0012383750506813696   
515 4635 0.0044325453677875335 2987.1827899094387 0.0012383743720917272 1.2383747837243345e-03 0.0012383750382343615 0.0012383752839231193   
516 4644 0.004279175688682893 3256.508828805896 0.0012383743720917272 1.2383747105519801e-03 0.0012383749726063997 0.0012383751896689462   
517 4653 0.0043797452042671475 3354.5639022635637 0.0012383743720917272 1.2383747873224704e-03 0.0012383749163079488 0.001238375127747313   
518 4662 0.00442902209756679 3232.006217932582 0.0012383743720917272 1.2383747127124548e-03 0.0012383749461729759 0.0012383751176703187   
519 4671 0.004271055808837208 3164.2857066232527 0.0012383743720917272 1.2383746908520388e-03 0.001238374957247289 0.0012383751141387146   
520 4680 0.004184842132328347 3149.0905779051923 0.0012383743720917272 1.2383746140393604e-03 0.0012383747051497882 0.0012383751078513688   
521 4689 0.004300539062033067 3471.7763541366967 0.0012383743720917272 1.2383746866421112e-03 0.001238374781253073 0.0012383749451690918   
522 4698 0.004917656482459807 3326.712940832021 0.0012383743720917272 1.2383746874189863e-03 0.0012383748501955136 0.0012383752576999528   
523 4707 0.0051807772838874085 3583.89281707744 0.0012383743720917272 1.2383746900924090e-03 0.0012383749180862119 0.001238375016587612   
524 4716 0.004833381204793297 3761.2792088066462 0.0012383743720917272 1.2383746185602178e-03 0.0012383748484775525 0.001238375095130364   
525 4725 0.005508476784218561 3623.400675871626 0.0012383743720917272 1.2383747173658336e-03 0.0012383748527868398 0.0012383749491621612   
526 4734 0.005904007945315735 3041.4533047155796 0.0012383743720917272 1.2383746604978528e-03 0.001238374855459484 0.0012383751260048315   
527 4743 0.006474279220749379 3294.2665411767216 0.0012383743720917272 1.2383746831352454e-03 0.0012383748300907032 0.0012383749669350494   
528 4752 0.006174322936601407 3578.0842599628027 0.0012383743720917272 1.2383747467577626e-03 0.001238374915993981 0.0012383752462023913   
529 4761 0.006294361049494451 3716.1597843658383 0.0012383743720917272 1.2383744465635019e-03 0.0012383748611909458 0.001238375005791599   
530 4770 0.0064664441947433595 4367.19972553227 0.0012383743720917272 1.2383746282936779e-03 0.0012383748609354297 0.0012383751603998838   
531 4779 0.00624518431810383 4090.4848264602724 0.0012383743720917272 1.2383745695270642e-03 0.001238374731759036 0.001238374994229632   
532 4788 0.006357957521028423 4182.38581357089 0.0012383743720917272 1.2383745921089428e-03 0.001238374757326389 0.001238375210786757   
533 4797 0.007550373114489825 4245.921181859311 0.0012383743720917272 1.2383746052615683e-03 0.0012383748014669054 0.0012383752320627678   
534 4806 0.008323047284842813 4374.693671834543 0.0012383743720917272 1.2383744726225739e-03 0.0012383748638134869 0.001238375010941869   
535 4815 0.00837230210864854 4272.994762961958 0.0012383743720917272 1.2383746410194658e-03 0.0012383749109150552 0.001238375121627579   
536 4824 0.007908990616003047 4535.624205990452 0.0012383743720917272 1.2383744246920411e-03 0.0012383749018412518 0.0012383753350486875   
537 4833 0.007113496347986139 4675.649600582464 0.0012383743720917272 1.2383746487789689e-03 0.001238374841040249 0.0012383750474472652   
538 4842 0.007097794708116914 4793.100354954126 0.0012383743720917272 1.2383746335458354e-03 0.0012383749316338746 0.0012383750781335585   
539 4851 0.008489065179529312 4833.905094993464 0.0012383743720917272 1.2383746634604970e-03 0.0012383748195966412 0.001238375014676587   
540 4860 0.00823731179860111 4329.425269806338 0.0012383743720917272 1.2383747325268302e-03 0.0012383748554149895 0.0012383751808769002   
541 4869 0.008622391198415283 4529.74943923869 0.0012383743720917272 1.2383745414168974e-03 0.001238374899003124 0.0012383750349450123   
542 4878 0.008581537569070796 4331.7291142171 0.0012383743720917272 1.2383745279221391e-03 0.0012383748902220332 0.001238375128254386   
543 4887 0.0077498149005498255 4034.547693555871 0.0012383743720917272 1.2383747517220253e-03 0.0012383748445296099 0.0012383750489397536   
544 4896 0.006605648890630233 4183.228960013102 0.0012383743720917272 1.2383744806065918e-03 0.0012383748470581545 0.0012383750663558153   
545 4905 0.005790989009809997 4095.5427730491474 0.0012383743720917272 1.2383747278373360e-03 0.0012383747764795252 0.0012383750698900515   
546 4914 0.005409297797717699 3895.021293378834 0.0012383743720917272 1.2383744649175307e-03 0.0012383748854839802 0.0012383751008633948   
547 4923 0.005117188608175559 4149.559396926057 0.0012383743720917272 1.2383745467802766e-03 0.0012383749092081666 0.0012383751365443816   
548 4932 0.005012656551372537 4268.425940302178 0.0012383743720917272 1.2383747024515481e-03 0.0012383749229401774 0.0012383751100597503   
549 4941 0.004555407658230665 4354.406216870131 0.0012383743720917272 1.2383746397163847e-03 0.0012383748770818822 0.0012383751948320458   
550 4950 0.004169034328091777 4374.893628863798 0.0012383743720917272 1.2383746883488516e-03 0.0012383748685859512 0.00123837510279963   
551 4959 0.0044072086677325786 4420.4977170002985 0.0012383743720917272 1.2383744831180573e-03 0.0012383749475465226 0.0012383751794865596   
552 4968 0.005072859168222682 4320.865212995312 0.0012383743720917272 1.2383746517200091e-03 0.0012383748606537878 0.001238375222359863   
553 4977 0.00504368640758364 4519.806133151596 0.0012383743720917272 1.2383745896456261e-03 0.0012383748876276907 0.0012383750055616754   
554 4986 0.004696037790262474 4686.507862036511 0.0012383743720917272 1.2383744826946210e-03 0.001238374902851481 0.0012383749841930014   
555 4995 0.0046801441457887255 4800.120696695336 0.0012383743720917272 1.2383747271294022e-03 0.0012383749341048054 0.0012383751328757567   
556 5004 0.0040890888086700435 4904.521778958132 0.0012383743720917272 1.2383747325404590e-03 0.0012383748061615238 0.0012383750513995434   
557 5013 0.0040531385620741 5119.806490417716 0.0012383743720917272 1.2383745359433958e-03 0.0012383749469212669 0.0012383751250105459   
558 5022 0.003897285840158876 4961.656733425651 0.0012383743720917272 1.2383746785580652e-03 0.001238374840600883 0.0012383750425741728   
559 5031 0.004130805439216038 5050.233854205926 0.0012383743720917272 1.2383744598858260e-03 0.0012383747981199733 0.0012383751005601317   
560 5040 0.004713862137651801 5849.236666631364 0.0012383743720917272 1.2383746934614853e-03 0.0012383748676004448 0.0012383752033018006   
561 5049 0.003923711262461029 6596.033762261201 0.0012383743720917272 1.2383746187361762e-03 0.0012383748001391025 0.0012383751711221784   
562 5058 0.003468221399925606 6825.063665406249 0.0012383743720917272 1.2383745596049416e-03 0.0012383747292352696 0.0012383752016413472   
563 5067 0.003185334176739891 6518.767689206847 0.0012383743720917272 1.2383746124446876e-03 0.001238374808870476 0.0012383752992931349   
564 5076 0.0027048792113375745 6415.046074052981 0.0012383743720917272 1.2383746144237037e-03 0.00123837495592362 0.0012383752089459373   
565 5085 0.002550293420783928 5790.261697507442 0.0012383743720917272 1.2383745372918386e-03 0.0012383747869564778 0.0012383750438224386   
566 5094 0.002953089998569248 6234.441408414728 0.0012383743720917272 1.2383746061359966e-03 0.0012383747838267808 0.001238375121868536   
567 5103 0.003699696462850064 6265.869937559392 0.0012383743720917272 1.2383744778961538e-03 0.0012383748654981605 0.001238375113975693   
568 5112 0.003463058892201821 6026.191318476732 0.0012383743720917272 1.2383746156804177e-03 0.0012383749052198474 0.0012383752600130101   
569 5121 0.003282784973800637 5943.588939604843 0.0012383743720917272 1.2383746199639090e-03 0.0012383749581295813 0.0012383751287773819   
570 5130 0.0030732488525075344 5725.531038531071 0.0012383743720917272 1.2383746168443033e-03 0.001238374878991286 0.0012383751204513836   
571 5139 0.002842601812722753 5869.320254821191 0.0012383743720917272 1.2383747920302036e-03 0.0012383749527930194 0.0012383750512430095   
572 5148 0.0025426370787275014 6186.949570206944 0.0012383743720917272 1.2383747037472506e-03 0.0012383747958090467 0.0012383751903731624   
573 5157 0.0026513633891665517 6699.341636298293 0.0012383743720917272 1.2383746859679745e-03 0.001238374955898779 0.0012383752595946465   
574 5166 0.002689059843930518 6208.390358205096 0.0012383743720917272 1.2383746125344437e-03 0.0012383748563331704 0.001238375083029172   
575 5175 0.002532542285498662 6264.071320466892 0.0012383743720917272 1.2383745368653406e-03 0.0012383749214047537 0.0012383751133662525   
576 5184 0.002472218868743176 6558.38175077117 0.0012383743720917272 1.2383744444690705e-03 0.001238374921684677 0.001238374957349954   
577 5193 0.0027271881171613234 6702.8495717351225 0.0012383743720917272 1.2383749253428032e-03 0.001238374941534131 0.0012383750984037499   
578 5202 0.0028726377761236575 8731.7384139903 0.0012383743720917272 1.2383747541082689e-03 0.0012383749374050618 0.001238375139147994   
579 5211 0.00283427691761254 8814.219844700212 0.0012383743720917272 1.2383749184864828e-03 0.001238375015517748 0.001238375265466089   
580 5220 0.0026219465219585736 8986.63084791509 0.0012383743720917272 1.2383746730958445e-03 0.0012383747736079973 0.001238375351653174   
581 5229 0.0025874998166020126 9089.67349538457 0.0012383743720917272 1.2383746713615362e-03 0.0012383749349352947 0.0012383750287218213   
582 5238 0.002708581362368641 9491.725313948002 0.0012383743720917272 1.2383746711137483e-03 0.0012383748324399403 0.0012383750026176   
583 5247 0.0025817997443097437 9690.956210970868 0.0012383743720917272 1.2383744296018025e-03 0.0012383748976421338 0.0012383750838425539   
584 5256 0.002554205781217209 9048.325901749693 0.0012383743720917272 1.2383746591373610e-03 0.0012383749181334885 0.0012383750060427437   
585 5265 0.002626447561902242 8689.10141903655 0.0012383743720917272 1.2383745694710643e-03 0.0012383747653095692 0.0012383750961632138   
586 5274 0.0027044097398465326 8213.972950045152 0.0012383743720917272 1.2383746866673315e-03 0.0012383749253867128 0.0012383750781849027   
587 5283 0.00284402779223995 8147.700281378148 0.0012383743720917272 1.2383746806729976e-03 0.001238374925769794 0.0012383751612549576   
588 5292 0.002762717000252455 8842.46850385542 0.0012383743720917272 1.2383747456461828e-03 0.0012383748380359405 0.0012383749365317267   
589 5301 0.0030650961198783683 8461.232767029422 0.0012383743720917272 1.2383746814862387e-03 0.0012383748387213374 0.0012383750042210427   
590 5310 0.0034501663341525595 8642.649380577857 0.0012383743720917272 1.2383747627919249e-03 0.001238374921831523 0.001238375149283423   
591 5319 0.0039526266334094185 9282.535787553987 0.0012383743720917272 1.2383744831213782e-03 0.0012383748473062295 0.0012383751468149637   
592 5328 0.003555250309395813 9217.01228715046 0.0012383743720917272 1.2383747466911434e-03 0.0012383749247648723 0.0012383751487989362   
593 5337 0.0040475267852234315 9201.002226878763 0.0012383743720917272 1.2383746223842676e-03 0.0012383748331728753 0.0012383749553243689   
594 5346 0.0047468677290435435 8364.801996953238 0.0012383743720917272 1.2383746007678033e-03 0.0012383749222523066 0.0012383750820431437   
595 5355 0.004831203124728021 8040.188776066707 0.0012383743720917272 1.2383747600739625e-03 0.001238374828654384 0.0012383751538480475   
596 5364 0.003986733220647686 8349.993852220721 0.0012383743720917272 1.2383746871826042e-03 0.0012383749264956315 0.0012383751666007329   
597 5373 0.003961175865853504 8943.87958505558 0.0012383743720917272 1.2383745106781508e-03 0.0012383747653752638 0.0012383749933669707   
598 5382 0.0040438789628888605 9159.412635232879 0.0012383743720917272 1.2383745963142332e-03 0.0012383748015009181 0.0012383750235359166   
599 5391 0.004136809538291797 9419.52477496556 0.0012383743720917272 1.2383746900563931e-03 0.0012383749020760389 0.0012383750878589572   
600 5400 0.003845867100288212 9519.096389788796 0.0012383743720917272 1.2383747028060364e-03 0.0012383748467477834 0.0012383750705971346   
601 5409 0.0043513888381526995 9256.591291294324 0.0012383743720917272 1.2383746883939033e-03 0.0012383748589948377 0.0012383749507188456   
602 5418 0.005301443188323588 9866.73376255525 0.0012383743720917272 1.2383747483909757e-03 0.0012383748961854034 0.0012383750858768851   
603 5427 0.005133767539007188 9775.796080535332 0.0012383743720917272 1.2383746097873469e-03 0.0012383748287767018 0.0012383751037803204   
604 5436 0.00505450213008457 10460.108245142192 0.0012383743720917272 1.2383746611397506e-03 0.0012383749089537543 0.0012383750649364745   
605 5445 0.004993543794107949 9852.99783660325 0.0012383743720917272 1.2383746872842178e-03 0.001238374992288789 0.0012383752249934708   
606 5454 0.0046717099504274264 10019.002479689541 0.0012383743720917272 1.2383745874250244e-03 0.001238374834819006 0.0012383750025582452   
607 5463 0.004211103282751401 10586.117146152428 0.0012383743720917272 1.2383746611359749e-03 0.0012383748536896678 0.0012383751211130017   
608 5472 0.003613483036705772 10029.313279921742 0.0012383743720917272 1.2383746862451896e-03 0.0012383748505186039 0.0012383751338946743   
609 5481 0.0038746142794623393 11284.89621338115 0.0012383743720917272 1.2383748406841043e-03 0.0012383749741703787 0.0012383750690951997   
610 5490 0.0037990693586429734 11100.106873222556 0.0012383743720917272 1.2383747736148300e-03 0.0012383749190545336 0.0012383750064009049   
611 5499 0.0040664395213320294 11061.714860828783 0.0012383743720917272 1.2383745969978689e-03 0.0012383748223043175 0.0012383750954129886   
612 5508 0.004213815943469853 11365.318443989518 0.0012383743720917272 1.2383746735475398e-03 0.001238374943120608 0.0012383751629786752   
613 5517 0.004719497750790251 10076.249153876826 0.0012383743720917272 1.2383745172634040e-03 0.0012383748875840954 0.0012383750166459293   
614 5526 0.004128352996369466 9847.85552723617 0.0012383743720917272 1.2383747581823853e-03 0.0012383749227921506 0.0012383749971336703   
615 5535 0.0041852202832352164 9200.101502446376 0.0012383743720917272 1.2383746380395296e-03 0.0012383747470564267 0.0012383751565445175   
616 5544 0.004363791005382576 8850.22934510561 0.0012383743720917272 1.2383746457043426e-03 0.0012383748215279633 0.0012383750642302378   
617 5553 0.004619843236375979 8907.488831368155 0.0012383743720917272 1.2383748081233957e-03 0.0012383748861472532 0.0012383749799967437   
618 5562 0.004443274934641385 9847.67256376174 0.0012383743720917272 1.2383746172616931e-03 0.0012383748195736355 0.0012383750558352482   
619 5571 0.004478525574782579 10515.68547639734 0.0012383743720917272 1.2383746181976107e-03 0.0012383748917082845 0.0012383751592253502   
620 5580 0.004529875878972909 11668.809930835912 0.0012383743720917272 1.2383746591162169e-03 0.0012383748816943 0.0012383750527121251   
621 5589 0.004757953384683864 11251.709775175574 0.0012383743720917272 1.2383746562367763e-03 0.0012383747839953042 0.0012383749103936155   
622 5598 0.005063902079612909 11255.097923181973 0.0012383743720917272 1.2383745319695823e-03 0.001238374886269817 0.0012383751371810724   
623 5607 0.0049159754056624285 10473.51769518434 0.0012383743720917272 1.2383745574609131e-03 0.0012383747924903906 0.0012383749737357726   
624 5616 0.004484563670419216 10041.981043438358 0.0012383743720917272 1.2383746319910083e-03 0.0012383748783688104 0.0012383753048621504   
625 5625 0.0039603375662338 9866.668330149718 0.0012383743720917272 1.2383746363492413e-03 0.0012383748933103632 0.001238375289579489   
626 5634 0.003719312518941644 11004.4536342472 0.0012383743720917272 1.2383747815022596e-03 0.001238374936740381 0.0012383750542246498   
627 5643 0.00365475167579057 11071.959651266885 0.0012383743720917272 1.2383746090397843e-03 0.0012383749440060944 0.0012383751202766414   
628 5652 0.003332511736273796 10503.868423445925 0.0012383743720917272 1.2383747811371064e-03 0.0012383748594329423 0.001238375047297824   
629 5661 0.0030109463959150716 10941.768568225196 0.0012383743720917272 1.2383747852731299e-03 0.0012383748656554401 0.0012383750342256617   
630 5670 0.0025068537754968203 11155.903864050824 0.0012383743720917272 1.2383746991303549e-03 0.0012383748642719786 0.0012383749511662588   
631 5679 0.0023242122559762645 12276.494336804435 0.0012383743720917272 1.2383747023202362e-03 0.0012383748131744384 0.0012383749557710025   
632 5688 0.0022834142789820884 12748.67907372233 0.0012383743720917272 1.2383747123195475e-03 0.001238374960681506 0.0012383750465432633   
633 5697 0.002531134901875812 11977.029502446974 0.0012383743720917272 1.2383747208884386e-03 0.0012383747898340003 0.0012383750412041363   
634 5706 0.002786115704674567 11862.485208063588 0.0012383743720917272 1.2383744801694966e-03 0.0012383747813978418 0.001238375129027309   
635 5715 0.0027364638581329273 12031.562817282864 0.0012383743720917272 1.2383746499547499e-03 0.0012383748692328367 0.0012383751208915402   
636 5724 0.0029353329411929215 12407.842331511916 0.0012383743720917272 1.2383747094505614e-03 0.0012383749785803456 0.0012383752139498397   
637 5733 0.0030117472196403558 14161.78224552096 0.0012383743720917272 1.2383747094705381e-03 0.001238374942837473 0.0012383753580615352   
638 5742 0.0032548384194856974 14678.882277627295 0.0012383743720917272 1.2383745960834426e-03 0.0012383749472332775 0.0012383751128525581   
639 5751 0.0037160993365598486 15598.57729776563 0.0012383743720917272 1.2383745533074545e-03 0.0012383747793883939 0.00123837503988896   
640 5760 0.003531019182130937 17082.6538534848 0.0012383743720917272 1.2383745292441129e-03 0.0012383748712347302 0.0012383751852696316   
641 5769 0.0033610473583324486 16909.533837698877 0.0012383743720917272 1.2383746089740905e-03 0.0012383748763029464 0.0012383751112981082   
642 5778 0.0030832294276922556 15109.356851541019 0.0012383743720917272 1.2383747017060819e-03 0.0012383748707100654 0.0012383750136990249   
643 5787 0.003033774481370151 15300.150550543734 0.0012383743720917272 1.2383747771788042e-03 0.0012383748764725885 0.0012383749471994324   
644 5796 0.00286170516817023 15171.292164780223 0.0012383743720917272 1.2383746391127549e-03 0.0012383749857693021 0.001238375287265451   
645 5805 0.0026450462551649173 14683.798999975139 0.0012383743720917272 1.2383746221196550e-03 0.0012383747822535208 0.0012383750937550765   
646 5814 0.0024623850152949377 15460.373964474733 0.0012383743720917272 1.2383747073354925e-03 0.0012383748895960624 0.0012383751052957393   
647 5823 0.0022683483816114576 14450.00933013623 0.0012383743720917272 1.2383746342452808e-03 0.0012383748714766946 0.001238375116607206   
648 5832 0.0022156698082301768 14791.660837075082 0.0012383743720917272 1.2383748600294552e-03 0.0012383750036812427 0.0012383751831750024   
649 5841 0.002242115426897695 14081.258318592783 0.0012383743720917272 1.2383745235901415e-03 0.0012383748723000525 0.0012383752798383   
650 5850 0.0021779919220519463 14219.719884330096 0.0012383743720917272 1.2383745511154332e-03 0.001238374872764519 0.0012383749542602463   
651 5859 0.0021453577775853894 15059.257316787289 0.0012383743720917272 1.2383747121301049e-03 0.001238374794650706 0.0012383751235929283   
652 5868 0.0019333590769438623 16314.312406752291 0.0012383743720917272 1.2383746158899894e-03 0.0012383749319086947 0.0012383751013552143   
653 5877 0.0018185663148819757 16221.429655367498 0.0012383743720917272 1.2383746983924810e-03 0.0012383747902222901 0.0012383749754920027   
654 5886 0.0016522549554086922 15166.01164728113 0.0012383743720917272 1.2383747121609983e-03 0.0012383748839009199 0.0012383751026011365   
655 5895 0.0016124730828842235 15775.451451172221 0.0012383743720917272 1.2383747857443309e-03 0.001238374950007354 0.0012383751970093762   
656 5904 0.0015051636675194754 14880.434153175645 0.0012383743720917272 1.2383746162336320e-03 0.0012383748838619328 0.0012383750525179686   
657 5913 0.0015891242791491566 14723.994203867733 0.0012383743720917272 1.2383746501342286e-03 0.0012383748699438819 0.0012383752039595312   
658 5922 0.0016211993345823562 16549.023737035553 0.0012383743720917272 1.2383747794077579e-03 0.00123837488423756 0.0012383750356878332   
659 5931 0.0016174249877759996 17169.510406511883 0.0012383743720917272 1.2383746078999474e-03 0.0012383748551139163 0.0012383751722978957   
660 5940 0.0017476144464276505 16375.436033848753 0.0012383743720917272 1.2383746091650669e-03 0.001238374705612164 0.0012383749622730698   
661 5949 0.0015467184554604867 16982.605511053418 0.0012383743720917272 1.2383746978167664e-03 0.0012383748627473757 0.0012383750418670505   
662 5958 0.0013892669998469694 17392.072412407197 0.0012383743720917272 1.2383746915066553e-03 0.0012383748734313093 0.0012383751233151663   
663 5967 0.001153622231241389 17724.84329172909 0.0012383743720917272 1.2383746158369051e-03 0.0012383748609345793 0.0012383752733702432   
664 5976 0.0010805904441455892 18831.086789578352 0.0012383743720917272 1.2383747791708097e-03 0.0012383749465632156 0.0012383751194583643   
665 5985 0.0009869039715801908 17073.882291131536 0.0012383743720917272 1.2383745427104363e-03 0.0012383748593988732 0.0012383751985206239   
666 5994 0.0009296804885342645 20175.7734194435 0.0012383743720917272 1.2383745412627544e-03 0.0012383748702382083 0.0012383751203428129   
667 6003 0.0009370361870586308 19780.481958243137 0.0012383743720917272 1.2383745423806031e-03 0.0012383748626389778 0.0012383750311591045   
668 6012 0.000964656744406479 20093.676353435105 0.0012383743720917272 1.2383744529103357e-03 0.001238374864411047 0.0012383751842317266   
669 6021 0.000939904203022969 19355.29790751203 0.0012383743720917272 1.2383747283532180e-03 0.0012383749463121484 0.0012383753536468942   
670 6030 0.0009684343877910934 19664.79108708699 0.0012383743720917272 1.2383747015677616e-03 0.001238374855410125 0.0012383749581614143   
671 6039 0.000940203442198914 19775.173568754613 0.0012383743720917272 1.2383746402027187e-03 0.0012383748739902087 0.0012383752685076455   
672 6048 0.0008315894392501603 21220.439410685074 0.0012383743720917272 1.2383747070412888e-03 0.0012383748669169935 0.0012383751140887232   
673 6057 0.0007179320336138772 22036.293391906966 0.0012383743720917272 1.2383745463320182e-03 0.0012383748727209383 0.001238375129995337   
674 6066 0.0006771298584819582 23112.493812030614 0.0012383743720917272 1.2383747035057354e-03 0.001238374947143389 0.001238375215029024   
675 6075 0.0007182058412716923 21090.143392003578 0.0012383743720917272 1.2383748638499950e-03 0.001238374954542723 0.0012383752882705937   
676 6084 0.0006754528630728337 22466.671004502437 0.0012383743720917272 1.2383747699566787e-03 0.001238374928182414 0.001238375098405534   
677 6093 0.0006247066892393465 23431.856186099965 0.0012383743720917272 1.2383745412316537e-03 0.0012383748631306592 0.0012383751242280726   
678 6102 0.0005836824062724844 21641.109605686648 0.0012383743720917272 1.2383746326854416e-03 0.0012383749376904522 0.0012383752039098876   
679 6111 0.000597360563145442 19790.5710115815 0.0012383743720917272 1.2383747112963959e-03 0.0012383749465562542 0.0012383751197925124   
680 6120 0.0005511677403358099 19782.20286994332 0.0012383743720917272 1.2383748610084056e-03 0.0012383749522905285 0.0012383751280755943   
681 6129 0.0005187299373433154 20574.6495230142 0.0012383743720917272 1.2383746287721068e-03 0.0012383747839023055 0.001238375037043978   
682 6138 0.0004555939690275711 21054.498893524116 0.0012383743720917272 1.2383747206355105e-03 0.0012383748716961356 0.0012383751856316662   
683 6147 0.0004258432937166616 20853.17170859048 0.0012383743720917272 1.2383746988139253e-03 0.0012383748734974744 0.001238375030766321   
684 6156 0.0004365948873786472 21476.098248612187 0.0012383743720917272 1.2383747798597349e-03 0.001238375031112978 0.0012383751133349418   
685 6165 0.00046095523866939217 19304.323020271462 0.0012383743720917272 1.2383747019042500e-03 0.0012383749494030167 0.0012383750405533778   
686 6174 0.000419129803964904 20382.361284061397 0.0012383743720917272 1.2383747126757836e-03 0.0012383750242246372 0.001238375112219295   
687 6183 0.00038818174955227276 18532.127333352928 0.0012383743720917272 1.2383745361744572e-03 0.0012383749323255095 0.001238375100547011   
688 6192 0.0003496123902986561 17834.36555078985 0.0012383743720917272 1.2383747012184891e-03 0.0012383748846353654 0.0012383752582639186   
689 6201 0.0003134078960839175 16539.277353055717 0.0012383743720917272 1.2383746256823906e-03 0.0012383748642739003 0.0012383753612943867   
690 6210 0.00030749539102334535 16983.998717518974 0.0012383743720917272 1.2383747169747350e-03 0.0012383749374443136 0.0012383750407743766   
691 6219 0.0003100769458411125 16682.176127655282 0.0012383743720917272 1.2383747195760333e-03 0.0012383750263327388 0.0012383751081091235   
692 6228 0.00029390224459710767 17534.23796442634 0.0012383743720917272 1.2383747008839793e-03 0.0012383748719002072 0.0012383751078638488   
693 6237 0.0003207758929238547 16495.507787854058 0.0012383743720917272 1.2383747807171172e-03 0.0012383749521536523 0.001238375279003291   
694 6246 0.0002890795545235295 16996.076804759632 0.0012383743720917272 1.2383747870971062e-03 0.0012383749431983016 0.0012383752010065592   
695 6255 0.00029339471426447075 17185.91846122316 0.0012383743720917272 1.2383746967355683e-03 0.0012383748748009378 0.0012383751050846954   
