% # columns="iteration, evaluation, void, void, void, xmean", seed=552675, Fri Dec  1 12:29:52 2023, <python>{}</python> # scaling_of_variables: 1, typical_x: 0
1 9 0 0 0 0.12621888312550267 1.0122495623219312 -0.5977825321878494 -0.10395184094700749 1.291044172262654 2.892773813760005
2 18 0 0 0 0.7527598759499913 1.728191909700958 0.5435383699297542 1.454308505376686 2.142826146043208 3.649303286171162
3 27 0 0 0 0.46930655749187933 3.4148590551691456 3.070650761026008 3.0713495541929703 2.8565887690690004 2.704016875927868
4 36 0 0 0 2.7409578187318004 4.56677057133106 3.6885968649069865 4.353379619312582 2.3359585719831713 2.368329533743908
5 45 0 0 0 3.0810610268813097 3.150127000012414 3.5009717684191495 4.807116301839441 3.640659208358048 0.4500060859817827
6 54 0 0 0 3.639985844592103 4.077155265483782 3.1104971258560745 7.5133551903464655 4.181111006570879 -0.8809600829969952
7 63 0 0 0 3.8901177984883692 5.3230371814603465 0.9961101714709035 8.364937851233343 1.0631630005759267 -1.264021117008604
8 72 0 0 0 3.6034502969265634 4.9229453706634905 0.6329171741136055 8.286217480733534 1.7221871785646223 -0.5568358643004502
9 81 0 0 0 4.958227555895176 3.6152990019820446 0.05677226503084143 4.263874777327163 1.09062193533942 0.3103629734645491
10 90 0 0 0 5.942379921235432 4.595050252584992 -0.40613426032277833 6.9371184298235935 1.0212335979745304 -0.32244076973978253
11 99 0 0 0 6.772212894227633 3.8431267026050633 -0.2593117904518103 7.869368476535036 0.7224777245329762 -1.7652277839531507
12 108 0 0 0 8.574979509592197 4.430572103171778 -1.3805910359777305 6.71188759250825 0.5275374608006658 -2.432683752560464
13 117 0 0 0 9.183711876040954 3.0918198333938056 -1.5706039261634115 4.952217988783756 0.036006719585556124 -3.521404247960991
14 126 0 0 0 8.53807368897666 3.3709304721674878 -1.1846201806418168 4.028724382636738 0.1323757924651146 -4.822194353574286
15 135 0 0 0 7.295106795350189 3.1865310988302813 -2.413873712122385 4.467591152658715 -0.014699964214679867 -3.967031063891314
16 144 0 0 0 7.623524192316566 3.3235433549556523 -1.6111297119026267 3.9439864611236573 0.15263422840920798 -4.2089214689484145
17 153 0 0 0 8.710665786830232 4.0057093254065315 -1.719931072385859 2.3596002110519767 0.05474091591934664 -3.9888765853087036
18 162 0 0 0 8.03898759268209 3.488629362389099 -1.791810241335686 2.0051357529011584 0.3668077354289446 -3.4717077199750137
19 171 0 0 0 7.553601688415682 4.479262203073889 -1.568686226488866 1.3965678514462512 0.34511583191492445 -3.8157745871438746
20 180 0 0 0 8.485579129096713 4.059797262999399 -0.6255941245323421 1.7828310028417884 0.29450399320762505 -4.590451498899958
21 189 0 0 0 8.561216622575294 2.0777653319901144 -0.12065106751116239 2.0216623783567087 0.15833922536923706 -5.281870938018623
22 198 0 0 0 10.595634178814386 3.2393592361529238 0.4671711550520028 3.4179586752433844 0.0532161284989989 -5.758938592548686
23 207 0 0 0 10.997050491979984 3.5104047260161986 1.5083974888235838 2.9513548064805817 0.10317611816984612 -6.8080216597172365
24 216 0 0 0 11.286638703755663 4.363776194482084 2.1554908026920896 1.9689407120111562 0.07803108201599473 -6.2504705345201454
25 225 0 0 0 11.64208349514346 5.397953014135923 3.128969882911772 1.592678742714991 0.2916284868012313 -5.6378606773581055
26 234 0 0 0 11.935189844402158 5.863047655022834 1.9349914728611226 2.084651292896683 0.20138474298559925 -6.388077556979037
27 243 0 0 0 12.635897714901716 6.2141540227473655 1.628088837842621 2.131414751880292 0.19127364755183168 -5.519349560776844
28 252 0 0 0 10.988358143607636 6.4245110107383345 1.152361385943932 -1.1344261346088977 0.25594146497098585 -4.17593303951391
29 261 0 0 0 10.387931850561127 5.691722782775383 -0.7283980505656111 -2.1277998083980028 0.33988182368810455 -3.3397545044606547
30 270 0 0 0 9.988306305093136 7.905683011497621 -1.2025679524009198 -2.224088939280925 0.6913848714505002 -2.371074901331386
31 279 0 0 0 11.435084606344196 6.913463844425431 -0.3553726501737615 -0.6269145039353321 0.16146212207282562 -3.4764476543723966
32 288 0 0 0 12.94149008029083 7.299392465664196 0.21506640607625793 0.22139398966331114 -0.03556541834221122 -3.4456829786818655
33 297 0 0 0 12.626422456734069 7.098490218812081 0.4070542360377687 -1.5269293015137921 0.0269132887647126 -3.389434601792497
34 306 0 0 0 11.94363654485259 7.084089130986328 -0.09592546817586323 -3.0537880394990715 0.06659486377175984 -2.9469648025874777
35 315 0 0 0 11.928290537312304 7.721595035326656 -0.860004594854822 -2.679474090777586 0.07690255074853068 -2.7626574989592165
36 324 0 0 0 11.164494399069977 7.544161685638526 -2.0363517231890644 -3.166464794017481 0.22971439015037276 -2.2617592626637504
37 333 0 0 0 11.223264296370115 7.33626090554289 -2.21091088558291 -2.2888872611452737 0.03291566487530434 -2.371222978381902
38 342 0 0 0 10.78770699371172 7.024298601373591 -2.573587999920399 -3.491584544885751 0.034673694491351714 -2.8132136810969803
39 351 0 0 0 10.177703330627965 6.970043052365503 -2.9830561622215104 -3.8275939452490157 -0.038711178358413006 -2.3842866862566403
40 360 0 0 0 10.845301561791722 8.05309781496871 -2.8723954059725765 -2.8915690180312055 0.05479698223553202 -2.281354435278163
41 369 0 0 0 10.416554579418746 7.836786715491144 -3.772555908288436 -2.808624331978987 0.030697877416983037 -2.249768254769674
42 378 0 0 0 10.490412498745853 7.705300793939984 -4.065805463317876 -2.999684320119518 0.03666368850702756 -2.209802397995212
43 387 0 0 0 10.610632045992256 8.125654101124375 -3.833471746538156 -3.647726784810455 0.05687593585313312 -2.436609149685978
44 396 0 0 0 10.31521556233545 8.596503180550881 -3.6328963961431056 -3.8560572342784467 0.10646631935357594 -2.3596948587071003
45 405 0 0 0 10.438385535369898 8.382317052398486 -3.5301368747520523 -3.6861124216393777 0.11218202430962997 -2.391518632279388
46 414 0 0 0 10.602347774006212 8.21436176424018 -3.0482407316865845 -4.169471294368774 0.20400387000288547 -2.7659684263861384
47 423 0 0 0 10.640719569337179 8.694690360008371 -2.628399339307353 -4.154297924572177 0.20863688049252033 -2.695264711128596
48 432 0 0 0 11.246697921281296 8.508650129430249 -1.7720191410115558 -4.151667026090121 0.20455023075647802 -2.800411192071534
49 441 0 0 0 11.191653977055743 8.430376536059558 -1.2074502894857897 -4.0468477915457965 0.18224468516217107 -2.584493789519188
50 450 0 0 0 11.614014215659706 8.83446162470073 -1.4190902628432625 -4.378293003969977 0.16307802415542239 -2.6044011411105075
51 459 0 0 0 11.952937824809906 9.142144078080571 -1.9581124652527406 -4.758579819354157 0.13366474469103495 -2.7289499031272975
52 468 0 0 0 12.091385102192525 9.338891257887873 -1.282301770514125 -4.480686850999053 0.16958667636733046 -2.741798377269907
53 477 0 0 0 12.268865253361293 9.899174811929354 -1.214577617402737 -4.991791378403067 0.2300000065760569 -2.890757875981752
54 486 0 0 0 11.763151193698215 9.94239719352419 -2.1624755805065594 -5.378214785671045 0.21009494288590252 -2.7683474373591492
55 495 0 0 0 11.556955902612831 10.177950509625049 -2.945442173463583 -4.980057826602363 0.1568665197891237 -2.790581263201665
56 504 0 0 0 11.563301006857838 10.050332852804067 -2.98352981999649 -4.979481663456172 0.13388731017072908 -2.815411222820554
57 513 0 0 0 11.393863992414051 9.771941921555628 -2.59076625684819 -4.944134960860491 0.18897608002497843 -2.8017378726265236
58 522 0 0 0 11.51739566121524 9.842844842859307 -2.3377376539327352 -5.306545810924536 0.20928463156951857 -2.8027426509476974
59 531 0 0 0 11.518872873858959 9.89678298777076 -2.0630891777508915 -5.521812929950499 0.20656472701478487 -2.84168168922992
60 540 0 0 0 11.544850414209389 9.557403234381315 -2.200514108665891 -5.869510988529188 0.17458025197738272 -2.8906175340862044
61 549 0 0 0 11.335105023810758 9.775499306511353 -2.477864754204473 -6.330114011137576 0.18786717320170168 -2.9479949440762003
62 558 0 0 0 11.394287103477188 9.893648211005084 -2.3587539546504135 -6.393687848280058 0.19815639413705188 -2.907136295452088
63 567 0 0 0 11.526960975903805 9.435558804277344 -1.9214980394515202 -6.215724872390915 0.19255148201063632 -2.9049743942332906
64 576 0 0 0 11.516502084715162 9.410312394209127 -1.9218351381538672 -6.547410197422748 0.1849090415877575 -2.953212471781517
65 585 0 0 0 11.495660907578028 9.122930758629074 -1.60197681731844 -6.68418358638053 0.19455049206589498 -3.026950750206394
66 594 0 0 0 11.495383791552115 8.94011570014881 -1.3452941396051883 -6.314416353706374 0.1974295737891186 -2.9507268233511663
67 603 0 0 0 11.34014403976207 8.966350311034647 -1.6168194163067968 -6.365191808997484 0.1892998797571324 -2.910828026792788
68 612 0 0 0 11.184494185202615 8.51096273667118 -1.1570188316629324 -6.443301027894879 0.2090038342827769 -2.915567638786082
69 621 0 0 0 11.10855512271581 8.998372376125605 -1.4548707822832019 -6.774944734607496 0.2277637467850283 -2.9504579228136376
70 630 0 0 0 11.136372560456952 9.006899326905849 -1.492433607901047 -6.830344561004346 0.2344672075549041 -2.9455428879641663
71 639 0 0 0 11.160891284748391 8.856433352245661 -1.3170916758534128 -7.084942519379247 0.23163927109227656 -2.964909636414043
72 648 0 0 0 11.215329249135573 9.055892518884862 -1.4320807020516577 -6.868206426663683 0.2249523270463329 -2.9566074728065694
73 657 0 0 0 11.325862258564708 9.154633671557194 -1.3876190662510957 -6.748560365099158 0.23360109110043548 -2.9397554412329634
74 666 0 0 0 11.234927652174326 9.131997683209342 -1.5619087548281805 -6.973930187729399 0.228601337657251 -2.9525510825645713
75 675 0 0 0 11.158009986923531 9.227257611035988 -1.650255795136718 -7.144691866592294 0.2312372467174287 -2.955046451266063
76 684 0 0 0 11.081813518297235 9.179072847933174 -1.6833060818189973 -7.300319939887747 0.2328039844708463 -2.9575894041451596
77 693 0 0 0 11.026954732585509 9.104386862192747 -1.6872659865197088 -7.401614443637777 0.23165300897840196 -2.9659634871196925
78 702 0 0 0 10.965664789016536 9.148582573945617 -1.8434600692549155 -7.4578258974974965 0.22220367083025772 -2.9609498090665274
79 711 0 0 0 11.006740836334231 9.069621974993682 -1.768727294918885 -7.444496144038146 0.21655558309806813 -2.958109108263114
80 720 0 0 0 10.960842085252436 9.080736106599748 -1.7518950435661877 -7.546844965128877 0.22739834794990835 -2.965960756755538
81 729 0 0 0 10.92782530341582 8.980506056814592 -1.6895224061040983 -7.58291503965006 0.22717636137138156 -2.9648557457951292
82 738 0 0 0 10.869780316138206 8.861206508465601 -1.6702592928895552 -7.604196113994776 0.21989830725412923 -2.9625392741021765
83 747 0 0 0 10.85418449468114 8.837138437105054 -1.7219401687165794 -7.653968665396635 0.2142692950753775 -2.9637814528105952
84 756 0 0 0 10.761343470482316 8.892968469344952 -1.8318275959476709 -7.929947167359576 0.2172621691620407 -2.971072525194054
85 765 0 0 0 10.62413141700545 8.76620868631825 -1.9050455993866025 -8.057896942080568 0.2126635367776603 -2.9661849975141354
86 774 0 0 0 10.594037539206337 8.868992908944877 -2.0187778988400424 -8.190266741092783 0.2140122625099709 -2.9661194504601402
87 783 0 0 0 10.449756941235012 8.992496230590767 -2.3528163352349107 -8.521727033018822 0.20882432449339122 -2.9716262125075863
88 792 0 0 0 10.392534808660368 9.103255882599768 -2.54663821751489 -8.736045755442136 0.20723058814593034 -2.9702770833865584
89 801 0 0 0 10.109156455072231 9.201351368228911 -3.0083209674766835 -9.37500277057046 0.19985593226043538 -2.9663069023178186
90 810 0 0 0 9.854558084516766 9.561981313689564 -3.747096593438978 -10.086474950350135 0.19494317105247944 -2.953296610005202
91 819 0 0 0 9.287786635534403 10.40045828532102 -5.2833749244144075 -11.499092958591884 0.19901480051354356 -2.9524550249216723
92 828 0 0 0 9.125224847141288 10.99535361337515 -5.8059946396969355 -11.503599684554551 0.22135287137879534 -2.974286159251377
93 837 0 0 0 10.621904090498877 12.38085934648399 -5.451022591882157 -9.817536491887395 0.24919123245571662 -2.981202504517771
94 846 0 0 0 11.749040743932936 13.480628273668028 -5.028172483369269 -8.79145894015697 0.3012338769964056 -2.960368804768086
95 855 0 0 0 12.886275712850777 14.672737630202004 -5.068890517235093 -7.210403635083147 0.2833507348520524 -2.869002675362437
96 864 0 0 0 14.237453099763153 15.650377912523025 -5.071080163578641 -5.8797854214042395 0.23771005104122306 -2.838122852501422
97 873 0 0 0 12.423928929257894 14.037079423313532 -6.25986696490696 -8.855961854527807 0.16959187635236983 -2.941808922038353
98 882 0 0 0 12.742568744034894 14.429573280801351 -6.777201060416348 -8.428783493319063 0.1272507411632152 -2.87864247497138
99 891 0 0 0 12.360675931483787 13.744042793861558 -6.430585726460643 -9.229122241734034 0.1606055051293925 -2.9201083039670914
100 900 0 0 0 13.854294681864246 15.570515881667925 -6.653250511630025 -7.952533650033477 0.17557674217868818 -2.7888869684394075
101 909 0 0 0 13.905526321928246 15.90280516113727 -6.955015330624557 -8.849501177316146 0.16167898048933743 -2.842555415495576
102 918 0 0 0 13.124026337896089 14.69831117062144 -6.33963121669456 -8.618287097767231 0.19098735509522136 -2.7817508264514217
103 927 0 0 0 13.558884575794197 15.442100739532334 -5.6952939392890825 -7.42980269314069 0.30099899963311116 -2.786591648562649
104 936 0 0 0 14.135925906156114 16.269299731590117 -6.166420233368796 -6.765287233506985 0.31180777113108793 -2.793654947064414
105 945 0 0 0 12.956414909135127 15.13552737974744 -6.7066399613588095 -8.097491892771869 0.2618553346966512 -2.9243860423652963
106 954 0 0 0 13.34806882180738 15.801980971571176 -7.1215476136910585 -6.956462588167307 0.2555314704470494 -2.9226721285023465
107 963 0 0 0 14.191227367452994 16.69689343827585 -6.866015573411618 -5.912856814427375 0.3392560038250587 -2.930116875358134
108 972 0 0 0 15.099614479591175 17.56981330450632 -6.238006401435122 -4.023742850891113 0.4153077518269626 -2.9685893581087663
109 981 0 0 0 13.615046118478235 15.563835619446932 -6.395490595091187 -5.721489121859891 0.2954786510353845 -2.981483016109032
110 990 0 0 0 14.013032015482473 16.37326656579454 -6.89243016968049 -5.1101669747628495 0.2928127319581235 -2.9943174334346705
111 999 0 0 0 13.623531168080643 15.810739692776682 -7.493483421336496 -6.728901771217756 0.22771958696875205 -3.0056750985247587
112 1008 0 0 0 13.699074435954703 15.421576711371271 -7.019740282607715 -5.941600050143598 0.21158462548931933 -3.0420262960020206
113 1017 0 0 0 14.246074770337827 16.238403734509525 -7.03275055015597 -5.119138999914223 0.2641600738552086 -2.9881875314907087
114 1026 0 0 0 14.257187522901383 16.3292514853343 -7.3749583667258705 -6.015236024353063 0.22704659642589448 -2.943429526446222
115 1035 0 0 0 14.154456901386515 16.38044363062348 -6.887907702116663 -6.608307534904672 0.2864108076018116 -2.9399379999777504
116 1044 0 0 0 14.69785312995937 16.909934641380023 -6.932395671714981 -5.733687775022995 0.28274171073832677 -2.9147451000705793
117 1053 0 0 0 14.836274757823743 17.03538286650092 -6.715055875740318 -5.478125937106223 0.3187844477792204 -2.9261671987641362
118 1062 0 0 0 14.806053977967643 16.99703769251696 -6.521889077191391 -5.582784389857396 0.35697300923390934 -2.9638840708966354
119 1071 0 0 0 14.770412670219008 17.04236318481185 -6.867356937224657 -5.6076343512266815 0.3497771419284084 -2.926079292862997
120 1080 0 0 0 14.834687988905337 17.201133563197086 -6.804611025793263 -5.351969229131408 0.37838062289557145 -2.925863511538765
121 1089 0 0 0 14.851803968294812 17.21622488210889 -6.918661606294709 -5.283070291813438 0.3976331858806851 -2.900909139070258
122 1098 0 0 0 14.628763636823312 16.950453893323125 -6.8391843462919155 -5.503953132877608 0.39635181618432824 -2.891783708366647
123 1107 0 0 0 13.902174448568838 16.281374534769537 -6.982650075528646 -5.829508066785233 0.41521686384324097 -2.89939224957357
124 1116 0 0 0 13.951438743023438 16.466556472873517 -6.753083705182828 -6.652642587192855 0.44052911556313484 -2.904907704781602
125 1125 0 0 0 13.503565992816931 15.909814718898541 -6.789675915177313 -6.846791419631922 0.43012743125824293 -2.9196222847484203
126 1134 0 0 0 13.457826210305564 15.84596932110091 -7.0981192531186315 -6.357410400732153 0.3959426490001308 -2.8661907178128128
127 1143 0 0 0 12.929729564173652 15.332661980015926 -7.258357582563146 -7.026864450031237 0.3882004849491965 -2.885700369264839
128 1152 0 0 0 12.245910632114292 14.638518416535893 -7.547211901493782 -7.558304223879605 0.3768356899384245 -2.905170824476952
129 1161 0 0 0 12.422467722340109 14.866652547865725 -7.484958485466103 -7.735964892676605 0.40955974739241313 -2.928044723785479
130 1170 0 0 0 11.922332297768081 14.405072255831616 -7.440497065472675 -8.276022888910639 0.42549810483741024 -2.943423061212426
131 1179 0 0 0 11.060376119704305 13.565726138836988 -7.3168858567556425 -8.864912889448838 0.4454997479026629 -2.9906634434391175
132 1188 0 0 0 10.901821812084272 13.37550042955259 -7.3639174726543395 -9.239366422399272 0.4524268488679266 -2.9741304105543844
133 1197 0 0 0 10.592762593301938 13.169958603910066 -7.615310354236096 -9.437614200649087 0.45682564465181325 -2.96438404020566
134 1206 0 0 0 10.624734266318304 13.112512444731705 -7.702835421067409 -9.564175846639856 0.4336573957187909 -2.948025472909744
135 1215 0 0 0 10.859419551669458 13.370780421646923 -7.610402333916284 -9.377276635875688 0.44205414294886874 -2.9778732787360305
136 1224 0 0 0 10.740451741321218 13.214229577422381 -7.591498784127432 -9.248298964233197 0.43802029857621083 -2.9627617576503593
137 1233 0 0 0 10.524035120382681 12.983057539519844 -7.380885644604285 -9.977521803400817 0.4382338547048931 -2.9771789297269287
138 1242 0 0 0 10.92457122132622 13.3998224508719 -7.330301189971245 -9.501523527210093 0.44065969395006954 -2.9619733284394143
139 1251 0 0 0 10.769405431266255 13.275603384982995 -7.3715903797257 -9.509928555926125 0.4511938009982268 -2.9775508340288708
140 1260 0 0 0 10.843271721563923 13.343917185184948 -7.363499103006074 -9.540399525103354 0.44808532070282014 -2.9656009931268454
141 1269 0 0 0 10.663548869461026 13.164591649514751 -7.413765023757613 -9.63368334120438 0.44987101388383344 -2.9735431745793295
142 1278 0 0 0 10.605456601852955 13.084806573647477 -7.466566743383419 -9.702947193774751 0.4402007922804785 -2.97113194257067
143 1287 0 0 0 10.578029852553858 13.058129935755707 -7.423283152724694 -9.747179350391418 0.44208548487211136 -2.9784177236117286
144 1296 0 0 0 10.701012259369245 13.162953568789577 -7.4573122286590765 -9.731497473497392 0.4324829170607142 -2.971623280986731
145 1305 0 0 0 10.688174349797066 13.157501481080224 -7.492764453015423 -9.696810063705911 0.43388266858980784 -2.967092359854375
146 1314 0 0 0 10.735810189131316 13.209947918383818 -7.437783565157572 -9.678000088757928 0.43630856766677617 -2.975708420493656
147 1323 0 0 0 10.76078653281025 13.242917582925932 -7.419873064537475 -9.728400543441484 0.4404745376548403 -2.9717538281402702
148 1332 0 0 0 10.691246178636074 13.16703871268489 -7.424215633474633 -9.875743231246283 0.43958757222393313 -2.974748896286213
149 1341 0 0 0 10.767909697579848 13.240129309390184 -7.396775322573808 -9.722553558975866 0.4392786060622779 -2.9730764972145804
150 1350 0 0 0 10.83738720702509 13.309370377492472 -7.376530921683671 -9.712794416955772 0.43959806019863107 -2.97535682807118
151 1359 0 0 0 10.880077127504672 13.351133914407121 -7.399369757417232 -9.70670095793297 0.4393535114609847 -2.971221641229625
152 1368 0 0 0 10.853044235016243 13.314925868167641 -7.417871485441944 -9.673062986982272 0.43532700095683124 -2.973621669643209
153 1377 0 0 0 10.906376033527934 13.375807975669733 -7.397467994676362 -9.660411120640894 0.4377839475746874 -2.969658757394746
154 1386 0 0 0 10.888951552986546 13.358684705674806 -7.394510789115821 -9.735876905283567 0.4386912589112602 -2.9705044829438543
155 1395 0 0 0 10.83228581877766 13.298624016673456 -7.400806377077216 -9.786931579875857 0.43809957120411996 -2.972108360948287
156 1404 0 0 0 10.856633974252619 13.32627081157745 -7.374815742747616 -9.821262986686044 0.44009114170260377 -2.9723776206487984
157 1413 0 0 0 10.85392688581602 13.327971619071144 -7.3863341553035475 -9.826960045827805 0.4412504195162876 -2.971215533389454
158 1422 0 0 0 10.86145196913522 13.334769538427732 -7.391262141193542 -9.791449763989593 0.44022993308668584 -2.9718254953986842
159 1431 0 0 0 10.853802071775782 13.325174856961697 -7.410069985254305 -9.756634298367514 0.43894485123576327 -2.9711075215527116
160 1440 0 0 0 10.859079398605362 13.331593039345773 -7.39660767963041 -9.827649379392273 0.4394733465871877 -2.971879992389463
161 1449 0 0 0 10.881754823005643 13.356281307680597 -7.391730723769659 -9.807823631803366 0.4405604578992141 -2.971233267211513
162 1458 0 0 0 10.875561497756035 13.351599126561446 -7.397937216166496 -9.790920239360021 0.4402342786519983 -2.970835581699913
163 1467 0 0 0 10.871626381638032 13.34617763955345 -7.404656363251964 -9.833964148025501 0.4399279590122975 -2.970660736104033
164 1476 0 0 0 10.856485086626572 13.328010076562856 -7.4131206588001035 -9.867335256525305 0.4385993495137546 -2.971640618569559
165 1485 0 0 0 10.85302727171055 13.32517921548531 -7.4133363523154685 -9.862481704675055 0.4385711160384255 -2.9721782919839574
166 1494 0 0 0 10.836375529596712 13.309185326786627 -7.416227345641797 -9.89425773113578 0.43882858835553396 -2.972280219925906
167 1503 0 0 0 10.853546958419535 13.3238638341212 -7.417728459765595 -9.919865703680852 0.4380086370853087 -2.9725740000480845
168 1512 0 0 0 10.856770049097456 13.326409537193687 -7.426790506518167 -9.911487144653126 0.43780484559371263 -2.971783223872525
169 1521 0 0 0 10.84063566985276 13.310533694510772 -7.418258701011371 -9.928064655992834 0.438321735179451 -2.972789104205072
170 1530 0 0 0 10.826687606419116 13.296554825684634 -7.431701338509769 -9.943183128943053 0.43777623392031256 -2.972932299842955
171 1539 0 0 0 10.834460029179 13.303130270623223 -7.430126557509862 -9.917054607889353 0.43750674949184903 -2.9722177838428325
172 1548 0 0 0 10.834059791911473 13.301928521033046 -7.4304400156791655 -9.903966345729497 0.43757645850337995 -2.9724650309805023
173 1557 0 0 0 10.829374548696695 13.297245035808153 -7.426827404572113 -9.923105436902247 0.43769677437215954 -2.973031797628315
174 1566 0 0 0 10.836363747495497 13.304535134261167 -7.42387240608922 -9.908477304395362 0.43768421309222844 -2.9729045959296445
175 1575 0 0 0 10.820336844806686 13.28914749701629 -7.426828666295319 -9.900910431358785 0.43784327114898935 -2.9728093309578862
176 1584 0 0 0 10.828686226863283 13.298444906544981 -7.424758463387475 -9.905596472736512 0.4380717327602525 -2.9728409363530304
177 1593 0 0 0 10.81421058097768 13.285395869296451 -7.425301708265199 -9.906045547527967 0.43838080838541044 -2.9733264058340025
178 1602 0 0 0 10.81245846137725 13.28395485447693 -7.4193363281719344 -9.926927786869435 0.4387283311903874 -2.973416415785471
179 1611 0 0 0 10.800089172033328 13.27262197641431 -7.421378872331559 -9.937445979796887 0.43884446150986317 -2.9734897766463995
180 1620 0 0 0 10.807389589205654 13.279583559815219 -7.421701212102724 -9.932162702163867 0.43879524013545007 -2.973615427066056
181 1629 0 0 0 10.807228154837917 13.279519381130502 -7.419685994695202 -9.939067373436684 0.43890883187615576 -2.973608066480567
182 1638 0 0 0 10.804776587345811 13.27706453516214 -7.413705008773759 -9.935174532756909 0.4391296117918391 -2.9739261763009806
183 1647 0 0 0 10.803197332805897 13.274291601366308 -7.413128352802423 -9.944706918968047 0.4386964677545689 -2.974609463766613
184 1656 0 0 0 10.798670289570804 13.269179684360585 -7.412826297400288 -9.967104788934577 0.4384783036658488 -2.9751189075903337
185 1665 0 0 0 10.801240886298773 13.273303861031108 -7.401729078247015 -9.935396222243558 0.4391149937404935 -2.9747201987889325
186 1674 0 0 0 10.788624645669941 13.261025840246841 -7.407353359355638 -9.948681238498782 0.4393002926057742 -2.974558057774283
187 1683 0 0 0 10.79480734002642 13.266400541204654 -7.406555515622 -9.919421458549804 0.4390532095772389 -2.9745581629072926
188 1692 0 0 0 10.785624538285916 13.258902719065238 -7.401764995678477 -9.932267533120312 0.4395428651842427 -2.9746589598614497
189 1701 0 0 0 10.807226030835967 13.27921955858397 -7.395492014633248 -9.917568828437227 0.43936792377232287 -2.9748132716108153
190 1710 0 0 0 10.805245855358974 13.276692036987644 -7.401832545711637 -9.883336854731967 0.4387686708247399 -2.974534099271305
191 1719 0 0 0 10.81689361700106 13.287126540164113 -7.3954694814318565 -9.876051440905044 0.43852029780828516 -2.974356781717845
192 1728 0 0 0 10.817130747188916 13.28888467187247 -7.398833784124748 -9.892603315851836 0.43876080345421875 -2.974160530202557
193 1737 0 0 0 10.827423726889068 13.298706441017593 -7.401792498794901 -9.87675698959705 0.4385559647679648 -2.9737564557190987
194 1746 0 0 0 10.822481618079596 13.294715321561174 -7.40634109637013 -9.891096355327136 0.4385869478871583 -2.9741618112978054
195 1755 0 0 0 10.820029489893178 13.292542475132723 -7.406736030168915 -9.89828707796609 0.43860973665127595 -2.9741073174855797
196 1764 0 0 0 10.814438538092734 13.286831499045915 -7.41553057640365 -9.927079414412631 0.4384540350576708 -2.9743196420108764
197 1773 0 0 0 10.813492875488631 13.287750985118606 -7.407924093834214 -9.907698570353313 0.43894151055073777 -2.973865585454511
198 1782 0 0 0 10.802389283951818 13.276280673509277 -7.407187922984149 -9.91707115565361 0.43910179634418334 -2.973939198955529
199 1791 0 0 0 10.804246390749348 13.277898757692503 -7.408802292690263 -9.915977931826127 0.43904890530494856 -2.974074246814956
200 1800 0 0 0 10.802881532230531 13.277060223375834 -7.409979684902709 -9.912891972429998 0.4391776803741803 -2.9740523690166722
201 1809 0 0 0 10.806015690421672 13.280900487431932 -7.405417400321984 -9.896681820365322 0.439386181073356 -2.9740602261241906
202 1818 0 0 0 10.79609397919794 13.270545578135442 -7.408524540693725 -9.915701607084394 0.43931929793295604 -2.9742432639376926
203 1827 0 0 0 10.798184937124583 13.272767981161138 -7.405702044739607 -9.912792442021942 0.4394203564826016 -2.974003761878563
204 1836 0 0 0 10.797593482796195 13.272071352622842 -7.407324440089914 -9.920026526217107 0.4392927743227212 -2.973932111003247
205 1845 0 0 0 10.797947869011027 13.272610340249908 -7.405654091932057 -9.926851778407206 0.4394314216765288 -2.9738451966760455
206 1854 0 0 0 10.797642679193238 13.272138313585456 -7.408480101414536 -9.93675821913441 0.43932102289769825 -2.9741538984632943
207 1863 0 0 0 10.793218562426617 13.267876520959604 -7.411067227383192 -9.944912006915487 0.43935689626956587 -2.974108893687443
208 1872 0 0 0 10.789714453567543 13.264027044698222 -7.417050370250072 -9.95431427982617 0.4391459933698073 -2.974170625564946
209 1881 0 0 0 10.794852455854459 13.269455218024508 -7.414235735026269 -9.942037242873159 0.4391236580929062 -2.974060841732722
210 1890 0 0 0 10.784951166282474 13.259141528091455 -7.4224785416611585 -9.962018932937713 0.4389078894447043 -2.9740882708366927
211 1899 0 0 0 10.785006837575198 13.259311221625248 -7.423095626632417 -9.966893425531138 0.4389704759496255 -2.97393112850132
212 1908 0 0 0 10.77758297215483 13.251775863080848 -7.430637480933452 -9.992522518861977 0.43882140544415904 -2.9739232987066067
213 1917 0 0 0 10.771054624656392 13.245174101372788 -7.44057507557984 -10.014927937520156 0.4385691060271749 -2.9739500157010097
214 1926 0 0 0 10.768481606202055 13.24251275885337 -7.440536655127832 -10.013217462726985 0.4385293936600762 -2.9739054983981767
215 1935 0 0 0 10.76157171910911 13.235887776448271 -7.447359265684935 -10.024028445350147 0.43851715892466936 -2.9740590930627384
216 1944 0 0 0 10.759988786239074 13.234367437299333 -7.444466893017195 -10.004810595512438 0.43850111909148415 -2.9739656636787464
217 1953 0 0 0 10.752163562894252 13.22652831581553 -7.447739416830908 -10.039092661968207 0.4384932004207018 -2.9742311003765503
218 1962 0 0 0 10.736598440642014 13.210687251954955 -7.452569200599422 -10.056511595473655 0.4383520812412396 -2.9744936491961593
219 1971 0 0 0 10.721929568111861 13.195874627234389 -7.468491421238874 -10.106514451153359 0.4381201394159674 -2.9743817814610325
220 1980 0 0 0 10.709048251965852 13.183061878394959 -7.479038620468673 -10.126436890044996 0.4379647776340304 -2.974527823516044
221 1989 0 0 0 10.698719361769378 13.172207389275925 -7.493648971635687 -10.137615050387742 0.43750225350074307 -2.9743231138759088
222 1998 0 0 0 10.711929918802406 13.185795480215987 -7.485438084884748 -10.09409664349916 0.437718910305506 -2.97405418641554
223 2007 0 0 0 10.701505718073202 13.175571231453741 -7.485972023775222 -10.121706386962986 0.43779934380830887 -2.9739781685949467
224 2016 0 0 0 10.732840411286928 13.206949868983141 -7.457444343036125 -10.057043489193084 0.43821568460930527 -2.973837196734556
225 2025 0 0 0 10.733733602776086 13.207992826475655 -7.455882258836747 -10.055635762396813 0.4381998701057454 -2.9733962111872656
226 2034 0 0 0 10.727162492780813 13.201184589726846 -7.462777817854457 -10.080995132831017 0.4379196806013225 -2.9733431740137743
227 2043 0 0 0 10.745811623968287 13.22013459621385 -7.445696908562915 -10.060948203751769 0.43831970469335013 -2.9729515557345074
228 2052 0 0 0 10.737288652262567 13.21118122990032 -7.453202654188442 -10.075801312174745 0.43809938801347226 -2.9738211934563403
229 2061 0 0 0 10.73794050629258 13.211735263800144 -7.451681365981687 -10.089238970750293 0.437998229049556 -2.97357219653284
230 2070 0 0 0 10.735144998432528 13.209329466383751 -7.450676039596227 -10.10299994021354 0.43811090222575455 -2.9730954445821824
231 2079 0 0 0 10.712974235439152 13.187043926815983 -7.46206529100149 -10.153029630382242 0.43816155044543403 -2.9728688718407317
232 2088 0 0 0 10.700208447967489 13.17408904021206 -7.469147259969591 -10.214195608409764 0.43800802276153983 -2.972649710740365
233 2097 0 0 0 10.689568559334882 13.162977954588444 -7.484250269226222 -10.278740423303349 0.4375727100628914 -2.972346201746878
234 2106 0 0 0 10.700844371016277 13.17378028751671 -7.484739458415438 -10.285055379450855 0.4370015983254092 -2.971941681731268
235 2115 0 0 0 10.723702693345983 13.19661098081609 -7.451130863292706 -10.22973034698308 0.43769875294705574 -2.9727020135751716
236 2124 0 0 0 10.68979649205296 13.161820508813362 -7.464024670979429 -10.31227690452436 0.4374436312191549 -2.973679382162816
237 2133 0 0 0 10.695989263854347 13.168957791984266 -7.438367561631597 -10.269708996795128 0.4385012674320928 -2.9733863034944346
238 2142 0 0 0 10.709060325731732 13.181550879783765 -7.422424310081519 -10.231827721511326 0.4386247172394892 -2.9743570490254885
239 2151 0 0 0 10.680054854928963 13.152740111560954 -7.442568328149494 -10.263216740756064 0.4383913594335281 -2.97519602224027
240 2160 0 0 0 10.690969196348313 13.163845114111735 -7.453738878486516 -10.248127705076113 0.437929240358268 -2.9740613934712945
241 2169 0 0 0 10.721362912914557 13.194344087473336 -7.430070728407229 -10.155079944361432 0.438302447549544 -2.97342620775619
242 2178 0 0 0 10.724438560687943 13.197435395820527 -7.42061418126782 -10.193216655538395 0.43862641150464515 -2.9738530620068295
243 2187 0 0 0 10.72403074691972 13.196940788217919 -7.415199018154646 -10.177270108020156 0.4387797432544597 -2.974080506889911
244 2196 0 0 0 10.73366136028587 13.206765232527362 -7.413947813784139 -10.148883103092691 0.4387485069015437 -2.9736800980281046
245 2205 0 0 0 10.737885423526164 13.211320852423333 -7.416043591560429 -10.156674416948016 0.43883881450259976 -2.9739171997481733
246 2214 0 0 0 10.739864179090768 13.213331405648075 -7.419381402888087 -10.165105440581986 0.43877804699081635 -2.973854498080406
247 2223 0 0 0 10.746351214939574 13.22032334516339 -7.419856181414337 -10.142747692999702 0.4389559187048342 -2.973660645237684
248 2232 0 0 0 10.740464160152785 13.214174682977799 -7.4265673615971535 -10.183976376133112 0.4386782781603264 -2.9737141863003953
249 2241 0 0 0 10.743807956722181 13.217474579134704 -7.431030410493262 -10.196458663772905 0.43854790410422545 -2.9735468716503806
250 2250 0 0 0 10.728523274538524 13.20161474549479 -7.4447895275382345 -10.221670583650491 0.4381054418605721 -2.973937903770034
251 2259 0 0 0 10.72547680429221 13.19852996127376 -7.454207224873168 -10.214245528407801 0.43800939396571686 -2.974128290473799
252 2268 0 0 0 10.713643186582054 13.186232375129043 -7.459469108185744 -10.239029854790553 0.4378013186905518 -2.974242568778691
253 2277 0 0 0 10.712287664873273 13.1849313597866 -7.4677482451839 -10.303394344756548 0.4376567425971718 -2.9739801314241237
254 2286 0 0 0 10.712518950168143 13.1848237577658 -7.477747407771543 -10.29231429704564 0.437201875828402 -2.974090222944942
255 2295 0 0 0 10.706743680582814 13.179211379654458 -7.4788383138334575 -10.312533044098146 0.4371977119277872 -2.9739309464161883
256 2304 0 0 0 10.713235685023344 13.18617905389788 -7.46823946527322 -10.31799516327881 0.4376294241515011 -2.9733689287075307
257 2313 0 0 0 10.706175040547327 13.179006813754036 -7.484554562062507 -10.347710266569047 0.4371397352942623 -2.9731027191673958
258 2322 0 0 0 10.716724347409777 13.190220721409213 -7.480552099186456 -10.314792350170604 0.4374849995601927 -2.9729770894217173
259 2331 0 0 0 10.722462244298336 13.196135628506369 -7.461069248790006 -10.276659756393887 0.43794963409460963 -2.973445704177936
260 2340 0 0 0 10.723172682494745 13.197284173913937 -7.456924856754344 -10.294708866429318 0.43827674404862443 -2.972938297892192
261 2349 0 0 0 10.722985898206423 13.196446060034665 -7.45748295654432 -10.29976532853876 0.4380182556832331 -2.9729378103405817
262 2358 0 0 0 10.724489704113687 13.198262704674226 -7.454359523953197 -10.300558022300876 0.43811326046538374 -2.972737734744481
263 2367 0 0 0 10.713498773623895 13.186882868935859 -7.454961912782714 -10.316202979426862 0.43816803746316774 -2.972974956073833
264 2376 0 0 0 10.703553737359423 13.17659971314489 -7.459370584755122 -10.343466523277668 0.4380505272860784 -2.9730868550631735
265 2385 0 0 0 10.7016747023707 13.174648684811796 -7.460953164874553 -10.342847600084653 0.4379449693985512 -2.9731538077872885
266 2394 0 0 0 10.703329890765644 13.17648223940624 -7.459236678996868 -10.338171851087099 0.43819585761752294 -2.9733738204248237
267 2403 0 0 0 10.701106247059919 13.174174163684201 -7.455216186877941 -10.366660000024185 0.43825826188043876 -2.972984528116861
268 2412 0 0 0 10.692537607422652 13.165608858157187 -7.465670251139059 -10.372248542169991 0.43815566813473633 -2.97330583046219
269 2421 0 0 0 10.682248433908754 13.155364324972227 -7.476114461092796 -10.405105779335932 0.43796201846745514 -2.973246442880134
270 2430 0 0 0 10.6846466012143 13.157751211110327 -7.478130694108732 -10.409804071726219 0.43779829962187394 -2.9729380325654975
271 2439 0 0 0 10.681529655877556 13.154580071407247 -7.482512097799365 -10.42348907325891 0.43768342385685 -2.9729035714941787
272 2448 0 0 0 10.676517851542574 13.149349296431511 -7.488241355904403 -10.450499454586474 0.4375464503350654 -2.9726560618891913
273 2457 0 0 0 10.68552236258469 13.158300839514997 -7.479890420404742 -10.427400902546609 0.4376385901115712 -2.972704127872344
274 2466 0 0 0 10.691555038039038 13.164480569520846 -7.476294847004241 -10.417876904032388 0.43779403825946267 -2.9726252062419953
275 2475 0 0 0 10.696182933501923 13.169165084607208 -7.470642448228634 -10.413429772498695 0.4379353648453995 -2.972627882829869
276 2484 0 0 0 10.694961794318496 13.168082312933638 -7.471129691829787 -10.42447343380957 0.43800041435646153 -2.9726688529939937
277 2493 0 0 0 10.70392096300457 13.177187440492231 -7.4657286182359455 -10.404647475361957 0.43818945114647034 -2.972619011621377
278 2502 0 0 0 10.7048664543675 13.17831843352534 -7.4646486361079685 -10.393680291845582 0.43825345407904664 -2.972595282720654
279 2511 0 0 0 10.706104343021515 13.179339975953162 -7.461724004460463 -10.401575369847516 0.43823489608680044 -2.972616812791
280 2520 0 0 0 10.714908088870843 13.18803584037463 -7.460691634608549 -10.37907463452493 0.43817919749557027 -2.9726732559151294
281 2529 0 0 0 10.725661789014218 13.198609891360345 -7.4524460346872905 -10.34859215866491 0.43827856280545485 -2.972807137576411
282 2538 0 0 0 10.722000157499469 13.194940682059242 -7.464189270193576 -10.369737991934896 0.4379992538844211 -2.9725440848073226
283 2547 0 0 0 10.720704339316871 13.19338953200243 -7.46252475735129 -10.377206581323689 0.43804598809627787 -2.9725428368334943
284 2556 0 0 0 10.721657753966692 13.194830761575883 -7.451665778257523 -10.362829099244653 0.43854642461305426 -2.9727828215345853
285 2565 0 0 0 10.714860623476591 13.187848674670173 -7.465218162497279 -10.393867218782853 0.43815777115579674 -2.972439200561036
286 2574 0 0 0 10.719052428990091 13.192035014177794 -7.460389388291448 -10.378399477805514 0.4382069841603088 -2.972595243337255
287 2583 0 0 0 10.715441396995983 13.1883772142553 -7.466449913505009 -10.408437421625898 0.43807304694543847 -2.972327316195435
288 2592 0 0 0 10.719338762918875 13.192266653675656 -7.463312129973631 -10.398986586628098 0.4381030254285498 -2.9723911581022917
289 2601 0 0 0 10.719797208328556 13.192642120314963 -7.463566302260105 -10.410699511218327 0.4381254141077935 -2.9722372839155873
290 2610 0 0 0 10.718547582178983 13.191485256119536 -7.462888695248937 -10.423622842569168 0.43822572455417447 -2.972127994777414
291 2619 0 0 0 10.725247026983844 13.198149069903607 -7.459059446893488 -10.401077966750705 0.4382623324851082 -2.97219285307185
292 2628 0 0 0 10.729645965683366 13.202531928220795 -7.457475139166321 -10.408754232359978 0.43833403498823453 -2.9720290212951683
293 2637 0 0 0 10.729077760737248 13.201782530886549 -7.457149249235067 -10.422764971392482 0.43833943203713693 -2.9719626382601043
294 2646 0 0 0 10.738253975202188 13.211211746003125 -7.450444291997471 -10.423054940934813 0.4385818751251486 -2.9717734806881104
295 2655 0 0 0 10.744101230047681 13.217075702067413 -7.444136044876455 -10.39306705124923 0.4386991037468694 -2.971917084307764
296 2664 0 0 0 10.749568063089773 13.222679509847646 -7.436899705152991 -10.383640334263593 0.4389454476253701 -2.9718435236872516
297 2673 0 0 0 10.753773396369798 13.227031828473907 -7.433076908884315 -10.377279397221741 0.43909499908383176 -2.971915480526286
298 2682 0 0 0 10.758170793388963 13.23144237954368 -7.430747450080313 -10.366478333058044 0.4390724107163897 -2.972006244132279
299 2691 0 0 0 10.757096610621556 13.230336044409045 -7.430763175953435 -10.373762099231973 0.4390718726980851 -2.971940759459093
300 2700 0 0 0 10.75133191488367 13.224612964222535 -7.431693689819329 -10.370601840986243 0.43914703497801 -2.9722407582678043
301 2709 0 0 0 10.76134153370044 13.234781998868144 -7.4225482101040905 -10.357130304257 0.4394429113075422 -2.972100973821796
302 2718 0 0 0 10.756774204347131 13.230145434575588 -7.424488027211798 -10.351745733277752 0.4394029595283297 -2.972276007525268
303 2727 0 0 0 10.75631153660854 13.229591397559682 -7.428306211536665 -10.357992763733757 0.439225844849959 -2.9721121502958
304 2736 0 0 0 10.751436553914882 13.224566989397431 -7.430603138643666 -10.371946396345871 0.43912942964622254 -2.972023723232843
305 2745 0 0 0 10.751482890968132 13.224736716920914 -7.4266037148934325 -10.379870403974634 0.43927796078300235 -2.9719977637212285
306 2754 0 0 0 10.756565992662827 13.229762553799258 -7.422707196322279 -10.35667316178886 0.43935598963874145 -2.9720775835146176
307 2763 0 0 0 10.765789218766464 13.238961722508275 -7.415625846309215 -10.356220461613388 0.43955033506418495 -2.9719406595705653
308 2772 0 0 0 10.768778834138237 13.241916171878419 -7.4127230607114445 -10.373190336756396 0.4396088991361468 -2.9716686852676784
309 2781 0 0 0 10.76390776067383 13.237075629264655 -7.417737932033241 -10.370047404042852 0.43945029705850047 -2.971803691026736
310 2790 0 0 0 10.761724625907139 13.234982242607861 -7.42112151126026 -10.376558349295593 0.4394097553051693 -2.971751597464366
311 2799 0 0 0 10.760712660426341 13.233934198474888 -7.421667241792518 -10.39540663111368 0.4394142597412881 -2.971512922237276
312 2808 0 0 0 10.762114266475116 13.235414318116156 -7.419715146347288 -10.396036164019707 0.43949206956170117 -2.9715808698943884
313 2817 0 0 0 10.759706469137738 13.233010604536513 -7.420998444662271 -10.400421686400328 0.43948404313719736 -2.9716458007270865
314 2826 0 0 0 10.754394692425404 13.227606068680116 -7.426051735414847 -10.412477967553267 0.43935122624099154 -2.971668921545775
315 2835 0 0 0 10.751592473095458 13.224784626784514 -7.428835044302888 -10.417780049632684 0.43928482916227213 -2.971687014870722
316 2844 0 0 0 10.754861589125683 13.227999761346293 -7.42604225940124 -10.395576060928217 0.43928180413465895 -2.971834211107808
317 2853 0 0 0 10.761222894406151 13.23442271065909 -7.418133859555738 -10.373063194651225 0.43949555689046466 -2.9719342323673246
318 2862 0 0 0 10.757202775511471 13.230328512184458 -7.422145095902148 -10.390612823108016 0.43942462862165294 -2.9718298837238786
319 2871 0 0 0 10.755147986424811 13.228318703374237 -7.424869532205885 -10.395820378557627 0.4394052572539398 -2.971817379859284
320 2880 0 0 0 10.749843240886737 13.22307952302512 -7.428867960260337 -10.393570908804552 0.43931038601391953 -2.971964549488049
321 2889 0 0 0 10.741742748558268 13.214909500242829 -7.435946566101018 -10.400526459537012 0.4391381284485647 -2.972115468848309
322 2898 0 0 0 10.743712875938625 13.216788045061781 -7.43399923260372 -10.399329925651607 0.4391773959494173 -2.972255592590943
323 2907 0 0 0 10.746032903986615 13.219143889279495 -7.429239887404144 -10.40529906281857 0.43929311479644806 -2.9721569908308214
324 2916 0 0 0 10.745314374831143 13.218389086704473 -7.4307030119286965 -10.411585831096392 0.4392719114401901 -2.972074620787626
325 2925 0 0 0 10.748672414054996 13.221732824079417 -7.429843821731883 -10.40624621649825 0.4392817488997168 -2.972044870286929
326 2934 0 0 0 10.746292020434561 13.219341611948154 -7.4312868461890735 -10.412292453349123 0.43927771136783955 -2.972034176758159
327 2943 0 0 0 10.750543840118196 13.2236237643984 -7.428211270863846 -10.409700718570633 0.439338633037672 -2.9719254020267005
328 2952 0 0 0 10.750232996035292 13.22328539242278 -7.428178106013258 -10.40790956060923 0.43930407498422686 -2.9719012759063452
329 2961 0 0 0 10.74991218650995 13.222990869689765 -7.428194213609569 -10.414651592289411 0.43933226535305425 -2.971844738579138
330 2970 0 0 0 10.75158420798488 13.22461980646691 -7.4268118738346915 -10.41473287075169 0.43933700760070515 -2.9718334067232606
331 2979 0 0 0 10.748083790470814 13.221136186493593 -7.430215422993252 -10.414887625619226 0.43924386560825396 -2.971886179967598
332 2988 0 0 0 10.749847393971878 13.222891530007141 -7.428217212237353 -10.42001510677546 0.4392993319353757 -2.9718080347533595
333 2997 0 0 0 10.755566181943351 13.22861630445524 -7.423506443671405 -10.42066516081024 0.4393913083084932 -2.971630040993626
334 3006 0 0 0 10.759553745572946 13.232575361142143 -7.420235554298053 -10.418903336026515 0.43945825558200924 -2.9715439207116194
335 3015 0 0 0 10.75572127993214 13.228639537278832 -7.423369234682411 -10.417789142231964 0.4393558427280009 -2.971708916706368
336 3024 0 0 0 10.760002550941422 13.232880253835468 -7.419906348440314 -10.414066872562339 0.4393831173143232 -2.971611441891635
337 3033 0 0 0 10.767790492121327 13.240671844436712 -7.414160734308547 -10.40923073485768 0.43949646986121355 -2.971415865134423
338 3042 0 0 0 10.7710207538578 13.243912811462188 -7.41062346484531 -10.405655881174296 0.43953891285716074 -2.9713071753417077
339 3051 0 0 0 10.776754673445842 13.249542220198144 -7.405688095232627 -10.403185025468925 0.43963221550025317 -2.971225604364375
340 3060 0 0 0 10.776807954259398 13.249602020331741 -7.405611801463441 -10.407147502043719 0.4396497899225051 -2.971178501269142
341 3069 0 0 0 10.785241076080887 13.257963149766354 -7.399199971025601 -10.40894358505267 0.4397698274461457 -2.970930309960723
342 3078 0 0 0 10.789101007276363 13.261852648089727 -7.395382013383407 -10.41932342421433 0.4399048506625134 -2.9707435458717293
343 3087 0 0 0 10.790031155195125 13.262793775820704 -7.393027654605162 -10.428970889101775 0.4399343392035787 -2.970586327519223
344 3096 0 0 0 10.791863693911562 13.264539323226764 -7.393120587531935 -10.426581055180606 0.43986446732929596 -2.970577600266361
345 3105 0 0 0 10.796210128010609 13.268799981024237 -7.3885091243283085 -10.436787621876642 0.43990520703579333 -2.970306458912064
346 3114 0 0 0 10.790955856048818 13.263528829512756 -7.3926616143804305 -10.435546847852057 0.43982185035893334 -2.9704805605605262
347 3123 0 0 0 10.79665347556233 13.269203618445763 -7.3875606229211375 -10.433666162877248 0.4399418249419117 -2.970360900878261
348 3132 0 0 0 10.797307964679222 13.269840384868058 -7.38696533968836 -10.43614858521211 0.43998446102542216 -2.9704146292438236
349 3141 0 0 0 10.785673197623387 13.25821163437772 -7.396780255447303 -10.433403063179771 0.4397555824063828 -2.9707018964971934
350 3150 0 0 0 10.789355053641431 13.261864138558547 -7.393436857321474 -10.439550642818185 0.43980133120097575 -2.970499283867195
351 3159 0 0 0 10.790592530272532 13.263022370355547 -7.392039183250418 -10.437163085101988 0.439784297950972 -2.97050829861487
352 3168 0 0 0 10.788083819004466 13.260483738455358 -7.39370955723355 -10.436766144698014 0.43973409358004023 -2.9705853791675754
353 3177 0 0 0 10.77738072321872 13.249828270228623 -7.403903485095053 -10.423037858834547 0.43949654371546726 -2.970975054999117
354 3186 0 0 0 10.784376901085253 13.256833776477583 -7.396800301024009 -10.422955590109904 0.4396249793187369 -2.9706901077159653
355 3195 0 0 0 10.782945638047554 13.255395141196804 -7.397884658315794 -10.43091629989205 0.4396190056998475 -2.970659695793383
356 3204 0 0 0 10.780879323508955 13.253275859304761 -7.3992643304794266 -10.441257437310515 0.43958185327619664 -2.970604893249861
357 3213 0 0 0 10.780070959900188 13.25249800316242 -7.399749351201576 -10.44564672680323 0.43954661962938507 -2.9705224220263298
358 3222 0 0 0 10.776018718479854 13.248423387378562 -7.403100303486456 -10.454020847737342 0.439451130472614 -2.9705570046704035
359 3231 0 0 0 10.763828500689172 13.236205770848084 -7.413789191491461 -10.441973134881998 0.43916977326679374 -2.970983867241264
360 3240 0 0 0 10.773341460240061 13.245722061739448 -7.4047030411234385 -10.434086396867732 0.4393301298935839 -2.9707455355582604
361 3249 0 0 0 10.773628393657015 13.246002930536934 -7.405116846187635 -10.437753183120291 0.4392745256086464 -2.9706445303569193
362 3258 0 0 0 10.776310767097172 13.248607624695085 -7.401677447657553 -10.436687257644696 0.4393162573009012 -2.9706311656117355
363 3267 0 0 0 10.783242033480496 13.255532933560357 -7.395351449775812 -10.441372168875738 0.4394809648866804 -2.970433512546508
364 3276 0 0 0 10.783202848079675 13.255621194628997 -7.395311728446506 -10.44639862783146 0.4395579442399767 -2.970356451014468
365 3285 0 0 0 10.783131526944837 13.255614441454366 -7.394334381929268 -10.455844365679392 0.43957677059727956 -2.970177821310294
366 3294 0 0 0 10.782108991329016 13.254513354290255 -7.397136689389603 -10.438444601225989 0.4394681925486738 -2.970442382417189
367 3303 0 0 0 10.781961804910846 13.254270449516664 -7.397403767473264 -10.443035295673878 0.4394188179087584 -2.970394725703617
368 3312 0 0 0 10.77591123152233 13.24816099581913 -7.402189112883997 -10.440239457689296 0.43926911731355184 -2.970539360975981
369 3321 0 0 0 10.76620402654427 13.238541778850442 -7.408811695594246 -10.444301746777128 0.43917663913377597 -2.970748434920027
370 3330 0 0 0 10.767169609688281 13.239387231579904 -7.4085023637452805 -10.440408565395494 0.4391156763032087 -2.9708095693562653
371 3339 0 0 0 10.772517214848348 13.244825554262771 -7.403559131400362 -10.447579560184847 0.43926349020819994 -2.9705995965565193
372 3348 0 0 0 10.769326877788279 13.241694290055387 -7.40553185521257 -10.456310611064076 0.43923337255037054 -2.9705822506035893
373 3357 0 0 0 10.771996234723911 13.244384258423036 -7.404683145152657 -10.45127716020668 0.4392197072891641 -2.9705701718602753
374 3366 0 0 0 10.77766642404594 13.249966114087961 -7.399213487653707 -10.45975369305693 0.4392952636307652 -2.970303147869706
375 3375 0 0 0 10.771450115392398 13.243800065452268 -7.403813846939195 -10.46625522563903 0.4391946584131738 -2.9704275035627288
376 3384 0 0 0 10.77406705950681 13.246381207988353 -7.39989104013043 -10.4695828975795 0.43923712346279414 -2.9702553804829632
377 3393 0 0 0 10.769059852921837 13.241409413563762 -7.403796950694008 -10.465294092585225 0.4391510908554295 -2.9704585402617103
378 3402 0 0 0 10.772265742523736 13.244538950129412 -7.399774282031389 -10.464427293057676 0.439174066680493 -2.970305080787643
379 3411 0 0 0 10.772920392433475 13.245179865240306 -7.398713466744307 -10.47508244979102 0.4391054582658273 -2.970085932199602
380 3420 0 0 0 10.77026358358679 13.242492836306422 -7.401862642080565 -10.460557230619207 0.4389981403476973 -2.970337349742049
381 3429 0 0 0 10.769789317034157 13.242134237224226 -7.404403028901068 -10.464906313554387 0.4390542430434844 -2.970418361077328
382 3438 0 0 0 10.762329604902714 13.234656998536023 -7.411985873101932 -10.45878722110359 0.4388719071135575 -2.970700635072905
383 3447 0 0 0 10.763788610516038 13.236210971556439 -7.411344111178213 -10.456767154787988 0.4389134072191061 -2.970694794477696
384 3456 0 0 0 10.764718492267273 13.237113659727036 -7.410364837657736 -10.457177458181588 0.43891880523727955 -2.970687618199653
385 3465 0 0 0 10.7597327404841 13.232137189444392 -7.414832156768656 -10.455089984850742 0.4387900374965613 -2.970796145159431
386 3474 0 0 0 10.760183386547572 13.23264402510595 -7.4129710004407094 -10.462280920008352 0.43882162503419814 -2.9706469017926436
387 3483 0 0 0 10.769469178584437 13.241855574497027 -7.40633661224342 -10.459532616135737 0.4389738192863337 -2.970485604358764
388 3492 0 0 0 10.763689758966583 13.236130748179907 -7.411594052347348 -10.459057606706914 0.4388795685206265 -2.970696098230059
389 3501 0 0 0 10.764971694746182 13.237524427869472 -7.40760191512924 -10.480780970178808 0.43895805900651275 -2.9703187798677675
390 3510 0 0 0 10.767157183938721 13.23980132021169 -7.406616085313132 -10.48069418935275 0.43898526640916175 -2.970197242804428
391 3519 0 0 0 10.758900791024063 13.231560964500305 -7.4109919100992245 -10.482089011167584 0.43890267249413134 -2.9704138623066365
392 3528 0 0 0 10.759368315531509 13.231987037703831 -7.412356743003958 -10.48118789551162 0.4388883200862469 -2.970432598985081
393 3537 0 0 0 10.762940200738829 13.235521439085488 -7.410848804232867 -10.47309338933231 0.4388691284128451 -2.9703802462806594
394 3546 0 0 0 10.758492948647056 13.231079901234859 -7.4161795534593935 -10.477407448659916 0.43872956015623393 -2.970493887418906
395 3555 0 0 0 10.767433591409166 13.23993629272574 -7.407418134954932 -10.477721537846506 0.43896736067251635 -2.970284657318075
396 3564 0 0 0 10.760084714272224 13.232638652786266 -7.4087946515638965 -10.494744462686219 0.43895233723978755 -2.9702552914238085
397 3573 0 0 0 10.759780563702622 13.232363375108712 -7.409107660413792 -10.497696375465237 0.4389609596109583 -2.9702959869904273
398 3582 0 0 0 10.769720368582036 13.242234429704062 -7.401917533762752 -10.494765701928262 0.43913743532389843 -2.970084137697445
399 3591 0 0 0 10.775667166592696 13.248062191868804 -7.399061025722259 -10.482428072831366 0.43912282501228034 -2.9700645842322166
400 3600 0 0 0 10.77762123194859 13.25002809567346 -7.397822766876552 -10.484577609398546 0.43917458183151326 -2.9700632132296065
401 3609 0 0 0 10.778646624042194 13.251054077295146 -7.395324471653034 -10.491209354370797 0.43928530919649994 -2.9699903803409367
402 3618 0 0 0 10.77842511745685 13.250774069460117 -7.398344378388266 -10.482345163589203 0.43910200675368 -2.9700350946841287
403 3627 0 0 0 10.77466387104346 13.246985185570303 -7.402876753680179 -10.472458904948194 0.4390092659677414 -2.9702423233944772
404 3636 0 0 0 10.781270053274687 13.253565676942088 -7.3965005963567165 -10.479896287505834 0.43913746123723846 -2.97001478865212
405 3645 0 0 0 10.7750546397259 13.247329482437504 -7.400895261085632 -10.473620791415499 0.4390656665872273 -2.970268977328067
406 3654 0 0 0 10.77296804789517 13.24518245759297 -7.402465677847704 -10.466316853328847 0.43900736877241414 -2.9703901148629863
407 3663 0 0 0 10.767818020645663 13.240137671390286 -7.40552197301499 -10.477493984306145 0.43894562496419903 -2.970361390584024
408 3672 0 0 0 10.77005556893681 13.242402064188262 -7.4046167661611735 -10.480817864504298 0.43899422537792177 -2.970311233696455
409 3681 0 0 0 10.771401177578081 13.243761371499886 -7.402952380436205 -10.49281410170498 0.4390203686263557 -2.9701360977712192
410 3690 0 0 0 10.768544826936624 13.24093676270326 -7.4048060799766775 -10.498722144915243 0.43903077360074505 -2.970182373490308
411 3699 0 0 0 10.771290400600286 13.243722878855976 -7.403399057542162 -10.494470776317886 0.4390567776220533 -2.9701194326271225
412 3708 0 0 0 10.775343341480422 13.247725827517693 -7.401273244784704 -10.482218726400932 0.4390892049405257 -2.9701553289039135
413 3717 0 0 0 10.776104481020976 13.248479921381092 -7.401180991483721 -10.471781501011083 0.4390384262365807 -2.970193099265006
414 3726 0 0 0 10.77547914321344 13.247912107425542 -7.401220288759535 -10.487543796862603 0.4390207649068275 -2.970025347349778
415 3735 0 0 0 10.77555860137115 13.247937732525902 -7.403926375456529 -10.470566073129069 0.4389757122331585 -2.9703076632961887
416 3744 0 0 0 10.77445151577864 13.246844964642847 -7.401365933011036 -10.48845816716148 0.43906720536697696 -2.970151093094078
417 3753 0 0 0 10.769564378169939 13.242064528516089 -7.405985513368096 -10.494472166305075 0.43895630250252277 -2.9701744262068446
418 3762 0 0 0 10.76732181434935 13.239821506803583 -7.409992558625001 -10.489426458678738 0.4388845601886714 -2.970372500743274
419 3771 0 0 0 10.77204501035115 13.244462885195508 -7.409378023350527 -10.46890809246033 0.43879962464572797 -2.9704458913729503
420 3780 0 0 0 10.771356088734665 13.24382263437843 -7.410879259859215 -10.46182131247539 0.4387376325824826 -2.970466130268823
421 3789 0 0 0 10.771092525844493 13.243559509283182 -7.4117628792913575 -10.465631189578495 0.4387307800725636 -2.970489542888871
422 3798 0 0 0 10.775799866695174 13.248187682133862 -7.409077141779547 -10.456746614414797 0.43875940034835287 -2.9704529265833015
423 3807 0 0 0 10.784387590912523 13.256755739085724 -7.4044591737300305 -10.444886114608964 0.43883479072556125 -2.970349886325107
424 3816 0 0 0 10.773853849612324 13.246271213767729 -7.408873948707273 -10.462871270359688 0.43876586901903114 -2.9703742365776966
425 3825 0 0 0 10.769949130629849 13.242398770329887 -7.411867345107218 -10.471498846724185 0.4387210102978418 -2.970401855949476
426 3834 0 0 0 10.77180869186941 13.244227272517229 -7.41118346231554 -10.470995566462214 0.43876368618848754 -2.9704210222509624
427 3843 0 0 0 10.770880065598655 13.243315648607961 -7.411800664602686 -10.47562174538352 0.43880023237593535 -2.970477069993694
428 3852 0 0 0 10.773904599749105 13.246336523069477 -7.409675271135187 -10.474780758780994 0.4388536858859042 -2.9704426191499635
429 3861 0 0 0 10.76902695502968 13.24145776970412 -7.413218233818618 -10.479500107277858 0.43875409537036425 -2.970468977256879
430 3870 0 0 0 10.766596749752697 13.239048647394494 -7.415244043304102 -10.486092934925825 0.438761077451748 -2.9705450961061834
431 3879 0 0 0 10.769051162177014 13.241454322317004 -7.413631643832477 -10.470440801337269 0.4387266339982813 -2.970573494098505
432 3888 0 0 0 10.770966536360582 13.243340429455435 -7.414711742406891 -10.458585644575926 0.43865651903062935 -2.9706497754132357
433 3897 0 0 0 10.775296030044284 13.247640788083586 -7.414273291828248 -10.442479818089062 0.43862059554196103 -2.9707109319772274
434 3906 0 0 0 10.769008955911248 13.241386820965609 -7.418476840200097 -10.449899062694216 0.43853584763273695 -2.970767734001829
435 3915 0 0 0 10.76742045007902 13.239784020418776 -7.420525204285888 -10.44271117586693 0.4384586238288812 -2.97082269952746
436 3924 0 0 0 10.767227219119572 13.239619406257473 -7.417628287455399 -10.458240241654915 0.43859967836098124 -2.9706709404998777
437 3933 0 0 0 10.761838407487762 13.234285635942127 -7.420488016857315 -10.465086029054095 0.4385596146039208 -2.970699995057272
438 3942 0 0 0 10.764768027456936 13.23720269610097 -7.419789922197212 -10.45436156169126 0.43855313037665733 -2.9707084789876865
439 3951 0 0 0 10.76268768309165 13.235096112505392 -7.420338618577925 -10.46924064468828 0.43864862485898765 -2.970728910728713
440 3960 0 0 0 10.756735542610619 13.229147303395433 -7.425057948334426 -10.47168293587018 0.43848788851779186 -2.9708005592289912
441 3969 0 0 0 10.760089489302297 13.232453013039542 -7.423995370953523 -10.449719724697898 0.4383918107247037 -2.9708322704615395
442 3978 0 0 0 10.757801823721849 13.230150324776531 -7.427488833098402 -10.440986582483339 0.43831218169500374 -2.9709636093589538
443 3987 0 0 0 10.755312321024494 13.227663601772903 -7.429756846425892 -10.44365334901328 0.4383134981109082 -2.9711164258348575
444 3996 0 0 0 10.751115913234878 13.2234535231387 -7.435567733301013 -10.446668369227227 0.43820875442327195 -2.9713052655393444
445 4005 0 0 0 10.759567348742062 13.231822609433374 -7.432621545831683 -10.422672775582601 0.4381930971191337 -2.971417383157397
446 4014 0 0 0 10.75766666587189 13.229881979689528 -7.435864495640584 -10.417902555898943 0.4380505903105652 -2.9715260034378312
447 4023 0 0 0 10.750270649903635 13.22264259192465 -7.436729659519442 -10.45223691566691 0.4382284913049963 -2.971491704037135
448 4032 0 0 0 10.75251980540362 13.22480360360349 -7.4401343210953765 -10.443988823795506 0.4382114879587217 -2.971808125375286
449 4041 0 0 0 10.749195360300927 13.221424441618465 -7.446728359477773 -10.435171831209406 0.4379860478184231 -2.972005820533142
450 4050 0 0 0 10.752167414837652 13.22445393769679 -7.442430702828137 -10.449010255890235 0.43822575286579357 -2.971907629663406
451 4059 0 0 0 10.750636637056216 13.222866024748203 -7.442544258329879 -10.450017826355134 0.4382444275353756 -2.9719374142733543
452 4068 0 0 0 10.755616110447356 13.227736495132332 -7.439164418088467 -10.43839199980096 0.4382425439663148 -2.971813788249727
453 4077 0 0 0 10.76149758978653 13.23355318670967 -7.435949286752197 -10.415209655110623 0.4382107244163685 -2.9718504169884765
454 4086 0 0 0 10.757581968883756 13.229650831627009 -7.441048697267247 -10.414122844263726 0.4380742474536809 -2.9719730585125594
455 4095 0 0 0 10.752778541513253 13.224935042664173 -7.44184071784718 -10.442523318999294 0.4381951051590431 -2.97190088882626
456 4104 0 0 0 10.75395134024096 13.2259851161233 -7.441892239729207 -10.420582792238818 0.43808046526555067 -2.971948947684047
457 4113 0 0 0 10.758931654738653 13.230979362123481 -7.439049462159142 -10.406944454942511 0.43809917736141574 -2.9719307611189847
458 4122 0 0 0 10.764203007702012 13.236225050103222 -7.435933391316052 -10.397133693271291 0.4381264041498831 -2.97185574090869
459 4131 0 0 0 10.766451423904948 13.238483541770913 -7.433292827306467 -10.40506209977505 0.43824616715842485 -2.9717558598439084
460 4140 0 0 0 10.762555795863811 13.234624797890799 -7.4377814668983095 -10.40024311831571 0.4381299872959179 -2.9719335287377717
461 4149 0 0 0 10.760525268652826 13.232666660124707 -7.437942918400447 -10.420121452861896 0.4382234180722428 -2.9718658448572324
462 4158 0 0 0 10.764115692487856 13.236289326927864 -7.43175058226141 -10.432429970378722 0.4384190886972799 -2.971618863014557
463 4167 0 0 0 10.766801970840158 13.238951017749445 -7.430792359460829 -10.43341141518713 0.43848675497368456 -2.9716183779370917
464 4176 0 0 0 10.770751001304568 13.242916324821815 -7.427169990362222 -10.43271899518638 0.43855042834498653 -2.9715054012388324
465 4185 0 0 0 10.773412706449811 13.245462767021422 -7.427959509990131 -10.405286644220327 0.4384192042307187 -2.971629189665669
466 4194 0 0 0 10.772870845527132 13.244961497219185 -7.425310569231574 -10.423981077562127 0.4385383364550992 -2.971421224232553
467 4203 0 0 0 10.771936569728489 13.244168554372893 -7.420367242727932 -10.461856934004434 0.4388086520151066 -2.9710900238560565
468 4212 0 0 0 10.770496063939941 13.242795439944999 -7.418186055646022 -10.48457997917071 0.438967735272983 -2.9709525101504686
469 4221 0 0 0 10.77182478140556 13.244133522112037 -7.4138134274737135 -10.491189821133144 0.4390550587484332 -2.97074492495712
470 4230 0 0 0 10.770426719605629 13.242827955604302 -7.413152242212599 -10.505659753766045 0.4391106651678834 -2.9706511224434724
471 4239 0 0 0 10.770635186586903 13.243010948049726 -7.4125274593010175 -10.50458441297892 0.43911129295013673 -2.9706162982903157
472 4248 0 0 0 10.770534316258903 13.242923511497425 -7.413317169794134 -10.49868323916508 0.43907188340474773 -2.9706883792753613
473 4257 0 0 0 10.768973591057424 13.241364687304115 -7.411754934561129 -10.513524764455504 0.43916565890450127 -2.970566798110484
474 4266 0 0 0 10.76939508367089 13.24183992578641 -7.411428351989898 -10.524092150470027 0.4392334780243281 -2.9705035238205437
475 4275 0 0 0 10.773522858312635 13.246018928218996 -7.405846358683907 -10.538956344614775 0.4394589124926958 -2.9702854503210085
476 4284 0 0 0 10.776066202266854 13.248507330374133 -7.407261936414889 -10.519726750186878 0.4393604949509525 -2.9704306842089534
477 4293 0 0 0 10.77349862494784 13.245906325884501 -7.412484896758171 -10.50739590434227 0.4391868918949871 -2.9706755955777306
478 4302 0 0 0 10.769971088384018 13.24235215702777 -7.416161559248276 -10.502225985864568 0.43905219378114524 -2.970776196225152
479 4311 0 0 0 10.76800345851626 13.24037890362873 -7.417545318391295 -10.509666380125076 0.4390490307802273 -2.9707745169348647
480 4320 0 0 0 10.768438426481268 13.240796580476323 -7.417085645532898 -10.502481269415295 0.4390010566442016 -2.970758381563357
481 4329 0 0 0 10.769356783500907 13.241599395363128 -7.420723541920767 -10.477897816409547 0.43884873044925143 -2.9710547091661126
482 4338 0 0 0 10.771505830664184 13.243901957042027 -7.412614329576266 -10.516676638655097 0.43921806848696293 -2.9706491982658365
483 4347 0 0 0 10.76991652680819 13.242297035390372 -7.4141588611493745 -10.518328951832347 0.43918335177958046 -2.970687873853706
484 4356 0 0 0 10.77236400709858 13.244755508830876 -7.413224573036465 -10.516572890798702 0.4392198793772127 -2.9706937031134304
485 4365 0 0 0 10.776393592784848 13.248702060784536 -7.414359293298235 -10.493447636988819 0.439148945106116 -2.970903444796579
486 4374 0 0 0 10.775806808312113 13.24809153618712 -7.416571770334824 -10.483455799918865 0.4390650636275114 -2.9710414157639513
487 4383 0 0 0 10.775404883110328 13.247666737725156 -7.416675815136025 -10.483427461692246 0.4390628812867734 -2.9710461360884266
488 4392 0 0 0 10.774218188801514 13.246481986798205 -7.4186369186043235 -10.479275590856052 0.4389954710629308 -2.971108612278584
489 4401 0 0 0 10.774575242549474 13.246857370027579 -7.416298611806131 -10.48482547370584 0.4390483386655692 -2.970958319058694
490 4410 0 0 0 10.772667326833941 13.244941374914834 -7.4183464632440455 -10.47928234179006 0.4389456111699417 -2.970997881369855
491 4419 0 0 0 10.77553247387194 13.247774538651536 -7.416777092189577 -10.473433653584685 0.43899211316683284 -2.971027024909473
492 4428 0 0 0 10.77951719868054 13.251729482149496 -7.413618465635967 -10.46771909769439 0.4390567054393129 -2.970967990038681
493 4437 0 0 0 10.77580182662025 13.248035772748842 -7.416729315606066 -10.472549254789847 0.4389935600368288 -2.97103187719326
494 4446 0 0 0 10.774186830903504 13.246430259279242 -7.417833496323248 -10.474356836263075 0.4389598499971508 -2.9710321357956824
495 4455 0 0 0 10.775550437777007 13.247783053592048 -7.416528956445831 -10.473570050967183 0.439001504310534 -2.971017733915624
496 4464 0 0 0 10.77422875176553 13.246471220204196 -7.41655781925941 -10.477627437127426 0.4389992406875938 -2.9709646035491066
497 4473 0 0 0 10.7752301624874 13.247513532450421 -7.414699212012179 -10.484008843577328 0.439069369262831 -2.9708628067587157
498 4482 0 0 0 10.77475496551385 13.247069404158804 -7.414328172157001 -10.488403506843955 0.43908719390166334 -2.970812744682411
499 4491 0 0 0 10.77492597160025 13.247309167581086 -7.411786195040473 -10.505628936506278 0.43922486643331526 -2.9706748041935387
500 4500 0 0 0 10.77552524091468 13.247846281378152 -7.41234769193034 -10.495641602739349 0.4391697003659609 -2.9707470918848906
501 4509 0 0 0 10.775091746154947 13.247408878748919 -7.412841412309235 -10.493280127854293 0.43914571685904036 -2.970778901873238
502 4518 0 0 0 10.775421364053422 13.247704466944827 -7.41489615915415 -10.48164380197348 0.4390617730309615 -2.9708980885836427
503 4527 0 0 0 10.77519158972306 13.247489023042307 -7.41408951662181 -10.485134869363192 0.43909247595176576 -2.9708427159051474
504 4536 0 0 0 10.775669030971644 13.247953799715317 -7.413356689922442 -10.484733910671528 0.43909859934797485 -2.9708009471469468
505 4545 0 0 0 10.774989387222842 13.247294559795337 -7.4124805014235555 -10.48927790275953 0.43911965829768673 -2.970715608284659
506 4554 0 0 0 10.773254045758957 13.245560327207574 -7.414060607394222 -10.488578510124428 0.43907441801028935 -2.970763322851512
507 4563 0 0 0 10.771745878566241 13.24407593524986 -7.413839500819109 -10.497408736753963 0.43909691561688513 -2.970714010270629
508 4572 0 0 0 10.770585321946319 13.242916607791459 -7.415845609191872 -10.493279190733974 0.4390336691042743 -2.9707927176693745
509 4581 0 0 0 10.769194876429635 13.241560543011351 -7.415994303983025 -10.499614274431584 0.4390481221624045 -2.970742138549897
510 4590 0 0 0 10.76992476050646 13.242275150477992 -7.415416233012736 -10.500020147240207 0.4390750322431758 -2.970754085040351
511 4599 0 0 0 10.772988299086332 13.245335231453582 -7.412646889293946 -10.502240150150115 0.4391684438391568 -2.9706947117734734
512 4608 0 0 0 10.773463210626538 13.2457919609424 -7.41250648305618 -10.497969548990167 0.4391524644142295 -2.9707082715362105
513 4617 0 0 0 10.771933140210852 13.244253556196327 -7.4139720878776885 -10.494738461337294 0.43908566242580577 -2.970735596504961
514 4626 0 0 0 10.772187325600703 13.244508438420974 -7.414113676297305 -10.49310963329754 0.4390779317116676 -2.970762568887337
515 4635 0 0 0 10.769618392631013 13.24196528193752 -7.415492891691698 -10.496786643943164 0.439042565226744 -2.9707539535379697
516 4644 0 0 0 10.768969219950135 13.241327105882172 -7.415464456676277 -10.499883392447819 0.43904680341249736 -2.9707294090702767
517 4653 0 0 0 10.771023424517496 13.243365239371057 -7.413894011731652 -10.497318718719573 0.4390873487759892 -2.9707132211513425
518 4662 0 0 0 10.77032735697353 13.242687999069423 -7.414608158755548 -10.499725628197606 0.43908210971928746 -2.970719069799464
519 4671 0 0 0 10.76935353592077 13.241695925920821 -7.416146998715025 -10.495859276855107 0.43902577241209306 -2.9707797954157162
520 4680 0 0 0 10.767311412288572 13.239642562057753 -7.417836581786279 -10.495642758556956 0.4389707612496954 -2.9708178512008425
521 4689 0 0 0 10.766123732650792 13.23845355852729 -7.418568343739411 -10.498692569299442 0.43896280409522737 -2.9708266610985605
522 4698 0 0 0 10.766676140283465 13.239000188654968 -7.418786310862337 -10.494813738359023 0.43894722275570797 -2.9708477625315766
523 4707 0 0 0 10.766495081119546 13.238807413850473 -7.41875064160875 -10.494673312559758 0.4389426165948542 -2.970841460468063
524 4716 0 0 0 10.76882052101295 13.24115506513927 -7.416119456913427 -10.499014523626304 0.4390395904365982 -2.970783354555433
525 4725 0 0 0 10.768723988130537 13.241077371622776 -7.415487796565177 -10.504187509049094 0.4390775427923535 -2.9707381628022334
526 4734 0 0 0 10.770244667077911 13.242590769591725 -7.414649627466311 -10.502217205212176 0.43910234331357045 -2.9707441996889594
527 4743 0 0 0 10.770617865574781 13.242962168872467 -7.41405198839706 -10.50198655628028 0.43911400166441006 -2.9707224355932196
528 4752 0 0 0 10.770862809746102 13.24321083276846 -7.413309864679683 -10.503934543255255 0.43913740680211255 -2.97068581180013
529 4761 0 0 0 10.772132492076203 13.244489654625136 -7.412239483479041 -10.50605685909761 0.4391857098581322 -2.9706621072140855
530 4770 0 0 0 10.771591186167253 13.243947396239193 -7.411993079917268 -10.508213632282445 0.439196783880385 -2.970646024938902
531 4779 0 0 0 10.771541828116707 13.243886907304894 -7.412727209753782 -10.503801837398692 0.43916070878085117 -2.9706816227993214
532 4788 0 0 0 10.772935023109667 13.2452905314809 -7.411101112113001 -10.506819495200853 0.4392241880424722 -2.970646417847684
533 4797 0 0 0 10.774508732589878 13.246868645446588 -7.409294106962557 -10.509402167024982 0.4392884085299917 -2.97060791556701
534 4806 0 0 0 10.772965902825442 13.24532584219206 -7.4106263074842165 -10.509080586358145 0.43924185700898105 -2.970625692378594
535 4815 0 0 0 10.773137667866159 13.245508075085812 -7.4098690967592145 -10.511692196239801 0.4392705550207832 -2.9705945640178526
536 4824 0 0 0 10.774295950314446 13.246675817319446 -7.40857902764345 -10.513260796782436 0.43931675313844915 -2.9705593501097307
537 4833 0 0 0 10.775005777186806 13.247406049739713 -7.406570144001795 -10.521288619379101 0.4394063681445149 -2.970482361173155
538 4842 0 0 0 10.775591621277957 13.247986309358284 -7.406586153351011 -10.51858035021268 0.4393984949095197 -2.9704990138846807
539 4851 0 0 0 10.775816252151392 13.248216918561699 -7.406014261728112 -10.521439409372435 0.43942955391762595 -2.970474791279677
540 4860 0 0 0 10.775791009511245 13.248192018613029 -7.406257766542545 -10.520658854091488 0.43942129838368593 -2.9704903696384855
541 4869 0 0 0 10.775038462552159 13.24743047269605 -7.407443034264346 -10.516498478534913 0.43936274459530916 -2.970519621069175
542 4878 0 0 0 10.776745527748327 13.249132971239597 -7.4059062875608905 -10.515900815508681 0.43940739663310613 -2.9704941205211197
543 4887 0 0 0 10.775954413115203 13.248326906230021 -7.407335552840641 -10.511857463884619 0.43935240264973296 -2.9705458025563782
544 4896 0 0 0 10.77636630925477 13.248752707124668 -7.406681115510173 -10.514431965533433 0.43938340359355477 -2.970518654880194
545 4905 0 0 0 10.777079724827484 13.249467701775343 -7.406285283185996 -10.514614583644358 0.43940298013459916 -2.9705230768328295
546 4914 0 0 0 10.77888217433303 13.251282511571262 -7.404174159884879 -10.518659042779285 0.43948700388341777 -2.9704716520482592
547 4923 0 0 0 10.777650661698623 13.250050948954966 -7.405500844159241 -10.517791032629521 0.4394411223905166 -2.9704965188421046
548 4932 0 0 0 10.778588243285105 13.250989828838467 -7.404718228134094 -10.517869949832464 0.43946724159718037 -2.970487779863602
549 4941 0 0 0 10.77862074857966 13.251022503676722 -7.404238324737987 -10.520030125713683 0.4394888390820805 -2.970472741741757
550 4950 0 0 0 10.779208172197025 13.25161607704325 -7.403476193235387 -10.52128664426001 0.43951608534327385 -2.970451973503666
551 4959 0 0 0 10.778386542853008 13.25079596273433 -7.404058800308067 -10.522094720981967 0.439500338672157 -2.9704540137057776
552 4968 0 0 0 10.77877863627472 13.25119144842388 -7.403817668268644 -10.52241584036748 0.4395113321821348 -2.9704525017056436
553 4977 0 0 0 10.778883917137415 13.251298752073378 -7.403514315061619 -10.523482826893458 0.43952399207191817 -2.970440485022209
554 4986 0 0 0 10.778966071956788 13.251379807277393 -7.403292512818486 -10.52374717046364 0.43953018222713475 -2.9704343374332893
555 4995 0 0 0 10.77928589078027 13.251706679148853 -7.402703307060938 -10.525869436773958 0.4395563986166678 -2.9704140338394707
556 5004 0 0 0 10.779444968764762 13.251864329099623 -7.402620391942418 -10.525586309118328 0.43955950412610395 -2.9704137504080044
557 5013 0 0 0 10.779647879766229 13.252072516638707 -7.402423037929154 -10.526271217899465 0.4395680956005027 -2.9704070916583416
558 5022 0 0 0 10.779335424918834 13.251755953346112 -7.402903432855746 -10.525159781046561 0.4395498661677998 -2.9704213076957795
559 5031 0 0 0 10.779560525448762 13.251981623978368 -7.402779858701723 -10.52473052283777 0.43955209103836995 -2.970419361998382
560 5040 0 0 0 10.77940329633187 13.251820614685517 -7.403056617200257 -10.52362148000365 0.4395395655316765 -2.9704310195513095
561 5049 0 0 0 10.779916168287873 13.252332783681629 -7.4027055973411375 -10.523208136552986 0.43954959963654516 -2.9704292234920335
562 5058 0 0 0 10.779988418618649 13.252403501901536 -7.402649684187624 -10.523027280063799 0.43955079545656556 -2.970430155942533
563 5067 0 0 0 10.779901378047285 13.25231596253358 -7.402900543417209 -10.522073565987803 0.4395396193597226 -2.9704378888522185
564 5076 0 0 0 10.779866730760341 13.252283663482478 -7.402632556955489 -10.52355944300569 0.43955239415575825 -2.970423442852821
565 5085 0 0 0 10.779790595437554 13.252205552542687 -7.402896286882874 -10.522552545613744 0.4395412047605213 -2.9704350406021622
566 5094 0 0 0 10.779737131388712 13.252149069379502 -7.402946619389471 -10.522170882800546 0.43953712132640615 -2.9704372014339255
567 5103 0 0 0 10.780160928374176 13.252575087894297 -7.402484872831474 -10.522732623475472 0.4395536468213178 -2.970426207616133
568 5112 0 0 0 10.780190463872385 13.252604630316723 -7.402550473055814 -10.522518251936257 0.4395521120642381 -2.9704311435952238
569 5121 0 0 0 10.78024728777049 13.25266197168678 -7.402422012145127 -10.522997343195096 0.4395580972508134 -2.9704268327169254
570 5130 0 0 0 10.780050854741926 13.252464655976874 -7.40262859452545 -10.522728528457678 0.43955053704832225 -2.970431406506374
571 5139 0 0 0 10.77990902074929 13.252324124830693 -7.402649862670409 -10.523320229049995 0.439552049127965 -2.9704284104784127
572 5148 0 0 0 10.780140269750762 13.252556233612099 -7.40242260347903 -10.523610180590222 0.4395605025118417 -2.9704239907215375
573 5157 0 0 0 10.780132509958 13.252548892085205 -7.40247196096875 -10.52348799742204 0.43955883829842013 -2.9704248920746905
574 5166 0 0 0 10.780330303892077 13.252746811163881 -7.402249359249782 -10.523717667279332 0.43956658554923145 -2.9704198101678965
575 5175 0 0 0 10.780142741111689 13.252557673129118 -7.402519652573681 -10.52315965361696 0.4395565080661398 -2.9704273874956
576 5184 0 0 0 10.780094721752409 13.252509257840691 -7.40250326048865 -10.52326904042024 0.43955672741674046 -2.9704252744744046
577 5193 0 0 0 10.779923202839955 13.252336790317884 -7.402720762470879 -10.522805533103535 0.43954778360166574 -2.9704303906490153
578 5202 0 0 0 10.779895153997154 13.252310053515217 -7.402697432283055 -10.523125373757173 0.43954942173586053 -2.9704273069061524
579 5211 0 0 0 10.779894334416506 13.252308533069334 -7.402669056900457 -10.523121175303173 0.4395499070029633 -2.9704266623727387
580 5220 0 0 0 10.779936676911959 13.252351739821327 -7.402562593180033 -10.52362146497778 0.43955551025424194 -2.9704227699163623
581 5229 0 0 0 10.77982525775509 13.252239880071421 -7.402726948797767 -10.52319005184075 0.4395485329404246 -2.970427306639687
582 5238 0 0 0 10.779887438668823 13.25230060821898 -7.402744242727646 -10.522688184328734 0.4395459986701523 -2.970430679378894
583 5247 0 0 0 10.780079326818742 13.252493184875796 -7.402541878851639 -10.522981151905883 0.4395537443192953 -2.970426425117078
584 5256 0 0 0 10.780107666624092 13.252522640951879 -7.402493065243951 -10.523151244631643 0.43955573787058067 -2.970424593211286
585 5265 0 0 0 10.779986099607168 13.252400704637719 -7.402617515385371 -10.522992427574566 0.43955113075719093 -2.9704269135819636
586 5274 0 0 0 10.780060485910324 13.252474928192697 -7.402555539847018 -10.522928719947751 0.4395527547528361 -2.970426600125705
587 5283 0 0 0 10.780088997077765 13.252503472672604 -7.402526787703628 -10.522963269020279 0.4395539076239722 -2.970425872368128
588 5292 0 0 0 10.780149742144856 13.252563658470681 -7.402501704245975 -10.522744351843274 0.4395536831695469 -2.970426780591477
589 5301 0 0 0 10.780044964907072 13.252459029642583 -7.402618956467943 -10.522640075820492 0.43954958280001 -2.970429156674603
590 5310 0 0 0 10.780100689683534 13.252514970327736 -7.40253343845712 -10.522761537514572 0.43955231829054014 -2.9704267275745226
591 5319 0 0 0 10.780112417448692 13.252526019142445 -7.402550468682232 -10.522557961726795 0.4395509654085544 -2.9704277774933185
592 5328 0 0 0 10.780162232682871 13.25257466660924 -7.402495830656678 -10.522407015897963 0.4395516123831832 -2.970427262709697
593 5337 0 0 0 10.780134547519307 13.252546408632417 -7.4024998968399185 -10.52233422414355 0.4395505865513171 -2.970426685826301
594 5346 0 0 0 10.7801296965492 13.252541784834335 -7.402499980441265 -10.522315968473066 0.4395502626529382 -2.9704260348996447
595 5355 0 0 0 10.780109081048709 13.25251977986519 -7.402610496182681 -10.52170483540965 0.43954418685881064 -2.9704304622652495
596 5364 0 0 0 10.78015018711929 13.252561851953173 -7.402577564334906 -10.52180574028377 0.43954588191102034 -2.970429662778735
597 5373 0 0 0 10.780295007811555 13.252706082317331 -7.4024308582789455 -10.521736866850512 0.439549713253248 -2.9704263469850822
598 5382 0 0 0 10.780292062711808 13.252702534358221 -7.402387588094836 -10.522040900074936 0.4395527623792794 -2.9704254564491053
599 5391 0 0 0 10.780275625656014 13.25268574796915 -7.402390000634645 -10.522068838451618 0.43955282225225123 -2.9704252781820104
600 5400 0 0 0 10.780244780893248 13.252653484583782 -7.402377217743551 -10.522220693449402 0.43955404491313577 -2.9704242199296966
601 5409 0 0 0 10.780263249823463 13.252670870933406 -7.402349800242284 -10.522169618856426 0.43955479696296 -2.9704242367878138
602 5418 0 0 0 10.780415839903128 13.252823959999507 -7.4021714591925125 -10.522411867532126 0.4395611103579845 -2.970419624610861
603 5427 0 0 0 10.780380661820232 13.25278990389862 -7.402202237095552 -10.522599845122137 0.43956150658710025 -2.9704199477396775
604 5436 0 0 0 10.78028096395694 13.252692056301093 -7.402292824724009 -10.522861020450684 0.43956030059940915 -2.970421299218142
605 5445 0 0 0 10.780458254808337 13.252869352701593 -7.402217537167609 -10.522454621631265 0.4395611203372138 -2.9704225800423902
606 5454 0 0 0 10.780520447168149 13.252932199436087 -7.402171124000157 -10.522489732558874 0.4395629083635896 -2.9704221433323443
607 5463 0 0 0 10.780521263804017 13.252932367909862 -7.402082944562014 -10.522631823833033 0.4395652046072788 -2.9704188936601676
608 5472 0 0 0 10.780605049967896 13.253016352252533 -7.401891762746748 -10.52323906103667 0.4395734761076888 -2.9704124791978126
609 5481 0 0 0 10.780602440123102 13.253012059637442 -7.401884352895779 -10.523070584428242 0.43957253586902756 -2.970411938877092
610 5490 0 0 0 10.780443473627455 13.252853915687473 -7.401999462421022 -10.52324280440877 0.4395694809770476 -2.970413601943014
611 5499 0 0 0 10.780255513485294 13.252667041535489 -7.402301135883132 -10.52268062877145 0.4395575732980093 -2.970420379128283
612 5508 0 0 0 10.780078028566171 13.252489768619625 -7.402533969431144 -10.52235755174945 0.43954930028613104 -2.9704262370549324
613 5517 0 0 0 10.780008103199838 13.25241843342158 -7.402559662341366 -10.522243952027036 0.4395471133820014 -2.9704256186330333
614 5526 0 0 0 10.779827479649928 13.252237239278747 -7.402745071772081 -10.52211588906864 0.43954094783897696 -2.9704290751356948
615 5535 0 0 0 10.779884065772077 13.252295084962297 -7.402686753965103 -10.52241655895263 0.4395445532701395 -2.970426868803874
616 5544 0 0 0 10.779955358214817 13.252366560304626 -7.402643311449532 -10.522220342159146 0.4395447000747539 -2.9704265437312296
617 5553 0 0 0 10.779968045149884 13.252380579075833 -7.402606276884266 -10.522419136484904 0.4395464106770292 -2.9704247843139275
618 5562 0 0 0 10.780000024306348 13.252411112693665 -7.402700734845563 -10.521608585447268 0.4395399129376863 -2.9704299038527138
619 5571 0 0 0 10.780308490399225 13.25271995641737 -7.402410200288049 -10.521785379327781 0.4395500020665852 -2.970424371754281
620 5580 0 0 0 10.780441972734835 13.252853362429846 -7.402298771320351 -10.521651282695897 0.43955255542079014 -2.9704224579178558
621 5589 0 0 0 10.78018721922634 13.252598816854093 -7.402508790396209 -10.521711398247104 0.43954588786084764 -2.9704250466485624
622 5598 0 0 0 10.780142269867607 13.252552528664406 -7.402580326476844 -10.521366664437528 0.4395419171426322 -2.9704270622692075
623 5607 0 0 0 10.780191012761126 13.252601952033713 -7.40247463761216 -10.521720672099372 0.43954652951368745 -2.970423699591377
624 5616 0 0 0 10.780058101068594 13.25246845721719 -7.402592167276654 -10.521568486673063 0.4395417229590892 -2.9704252234861936
625 5625 0 0 0 10.780130561102768 13.252542753001723 -7.40247391618218 -10.522123715252544 0.4395482310495673 -2.9704214660232364
626 5634 0 0 0 10.780044627140459 13.252456749022818 -7.4025762446613985 -10.521939378940326 0.4395439777055018 -2.9704238499072506
627 5643 0 0 0 10.780123789980154 13.252537081073575 -7.402536357183789 -10.521959229246832 0.43954571893156835 -2.970424054610075
628 5652 0 0 0 10.78010677731245 13.252521457712858 -7.402600467386347 -10.521901005395158 0.43954386922516486 -2.9704262541610302
629 5661 0 0 0 10.780254598876281 13.25266900557407 -7.402395839118157 -10.52225484410246 0.4395516121227908 -2.9704207888587155
630 5670 0 0 0 10.780112608320419 13.252525852563032 -7.402482725684718 -10.52220503481602 0.4395480465477995 -2.9704217404845425
631 5679 0 0 0 10.780310630439729 13.252723972592833 -7.402260578150406 -10.522469193040683 0.4395562009245592 -2.970417093840755
632 5688 0 0 0 10.780506085909133 13.252920226447776 -7.40207896397931 -10.522642381308966 0.43956287058215693 -2.970413799914809
633 5697 0 0 0 10.780578815360082 13.252994324647629 -7.402008571335526 -10.522799556022996 0.43956572222047197 -2.970412028012538
634 5706 0 0 0 10.780516492449303 13.252931842898114 -7.402149186387444 -10.522373822047408 0.43955975323190677 -2.9704161381895586
635 5715 0 0 0 10.7806180152006 13.253033855675431 -7.402051708150452 -10.522433705953933 0.43956303099744176 -2.970414293778677
636 5724 0 0 0 10.780741375873951 13.253158115289008 -7.401902027435781 -10.522775692623995 0.43956938469292883 -2.9704104355803826
637 5733 0 0 0 10.780692255008594 13.253109269202014 -7.401998819094249 -10.522509212301967 0.43956516889017294 -2.970413004511922
638 5742 0 0 0 10.780669812143026 13.253085560904987 -7.402001960241002 -10.522417498359593 0.43956443432024767 -2.970413244693285
639 5751 0 0 0 10.78079226320239 13.253209587379303 -7.4019278262608195 -10.522437825672837 0.439567172453433 -2.9704125266602612
640 5760 0 0 0 10.78067341706511 13.253089233241765 -7.402065515278181 -10.52207092943559 0.4395610618401268 -2.9704159944770163
641 5769 0 0 0 10.780573121562668 13.252988313002685 -7.402145048098707 -10.52202557044232 0.43955826597639197 -2.9704173935664304
642 5778 0 0 0 10.780642859419924 13.253058150318857 -7.402096192409786 -10.521980816308357 0.4395596266493655 -2.9704165263791538
643 5787 0 0 0 10.780516575523508 13.252930737731813 -7.402201657053814 -10.52179951891768 0.4395550570187354 -2.9704183100042894
644 5796 0 0 0 10.780648673598396 13.253063712049762 -7.4020694639545646 -10.52206688752344 0.4395608003210456 -2.9704155155208425
645 5805 0 0 0 10.780605340977273 13.2530198983397 -7.402124277028682 -10.521915961566968 0.43955835566309903 -2.9704169375274736
646 5814 0 0 0 10.780602344737456 13.253016620635893 -7.402121561100737 -10.521885699950438 0.4395580526190491 -2.970416497167625
647 5823 0 0 0 10.780595430046954 13.253009892377975 -7.402119468567082 -10.522018931398293 0.4395590476602998 -2.9704165218491463
648 5832 0 0 0 10.78063074216074 13.253045140281335 -7.4020825769724015 -10.522035444073543 0.43956022529820626 -2.9704156407934965
649 5841 0 0 0 10.780591951663345 13.253005624900153 -7.402123807725565 -10.521903079146522 0.4395581745630925 -2.970416268087363
650 5850 0 0 0 10.780598525015519 13.253012288999914 -7.402100788588881 -10.52201292644624 0.4395594857645521 -2.9704157196426695
651 5859 0 0 0 10.780652824150703 13.253067162239846 -7.402035307178794 -10.52220841316073 0.4395626072476291 -2.9704141394897774
652 5868 0 0 0 10.78068516145989 13.253100102789524 -7.402013045258154 -10.522261149390166 0.43956366647245776 -2.9704137252895295
653 5877 0 0 0 10.780706436143987 13.253121543375803 -7.401992579821701 -10.52227963364748 0.4395643630593764 -2.970413241357813
654 5886 0 0 0 10.780743488125417 13.253158773170579 -7.401963348661404 -10.522273230547846 0.4395652843066529 -2.970412969769236
655 5895 0 0 0 10.78073667095574 13.253151826896014 -7.4019589808404245 -10.522270946113734 0.4395651934285676 -2.970412573292065
656 5904 0 0 0 10.780712317146348 13.25312737359903 -7.4019705907535975 -10.5223166659131 0.4395649903452929 -2.970412424528952
657 5913 0 0 0 10.780726071126974 13.25314155025183 -7.40196059630157 -10.522382894742544 0.4395657528022251 -2.9704122448773487
658 5922 0 0 0 10.780731889690259 13.253147647550785 -7.401956333341211 -10.52241338610117 0.4395660242147821 -2.97041210845517
659 5931 0 0 0 10.780773553559126 13.253189189737531 -7.401923055510559 -10.52238378769129 0.4395669066634448 -2.970411483177163
660 5940 0 0 0 10.780784223163412 13.253199960472518 -7.40193040148392 -10.522329003421632 0.439566552703811 -2.9704120473506017
661 5949 0 0 0 10.78072809876124 13.25314356362355 -7.4019921898646075 -10.522223675351528 0.4395640937271771 -2.9704133013135516
662 5958 0 0 0 10.78073726862941 13.25315312691865 -7.401975173400243 -10.522328512074733 0.43956522352001565 -2.970412889379285
663 5967 0 0 0 10.780732381114877 13.253148401968488 -7.401971654276323 -10.522432627922113 0.4395659919668386 -2.9704126433294427
664 5976 0 0 0 10.780761182850721 13.253177597191828 -7.401940149017609 -10.52253939824855 0.43956766928001034 -2.9704120317566276
665 5985 0 0 0 10.780754667290568 13.253171401984943 -7.401953501344805 -10.522555207637163 0.43956747944247065 -2.9704124721061382
666 5994 0 0 0 10.7808812538038 13.253298443310392 -7.4018203324938465 -10.522768954280911 0.43957287610217327 -2.9704097631048105
667 6003 0 0 0 10.780930094374948 13.253347377145682 -7.401745874560756 -10.522913636800993 0.4395756454349195 -2.970407492672407
668 6012 0 0 0 10.780858898734236 13.253275663766042 -7.401756023264225 -10.523112918078658 0.439576094815144 -2.9704069917178253
669 6021 0 0 0 10.780837986062153 13.253254924265331 -7.401820351376477 -10.52290190630353 0.4395732425352566 -2.970408953853384
670 6030 0 0 0 10.780863495687198 13.253279693652807 -7.4018147861352235 -10.522706083333057 0.4395723834577358 -2.970409219009851
671 6039 0 0 0 10.780845382344094 13.25326165526944 -7.401847315629474 -10.522593929921898 0.43957070675672283 -2.970409877601713
672 6048 0 0 0 10.780897887132834 13.253314489240092 -7.401814762559672 -10.522600613764707 0.4395719158084848 -2.9704093927798882
673 6057 0 0 0 10.78091926716262 13.253336094740732 -7.401806227290923 -10.522587500796819 0.4395722134600668 -2.970409413019645
674 6066 0 0 0 10.780900859074592 13.253317584814303 -7.401825622260354 -10.522516788837716 0.4395711324936325 -2.9704098427220575
675 6075 0 0 0 10.780897752926988 13.25331436725066 -7.401807712531482 -10.522570155585603 0.4395717204132972 -2.970409128008617
676 6084 0 0 0 10.780897603316252 13.253313887091398 -7.401818795467172 -10.522446204995415 0.4395706412755378 -2.9704094474738243
677 6093 0 0 0 10.780907559711071 13.253323577295388 -7.401815673618633 -10.52232722345353 0.43956989601305396 -2.970409498781325
678 6102 0 0 0 10.7809515820983 13.253367974380811 -7.401782936914551 -10.522355749066113 0.43957113496199124 -2.9704089684027712
679 6111 0 0 0 10.78095494667568 13.25337165698521 -7.401780711977326 -10.52241284991402 0.4395716066397357 -2.970408961398837
680 6120 0 0 0 10.781035170698239 13.253452369190914 -7.401715469757857 -10.522456623063931 0.4395740198033091 -2.9704080156704853
681 6129 0 0 0 10.781100440274725 13.253517821878349 -7.401656983969208 -10.52250742490591 0.43957620498578676 -2.970407068467976
682 6138 0 0 0 10.781068690655939 13.253486320190328 -7.401682814170437 -10.52266635624133 0.439576699311181 -2.9704077491038396
683 6147 0 0 0 10.781053887639429 13.253472007785279 -7.40170812182274 -10.522712793673199 0.43957641962706495 -2.970408311644768
684 6156 0 0 0 10.781109277915041 13.253527603433097 -7.401665308808314 -10.522700975124948 0.43957770462586093 -2.970407654871316
685 6165 0 0 0 10.780985503010903 13.25340309588532 -7.401748476889015 -10.522712859590857 0.43957483103564077 -2.9704085126303506
