% # columns="iteration, evaluation, sigma, max axis length,  min axis length, all principal axes lengths  (sorted square roots of eigenvalues of C)", seed=438811, Thu Nov 30 10:58:45 2023
1 9 1.854266427386013 1.0000416675347343 1.0 1.0 1.0000083333680556 1.0000166668055563 1.0000250003125026 1.0000333338888951 1.0000416675347343
2 18 1.71923124422343 1.1011244427284432 0.9192162638374795 0.9192162638374795 0.9378094734321105 0.9974041606405744 1.0018272243174615 1.018732849209246 1.1011244427284432
3 27 1.8029546890148072 1.1650774490959692 0.8786691852633562 0.8786691852633562 0.8975241219759986 0.9429163720583816 0.972018868168993 1.0082990833923704 1.1650774490959692
4 36 1.88998392472336 1.151824501927552 0.8533904441839495 0.8533904441839495 0.9044021095706823 0.9108100893988241 0.919926748622197 1.1117199985013675 1.151824501927552
5 45 1.9742429894487548 1.1388676210613948 0.7874552340429046 0.7874552340429046 0.8954719584832501 0.9313938324075685 0.9628820094740878 1.0989039085295031 1.1388676210613948
6 54 2.0425963361482604 1.3237162704116354 0.7318973209636916 0.7318973209636916 0.851768731575875 0.888659636190376 0.9597374471879246 1.0857618820393198 1.3237162704116354
7 63 1.9181738728381004 1.328985424955827 0.7099848468521485 0.7099848468521485 0.788107850299501 0.9085378234397689 0.9640149338537498 1.0878099005490738 1.328985424955827
8 72 1.845509671106453 1.280259700343765 0.6586554090923011 0.6586554090923011 0.7838322798745968 0.9168714028214415 0.9925359853052076 1.081243856698775 1.280259700343765
9 81 1.532367983419912 1.3178289105791516 0.5990136006081761 0.5990136006081761 0.7729521987246832 0.8865298823900999 0.9974966163844351 1.0740312530810787 1.3178289105791516
10 90 1.382422619932111 1.3386106093702066 0.5481890996891433 0.5481890996891433 0.7491410377373073 0.8798743360856893 0.9508014016236493 1.0958143113968168 1.3386106093702066
11 99 1.3663244249244777 1.2852441489786919 0.5085613191276805 0.5085613191276805 0.7543438115496648 0.8671070719393126 0.9549018112703993 1.0641702429616477 1.2852441489786919
12 108 1.3327109298321975 1.2553117715327067 0.4485614731822562 0.4485614731822562 0.740222758571207 0.9117916249595991 0.936135495838128 1.0678641932890076 1.2553117715327067
13 117 1.3442759700670335 1.24562603451678 0.42521178922416275 0.42521178922416275 0.7371499658367345 0.859808409127093 0.8989704664608694 1.107645824368474 1.24562603451678
14 126 1.5404145635192956 1.2629056992313563 0.40761220138180554 0.40761220138180554 0.676143639469194 0.8536421062650764 0.9385214239697478 1.1322191371414516 1.2629056992313563
15 135 1.4366580170896535 1.2670207208954953 0.40717846909696254 0.40717846909696254 0.6618588993692957 0.8778398768186177 0.9429196591046699 1.1194081226689307 1.2670207208954953
16 144 1.2906088144674634 1.2878083854357243 0.41305649136009975 0.41305649136009975 0.6600712978683397 0.8546227127992325 0.9010021659826414 1.0876979687207564 1.2878083854357243
17 153 1.216793759990308 1.2131693139371733 0.40163871511790544 0.40163871511790544 0.6372577287621604 0.8103008445958773 0.9160613550826002 1.0658397738906757 1.2131693139371733
18 162 1.1117960588616613 1.2210343475775771 0.3576773840847287 0.3576773840847287 0.6461019464159167 0.7941589395970966 0.9254205078729979 1.1297160113143547 1.2210343475775771
19 171 0.9344206142643046 1.207848310437997 0.3552777720072377 0.3552777720072377 0.6405156211761741 0.7557274589613262 0.9144887452521191 1.10666688305646 1.207848310437997
20 180 0.9060868121108797 1.1996811882003544 0.31600582329994137 0.31600582329994137 0.6112283939952876 0.7437503416921258 0.9035553165360961 1.104938463381431 1.1996811882003544
21 189 0.7878685018957332 1.2411744999564063 0.28819198021582176 0.28819198021582176 0.6127595569578639 0.7376894646159846 0.8689220987315186 1.114968885873584 1.2411744999564063
22 198 0.7523165279724287 1.2711321028541398 0.27320755074230746 0.27320755074230746 0.5973995566918604 0.6802779660472104 0.8714194967528114 1.0762213020171694 1.2711321028541398
23 207 0.7757246248172884 1.2838643519766353 0.255502045251785 0.255502045251785 0.57695415909431 0.6821625495987066 0.8633032224538223 1.0631935922691118 1.2838643519766353
24 216 0.7813234934778253 1.357619421499952 0.23981977091854456 0.23981977091854456 0.6063632679016664 0.660977107026701 0.8003929609018374 1.0635307732920734 1.357619421499952
25 225 0.7591378834442111 1.3633079821369543 0.23051127807850652 0.23051127807850652 0.6123997950978705 0.645174947868792 0.7788109679241282 1.067189107943272 1.3633079821369543
26 234 0.7392495072444862 1.336009921517684 0.21963858044039164 0.21963858044039164 0.5946754743209226 0.6233465253598763 0.8096742777357905 1.0522847822521169 1.336009921517684
27 243 0.6698420328680957 1.3535557202798845 0.21819399746551954 0.21819399746551954 0.5480545118048927 0.6474190563872868 0.7640507103752124 1.039975086201061 1.3535557202798845
28 252 0.6608716549837587 1.3930582374737908 0.2023892284436015 0.2023892284436015 0.547878415987296 0.6372523690533557 0.7449989684311258 1.0498008803677947 1.3930582374737908
29 261 0.5952375166046205 1.4635555827142819 0.1811013191538576 0.1811013191538576 0.5411174393505991 0.6190014229155524 0.7370916606858834 1.0562054508178815 1.4635555827142819
30 270 0.5335837835226408 1.4513995724675663 0.17453132579989983 0.17453132579989983 0.5368460622289263 0.5971451936395339 0.7263314998449046 1.0608082743014988 1.4513995724675663
31 279 0.4921054474705453 1.4314127446007372 0.1648302108469776 0.1648302108469776 0.5322920894326535 0.588025655742716 0.6930265535852467 1.0464493774146197 1.4314127446007372
32 288 0.4214433894770453 1.4358388112764877 0.15960870700859528 0.15960870700859528 0.5045045247129617 0.5858175236880498 0.7009716325793817 0.9831447905062948 1.4358388112764877
33 297 0.3863435752461438 1.4091864460263388 0.14729356884325615 0.14729356884325615 0.47656469493631193 0.5855763362580451 0.7161553491419337 0.9738824455517183 1.4091864460263388
34 306 0.39145657316351085 1.4492703963134648 0.13390845501985058 0.13390845501985058 0.4545974115873164 0.5846471781337009 0.7124542088539919 0.9665173251030763 1.4492703963134648
35 315 0.3538030943650154 1.5019123709337923 0.12787144594768798 0.12787144594768798 0.4608797810863558 0.5592528648789324 0.678041434735927 0.9782935320975605 1.5019123709337923
36 324 0.30687992602455444 1.489575769593863 0.12647213163693438 0.12647213163693438 0.4545856695948597 0.4772490678230264 0.6939204373980165 0.9872342782729476 1.489575769593863
37 333 0.30454943256005895 1.4648607715799418 0.12099418257690384 0.12099418257690384 0.4221590021171564 0.46688220787055523 0.6736146503161261 0.9989466620871269 1.4648607715799418
38 342 0.2696018679073908 1.5155271439769509 0.11911257558660619 0.11911257558660619 0.41221191751347414 0.42067438466857376 0.6623979276684243 1.0520750193378399 1.5155271439769509
39 351 0.25802825370072874 1.5003051260334257 0.11363748568479476 0.11363748568479476 0.39811127485524767 0.40708730721913294 0.6501112973805333 1.0319687158291073 1.5003051260334257
40 360 0.22463181678287156 1.539258273204514 0.11393828451495491 0.11393828451495491 0.3574969851728136 0.38405370061201605 0.6558851044421256 1.0446435445299473 1.539258273204514
41 369 0.20585743173768858 1.5449668334342508 0.10762910465927315 0.10762910465927315 0.3423680477006619 0.3769732589994778 0.6294993455353664 1.0058285001933864 1.5449668334342508
42 378 0.1807704151314038 1.6089930696089276 0.1049474720809507 0.1049474720809507 0.31954314788780036 0.35400722767343046 0.6361401100618574 0.9875686473258161 1.6089930696089276
43 387 0.18434434548205472 1.559099752445469 0.10332858085203168 0.10332858085203168 0.31055863155901364 0.3347384863726101 0.6138261788448041 0.9897075117023254 1.559099752445469
44 396 0.17986004974552683 1.5198819591582988 0.10382561582719296 0.10382561582719296 0.29398099914089765 0.3254031130314158 0.6102376987029965 1.0390779288031589 1.5198819591582988
45 405 0.1615323443136775 1.498050086425756 0.09619201421163559 0.09619201421163559 0.27551027109531867 0.3229216498553542 0.6153278598654371 1.0464306858943373 1.498050086425756
46 414 0.16919253388899316 1.5089490743074114 0.09601769609701556 0.09601769609701556 0.2587300082924924 0.31246949248225075 0.5958328397849008 1.0036325054525843 1.5089490743074114
47 423 0.16094922964776165 1.606782709695059 0.09424709784146551 0.09424709784146551 0.23484383020817032 0.3147658162285703 0.5972836415747662 1.0050419562255026 1.606782709695059
48 432 0.1614904536228813 1.6033520371928458 0.09127599806200196 0.09127599806200196 0.23735359479282608 0.29935774399918663 0.6083265297512168 0.9948798981135792 1.6033520371928458
49 441 0.16026021978386634 1.6790838515653688 0.08367037703599806 0.08367037703599806 0.2293948368427365 0.2891566601640144 0.6139800246500402 0.9994077269549734 1.6790838515653688
50 450 0.16146480729386925 1.6934536177374775 0.07945150777285948 0.07945150777285948 0.21604907065366327 0.28524196843081795 0.6514090756542528 1.0007066648779643 1.6934536177374775
51 459 0.16126166028071318 1.7685900898929137 0.07868789559741553 0.07868789559741553 0.21164355677429803 0.2565289603171359 0.6465489386672205 0.9731262728593268 1.7685900898929137
52 468 0.14820956057419196 1.7373028182002603 0.07436148153717982 0.07436148153717982 0.20766521212741304 0.24658271605068047 0.6641475403767108 1.0413452770778642 1.7373028182002603
53 477 0.1378962832754714 1.7548452363935494 0.07495395062969995 0.07495395062969995 0.18509469359682384 0.2452304388148949 0.6659615523264287 1.0262317288944267 1.7548452363935494
54 486 0.12770168231046888 1.7284554754807326 0.06653132308731943 0.06653132308731943 0.17726407039049108 0.24214584482545431 0.6902191523645539 1.068542881349894 1.7284554754807326
55 495 0.1125304029587706 1.741739539869466 0.0659361148428289 0.0659361148428289 0.17104311179965395 0.2362541862196146 0.6620594377520002 1.054233231594507 1.741739539869466
56 504 0.10186955702584675 1.7304004103996546 0.06177772293502888 0.06177772293502888 0.15681336484483102 0.2340432029889767 0.660979551529178 1.0754359783281024 1.7304004103996546
57 513 0.0912395092145468 1.7005395212042498 0.05777992682492464 0.05777992682492464 0.15216441105855533 0.22784625673005357 0.6301969668065237 1.0929090066646656 1.7005395212042498
58 522 0.0855560705077384 1.7055538582346355 0.05688642646354494 0.05688642646354494 0.138197997978134 0.2102964830151153 0.6487782175961376 1.1079944279312421 1.7055538582346355
59 531 0.09278986787210895 1.6615020507544047 0.05634761869066472 0.05634761869066472 0.136731541444204 0.20007178210353557 0.6469636569666 1.0705123052816479 1.6615020507544047
60 540 0.09954357559282652 1.667172348871583 0.05334532964146555 0.05334532964146555 0.13762795923302426 0.19275845591283491 0.7436314738771453 1.0017295651196139 1.667172348871583
61 549 0.10186952109305604 1.609643609221858 0.051915803125951746 0.051915803125951746 0.1349989878223241 0.1868186047192777 0.7338753013339152 1.0716474956049633 1.609643609221858
62 558 0.11329041932972737 1.6372479748918742 0.05002001092799819 0.05002001092799819 0.1301437475193708 0.1811401750895812 0.7487275728148165 1.0723322503645814 1.6372479748918742
63 567 0.10740495161542964 1.882554251956482 0.04767738891301566 0.04767738891301566 0.11843389235164253 0.1759238216720603 0.759274839689444 1.0715554862968666 1.882554251956482
64 576 0.12303212450568406 1.9023169888565141 0.04287427127466218 0.04287427127466218 0.11495458692744996 0.1723118788919098 0.7501255935676554 1.0473915002686842 1.9023169888565141
65 585 0.13806386077581595 1.8776845890058593 0.039591625414100676 0.039591625414100676 0.11357227552045336 0.1774320486581582 0.7675668693428701 1.1494621447827296 1.8776845890058593
66 594 0.13081247343059493 2.010996109908733 0.039221125730473747 0.039221125730473747 0.10820039784633344 0.164605459472336 0.7736085237765484 1.1764200489429586 2.010996109908733
67 603 0.13390607188448012 1.9872589787887658 0.03943754330352696 0.03943754330352696 0.10065792575224866 0.15086805454452007 0.8008931091290733 1.1680583809818499 1.9872589787887658
68 612 0.16031909157616392 1.970289436354532 0.03724303523371032 0.03724303523371032 0.09869823408402634 0.14456333905497915 0.7862099180260377 1.2202408692736562 1.970289436354532
69 621 0.19348063390698864 2.4533806060831234 0.03722287613429107 0.03722287613429107 0.09254739355920841 0.13550987504801137 0.7717152496524764 1.2151122522523579 2.4533806060831234
70 630 0.24122481364651063 2.932394945854093 0.035551621977598535 0.035551621977598535 0.0907891803397082 0.12929841756308896 0.7560273500844664 1.2010594298094073 2.932394945854093
71 639 0.24741276469819132 3.0345538310517486 0.03387780130705524 0.03387780130705524 0.0901577175134598 0.1324005107360847 0.74711929743743 1.193320575779144 3.0345538310517486
72 648 0.2224490136579349 3.0038745049488895 0.031986964301620874 0.031986964301620874 0.09057551838978782 0.12782661019757782 0.7243932232074909 1.1991302492936766 3.0038745049488895
73 657 0.20663020842173288 2.941394646371655 0.030966551756516112 0.030966551756516112 0.08556660234948674 0.12228045579525813 0.7298112085211282 1.166888753176004 2.941394646371655
74 666 0.2000025217028042 3.019281013143379 0.03051832215959813 0.03051832215959813 0.07978336554701025 0.11140548923041496 0.7286789907427913 1.1715147959855665 3.019281013143379
75 675 0.19806482253604787 3.0016129767127238 0.03001490772340661 0.03001490772340661 0.07394623764282783 0.10931618772034558 0.7303545952184451 1.1925720534612285 3.0016129767127238
76 684 0.22076310506097058 2.9489795471816698 0.028849877436739436 0.028849877436739436 0.07410701908945891 0.09895742410989707 0.7158679080613252 1.2623786785652047 2.9489795471816698
77 693 0.2415003850298513 2.9807128128275515 0.027174609358446487 0.027174609358446487 0.07162543536052668 0.0984714577196818 0.716601587834455 1.351725417599185 2.9807128128275515
78 702 0.2723476054949648 2.8778086856537364 0.02572258296288395 0.02572258296288395 0.07331280353521696 0.09452320731222116 0.7083110907997731 1.497752397271593 2.8778086856537364
79 711 0.2897084768442797 2.9265388748968895 0.02598211135916652 0.02598211135916652 0.07150469743467686 0.08741719311731731 0.7148745931327937 1.5726143800299293 2.9265388748968895
80 720 0.3309658635527546 3.114908014663229 0.024518472286163957 0.024518472286163957 0.0711848831658101 0.08771551380685359 0.6515884349183707 1.5768398035865037 3.114908014663229
81 729 0.41863733670170605 3.472146105749812 0.024271354122661185 0.024271354122661185 0.0694847547616255 0.083238731460845 0.6085437230291104 1.642084771094568 3.472146105749812
82 738 0.4144909995175595 3.679960323704671 0.024972983151773934 0.024972983151773934 0.06358374932764518 0.0817125420315368 0.6178637686744909 1.7091570348618534 3.679960323704671
83 747 0.37586992741224745 3.7181743834488334 0.02318453026306923 0.02318453026306923 0.05942382451020628 0.08021260845023147 0.6070114305856759 1.8350052997664863 3.7181743834488334
84 756 0.33617636642102766 3.6404736174060246 0.022995901946260163 0.022995901946260163 0.05704741469826165 0.07595067118608331 0.5875996943323839 1.7966995634789271 3.6404736174060246
85 765 0.2998983673017406 3.617514153463242 0.02114272592449801 0.02114272592449801 0.05459823625339406 0.07141416143913618 0.5907475719580303 1.785211914393737 3.617514153463242
86 774 0.2698393136680129 3.6127980175839736 0.020526980111199956 0.020526980111199956 0.05172283581843437 0.06880958221406328 0.5754964262158709 1.6995891965230343 3.6127980175839736
87 783 0.26075809984894655 3.581727475007641 0.018979609925512977 0.018979609925512977 0.04944925920377557 0.06524284590009859 0.5996248271118653 1.7069255629627764 3.581727475007641
88 792 0.2530866031942295 3.516493684367447 0.0175461576489589 0.0175461576489589 0.04787413181542419 0.06448925317433467 0.5925217971528268 1.8408721322774888 3.516493684367447
89 801 0.21124517851589533 3.7147911574869346 0.017471045024439212 0.017471045024439212 0.04528154832720395 0.061147171384277735 0.5900314697391317 1.7607712345900683 3.7147911574869346
90 810 0.18094839105523317 3.7017529227363597 0.016161205990390906 0.016161205990390906 0.04375315131241681 0.05764530815648709 0.5865933830911553 1.738694933130227 3.7017529227363597
91 819 0.16508843877103124 3.71824206503723 0.01606882056563482 0.01606882056563482 0.04072306844762621 0.05380929330354389 0.5748118598519798 1.7314373953966897 3.71824206503723
92 828 0.1749911538245425 3.678961314980858 0.01423613854144035 0.01423613854144035 0.04096494978588845 0.05402372199964672 0.566584930895671 1.7094201745514321 3.678961314980858
93 837 0.20210655363707436 3.752628668884411 0.01469809315604576 0.01469809315604576 0.04097244635789757 0.054290852120388616 0.5538425982257164 1.6315244664887862 3.752628668884411
94 846 0.22897436142121305 3.5131796425595034 0.014879430522765602 0.014879430522765602 0.04284798545534837 0.05556346640406379 0.5852630108597889 1.6128077189220178 3.5131796425595034
95 855 0.28179241191666987 3.655890469784768 0.015105192167000575 0.015105192167000575 0.04042128841451699 0.05478002126799175 0.5910346122266269 1.5638303184420412 3.655890469784768
96 864 0.3562346438641424 3.5324048215022272 0.014586177800660566 0.014586177800660566 0.040585546691970356 0.05826390547850658 0.587997489122892 1.5477788397540402 3.5324048215022272
97 873 0.3684212426784659 3.4530352479139492 0.014625216741351267 0.014625216741351267 0.0379447105256058 0.0600602278179002 0.5961189835346649 1.5211145079709927 3.4530352479139492
98 882 0.38723156032715794 3.40166155836766 0.014499898109831294 0.014499898109831294 0.03487944369195866 0.05944551804358357 0.5968250065296081 1.6219402149802824 3.40166155836766
99 891 0.35887647522830407 3.210694822839546 0.01431518540220315 0.01431518540220315 0.03452175550200573 0.06297620911059397 0.5924237688017481 1.5471390838769508 3.210694822839546
100 900 0.3734759035595196 2.947604119328084 0.014251466847597016 0.014251466847597016 0.03399201913009704 0.05942770097949258 0.5852368814551732 1.5632623294593426 2.947604119328084
101 909 0.36341807339875626 2.9451731677810846 0.014827283768397773 0.014827283768397773 0.03148718219890378 0.061159279017775015 0.5646677140498984 1.5704521682710477 2.9451731677810846
102 918 0.3388603896350163 2.6859297730444145 0.01422490243775172 0.01422490243775172 0.030296494021807018 0.0657650661158912 0.5611521087870942 1.5164395472580288 2.6859297730444145
103 927 0.324048102740442 2.744759470707929 0.014031876646602688 0.014031876646602688 0.027714492589366653 0.06547255370281248 0.5245983092635002 1.5382106945160108 2.744759470707929
104 936 0.30732497792477204 2.6442642310602245 0.014031557610410117 0.014031557610410117 0.02768259686293415 0.0637607284642066 0.5205276281245115 1.5632018715560763 2.6442642310602245
105 945 0.2774397688670606 2.565895422383963 0.013828832309742795 0.013828832309742795 0.027330129625009494 0.06201083908233018 0.4859830192750571 1.5654728441476793 2.565895422383963
106 954 0.23370928378223899 2.636942937783055 0.013829337679202792 0.013829337679202792 0.02692016485302873 0.05758054529964369 0.461068063311755 1.5303561552152858 2.636942937783055
107 963 0.2613721218338662 2.6097653062176303 0.013585705242767952 0.013585705242767952 0.027028397890095708 0.0548018044587417 0.4679931363274505 1.4393292925850742 2.6097653062176303
108 972 0.2809864454849652 2.604760283229852 0.012707947834921915 0.012707947834921915 0.02546746323324702 0.0609763097070855 0.47139439710739073 1.5098637080697617 2.604760283229852
109 981 0.28343952748152396 2.65209184310327 0.011570172322907864 0.011570172322907864 0.024984555633191477 0.06543558423502885 0.44533916173379995 1.4864740956571856 2.65209184310327
110 990 0.3005520927799617 2.6725571432657462 0.011562439022617733 0.011562439022617733 0.024182941319528334 0.06728905842697488 0.41838683929683024 1.4132053475072286 2.6725571432657462
111 999 0.3557804538680914 2.64127540523561 0.011616164796409137 0.011616164796409137 0.02485574504300927 0.06345836333824076 0.4232916104984527 1.3960465301982818 2.64127540523561
112 1008 0.3438915071752976 2.5151372544434367 0.011075545200508711 0.011075545200508711 0.025247956271907207 0.06399214106995042 0.4331688228040265 1.4428424807006495 2.5151372544434367
113 1017 0.32862882357791257 2.4543554851881826 0.010654507378696894 0.010654507378696894 0.02497167140212764 0.06349271366961907 0.4301855714045067 1.4257518550863044 2.4543554851881826
114 1026 0.3070849618261295 2.4211176051717045 0.011000075611304897 0.011000075611304897 0.024568586112600786 0.05886987366019763 0.4343706039924666 1.3571868051038394 2.4211176051717045
115 1035 0.26999102769578026 2.41445290546975 0.010480041227013655 0.010480041227013655 0.025177163260223196 0.05659045998588424 0.41172535098334656 1.301459904651106 2.41445290546975
116 1044 0.2517486344250939 2.5191081586129274 0.009995737926185124 0.009995737926185124 0.024974410281659063 0.05204022181025885 0.4015511457440058 1.253832227627469 2.5191081586129274
117 1053 0.27706482989287373 2.504394440556727 0.0098127026865875 0.0098127026865875 0.02426417699544366 0.050151687968146286 0.39860490221146927 1.190720974646626 2.504394440556727
118 1062 0.3063375389439453 2.4311493952996264 0.010234034571959058 0.010234034571959058 0.022949057200531742 0.05237184119791055 0.37698432992818987 1.219252726040472 2.4311493952996264
119 1071 0.3137074630355427 2.4667771584387883 0.010055844588348545 0.010055844588348545 0.02221387926498117 0.05353801336291512 0.35796584408437226 1.253287193873124 2.4667771584387883
120 1080 0.3295571275540532 2.4979159150683983 0.009974274977606286 0.009974274977606286 0.022666419913389763 0.053753349935687186 0.3401932826672963 1.1609887488075838 2.4979159150683983
121 1089 0.38134901856281994 2.6491165070252194 0.009820322832611953 0.009820322832611953 0.02277450684633503 0.05411363352021055 0.31765104148976864 1.1858884089465724 2.6491165070252194
122 1098 0.4553331471436179 2.7533814434373713 0.010359028547544363 0.010359028547544363 0.021664242142449587 0.05378039530759041 0.3130053036385885 1.269705833115291 2.7533814434373713
123 1107 0.5486202398067885 2.7042267460973672 0.009244961267617988 0.009244961267617988 0.021866445591047185 0.05559797338043768 0.3209975115326844 1.400683564295065 2.7042267460973672
124 1116 0.5862684509736226 2.767846759657039 0.009106118011619563 0.009106118011619563 0.021271179526886633 0.055154366825875 0.3092914049571227 1.4910670743571537 2.767846759657039
125 1125 0.6067648561918777 2.708161846720851 0.008608624810789462 0.008608624810789462 0.020644012339041607 0.057703500244475056 0.3048498929807819 1.494753064576875 2.708161846720851
126 1134 0.5839045369903824 2.6982505612837837 0.008306632927540775 0.008306632927540775 0.019855759719884826 0.05915697646436097 0.2940884969103859 1.5264792840885013 2.6982505612837837
127 1143 0.5808235699288778 2.6495471047968864 0.008394278072622068 0.008394278072622068 0.020253526405779827 0.056807788986271285 0.2785649029411331 1.5327033579100806 2.6495471047968864
128 1152 0.5822550710568575 2.6981023688227666 0.00856871593463073 0.00856871593463073 0.020192561164747182 0.052449601616238746 0.26767243199546686 1.5285194002245284 2.6981023688227666
129 1161 0.5140852075817951 2.7060770869084454 0.009053579918439575 0.009053579918439575 0.018498310702804763 0.0501926151904521 0.2699852935365313 1.4280411065905008 2.7060770869084454
130 1170 0.5753717338109345 2.6847749792368454 0.009217383313052824 0.009217383313052824 0.01827260867521088 0.048498176375812684 0.2550625125179636 1.344668247982897 2.6847749792368454
131 1179 0.6739067715005487 2.6608805940120392 0.008960904749736773 0.008960904749736773 0.017028648896841834 0.04996010051979625 0.2559381172758484 1.5033386477131343 2.6608805940120392
132 1188 0.8732673815658045 2.747103259253008 0.008985675984987068 0.008985675984987068 0.01731086315538179 0.049900552855457865 0.25682815473495296 1.460073630488352 2.747103259253008
133 1197 1.1297643874162957 2.840363690065162 0.008867488791187171 0.008867488791187171 0.016335944111219938 0.05380438607048 0.2597940140686428 1.4657026536014333 2.840363690065162
134 1206 1.263544756420497 2.937504310164508 0.008629428698933777 0.008629428698933777 0.015560776278287369 0.055240273759116394 0.2511981574538215 1.4548498520207378 2.937504310164508
135 1215 1.1969696618514296 2.9298551488046365 0.00858576772040796 0.00858576772040796 0.016035650559235955 0.05361482211776067 0.2454887605572755 1.2897789927167007 2.9298551488046365
136 1224 1.1925827263278916 2.983766372769234 0.008130282394563133 0.008130282394563133 0.015803935337594895 0.05233888411211499 0.23932732088055958 1.2529215128802036 2.983766372769234
137 1233 1.1874471926896386 2.956881652954498 0.008542852206664231 0.008542852206664231 0.015771317775561827 0.050355761323876355 0.22787280435046042 1.218298986552771 2.956881652954498
138 1242 1.0757492930228914 2.9849232459251924 0.008482761137469224 0.008482761137469224 0.016360664006667237 0.04904328617248157 0.22177046149212598 1.146570252365767 2.9849232459251924
139 1251 0.9262620606392337 2.8817623813287394 0.00846413797532296 0.00846413797532296 0.015342718465222444 0.04818129460104812 0.2126624851001273 1.139963410352905 2.8817623813287394
140 1260 0.9513039590488789 2.8570233742057294 0.007988121478421773 0.007988121478421773 0.014960280136158167 0.04742027850351132 0.21140854519869076 1.1126775515023097 2.8570233742057294
141 1269 0.9806999637209258 2.8125516753726343 0.007785693253009493 0.007785693253009493 0.016209472043706923 0.044641039558920695 0.21769408113748698 1.084984204311065 2.8125516753726343
142 1278 0.9132324136326881 2.809413192970367 0.007471061585369797 0.007471061585369797 0.016522457778885776 0.044392346600193824 0.19380924954044618 1.1415201454684891 2.809413192970367
143 1287 0.8850830611762126 2.854213303031977 0.0073839449530093 0.0073839449530093 0.016575446760175753 0.04121619345211295 0.18863170936569 1.1123518747153385 2.854213303031977
144 1296 0.8932384641039302 2.743994199121548 0.007378942362303943 0.007378942362303943 0.016675794316557274 0.04046139616011868 0.1798226443711492 1.1078242170497958 2.743994199121548
145 1305 0.8338690769479374 2.7521773565050087 0.007140580772784168 0.007140580772784168 0.01689538982704465 0.03973942901354544 0.16864847214090414 1.166207731469584 2.7521773565050087
146 1314 0.8991481501968538 2.832869749341076 0.007289925796292167 0.007289925796292167 0.016546980702627525 0.03653899811308217 0.16566291376198428 1.1522641980472905 2.832869749341076
147 1323 0.9213225725998203 3.140149929545973 0.007074513574397651 0.007074513574397651 0.015268655779852137 0.0368327674691212 0.16468753110679715 1.087648662504716 3.140149929545973
148 1332 0.85908387800148 3.097843366859315 0.0064095585587524715 0.0064095585587524715 0.01601391126639077 0.03451768916224263 0.16368686021141007 1.1004489604251764 3.097843366859315
149 1341 0.7849267337868535 3.1690203331942857 0.006324479035395258 0.006324479035395258 0.016190454336751453 0.03489281228806364 0.15440810888373943 1.0347344440655697 3.1690203331942857
150 1350 0.6984308306478612 3.1842269382312365 0.00626585549866158 0.00626585549866158 0.01645302867853841 0.03162570024338265 0.15503176110033956 0.9823573084941463 3.1842269382312365
151 1359 0.6398526579981324 3.1330889207920722 0.005835983148597546 0.005835983148597546 0.01580601768227784 0.030658495943867853 0.15389562743841917 0.9788504213777247 3.1330889207920722
152 1368 0.566519368846426 2.936191595017636 0.005763748061408499 0.005763748061408499 0.014837903261492346 0.030294736885405855 0.1493850137401929 0.9842729331567424 2.936191595017636
153 1377 0.5939742230667424 2.8600245105274484 0.0055454850001427965 0.0055454850001427965 0.014418915272573085 0.030017102901892946 0.14709950367041622 0.9596288966950319 2.8600245105274484
154 1386 0.5544583124094087 2.8551791683726617 0.005711857346509347 0.005711857346509347 0.013445315426586406 0.03172909815491621 0.150162456505044 0.9118061116715687 2.8551791683726617
155 1395 0.56850276885304 2.822696998882331 0.005485958712243099 0.005485958712243099 0.013147567431614925 0.03089599136507304 0.1419603404030633 0.9383054934659476 2.822696998882331
156 1404 0.5406065134621738 2.7553043022257038 0.005276008831179222 0.005276008831179222 0.013252709777881214 0.03101535278491778 0.14028794025511596 0.9336933873087532 2.7553043022257038
157 1413 0.5925305076567203 2.8714077895259593 0.00496609205188159 0.00496609205188159 0.012430763541319395 0.029688620301379306 0.1407879220152404 0.928840394147476 2.8714077895259593
158 1422 0.6708593144300901 3.008984881505589 0.005016883866037145 0.005016883866037145 0.011881950812909386 0.029511151031957363 0.13486346378253225 0.9387884385190456 3.008984881505589
159 1431 0.6776410834775178 3.0064489606598905 0.00500208025718654 0.00500208025718654 0.011866399399335616 0.029834551791189566 0.128769720995963 0.9532143095874666 3.0064489606598905
160 1440 0.7176953836782479 3.033063111732031 0.004924141081616252 0.004924141081616252 0.011082659041720443 0.02838624323368482 0.13200825267349275 0.9459970097778277 3.033063111732031
161 1449 0.8033190637495524 2.9858891536709224 0.004907638483230849 0.004907638483230849 0.011023106202945701 0.026703747656939388 0.13686647695694762 0.9200911946293675 2.9858891536709224
162 1458 0.9481756420001706 3.3814567024270343 0.004921801504315015 0.004921801504315015 0.010104071952510636 0.02636739413296478 0.1340481272845412 1.0233395892448618 3.3814567024270343
163 1467 0.9409601257520651 4.055203322345108 0.004781406840335797 0.004781406840335797 0.009993462002291148 0.025216181842733536 0.12562682692389718 1.0002970368803772 4.055203322345108
164 1476 0.8918512677655505 4.207971597375272 0.004529453626629465 0.004529453626629465 0.009800037747664634 0.02322634059520699 0.12339885368612816 0.9519678092770061 4.207971597375272
165 1485 0.8117851222085337 4.272946730378608 0.004283244275906789 0.004283244275906789 0.00960064085097832 0.022746758439628215 0.11545768088257154 0.9559883797943537 4.272946730378608
166 1494 0.7120002159096335 4.28381801018052 0.0042546948550294655 0.0042546948550294655 0.01019742953037469 0.020954833710098222 0.11135500217454182 0.9263809894970036 4.28381801018052
167 1503 0.7120943884117987 4.239214344231283 0.0038659717880060807 0.0038659717880060807 0.010280747801803377 0.020379785178010708 0.11053063478286602 0.8989393794247716 4.239214344231283
168 1512 0.6902864412156109 4.370234559930856 0.003843640048573565 0.003843640048573565 0.009399221616180613 0.02014497354313395 0.1064290713610987 0.9425930396224791 4.370234559930856
169 1521 0.562925923399707 4.476409635800719 0.003719707459126409 0.003719707459126409 0.009305841802084177 0.02028550554721161 0.10210067174802032 0.9024256075898334 4.476409635800719
170 1530 0.4932994028528173 4.461047838641497 0.0037028471805054418 0.0037028471805054418 0.008953470793779436 0.019302165031985136 0.09902567385974492 0.8749672612735353 4.461047838641497
171 1539 0.4295469889372678 4.530374617889173 0.0037094994641208687 0.0037094994641208687 0.008796376957849272 0.016369904354150734 0.09818295320443311 0.8411550050407542 4.530374617889173
172 1548 0.3663031721425172 4.641061709490449 0.0036853146761407895 0.0036853146761407895 0.008464653787906465 0.016082725784986766 0.09110579577621426 0.8080776375089758 4.641061709490449
173 1557 0.3432821640682109 4.672230914612913 0.0037678038182475584 0.0037678038182475584 0.008196575329645794 0.01592778373430404 0.07862022402877912 0.7907767470121292 4.672230914612913
174 1566 0.3184068668025814 4.752274332159955 0.003750052089922737 0.003750052089922737 0.008222492711360987 0.014783214170823117 0.0733969231575921 0.8033588988994329 4.752274332159955
175 1575 0.30814133138533034 4.730283848557422 0.003579131824933219 0.003579131824933219 0.00801216203318138 0.014487767139176542 0.07041059584874965 0.808634818594458 4.730283848557422
176 1584 0.2769472485572163 4.929222364921822 0.003376752390073318 0.003376752390073318 0.007881535879974932 0.01329294150067161 0.06893325746815522 0.8215737663486893 4.929222364921822
177 1593 0.2265957364258403 5.013475856009672 0.003322484851609154 0.003322484851609154 0.007708246631140059 0.013426405746456737 0.06365552854847742 0.7643209505486235 5.013475856009672
178 1602 0.1996212420913268 4.783022061590796 0.003192335752466591 0.003192335752466591 0.007638175012112499 0.013481259521777096 0.05928305003799794 0.7490004334145682 4.783022061590796
179 1611 0.16418060745547258 4.847668083484182 0.0031528797153719955 0.0031528797153719955 0.007498165778551499 0.013616544681976518 0.05333990751517926 0.7142289530564346 4.847668083484182
180 1620 0.14691104522410126 4.672182299202935 0.0030772041939011066 0.0030772041939011066 0.007351289006990449 0.01267505541772386 0.0527678146250268 0.6906127384255011 4.672182299202935
181 1629 0.1318775262025809 4.604553551914326 0.003039206732045095 0.003039206732045095 0.007090190163820815 0.012408850903698077 0.05085592898282141 0.6788158767227044 4.604553551914326
182 1638 0.12505986359686494 4.453218737012626 0.002863349954085575 0.002863349954085575 0.006901142219944524 0.01211036524123645 0.0499674588348005 0.694164025220413 4.453218737012626
183 1647 0.11774838658526779 4.446893324351849 0.0027219598738665468 0.0027219598738665468 0.006904575445660725 0.012070574449634518 0.04961647836285398 0.6600747334275193 4.446893324351849
184 1656 0.1007747647345603 4.438731454818988 0.002702472344109748 0.002702472344109748 0.006516564642454576 0.011766605061108751 0.04831560344080563 0.671808543082907 4.438731454818988
185 1665 0.08481152751982424 4.35444122820337 0.002736069831095223 0.002736069831095223 0.006065380911659882 0.011679634564651719 0.04602665545829425 0.6411558474324643 4.35444122820337
186 1674 0.07742720052731894 4.34169289449713 0.002607998677766854 0.002607998677766854 0.005614467009227614 0.0111655494092575 0.04582436215360077 0.6608284240883064 4.34169289449713
187 1683 0.07449710035085015 4.169365653475815 0.0024777456179690543 0.0024777456179690543 0.005660614746770563 0.01091273838996834 0.04386821254182985 0.661059011747729 4.169365653475815
188 1692 0.07210895534248973 4.535548895864333 0.002539335195369382 0.002539335195369382 0.005257609237225691 0.009736558881610026 0.0439497521712138 0.644538062415503 4.535548895864333
189 1701 0.06431868870610365 4.530884294629539 0.002279013876091744 0.002279013876091744 0.005444152293684022 0.009504576589746025 0.04380949960199363 0.6484628014880395 4.530884294629539
190 1710 0.055313247477279566 4.482682325691201 0.0021133858680397397 0.0021133858680397397 0.005579391027590395 0.009499961177107268 0.040675003420979176 0.6370285546972534 4.482682325691201
191 1719 0.05219943884195315 4.497241715310055 0.001983565941529965 0.001983565941529965 0.005638399370620089 0.009122193926775296 0.039490518298318136 0.6262575849462421 4.497241715310055
192 1728 0.052621530076088184 4.639628416205963 0.0020032834452708703 0.0020032834452708703 0.005487757894716968 0.009010700787634579 0.03770525831232885 0.628826240187275 4.639628416205963
193 1737 0.045923924634736636 5.065318451813442 0.001978939644278682 0.001978939644278682 0.0052373266307071615 0.008415450552050356 0.03785195409555895 0.6146154683595195 5.065318451813442
194 1746 0.042540827612726574 4.941235052088945 0.0018378590930693442 0.0018378590930693442 0.005244754755533575 0.008169389898833798 0.03585212419831776 0.6171285583942089 4.941235052088945
195 1755 0.03904664676313959 4.962426349648445 0.0017528389851076975 0.0017528389851076975 0.004994117561131643 0.007801854919070429 0.03521949571504626 0.6488815743294098 4.962426349648445
196 1764 0.038344819118382584 4.7417562800935675 0.0017502499558704533 0.0017502499558704533 0.0048985462439427585 0.007842072383487402 0.03262339404833479 0.6675050903036445 4.7417562800935675
197 1773 0.036198802469394525 4.636209118606112 0.001824122981217777 0.001824122981217777 0.0048130769518918756 0.007319037146237776 0.030426914056637364 0.711841272048969 4.636209118606112
198 1782 0.03727806858896066 4.581077582070145 0.0017248804302876155 0.0017248804302876155 0.004774970847754794 0.007179490987216896 0.028325439232610293 0.7329227610571233 4.581077582070145
199 1791 0.038894856142769364 5.146542473046971 0.0016142239984971063 0.0016142239984971063 0.004715914149063594 0.006427153550517189 0.02843058476303688 0.7485634839920651 5.146542473046971
200 1800 0.03404073106201276 5.613310909285779 0.0015996732998542736 0.0015996732998542736 0.00431183396358344 0.006059611599788048 0.029313315782903415 0.7217193157404963 5.613310909285779
201 1809 0.03174381029345052 5.543359469805975 0.0015840002248473822 0.0015840002248473822 0.0038016156792174847 0.0059312979134915665 0.029081493206292563 0.7171218649828278 5.543359469805975
202 1818 0.028227914125192106 5.584694230586701 0.0015049756577549004 0.0015049756577549004 0.003813326506202145 0.0055272170399925874 0.029577229981653068 0.6971734074003691 5.584694230586701
203 1827 0.02522282256611435 5.651266906759808 0.0014312655309555282 0.0014312655309555282 0.0035844336001541028 0.005595082595256194 0.029930683839081734 0.6552372272203026 5.651266906759808
204 1836 0.024680268414884264 5.521838977559203 0.0014166401531532289 0.0014166401531532289 0.003614094787127358 0.005335083921013542 0.029183651067660753 0.6273847021778419 5.521838977559203
205 1845 0.02375596969470851 5.661215366250803 0.0013142104478136806 0.0013142104478136806 0.0037092837839218617 0.005416569729520801 0.027338901622929655 0.5969702162274111 5.661215366250803
206 1854 0.01955754222154101 6.142689010298293 0.0012546253277121889 0.0012546253277121889 0.003450190375736901 0.005157218432451965 0.02696876206306145 0.5884616899426096 6.142689010298293
207 1863 0.0165703369371735 6.094707999508787 0.00122921420033461 0.00122921420033461 0.0034088268124880207 0.005122922670315957 0.024566111274053413 0.5823546319135903 6.094707999508787
208 1872 0.014597682185391352 6.221753160454251 0.001201631276865415 0.001201631276865415 0.003227971319168407 0.004923717901988575 0.022867842636464717 0.5559899989139147 6.221753160454251
209 1881 0.012270739582515428 6.202958445244218 0.0010728543320339499 0.0010728543320339499 0.00312356913756357 0.004799366120053931 0.022403071123977283 0.5662053186464372 6.202958445244218
210 1890 0.011481285869106333 6.1534046231857475 0.0009569500673820717 0.0009569500673820717 0.003071976925031412 0.004671346202823591 0.022453353528149856 0.5530167249145808 6.1534046231857475
211 1899 0.011124634156168786 5.863660353070537 0.0009381763169695548 0.0009381763169695548 0.0029387306451990067 0.004583546627266567 0.02202537423356049 0.5774364901619558 5.863660353070537
212 1908 0.010596816050553105 5.655951776640804 0.0009410148994986077 0.0009410148994986077 0.0027223117723571295 0.004747454537241368 0.02208256691280702 0.581378137645696 5.655951776640804
213 1917 0.010824347609987949 5.929395867189829 0.0009284922032525558 0.0009284922032525558 0.002617821905042451 0.004537778204162821 0.021422332454796363 0.5832844047840002 5.929395867189829
214 1926 0.009865475762173758 5.655718333597256 0.0008871063053810157 0.0008871063053810157 0.002664399430355369 0.004643710701326127 0.020883609475826737 0.5991045249173811 5.655718333597256
215 1935 0.00868807777643403 5.594211137585722 0.0008408760109476448 0.0008408760109476448 0.0026512823806497787 0.004418257961695663 0.020877709202318857 0.5902402977395637 5.594211137585722
216 1944 0.0076540527616976144 5.428088257875184 0.0008499869377954959 0.0008499869377954959 0.002600085081863528 0.004362009225750977 0.01944107914871389 0.6048056927948278 5.428088257875184
217 1953 0.006929781541422646 5.398772989977 0.0008148064238381572 0.0008148064238381572 0.0025434266653116227 0.00404338699762947 0.019426983809024218 0.6031371765548786 5.398772989977
218 1962 0.006623239183180642 5.569134048565283 0.0007948267500945599 0.0007948267500945599 0.002405122265153588 0.004023626930298253 0.01878139417900993 0.6021354193308841 5.569134048565283
219 1971 0.006578484028442818 5.641136374556222 0.0007214339566035988 0.0007214339566035988 0.0022641840055510035 0.004291794077867026 0.018714570429277624 0.5870914107391267 5.641136374556222
220 1980 0.005938952710522851 5.68859788832039 0.0007186182159937056 0.0007186182159937056 0.0022189642899284167 0.003943166876114553 0.01793802263820917 0.6325605234288523 5.68859788832039
221 1989 0.005294209973712366 5.683048538408973 0.0006818158102682478 0.0006818158102682478 0.0021259588849051043 0.0037278002910744973 0.017212243378252067 0.6419118047109226 5.683048538408973
222 1998 0.004775760040207765 5.708146941421081 0.0007005430117785009 0.0007005430117785009 0.001931260156161004 0.0036292500947340198 0.017224167339467925 0.6062179996231241 5.708146941421081
223 2007 0.004336515884505224 5.78578121685536 0.000686493226971429 0.000686493226971429 0.001951459082995707 0.0034095886135950063 0.01693647765446419 0.5859164742144881 5.78578121685536
224 2016 0.004264803460061029 5.666817207409413 0.0006382197878069379 0.0006382197878069379 0.0018997814793415167 0.003442096665859021 0.016634703586379144 0.5832532863279665 5.666817207409413
225 2025 0.003930743076689383 5.8612373767803385 0.0006207421414849522 0.0006207421414849522 0.001830563848737832 0.0031811850113919915 0.01649388024125531 0.6005865173273208 5.8612373767803385
226 2034 0.0036044505943734154 5.63631792451473 0.0005997496790538816 0.0005997496790538816 0.0018068413518189871 0.0031643620014536918 0.016061696225281506 0.5825407496278215 5.63631792451473
227 2043 0.0030945602063949034 5.6207460528519855 0.0005693913438498704 0.0005693913438498704 0.0017775832416562485 0.002995364198100544 0.01606121092618198 0.5790985572480715 5.6207460528519855
228 2052 0.0026572863876289854 5.345859479216423 0.0005611616477584776 0.0005611616477584776 0.0017000558516093666 0.002858219274200925 0.015604413850509279 0.5798909190026557 5.345859479216423
229 2061 0.0024861229018360133 5.248169221897753 0.0005424865003562504 0.0005424865003562504 0.001668088227735451 0.002742620892260889 0.015156152543727146 0.58361176607107 5.248169221897753
230 2070 0.002452618694823502 5.408411059682243 0.0005281986241062488 0.0005281986241062488 0.0016498772604425877 0.002440830932554102 0.014994647155515095 0.584887988018418 5.408411059682243
231 2079 0.002046118978513961 5.653068337463966 0.0005187811707624743 0.0005187811707624743 0.0015891441865068902 0.0022656442840020036 0.013892631450840187 0.6098159832412668 5.653068337463966
232 2088 0.0019515725456576176 5.6436735938391935 0.00048813503055940364 0.00048813503055940364 0.0015556910352681602 0.002189777159830121 0.013376631620483762 0.5997021974090287 5.6436735938391935
233 2097 0.0021260214283269512 5.643736035649103 0.0004827256228721517 0.0004827256228721517 0.0014733641069885005 0.0022004387365683028 0.013039565539946202 0.5869962484941001 5.643736035649103
234 2106 0.0021166800162300005 5.7015774078143755 0.0004602939424633204 0.0004602939424633204 0.0014206135501819467 0.0023437138692084603 0.013078061784780406 0.5809687477454893 5.7015774078143755
235 2115 0.0021948757062038044 5.847609195638744 0.0004665865177910258 0.0004665865177910258 0.0014448174357007547 0.0021774250545940842 0.012337213142517742 0.5696557427506603 5.847609195638744
236 2124 0.0021239962728435624 6.750519646459861 0.000454342479983978 0.000454342479983978 0.001345326131705597 0.002199672191444748 0.011849275198096232 0.5635072457327349 6.750519646459861
237 2133 0.0017450555370106659 6.837021393250788 0.00044034036813519204 0.00044034036813519204 0.001373829520678125 0.002073561438693599 0.011418434713513417 0.5593933417690392 6.837021393250788
238 2142 0.0015627860707945048 6.625623801965272 0.0004237702855318554 0.0004237702855318554 0.001369157989839977 0.0020465217216004174 0.010680132867640925 0.543650952237464 6.625623801965272
239 2151 0.001624544015936185 6.640667807346367 0.0003858826932009347 0.0003858826932009347 0.0012886943701312912 0.002022009648302534 0.010678708284188699 0.5599812314655397 6.640667807346367
240 2160 0.0015173685285451116 1.6474457671318112 0.24883922591433486 0.24883922591433486 0.3704386272398974 0.8031015314212446 1.0395463863686314 1.166682453914186 1.6474457671318112
241 2169 0.001283643619194851 1.59851688450891 0.24011260251824632 0.24011260251824632 0.3812919680775866 0.7775934284630761 0.9849553131486607 1.1470966400471356 1.59851688450891
242 2178 0.0012717354377843968 1.557458772344159 0.23822635356949112 0.23822635356949112 0.3871301107523644 0.7113766088977359 0.9434808261777946 1.1159977359289435 1.557458772344159
243 2187 0.0012144421885625213 1.5941229302476678 0.24285676540034026 0.24285676540034026 0.4019511604020741 0.6899476816840667 0.857343727905434 1.1095491031683509 1.5941229302476678
244 2196 0.0011493523158019978 1.5931956661253228 0.25125830644139296 0.25125830644139296 0.3810979810173237 0.6348396273716995 0.8792785227961425 1.1160708929738374 1.5931956661253228
245 2205 0.0010914129639307685 1.568694695343471 0.25542214724399154 0.25542214724399154 0.38820359437102847 0.6237187527255814 0.7931125862558287 1.0958549276856535 1.568694695343471
246 2214 0.0009528343021573866 1.5307354111696962 0.2417120115685687 0.2417120115685687 0.38849938623854363 0.5865689841810912 0.7750788384231473 1.1504810355951718 1.5307354111696962
247 2223 0.0008427781095507696 1.529180513063076 0.24761825071753116 0.24761825071753116 0.36873395036011664 0.584919778971096 0.7398934236714275 1.0754231082489398 1.529180513063076
248 2232 0.0008045767232629382 1.511929117275375 0.22079923445371505 0.22079923445371505 0.35797636447473347 0.5921403308150371 0.728185297080988 1.0295694528283879 1.511929117275375
249 2241 0.0007156366617673109 1.459346055042978 0.21206974755073565 0.21206974755073565 0.35026353971257396 0.566015101328864 0.6997692438768425 1.0972468138663602 1.459346055042978
250 2250 0.0006914742868031036 1.4374705392780927 0.20895893020352707 0.20895893020352707 0.35162331132970176 0.5361378434511822 0.6935632498755737 1.0699927627495749 1.4374705392780927
251 2259 0.0006538837083409914 1.4480807674503338 0.2057959873506272 0.2057959873506272 0.33762422428933664 0.5722326761509029 0.6903667266262556 0.9756109309860613 1.4480807674503338
252 2268 0.000700743857005985 1.4329378254038725 0.21208781285118866 0.21208781285118866 0.3222972119831365 0.5540642467118067 0.673951343966798 0.9852142405864577 1.4329378254038725
