% # columns="iteration, evaluation, void, void, void, xmean", seed=441878, Thu Nov 30 11:06:19 2023, <python>{}</python> # scaling_of_variables: 1, typical_x: 0
1 9 0 0 0 0.9632838539567383 3.2544472171384924 -1.5998437172503466 -1.0342859401640254 1.6911248157176568 -0.04140360484213379
2 18 0 0 0 1.6380920607019607 5.01177743565683 -2.5132960268281166 -2.458718632254608 0.5804530982026921 -1.4935741481414806
3 27 0 0 0 2.698793850071961 6.242130783673917 -1.2121588345161713 -1.4158764882911103 3.0941248017328205 -1.9465092509297404
4 36 0 0 0 2.5252032685061168 7.697528664929482 -1.4733421644353946 -0.705442061013563 1.9898493920258726 -1.401578215669073
5 45 0 0 0 3.121622755017783 7.395347627095216 -0.9785527673644654 -1.3902530322093771 3.164612060041381 -2.18827671126119
6 54 0 0 0 2.326003920730789 6.4271823103684955 -0.9589800593546557 -0.7005003056604658 2.100603641240542 -2.711505376984121
7 63 0 0 0 2.1800138262102675 5.935398967055338 -0.4923869990882687 0.07497080065745643 2.378083953768489 -2.1410136031050784
8 72 0 0 0 3.3803633530939994 6.2433162308549095 -1.4518036641901042 -1.4584174937118934 2.4438695371835237 -3.175426645421122
9 81 0 0 0 3.3718259221114537 4.829627565270796 -1.4893501716537139 -2.199118827764943 1.4006895462811049 -4.3607189467179905
10 90 0 0 0 3.231840659470964 5.775298260646265 -1.8000142922426323 -1.7540776606147357 1.844403311368312 -3.518333873861568
11 99 0 0 0 3.7838588776978592 5.495380579312892 -2.736978928906533 -2.099251086195731 1.0551046743252652 -2.968719156781446
12 108 0 0 0 3.345748845115277 4.353230619800023 -3.080907535763421 -1.3328815296772714 0.6434670696312397 -2.1909864955031044
13 117 0 0 0 3.496646141142443 4.219538160010704 -3.135734157561696 -1.2324863147639165 0.15535296100147533 -2.3630028149682927
14 126 0 0 0 3.4655137744308964 4.411480986020525 -3.2418267067380193 -1.7734265302430277 0.320774394256026 -2.0964124071281973
15 135 0 0 0 3.257713346512153 4.001888153678166 -3.8275581100113305 -1.2266993728583027 0.37982796812384634 -1.4599439110610861
16 144 0 0 0 3.9762055753450083 3.787856372071547 -3.619439739294682 -1.2531385607252234 0.1483186057742091 -1.9454932593778183
17 153 0 0 0 4.220602954070621 3.811083107189217 -2.633856032574757 -1.5661466134095772 0.3705449008661339 -2.0436034059628847
18 162 0 0 0 4.527366855134047 4.734792831960113 -3.069351324315802 -0.9111701894610736 0.5019970723246845 -1.3419566657337967
19 171 0 0 0 3.399813711708121 5.138876603619831 -3.4280228340409873 -1.1552606444349667 0.850556027990763 -0.7840669450378002
20 180 0 0 0 2.5793826544825404 5.273636704222959 -3.8919560959202277 -1.0393979276536955 1.3108302239927188 -0.7667600762823845
21 189 0 0 0 2.547196482907805 5.528459549787465 -3.881946343994027 -0.45261421150603787 1.3978916365650715 -0.3577719913629033
22 198 0 0 0 3.0999214546047744 5.669856964162304 -4.339767806409977 -0.43929358231559706 0.7561501687747824 -0.47754788844362395
23 207 0 0 0 2.9398883922246277 6.564000569541642 -4.402513076462924 0.3685000032440761 1.5970613821494934 -0.6845004482469176
24 216 0 0 0 3.0596901819485733 5.986761248907939 -5.72615962743052 0.12152687501951687 0.8419193896685255 -0.3761814690679986
25 225 0 0 0 2.0978756184468628 5.803185333869009 -4.89517314084112 -0.3777527085947561 1.4614425448749373 -0.6792399013626985
26 234 0 0 0 1.8674185683141789 5.246269422711298 -4.660659571518085 -1.2620261681134395 1.5009639084304827 -0.5663546533709348
27 243 0 0 0 1.89430242983114 5.781968832317483 -4.6622707751806844 -0.6386732107855928 1.7771833037727263 -0.4150807506135684
28 252 0 0 0 2.2745526416052777 5.64037580297377 -4.174955894874196 -0.4723073685475586 1.7761231232874846 -0.8364560426365344
29 261 0 0 0 2.2013748294939246 5.556134105419758 -4.107346968883944 -0.44914835128703673 1.6408247702601433 -0.1402745591940826
30 270 0 0 0 2.5008190147473077 6.0632707288231416 -4.3761591794162005 -0.6289526675068402 1.620063555200375 -0.3384888943545052
31 279 0 0 0 2.7039790060398516 6.094559887413658 -4.442902093333333 -0.3524389228812665 1.5476704563513606 -0.3807077406657035
32 288 0 0 0 2.9339179475416644 6.309836486838915 -4.6790231835847855 -0.09035613573128204 1.3639015185549939 -0.33990990858859466
33 297 0 0 0 3.058609057940057 6.145873374294055 -4.42034561795974 -0.1417317083661648 1.229095688888801 -0.17807297225945645
34 306 0 0 0 3.069119153144947 6.293490935828738 -4.4972140728538585 -0.3744460089135334 1.3325144425826845 -0.10187280732592946
35 315 0 0 0 3.102106177510074 6.198121712551656 -4.729471713053096 -0.21548297126048627 1.1360477347703575 0.023780831117622164
36 324 0 0 0 3.178949129932467 6.304467411901765 -4.707410871181345 -0.06912165659171993 1.1823153195006955 0.10063541070717368
37 333 0 0 0 2.9431774213591537 5.8518057725185475 -4.767270380665022 -0.14149601409531679 1.0248456989697041 0.17594702664075218
38 342 0 0 0 2.8879858361431157 5.790919078734569 -4.778607490537141 -0.19227342516125204 0.9844092725232275 0.08175751406771692
39 351 0 0 0 2.9328895235906085 5.82848569000682 -4.933964389707501 -0.015164562914319057 0.9370980707909999 0.23781007968703008
40 360 0 0 0 2.9265512320476086 5.62528784458479 -5.023983869025835 0.002268180961341744 0.7737484188804017 0.2992253191941307
41 369 0 0 0 2.814422852597083 5.602975536515071 -5.020044198731203 0.0757067632359108 0.8216467491063454 0.337376547872804
42 378 0 0 0 2.901379116448634 5.7088100635933205 -5.0116861321553055 0.25367273868681545 0.8374838701382745 0.4624115587931221
43 387 0 0 0 2.870033304714558 5.678572315168532 -5.10598514019181 0.26772790089038667 0.8075361139061582 0.5317317246131038
44 396 0 0 0 3.0187193158724566 5.878224161042375 -4.987770609201531 0.24288397220960692 0.8830452296352557 0.4751502834738759
45 405 0 0 0 3.0607949345143814 5.8684243757084245 -5.05300534873164 0.38265498945881443 0.8299958835026798 0.6391363326496564
46 414 0 0 0 2.9556306997384265 5.74843366910779 -5.066352311009595 0.4751533248328299 0.8053096520692418 0.7439467750583096
47 423 0 0 0 2.9203706185165816 5.859922516013224 -5.017021382400602 0.56288486898233 0.9024924540452351 0.8364022419366051
48 432 0 0 0 2.816110032238999 5.816148563087641 -4.943282814103717 0.6068076314469759 0.9570523826701286 0.8435496552797725
49 441 0 0 0 2.834379030976714 5.7312908266293245 -5.107715406754279 0.6413376618496085 0.8530473783838199 0.9669973138851279
50 450 0 0 0 2.766944527357478 5.6422385998452995 -5.103352835545572 0.5597264152826582 0.8393901998389124 0.8680160281569536
51 459 0 0 0 2.70933504554894 5.596631754698446 -5.0606386987268515 0.5182436457898337 0.8685638780262235 0.8338570196577955
52 468 0 0 0 2.824587530864003 5.690002410426871 -5.031034813028474 0.5607191253476684 0.8653732682311586 0.8583069735761006
53 477 0 0 0 2.847689860539023 5.6808363770461145 -5.063012573784367 0.5108525560581718 0.8325858349798031 0.8112820653274446
54 486 0 0 0 2.8092489561581435 5.6684135782867076 -5.03298502030882 0.5063299610831801 0.8545887571582967 0.7637968839324337
55 495 0 0 0 2.850767230959017 5.7196468670859995 -5.0489000088966876 0.5358776912159425 0.8557948751710334 0.7767690511523543
56 504 0 0 0 2.865321427466388 5.700728196969969 -5.085319188348548 0.4501690985121764 0.8360006603297416 0.7068006411211604
57 513 0 0 0 2.8634414622885065 5.725911970636807 -5.125731080891846 0.5197727114033843 0.8383199481826138 0.7809581021056179
58 522 0 0 0 2.7844902893221812 5.636463669965431 -5.161852679447294 0.5493088845814995 0.8201252619420947 0.8121529156363123
59 531 0 0 0 2.8558445921675615 5.679778790281491 -5.183790798590859 0.5157530700885066 0.8005731587140767 0.7740839122154941
60 540 0 0 0 2.8063336707775353 5.617723117759521 -5.17000811250938 0.5385629356623484 0.796916679505325 0.7868337038634555
61 549 0 0 0 2.837347432992575 5.643164318593566 -5.189035859832293 0.5409465127522037 0.7911855109496685 0.7918950823802606
62 558 0 0 0 2.835830522915888 5.65740740027448 -5.181238853087357 0.6029874107413922 0.8025913200369715 0.8546906005255933
63 567 0 0 0 2.844265189040169 5.649520855190052 -5.211837357509949 0.6182942572241401 0.7845946046826613 0.8727164516628685
64 576 0 0 0 2.8622906760520865 5.650234900790553 -5.24743405297887 0.5718319992704949 0.7657085313869714 0.8366729542443996
65 585 0 0 0 2.8758373450237493 5.688857283864683 -5.184456314353842 0.5887952406203577 0.7949291151003106 0.8467760478739805
66 594 0 0 0 2.857422794678908 5.686513706399257 -5.155295209373623 0.5827059314306211 0.811436762339603 0.8407262442247344
67 603 0 0 0 2.853842098127255 5.69498272378204 -5.134083233400658 0.6212473623167251 0.822008250501752 0.882902183719301
68 612 0 0 0 2.907454339756021 5.733597347913186 -5.166883935518651 0.652151622819553 0.8042946288769768 0.9082156115053004
69 621 0 0 0 2.9349171441001487 5.757943593702384 -5.164141537128672 0.6349011840776304 0.8035634227189505 0.8909908545886948
70 630 0 0 0 2.9420971203342106 5.762306038892762 -5.152592776473446 0.6344861025507654 0.8056809255703492 0.893753812334826
71 639 0 0 0 2.9191546673612425 5.7562104062680275 -5.141622589247698 0.6479215969815497 0.8175297875795222 0.9038442865289663
72 648 0 0 0 2.8986647249596986 5.732014777571563 -5.15363473302472 0.6334787764382345 0.8126423315283956 0.8891352557604141
73 657 0 0 0 2.8997378953015605 5.7496599469579275 -5.1276810485357585 0.6081136753960028 0.8278020456661906 0.8671154252334117
74 666 0 0 0 2.9234192528568914 5.764235228372887 -5.150093884021711 0.5962404873886572 0.8166063629212869 0.8559630286269159
75 675 0 0 0 2.9392169777035737 5.787554567316808 -5.132865318896885 0.6027512949453055 0.8251831791182482 0.8632922519606739
76 684 0 0 0 2.945616554704777 5.796831416896413 -5.114333137591214 0.6043831766640302 0.8315125841814475 0.8629552322329773
77 693 0 0 0 2.948279600445102 5.799099515061894 -5.119922124916219 0.6261844278716542 0.8293568866163422 0.8828629233677652
78 702 0 0 0 2.9367668255693005 5.786091180819914 -5.1281883751396045 0.6226559580664948 0.8267955238413056 0.8796516175469437
79 711 0 0 0 2.9396331771544366 5.789127596113572 -5.123561696518846 0.6321014077376604 0.8275487056111296 0.8876747321474188
80 720 0 0 0 2.9473929456253787 5.797383435701668 -5.124922224215056 0.6111990564662043 0.8272456765594254 0.868533555933455
81 729 0 0 0 2.9452694382566023 5.803035623500028 -5.1083053323835195 0.6042192506427569 0.836069049193267 0.8622825528589736
82 738 0 0 0 2.9457982476695426 5.801832475912492 -5.106297079387815 0.6170299084599086 0.8359428501092528 0.8743933510373731
83 747 0 0 0 2.9493944197556177 5.810636524205543 -5.09722591970241 0.6153178076607216 0.8405450928754649 0.8732416540865859
84 756 0 0 0 2.941594162881911 5.807493601175381 -5.086293180000845 0.6233281108656281 0.8462481259753468 0.8806549927907383
85 765 0 0 0 2.9432646430869913 5.8062379592796445 -5.08977315962222 0.6280209244301891 0.8439532884680147 0.885999760022024
86 774 0 0 0 2.9414981091705075 5.803408393379284 -5.088972644114468 0.6314997997167231 0.8435464266096737 0.8901320600314153
87 783 0 0 0 2.9407547448616023 5.809690878315838 -5.08027010080412 0.6336401301406779 0.8496539768003353 0.8916979454765268
88 792 0 0 0 2.93737895632126 5.805720065675826 -5.0744040065659055 0.6318925723716988 0.8507774858076993 0.889908041498184
89 801 0 0 0 2.9283395405033548 5.8027327613641475 -5.0585359533222665 0.6358670984678441 0.8581563870368379 0.8935063234528594
90 810 0 0 0 2.91178744513266 5.797963737564223 -5.038456217616104 0.6375383265422608 0.8700719973574135 0.8943340906937084
91 819 0 0 0 2.8999619040607003 5.7937194524753695 -5.032771787416951 0.645936797072928 0.8759740515994926 0.9008755479368267
92 828 0 0 0 2.8989353116843013 5.7912943529593734 -5.037798814866795 0.6540402977400319 0.8739702045536565 0.9091798907063133
93 837 0 0 0 2.8916021270540004 5.784608263576494 -5.043531333236365 0.6529518805895258 0.8730662283331144 0.9086693928881292
94 846 0 0 0 2.878699270533638 5.783251784733877 -5.018148581071872 0.6446599359328551 0.8864646980257982 0.90236372698349
95 855 0 0 0 2.852238681654525 5.766269663699294 -5.000061787053964 0.6461110564072665 0.8961958845397294 0.9046239453793745
96 864 0 0 0 2.85977083912193 5.774116869783703 -5.009942537126707 0.6585525130741239 0.8939854069120444 0.9172488936496241
97 873 0 0 0 2.8471156219034066 5.770496305734443 -4.995667239138435 0.65844016343661 0.9030878003527539 0.9168950379082883
98 882 0 0 0 2.863922924205185 5.787029701036054 -5.001675761432299 0.6532098686989883 0.9006248128842275 0.9107165475002515
99 891 0 0 0 2.8583869187403694 5.790499012984735 -4.980202593689498 0.6566400119390658 0.911190678627392 0.9147971287970748
100 900 0 0 0 2.853517779957164 5.790929762425049 -4.969077983457082 0.651333924581829 0.9177305983191292 0.9093918474904773
101 909 0 0 0 2.848429607544623 5.791213042971494 -4.953626632853707 0.6454559697912524 0.9247600824344117 0.9032191714294256
102 918 0 0 0 2.8459592136192664 5.7821218208967515 -4.969430632206428 0.6432652429978041 0.9168278375906843 0.9009007900522964
103 927 0 0 0 2.8481366856876784 5.777266955907249 -4.9791352503476665 0.6485233522616094 0.9106177866297016 0.9053421885238109
104 936 0 0 0 2.8385766410527395 5.783709438967348 -4.9581895090952575 0.6406476450265381 0.9251575110512931 0.8965738411114742
105 945 0 0 0 2.8381485363395687 5.790913353982061 -4.947874788297646 0.6394934831244592 0.9327075521749106 0.8955817164472253
106 954 0 0 0 2.832522899742931 5.789915242036225 -4.9441522265674855 0.6350151390039879 0.9372055691081078 0.8916558940903615
107 963 0 0 0 2.8342872229620437 5.797281223423344 -4.925524318844775 0.6370412772271761 0.9458165186669336 0.8948415734006286
108 972 0 0 0 2.8322202158528627 5.78772346096744 -4.936571306283573 0.6471895216013487 0.9387464498281509 0.9056344702938142
109 981 0 0 0 2.829627777880016 5.782058273139274 -4.935357505078701 0.6267197699690108 0.9375748727858428 0.8852444903714727
110 990 0 0 0 2.838971518814507 5.790896122687758 -4.941648011216899 0.6282780766507363 0.9346649705766403 0.8860368234955659
111 999 0 0 0 2.8306665738084176 5.794609209843841 -4.917628598303143 0.6291731536212078 0.948293938934071 0.8870109190951775
112 1008 0 0 0 2.8251734506904396 5.791254995408838 -4.918943216759908 0.6279142929114158 0.9496403824584435 0.8870551186785216
113 1017 0 0 0 2.8288557973550517 5.788801454279558 -4.929547714466289 0.6247275224404979 0.9433585119843239 0.8842649135076825
114 1026 0 0 0 2.825270822770747 5.784109800031509 -4.934778033647811 0.6314615444494077 0.9406971247941167 0.8891055562605856
115 1035 0 0 0 2.8287885393838805 5.783100114715705 -4.942296792726814 0.6285606381213502 0.9363559726725623 0.8873773588735971
116 1044 0 0 0 2.829522781688652 5.788602559911616 -4.9383830762810055 0.6322473142365946 0.9402306558468154 0.8904805202888967
117 1053 0 0 0 2.829552942097615 5.789860523442534 -4.93355694771571 0.6261727617661013 0.9421043204750625 0.8854758834548456
118 1062 0 0 0 2.8323642224490544 5.784502603394959 -4.941725457805374 0.6215862499943929 0.9351626478168145 0.8814450593222898
119 1071 0 0 0 2.82958003869875 5.785319997422736 -4.935109249992814 0.6239789326197572 0.9390033954010824 0.8841633316791855
120 1080 0 0 0 2.827407228070183 5.786643987415456 -4.9332294609831715 0.6249032510004171 0.9415230634085663 0.8850452870389504
121 1089 0 0 0 2.8160093222712166 5.779172520983488 -4.927876596908177 0.6232301357762592 0.9453042732784449 0.8826411860921797
122 1098 0 0 0 2.8140644542745816 5.77819530587249 -4.92780937900925 0.6274806300083485 0.9459243952605286 0.8862013628947367
123 1107 0 0 0 2.8209508126519527 5.780968593156954 -4.9333498966577505 0.627709072012431 0.9419945906448436 0.8869514819265262
124 1116 0 0 0 2.815685968108836 5.778444590218461 -4.928710901527435 0.629263728063863 0.9450510759435711 0.8888738831420137
125 1125 0 0 0 2.8126703805940183 5.779196680341919 -4.922475994392964 0.6289431484000628 0.9491018234696753 0.8889679990440611
126 1134 0 0 0 2.8115968737051253 5.776025671921144 -4.924278461918072 0.6266922934627474 0.9475391358471944 0.8867321816487719
127 1143 0 0 0 2.8071732580371846 5.7746822338840245 -4.9177971414447565 0.6233284637669975 0.9512267126857621 0.8836163398912272
128 1152 0 0 0 2.8052096376712616 5.777646537764318 -4.912608590350775 0.6248082803573122 0.9553317711371301 0.8845751224870128
129 1161 0 0 0 2.803550294567718 5.776584265088123 -4.910270074944356 0.6247539255314246 0.9563279232942002 0.8842214468138708
130 1170 0 0 0 2.8030403256136966 5.778516957850374 -4.905851145272158 0.6264601930044216 0.9590893828632121 0.8858783577641103
131 1179 0 0 0 2.8056378194065243 5.776134914402682 -4.916540934438666 0.6246286410509447 0.9531631689827254 0.8842450285269254
132 1188 0 0 0 2.8038297790092934 5.776999764254247 -4.916342360427276 0.6259592326707893 0.9544519123734736 0.884918806925562
133 1197 0 0 0 2.802306811473421 5.778754510586335 -4.908695204600961 0.6271998875590915 0.9584573998311618 0.885604877078482
134 1206 0 0 0 2.8029991429203798 5.7772693142619715 -4.91259687287875 0.6273410971011961 0.9560892215663626 0.8858792493415609
135 1215 0 0 0 2.8023546861506072 5.775734523099707 -4.91232443250907 0.6254842818887866 0.9557876973489144 0.8840277409171883
136 1224 0 0 0 2.804224635180562 5.775154415249065 -4.915344721718185 0.6238494279541267 0.9535965289537783 0.8827348208963142
137 1233 0 0 0 2.8028896645343084 5.775251032981048 -4.91332639460118 0.6233563187378274 0.9550911511061451 0.8823695938834655
138 1242 0 0 0 2.804468770319364 5.774233705564331 -4.915171945527048 0.6238160953443025 0.9531083671572974 0.8827648766173001
139 1251 0 0 0 2.805860535546992 5.77470294942603 -4.916898223634087 0.6240952893262872 0.9522488059710457 0.8832976317757028
140 1260 0 0 0 2.804929808349173 5.774984211083593 -4.913582684072986 0.6261087787511083 0.9539049734138593 0.8851706090623306
141 1269 0 0 0 2.8105905852268105 5.773716198894691 -4.924056314133135 0.6258932085545683 0.9469457760111184 0.8850631737725513
142 1278 0 0 0 2.8099326744484707 5.775390086873605 -4.922702097346665 0.6270723733220007 0.9484572519289804 0.8859919310472258
143 1287 0 0 0 2.81299477029718 5.775538531905676 -4.926783572421026 0.6273500777174348 0.9455117265373333 0.885716475840973
144 1296 0 0 0 2.812167745044177 5.777869003845603 -4.922837387200614 0.629645323707012 0.9484185494770352 0.8876490089461494
145 1305 0 0 0 2.814201907288827 5.775866775217411 -4.9289454132718475 0.6281651334504054 0.9443185484822558 0.8861591695072227
146 1314 0 0 0 2.8134991300323335 5.778220778167749 -4.925490423336637 0.6302754766209195 0.9470644902519597 0.8879082223373495
147 1323 0 0 0 2.810796500249725 5.7777395399271745 -4.922295100180891 0.6296500215561558 0.9492987739873745 0.8874598954707513
148 1332 0 0 0 2.810555676674141 5.778476550770762 -4.919317017181494 0.6295908926713789 0.9509665708926694 0.8877197739708298
149 1341 0 0 0 2.808474660873892 5.778472509609747 -4.915088234476369 0.628303548931797 0.9535535474910901 0.8869049534079646
150 1350 0 0 0 2.807636086307266 5.779061766798924 -4.913589321927517 0.6295835183232962 0.9547869802829779 0.8878631389072303
151 1359 0 0 0 2.8076411134034793 5.777968874591401 -4.916056808706319 0.6282793791580739 0.9534517969566718 0.8865845588738461
152 1368 0 0 0 2.8106231112858193 5.778598312282102 -4.919186689624716 0.6295875385138344 0.95125763342331 0.887724983248277
153 1377 0 0 0 2.8083544526795774 5.780176323356327 -4.9132280733912985 0.6302025533672373 0.9553666636103328 0.8885051609121021
154 1386 0 0 0 2.811244960447809 5.78162626011276 -4.915547225317476 0.6319870430576923 0.9539402895766711 0.8900413748395741
155 1395 0 0 0 2.8114014271078918 5.780836397600796 -4.918921610011468 0.6317121441096779 0.9521517482908459 0.8890003749000512
156 1404 0 0 0 2.8104940950886537 5.7815510224704285 -4.915608197196725 0.6315870534789724 0.9540036496056642 0.88887955248692
157 1413 0 0 0 2.8089269128544694 5.78235585444403 -4.911475405311044 0.6319240367985062 0.9568200361070325 0.8892317280272336
158 1422 0 0 0 2.8088266549276906 5.783014385555223 -4.911345315082562 0.632960828408358 0.9573836292031787 0.8903045352405903
159 1431 0 0 0 2.8073921411609275 5.784677859059763 -4.906732064881954 0.6342569107581446 0.9604908577309502 0.8915142858706928
160 1440 0 0 0 2.810035045307444 5.786532226852663 -4.9073329582259255 0.6367283859178757 0.9597739643413347 0.8934795526610952
161 1449 0 0 0 2.8099651849461846 5.78690834627017 -4.905717077848779 0.6373535554435851 0.9604651411365277 0.8943456302629235
162 1458 0 0 0 2.809922121418392 5.7855630372186395 -4.907617109186322 0.6352803490296648 0.9591183282684383 0.8921391965268156
163 1467 0 0 0 2.807764833650447 5.786065569940717 -4.903999903591848 0.6356807105596343 0.9619376800587864 0.892650266354033
164 1476 0 0 0 2.8047915931885288 5.786049091293865 -4.900809333983138 0.6359524253245413 0.96449443069571 0.8928195334938127
165 1485 0 0 0 2.8042613754602423 5.787468721809165 -4.897360924303685 0.6371516314187197 0.9666816522238946 0.8941715119344558
166 1494 0 0 0 2.8049565200233513 5.788227110893936 -4.896182723901201 0.637753519945042 0.9672182833663585 0.8949398662790817
167 1503 0 0 0 2.8038197286973476 5.788743115519647 -4.895107776105821 0.6380994225940024 0.9684579897795095 0.8949407793166956
168 1512 0 0 0 2.8058377737176485 5.790137838192754 -4.896300575164967 0.6396829980709905 0.9678116411237941 0.8964034962122365
169 1521 0 0 0 2.8077982000344446 5.7892682147322185 -4.899759140888223 0.6390233753547628 0.9651414352403047 0.8956405219335511
170 1530 0 0 0 2.8078382106118576 5.789014710462766 -4.900301759326521 0.6389924393258959 0.9648080624213766 0.8957377300591346
171 1539 0 0 0 2.8064806866587437 5.789812329438666 -4.896925393901004 0.6396358226685787 0.9671395545982581 0.8962664267075293
172 1548 0 0 0 2.8069724352181424 5.787780760739591 -4.900604628736265 0.6378254519537344 0.9645840953415724 0.8945336176815897
173 1557 0 0 0 2.8077055355185485 5.788792902432473 -4.900981828221002 0.6391878918478805 0.9646197384263993 0.8957852221922682
174 1566 0 0 0 2.808540427740008 5.787663845698629 -4.903810242932946 0.6378614169313316 0.9626161022288058 0.8946148073432372
175 1575 0 0 0 2.8075373806610444 5.787036858092292 -4.903144646067156 0.6368844084855683 0.9630625279406209 0.8938513290626071
176 1584 0 0 0 2.8071744507116727 5.788244668067153 -4.9008542055094795 0.638039387922124 0.9646856329923668 0.8950359066176711
177 1593 0 0 0 2.807112557124811 5.788451094564608 -4.900333200544686 0.6382447945942941 0.965053395624375 0.8953350988717802
178 1602 0 0 0 2.8047690240783876 5.7879272408576234 -4.897684529933846 0.6372863741995786 0.9669209297797909 0.8945877124690244
179 1611 0 0 0 2.8040438844796034 5.789037430615971 -4.89541908554135 0.6384159751351935 0.9686003816805087 0.8955776922895087
180 1620 0 0 0 2.803350412842314 5.789109788367876 -4.894478130628376 0.6383774979979371 0.9693587931222432 0.8955051567795191
181 1629 0 0 0 2.803441253837972 5.788958909331243 -4.894815132962212 0.6382881282043732 0.9690793255055975 0.8955544530867942
182 1638 0 0 0 2.8037709911968673 5.789302357572549 -4.8951618299523405 0.6387005686994742 0.9689544145596294 0.8959060876108988
183 1647 0 0 0 2.8030584437694737 5.790086804756033 -4.892897791566626 0.6394593215122938 0.9705597170099922 0.8966442404224871
184 1656 0 0 0 2.8027007642879083 5.791099701629129 -4.890694786694931 0.6404203485874068 0.972043296662778 0.8976275164097396
185 1665 0 0 0 2.8045478254446548 5.791234716826805 -4.893364065387551 0.640880351721439 0.9702423200146171 0.8979768386842283
186 1674 0 0 0 2.803153642463868 5.791938400703969 -4.890066926587205 0.6413891772334013 0.9724610246084814 0.8985499594940034
187 1683 0 0 0 2.8026558487455744 5.792343182652735 -4.888752850805403 0.6417142296230103 0.973359717312487 0.8989073514642996
188 1692 0 0 0 2.8011851698021637 5.792814611049309 -4.886101628491639 0.6419979537141977 0.9753099660221423 0.8992174816921884
189 1701 0 0 0 2.7991201243288164 5.792521112966091 -4.8838979189651885 0.6413667718021988 0.9770050383311579 0.8986403017953666
190 1710 0 0 0 2.798472509970022 5.79174256233965 -4.883337645899381 0.6404528984442688 0.9771616476510855 0.8979218664979409
191 1719 0 0 0 2.796810914551065 5.792404591214662 -4.880134121184178 0.6408946927064914 0.9795486543686843 0.898377224641165
192 1728 0 0 0 2.7953890673727857 5.793380937384639 -4.876475658648189 0.6416644560058564 0.9821219780707 0.8992270801216466
193 1737 0 0 0 2.794904084271344 5.791385107596529 -4.87878569660237 0.639514430268318 0.9805063049292397 0.8972422050051535
194 1746 0 0 0 2.7904869107249333 5.790555828319432 -4.872920170575461 0.6379217103283902 0.9844597533848066 0.896007484486817
195 1755 0 0 0 2.787678479910931 5.788776130480176 -4.871504106454847 0.6355744519725901 0.9855107564792828 0.893805591224467
196 1764 0 0 0 2.7856716975049216 5.788481317421316 -4.868329230631472 0.6349431831317871 0.987564215473047 0.8933931147248884
197 1773 0 0 0 2.792323387011367 5.789156416470027 -4.877937060626087 0.6367586626970066 0.9810963611947813 0.8947572898095083
198 1782 0 0 0 2.791669345673899 5.79001127501129 -4.87558802070129 0.637493292579189 0.9827379764955094 0.8954126120054767
199 1791 0 0 0 2.7924108351131465 5.788067372549306 -4.8796318315906655 0.6356094799847342 0.9800312487058095 0.8936823714395057
200 1800 0 0 0 2.7862145036958936 5.7891791331708955 -4.8683530350297906 0.6357416903495988 0.9878539766949582 0.8939855923776117
201 1809 0 0 0 2.7837111717924024 5.788554641064568 -4.865437384710357 0.6346415003649813 0.9898689116359628 0.8930199538809078
202 1818 0 0 0 2.7863010916487725 5.788873614572788 -4.869227700370482 0.6353992702367297 0.9873238596763712 0.8937154673824063
203 1827 0 0 0 2.785771339272229 5.78939425609671 -4.867361000231828 0.635917805614919 0.9886101936748761 0.8941579823521588
204 1836 0 0 0 2.7816988137410523 5.787491028878221 -4.864160333979131 0.6331755325660835 0.990909362315791 0.8915606227788214
205 1845 0 0 0 2.7828958765812777 5.787211206109325 -4.866382113938272 0.6330530768814296 0.9894389287262334 0.8915065428892747
206 1854 0 0 0 2.7799023456229235 5.784783958640129 -4.865259626832117 0.6300572212153375 0.9901274105503409 0.8889296341411692
207 1863 0 0 0 2.778349106635385 5.785924868821874 -4.86216232186853 0.6309596763633685 0.9926791949260073 0.88941890375636
208 1872 0 0 0 2.777508818153484 5.785858851736762 -4.8619947964717225 0.6306894564614846 0.9931628849998286 0.8891236454307145
209 1881 0 0 0 2.775189393985626 5.783452135601559 -4.862505445974261 0.6277806606768684 0.9929212089382489 0.8864021254255705
210 1890 0 0 0 2.772491250250844 5.781612693942976 -4.8610291240057295 0.6254471465558158 0.9938532301294529 0.8842771100733287
211 1899 0 0 0 2.7726194055003375 5.779864518047744 -4.863607175344637 0.6236615242781731 0.992040004808656 0.8825883565903407
212 1908 0 0 0 2.7675914226851823 5.777552186629603 -4.859459952164714 0.620311643845089 0.9949670469297489 0.8796450713227845
213 1917 0 0 0 2.7694258952897917 5.778933217837609 -4.859585400297551 0.6220997242238641 0.9948015415793326 0.8811502193608124
214 1926 0 0 0 2.7671972412536143 5.778884321260883 -4.856480921420483 0.621712947882562 0.9971181763349967 0.8808056259047112
215 1935 0 0 0 2.764507280122848 5.7771325034878265 -4.85611935378872 0.6193473762243248 0.9978653471926584 0.8784511525209436
216 1944 0 0 0 2.7589216828927636 5.77516478117508 -4.8514434458702995 0.6163011441752633 1.0014883968290738 0.8755607322845659
217 1953 0 0 0 2.7575175005120975 5.775463722375887 -4.848258970842275 0.6163321289465831 1.0035828894006775 0.8756987371278405
218 1962 0 0 0 2.7612703251960387 5.778889745980679 -4.849845212285869 0.6205058503982326 1.0028102222589423 0.8794024631107792
219 1971 0 0 0 2.7526845102629687 5.77431762955299 -4.843200176723156 0.614202870887728 1.00744670246531 0.8733245850231449
220 1980 0 0 0 2.7535768398019838 5.774206658109643 -4.844812400708759 0.6142203331134872 1.0062919672748183 0.8732088930403251
221 1989 0 0 0 2.7500899475105776 5.771255361130389 -4.843910354789941 0.6105385309177955 1.0071013027127753 0.8696628369728826
222 1998 0 0 0 2.7533713121634116 5.77440907575586 -4.843657859234644 0.6144202737250354 1.0070181105018765 0.8734936863556846
223 2007 0 0 0 2.750040447779428 5.770883860113375 -4.844317267778477 0.6101249821780462 1.0067353122947151 0.869367163041645
224 2016 0 0 0 2.7485834687772908 5.7708891402576 -4.843413539524781 0.6098262268741671 1.0078262298663332 0.8689167567889382
225 2025 0 0 0 2.743199248987344 5.768306002333629 -4.839384202374738 0.6060830971042086 1.0109171059265651 0.8652697632643955
226 2034 0 0 0 2.7407290108219464 5.768294436972631 -4.836003028281559 0.6055696403707111 1.0135675730917142 0.8645237278790853
227 2043 0 0 0 2.737619519479666 5.767629797689589 -4.833364373088633 0.6043194272376267 1.0159042728864753 0.8631240338140469
228 2052 0 0 0 2.7349359573412 5.765359863453888 -4.833346450950062 0.6013778336991298 1.0163496200797806 0.8598740043509845
229 2061 0 0 0 2.732797601025267 5.763233220032811 -4.832312269271585 0.5987205456363783 1.016887842088927 0.857422150518715
230 2070 0 0 0 2.7265160147004837 5.760758151752342 -4.826664871323933 0.5948683545122315 1.0211849376920383 0.8532656157785539
231 2079 0 0 0 2.731215374922997 5.764323214680697 -4.828570287316635 0.5994327170314893 1.019530944713848 0.8579853221080086
232 2088 0 0 0 2.720445767443382 5.760308254774401 -4.819193321425442 0.5930209248889656 1.0267518380592813 0.8517539727668514
233 2097 0 0 0 2.7199709483735157 5.757911021692684 -4.822154656168562 0.5904173080174493 1.0248053970432487 0.8494634013419162
234 2106 0 0 0 2.7110802075547227 5.7544987223141915 -4.817402379814877 0.585003139606668 1.0299595830544745 0.8437476403710031
235 2115 0 0 0 2.7070218947487943 5.751054659906037 -4.817112964636093 0.5806325942738542 1.0307071046900682 0.8393155103040053
236 2124 0 0 0 2.7108468302720503 5.755345185764722 -4.814289140187053 0.5856930208326441 1.0318399368284616 0.8436893864268084
237 2133 0 0 0 2.711903033672386 5.7579068050901165 -4.813147357753671 0.5884973626295538 1.0329214804147382 0.8462544579192263
238 2142 0 0 0 2.711693288584368 5.758375771498034 -4.813383098969867 0.5890904831033682 1.033186334098872 0.8466979521166083
239 2151 0 0 0 2.7116946843390046 5.757083175205382 -4.815342863126776 0.587824998179718 1.0316421881941449 0.8455903048289076
240 2160 0 0 0 2.712321311285556 5.758851431990265 -4.81513877037871 0.5896185622753113 1.0323556323009995 0.8473113768827292
241 2169 0 0 0 2.7241894385153067 5.765688894876041 -4.821869989027656 0.5990360201426911 1.026727249214649 0.8566919122225714
242 2178 0 0 0 2.724610836259015 5.764173481096319 -4.824380022273679 0.5976729845606397 1.024873106927198 0.8558393041194564
243 2187 0 0 0 2.7182437313971324 5.759611746462232 -4.821994587934737 0.591825600905642 1.0269254807872576 0.8502560466758925
244 2196 0 0 0 2.7119814614501108 5.757442620839829 -4.814850115173569 0.5882178298662424 1.0318723655585513 0.8464351455313321
245 2205 0 0 0 2.7061678936945928 5.75450208213523 -4.81035168931261 0.5839386933929429 1.0352448277528004 0.8423249572989749
246 2214 0 0 0 2.7050303468265 5.753438454122458 -4.8099129324942504 0.5826835749857487 1.0352002681480064 0.8415429921592649
247 2223 0 0 0 2.706827922445101 5.755277423407025 -4.809311061667045 0.5847924360022889 1.0353243558847054 0.8436770282043589
248 2232 0 0 0 2.7095056105921804 5.757105352809542 -4.8114063359281065 0.5872398412311794 1.0341863063322925 0.8452609299344425
249 2241 0 0 0 2.709222426272041 5.756542115349592 -4.812519525267429 0.5865574324785491 1.0336193138955385 0.8446016141325302
250 2250 0 0 0 2.7051737035538808 5.753041115454633 -4.8115331882417935 0.5821818475090839 1.0343609308729353 0.8405255239053102
251 2259 0 0 0 2.707106169558996 5.754831804489511 -4.812108705312916 0.5844030184394715 1.0340825027428633 0.8423542824849561
252 2268 0 0 0 2.706646409770735 5.7541648426067455 -4.811898939363384 0.5835962769565801 1.034013803102639 0.8417059396207769
253 2277 0 0 0 2.7043306471819073 5.75396867631466 -4.809248127300623 0.5829086927632882 1.0362379715083139 0.8409148661773133
254 2286 0 0 0 2.702738244907162 5.75245049264698 -4.809038662204619 0.5810386838754649 1.0362607499415624 0.8391923456809801
255 2295 0 0 0 2.705420797758892 5.75371502495577 -4.811619818998852 0.5828720434443019 1.0344990370660179 0.8408434582107438
256 2304 0 0 0 2.7047598349869797 5.753236498946295 -4.811331203554367 0.5822321689686594 1.0347376597515427 0.8402314416888979
257 2313 0 0 0 2.703861725769731 5.75208858658549 -4.811150684786892 0.5808429569026028 1.0347071076340448 0.8391313692947548
258 2322 0 0 0 2.7038833234275854 5.751368682673284 -4.8122344110970605 0.5800814053529221 1.0339094975903733 0.8384634787439446
259 2331 0 0 0 2.7023600035948494 5.750242658119955 -4.811285865466802 0.5785528742505234 1.03443277391707 0.8368969113705851
260 2340 0 0 0 2.702006905627398 5.750269024708006 -4.811195563319233 0.5785211613297778 1.0347652512373477 0.8367900122469539
261 2349 0 0 0 2.7007247016112044 5.7491160054131845 -4.81061359433986 0.5770338610148426 1.0350829132725339 0.8353144063232921
262 2358 0 0 0 2.6993632410029957 5.748866398430558 -4.808903711839033 0.5764611922843944 1.0362418294376314 0.8346483779892907
263 2367 0 0 0 2.699918776968036 5.748511834171448 -4.809583113683482 0.5761887254616676 1.03541162671237 0.8346197256909962
264 2376 0 0 0 2.698234618166782 5.746834576212853 -4.80953962351817 0.5740720887623906 1.0355330587209772 0.8326222028871825
265 2385 0 0 0 2.697434166957765 5.746588847663948 -4.808374218661748 0.5736055117446395 1.036202064555578 0.8319684848395178
266 2394 0 0 0 2.6972442847698 5.746126456211982 -4.809039934188082 0.5730702901811869 1.0358894046182328 0.8314060447042838
267 2403 0 0 0 2.6975001214646483 5.745796884048014 -4.8094777701636255 0.5727916432384628 1.035439938415077 0.8310315022353261
268 2412 0 0 0 2.6963596531797127 5.745553710133172 -4.808573471582246 0.5722962450271214 1.0362622501095047 0.8307949898139922
269 2421 0 0 0 2.6955532924438907 5.744128329572207 -4.809649475272984 0.5706142664128466 1.035609593087131 0.8292346744666089
270 2430 0 0 0 2.6947344072310124 5.74335880739705 -4.809733949979669 0.5696082136760532 1.0355853119356186 0.8282746904066316
271 2439 0 0 0 2.6943488999315734 5.743644034993419 -4.808268026457308 0.5698004020607791 1.0364549874472695 0.8283408888080083
272 2448 0 0 0 2.6952941880385834 5.744483717837904 -4.808620730199403 0.5708998908639973 1.036269206572272 0.8295940347259967
273 2457 0 0 0 2.6948027304278077 5.743752847102496 -4.809342623435061 0.5699878208691285 1.0359499042157252 0.828644398942346
274 2466 0 0 0 2.694295952642108 5.74324620213388 -4.809226571045091 0.569301148692908 1.0359795040969428 0.8279954756150107
275 2475 0 0 0 2.693922402243091 5.743564262794455 -4.808386508583627 0.5695742854699838 1.0367380793638719 0.8282427502847781
276 2484 0 0 0 2.693393140046017 5.742857725988311 -4.808887758840747 0.5686927616285015 1.0364639059080545 0.8273093413027647
277 2493 0 0 0 2.6919707738575136 5.741689287709864 -4.808521889277622 0.5671508682270171 1.036811836670464 0.8257367292821013
278 2502 0 0 0 2.6921672583081406 5.741889302559857 -4.808264375780507 0.5674000226029962 1.0368413646833896 0.8261714545526242
279 2511 0 0 0 2.690997966189882 5.7408288974254535 -4.807560301739553 0.5660000062518975 1.037125105479976 0.8248080583781604
280 2520 0 0 0 2.6906875705461295 5.7400215762179565 -4.808650686227817 0.5650640265606055 1.036538764121039 0.8236937442757346
281 2529 0 0 0 2.690862109657674 5.739924486530635 -4.809223376448542 0.5650028721665865 1.0362675873914684 0.8235892353937928
282 2538 0 0 0 2.690958368979228 5.740365485594844 -4.807922931455164 0.5655049842422859 1.0367738070639188 0.8242074752909059
283 2547 0 0 0 2.6909901120491435 5.74073286334132 -4.807568206485968 0.5659190135892357 1.0370793632249258 0.8245847530208166
284 2556 0 0 0 2.691117992784619 5.740605173924582 -4.807980895428616 0.5657871108411758 1.0367872995899583 0.824303275447768
285 2565 0 0 0 2.6910393585705386 5.7404957806099945 -4.808194235417047 0.565666546471658 1.036670960134183 0.8241958989954408
286 2574 0 0 0 2.6903697502450115 5.73976914493447 -4.808424684238512 0.5647365921654447 1.0366036447294786 0.8233288474021966
287 2583 0 0 0 2.6904330628963495 5.739821901442806 -4.80853388230417 0.5647897576260733 1.0365689107979237 0.8234739576708168
288 2592 0 0 0 2.690802713384967 5.739872343012547 -4.808828291443318 0.5649326934477645 1.0362352831087496 0.8235726104238359
289 2601 0 0 0 2.690989204522922 5.740470931442667 -4.808000280818878 0.5656169462420821 1.036746305889181 0.8243107668225605
290 2610 0 0 0 2.6905099736213693 5.73995723682384 -4.808300682280326 0.564958953823633 1.0366439667872598 0.8236267417273533
291 2619 0 0 0 2.6908569968791 5.740224682562801 -4.808174463569118 0.5653205325446153 1.036637376285476 0.8240561985542506
292 2628 0 0 0 2.6906433780127657 5.739986039389794 -4.808405387040002 0.565015146367973 1.0365670304611176 0.8237128619046409
293 2637 0 0 0 2.6906824855663216 5.740067750155442 -4.8082351208100444 0.5651099883777869 1.0366293605895158 0.8238481047694429
294 2646 0 0 0 2.69016090860577 5.7396910939650905 -4.807937052217881 0.564589751819228 1.0368198246670872 0.8232965122667734
295 2655 0 0 0 2.689802665842948 5.739578068648924 -4.807453789229594 0.5643892901810723 1.0371334035358215 0.8230593174546859
296 2664 0 0 0 2.6898852970673257 5.739672120351255 -4.807584750689531 0.5644999791649217 1.0370739704894747 0.8231867567113479
297 2673 0 0 0 2.6896831836552786 5.739460417726789 -4.807905757640084 0.5642336203191629 1.0369717822479139 0.8228533147563745
298 2682 0 0 0 2.6896134274648706 5.739428355685862 -4.80785857728271 0.5641957721287866 1.036996888501696 0.8228875962506923
299 2691 0 0 0 2.6899726845211003 5.7397116185187915 -4.808125748147986 0.5645709777340966 1.0368424426673892 0.823218150373292
300 2700 0 0 0 2.6898986055189793 5.739797545987988 -4.807742390772683 0.5646374675019394 1.0370357338375222 0.8233446988472124
301 2709 0 0 0 2.689912711029195 5.73978552929851 -4.807760531184705 0.5646236349511611 1.0370368199174318 0.8233057580047257
302 2718 0 0 0 2.6901060380187327 5.739806283785558 -4.807931641998105 0.564694817804847 1.0368641434431907 0.823475406058778
303 2727 0 0 0 2.690149270059502 5.739860472274128 -4.80821667379525 0.5647710363692567 1.0367531447226914 0.8235457227842714
304 2736 0 0 0 2.689816583764204 5.739695220400831 -4.80822651199518 0.5645161829807898 1.0368488254025978 0.8231791600196137
305 2745 0 0 0 2.6897238027146644 5.739611324414483 -4.808321728762338 0.5644077218422127 1.0368037980398206 0.8230362570975973
306 2754 0 0 0 2.6898997446491553 5.739731471277804 -4.8084555739464925 0.5645772138593514 1.0366941960463432 0.8231755554951519
307 2763 0 0 0 2.690109835303918 5.7398391548077194 -4.808485128468627 0.5647439171857594 1.0366173636403402 0.8233793360047547
308 2772 0 0 0 2.690152770250276 5.739745042563779 -4.808652010501742 0.5646521066804693 1.0364623308090872 0.8233623078835443
309 2781 0 0 0 2.690132034342669 5.7398762842060105 -4.808781914803402 0.5647734191426088 1.0365126439580037 0.8234522160521258
310 2790 0 0 0 2.690214510816149 5.73986811016183 -4.808918982237507 0.5647907341104403 1.0364200951987252 0.8234952454271193
311 2799 0 0 0 2.6900145226211927 5.7397630529660075 -4.808963433525077 0.5646274739651895 1.0364735422161042 0.8232598098403615
312 2808 0 0 0 2.689783457638028 5.7396404994904575 -4.808550838450461 0.5644482537602198 1.0366731572549575 0.8231067705058764
313 2817 0 0 0 2.6898001810755665 5.739717730391704 -4.808532969889907 0.5645341898408277 1.0367216057184483 0.8232025290740206
314 2826 0 0 0 2.689964141173198 5.739754313585518 -4.808467682256456 0.564618409124663 1.0366589344914414 0.8232783386729476
315 2835 0 0 0 2.6898531519966613 5.739661193133427 -4.808557504175292 0.5644829185072578 1.036650171457262 0.8231018630900047
316 2844 0 0 0 2.6897694621449992 5.739626453186514 -4.808535970315604 0.5644236592445488 1.0366847161403026 0.8230817905203454
317 2853 0 0 0 2.689795883828471 5.73966006694595 -4.80856647034274 0.5644651515963702 1.0366691628712166 0.8231232911061502
318 2862 0 0 0 2.689757148827324 5.7396759422417665 -4.808550335494232 0.5644772287494676 1.036703224409088 0.8231469529504649
319 2871 0 0 0 2.6896595488243493 5.73959673156076 -4.808504746647706 0.5643723278897395 1.0367360647586459 0.8230225606926816
320 2880 0 0 0 2.689625479151463 5.739597175571182 -4.808502309902879 0.5643643476270046 1.0367600149641336 0.8229917130630958
321 2889 0 0 0 2.6895820204436167 5.739550263544299 -4.808586667003406 0.5643020245985613 1.0367324305527212 0.8229420432886833
322 2898 0 0 0 2.6894892903273067 5.739507212447069 -4.80854041847859 0.5642351308080436 1.036779870231532 0.8229031647379947
323 2907 0 0 0 2.6895128147632867 5.739488670691639 -4.808525964177721 0.5642229528712593 1.036755349240404 0.8229104215238567
324 2916 0 0 0 2.6894579094807503 5.7394433118062675 -4.8085737058403275 0.5641629869048113 1.0367469326371883 0.8228291733828849
325 2925 0 0 0 2.689430773407874 5.739416437470106 -4.808619527918616 0.5641285753106292 1.036732815917176 0.8227396485010153
326 2934 0 0 0 2.6894684016473964 5.739442414464005 -4.808696706768528 0.5641642846152101 1.0367072653303988 0.8227907657811067
327 2943 0 0 0 2.6895102697538054 5.739483979461488 -4.808677184156967 0.5642168739580146 1.0367086384372572 0.822867227559246
328 2952 0 0 0 2.6895504553157967 5.7395141645678 -4.808564934439303 0.5642569080224173 1.0367328733773156 0.8229210401593241
329 2961 0 0 0 2.689541691335628 5.739486525698576 -4.808651805953158 0.564224832831085 1.0366890816576313 0.8228882111461857
330 2970 0 0 0 2.6894997720624003 5.739490740881834 -4.808602775441869 0.5642179863411652 1.0367343316958588 0.8228625560649899
331 2979 0 0 0 2.689468778882158 5.73945476417975 -4.808677427692047 0.5641740671077132 1.0367054222653302 0.822825904754698
332 2988 0 0 0 2.689423670091504 5.739406204413443 -4.8087002480897 0.5641123624041243 1.0366970969977882 0.8227709009741089
333 2997 0 0 0 2.689455386155846 5.739421745723623 -4.808757726727039 0.5641381604642278 1.0366658480880346 0.8228008562204471
334 3006 0 0 0 2.6894747688680476 5.739424996351764 -4.808888444534107 0.5641444678843787 1.036616989810963 0.8227864767670205
335 3015 0 0 0 2.6894619913566284 5.739416556688792 -4.8088389117737655 0.5641347921635813 1.0366466564422847 0.8227717488230984
336 3024 0 0 0 2.6894785705126854 5.739445530686717 -4.8087653506453805 0.5641691506409025 1.036674227936993 0.822827956989366
337 3033 0 0 0 2.689474450052357 5.73944076984084 -4.808819950463285 0.5641625824691903 1.0366592817183828 0.8228310480152798
338 3042 0 0 0 2.6894814399797045 5.739453048490683 -4.808786466056199 0.5641758108144952 1.036669320666471 0.8228634544559886
339 3051 0 0 0 2.689452923842307 5.739420143832529 -4.808846644171451 0.5641345113107823 1.0366560525895538 0.8228168059936626
340 3060 0 0 0 2.6894685635356708 5.739431475813999 -4.808879441947968 0.5641499503286741 1.0366388607750696 0.8228234594561273
341 3069 0 0 0 2.6894892822811136 5.739457493719217 -4.808874711162564 0.5641797523229638 1.036638144545409 0.8228641806093693
342 3078 0 0 0 2.6894923702045275 5.739458633126423 -4.808901578748182 0.5641806667785199 1.0366315360848113 0.8228530239597379
343 3087 0 0 0 2.6894700330348678 5.7394509817108705 -4.80891872478489 0.5641672631500936 1.0366359845692208 0.8228221016060233
344 3096 0 0 0 2.689459008092947 5.739477705553293 -4.808892077066548 0.5641920491782233 1.0366692470236307 0.8228595433267326
345 3105 0 0 0 2.6894618258713097 5.739474915103424 -4.808935093598584 0.5641904394648035 1.03664955099753 0.8228387166771451
346 3114 0 0 0 2.6894892359022076 5.739502733381649 -4.808942695425203 0.5642258731192066 1.0366395064819962 0.8228839417181032
347 3123 0 0 0 2.689499860002014 5.739520295420225 -4.808940596882783 0.5642468595046162 1.036642420850116 0.8228803412454013
348 3132 0 0 0 2.689517046379386 5.739548384792418 -4.80886473648551 0.5642816671753834 1.0366739642829483 0.822889557674132
349 3141 0 0 0 2.689488570511344 5.739517851928012 -4.808866966899036 0.5642431201867492 1.0366690636958575 0.8228647490046871
350 3150 0 0 0 2.6895315347894875 5.739526310238501 -4.808884611151804 0.5642581130470492 1.036644222795215 0.8229117580527984
351 3159 0 0 0 2.68946964288174 5.739486399350283 -4.808909412408207 0.5642005169374561 1.0366577941458333 0.8228476098383595
352 3168 0 0 0 2.689445858853418 5.739471536949153 -4.808968751123417 0.5641785695807104 1.0366433676081093 0.8228234360137922
353 3177 0 0 0 2.6894452339245594 5.739455655469166 -4.80902224261225 0.5641598251561379 1.0366220538884168 0.8228291148304535
354 3186 0 0 0 2.6894489068230714 5.739466025682074 -4.8089448115338564 0.5641732285223909 1.0366535792407312 0.8228015877689902
355 3195 0 0 0 2.689466131499518 5.739473659828698 -4.808910267103142 0.5641854190185457 1.0366655917793204 0.8228156479223472
356 3204 0 0 0 2.689457180423079 5.7394802047307865 -4.808891024739916 0.5641884461335969 1.0366811645708052 0.8228123191045236
357 3213 0 0 0 2.689470118886891 5.739481106352119 -4.808939616411682 0.5641919917586063 1.0366656027707677 0.8228268403200665
358 3222 0 0 0 2.6894692807676446 5.739486777517813 -4.808969575029075 0.5641982537749939 1.036659279184987 0.8228200664048841
359 3231 0 0 0 2.6894530797741165 5.739476362291318 -4.80895834078376 0.5641836271975527 1.036667387334366 0.8228082681419265
360 3240 0 0 0 2.6894472143482697 5.7394701654050015 -4.808944366961842 0.5641762457218497 1.0366653610670709 0.8228088357651243
361 3249 0 0 0 2.6894453075114133 5.739464630728555 -4.808981701602605 0.5641695013206742 1.0366566613626957 0.8228024065323983
362 3258 0 0 0 2.689458558781695 5.739471885415771 -4.809001986744997 0.5641795468611178 1.0366440710044438 0.8228189866451834
363 3267 0 0 0 2.6894620034902443 5.739467442986168 -4.808998526226084 0.5641769446993686 1.03663423225707 0.8228263615844333
364 3276 0 0 0 2.6894561646325776 5.739466809517694 -4.808983881897749 0.5641756310273099 1.0366416628465236 0.8228176339705787
365 3285 0 0 0 2.689459070118728 5.739465907084589 -4.809039585249211 0.5641753709813498 1.0366201143904314 0.8228357068781363
366 3294 0 0 0 2.6894637568886224 5.739471080339061 -4.809054735218416 0.5641815333963478 1.0366133360337155 0.8228606111046453
367 3303 0 0 0 2.6894327217498737 5.739440019926552 -4.809096631571469 0.5641415798562199 1.0366066144276243 0.8228150373526653
368 3312 0 0 0 2.689458074445774 5.73947075756031 -4.809103663357287 0.5641784134549673 1.036610546961348 0.8228696228389045
369 3321 0 0 0 2.689469769805606 5.739480026324432 -4.809085528687999 0.5641911433986937 1.0366047311440398 0.8228709486184548
370 3330 0 0 0 2.6894882288818973 5.739494946723418 -4.809052205070548 0.5642119935301005 1.0366087741531271 0.8228836245484223
371 3339 0 0 0 2.6895030312393002 5.73949902719106 -4.809036189447931 0.5642203496994259 1.0366039515710908 0.8228988737492583
372 3348 0 0 0 2.689492242664635 5.739486266961528 -4.809057144284821 0.5642036809398984 1.0366004636361987 0.822869834503305
373 3357 0 0 0 2.68949311557304 5.7394848764716695 -4.809066808116449 0.5642015130576845 1.0365972543467499 0.8228948847827136
374 3366 0 0 0 2.6894954418599273 5.739487332495936 -4.809007267869207 0.5642049702434415 1.0366136218943172 0.8228807521032178
375 3375 0 0 0 2.689492446191809 5.7394867713001 -4.808938006824814 0.5642038128558289 1.0366355820752995 0.8228663351534857
376 3384 0 0 0 2.689463469624112 5.73946348239193 -4.808901749919017 0.5641729577897765 1.036654366466511 0.8228181042185111
377 3393 0 0 0 2.689467177612988 5.73946604247985 -4.808980860572634 0.5641782363778567 1.0366254142958462 0.822841762654332
378 3402 0 0 0 2.6894650387314405 5.739467753300809 -4.808999206513811 0.5641786326253083 1.0366211220259651 0.8228518492299155
379 3411 0 0 0 2.689467096756774 5.739469634867943 -4.808949258638834 0.5641809847222049 1.0366399251460638 0.8228441210327404
380 3420 0 0 0 2.6894806059927543 5.739477829116325 -4.808907934162356 0.5641923413964394 1.03665046926193 0.8228505632236395
381 3429 0 0 0 2.689472989068301 5.739477552841694 -4.808888920623892 0.5641912945104604 1.0366605457035198 0.8228403938658453
382 3438 0 0 0 2.6894581684124526 5.73946358743155 -4.808929485737176 0.5641739815135385 1.03664978514989 0.8228285463370116
383 3447 0 0 0 2.6894567994757117 5.739457835270138 -4.808929155305094 0.5641675710670636 1.036646095392957 0.8228208458968083
384 3456 0 0 0 2.6894618131242622 5.739463681887601 -4.80896989204552 0.5641748590605957 1.0366312981970762 0.8228374220934777
385 3465 0 0 0 2.6894431490637287 5.739451432458492 -4.80897743398389 0.5641571483093935 1.0366345145792621 0.822815903366521
386 3474 0 0 0 2.6894328079876284 5.739447951141177 -4.8089616015142 0.5641516389303363 1.0366442256382369 0.8227964991572616
387 3483 0 0 0 2.689433311676207 5.739447139468123 -4.808933056499255 0.5641507601024621 1.0366551383631877 0.8227850827719826
388 3492 0 0 0 2.6894348481040695 5.739452600516814 -4.808921388634816 0.5641559904733766 1.0366615841822626 0.8227923030084363
389 3501 0 0 0 2.689438125568063 5.739452344336233 -4.808915172539409 0.5641564816856378 1.0366611179398542 0.8227970870219424
390 3510 0 0 0 2.6894372564661104 5.739449289674114 -4.808940979923275 0.5641529736279841 1.0366526499783815 0.8227969927589633
391 3519 0 0 0 2.689438408389915 5.739448585929377 -4.808936299090948 0.5641526244670536 1.0366529728635174 0.8228005351847485
392 3528 0 0 0 2.689442928996247 5.739450885395551 -4.8089525829325055 0.5641559076091809 1.03664709852398 0.8228060855983499
393 3537 0 0 0 2.6894431150459637 5.739453424193043 -4.808949070881057 0.5641586558372127 1.0366492317500589 0.822806962868009
394 3546 0 0 0 2.689435511671097 5.739444720646735 -4.8089496430740555 0.5641479474862869 1.0366492750479854 0.822794095709756
395 3555 0 0 0 2.6894397346130607 5.73944763062517 -4.80895844318389 0.5641512719832354 1.0366461446569133 0.8227987317418151
396 3564 0 0 0 2.6894370715159557 5.739443088965711 -4.8089672418184835 0.5641461895396322 1.0366423260913307 0.8227952106978809
397 3573 0 0 0 2.6894384765686006 5.739442051615623 -4.808974577259694 0.5641452226676478 1.0366385236931768 0.8227978821013394
398 3582 0 0 0 2.6894403086936642 5.739445306217602 -4.808977270711044 0.5641490232623091 1.0366387921298053 0.8227990765345579
399 3591 0 0 0 2.689439201086908 5.739446430311747 -4.808970967168987 0.5641494810131932 1.0366421540526016 0.822798826763961
400 3600 0 0 0 2.689436774469638 5.739443909765677 -4.808974512072002 0.5641464834564238 1.0366402185542531 0.8227943864355924
401 3609 0 0 0 2.689437690235801 5.739445239924372 -4.8089827219002315 0.5641478972506748 1.0366377250120205 0.8227953214279085
402 3618 0 0 0 2.6894369838370915 5.73944677857341 -4.80898531185447 0.5641492234684288 1.0366373142363516 0.8227972958053912
403 3627 0 0 0 2.6894338698501365 5.739441444597178 -4.808994612502394 0.5641430617388068 1.0366317753489482 0.8227936230280286
404 3636 0 0 0 2.6894411779110494 5.739446373287066 -4.808990843217968 0.5641495247972315 1.036630476424667 0.8228073577858799
405 3645 0 0 0 2.689439475591656 5.739442662550737 -4.808999868861545 0.564145496269557 1.036626713002259 0.8228028041024794
406 3654 0 0 0 2.6894405854449395 5.739444583289057 -4.809004902920538 0.5641481147480273 1.0366259366234458 0.8228068878321171
407 3663 0 0 0 2.6894414542975293 5.739446184000528 -4.809007416997785 0.5641499145977726 1.0366270443981576 0.8228071015290752
408 3672 0 0 0 2.6894430670383405 5.739448775263069 -4.809006430397552 0.5641529415500353 1.0366270195499303 0.8228095114312654
409 3681 0 0 0 2.6894520155883925 5.73945643117376 -4.809019097514142 0.5641623465524386 1.0366217701230933 0.8228252787978654
410 3690 0 0 0 2.6894569385861358 5.739463951496778 -4.809034953258099 0.5641709583800255 1.0366175017241999 0.822833535925638
411 3699 0 0 0 2.6894593276215053 5.739469317994305 -4.809036085139359 0.564177031432585 1.0366176237823874 0.8228388588786104
412 3708 0 0 0 2.6894709194273174 5.739476089854987 -4.809072243011576 0.5641866039131631 1.0366000905182862 0.8228647151578785
413 3717 0 0 0 2.689451022024438 5.739461415924596 -4.8090341297377135 0.5641678803292879 1.0366195327620003 0.8228245382996898
414 3726 0 0 0 2.6894551526393737 5.739468357292643 -4.80904579166193 0.5641759233593578 1.036618571675401 0.8228302835327627
415 3735 0 0 0 2.689451508432056 5.7394609922001685 -4.809048762588862 0.5641672831620139 1.0366176813854384 0.8228194083485504
416 3744 0 0 0 2.689452106522107 5.739464845734897 -4.809035867429166 0.5641708645483677 1.0366239555626562 0.8228191905861103
417 3753 0 0 0 2.689447434637298 5.739455949231504 -4.809047124491315 0.5641602866655159 1.0366177307576177 0.8228137319784207
418 3762 0 0 0 2.6894453947675956 5.739459364045573 -4.809031639067024 0.5641634903457087 1.0366273264168833 0.822811867873228
419 3771 0 0 0 2.6894454904793017 5.739459656832755 -4.809041581130846 0.564164472621809 1.036623411304896 0.8228108463690119
420 3780 0 0 0 2.689441245622435 5.739457289365674 -4.809041709380516 0.5641616483103039 1.0366250691870338 0.8228011918445919
421 3789 0 0 0 2.689437794464125 5.73945523011444 -4.809042127836545 0.5641586584100514 1.0366229733519354 0.8227987964550791
422 3798 0 0 0 2.689448357267004 5.739462661182234 -4.809038506022654 0.5641685631655282 1.0366223071261902 0.8228125195915788
423 3807 0 0 0 2.689450138071274 5.739465513874787 -4.809045435396975 0.5641717666821172 1.036622015671224 0.8228150254995812
424 3816 0 0 0 2.6894584395940995 5.739470677247715 -4.80905494966693 0.5641784588338321 1.036617101685527 0.8228285590470417
425 3825 0 0 0 2.6894593340590305 5.739470033128649 -4.809056848966013 0.5641779545680969 1.0366134307650432 0.8228299681808424
426 3834 0 0 0 2.689450175560349 5.739458681114069 -4.809066949221607 0.5641637034886519 1.0366080958774135 0.8228163965696257
427 3843 0 0 0 2.6894578750560973 5.739465302204308 -4.809081197148666 0.5641712877927331 1.0366031320781945 0.8228320118922537
428 3852 0 0 0 2.6894544244295036 5.739465978463011 -4.809055497797303 0.5641721009351907 1.0366171030905968 0.8228205126562913
429 3861 0 0 0 2.689458124335316 5.739465594647036 -4.809068696293752 0.5641722928482993 1.0366080677508702 0.8228310934843133
430 3870 0 0 0 2.689461299208203 5.739466172224665 -4.809073745210199 0.5641740855817541 1.0366069059876037 0.8228340772257616
431 3879 0 0 0 2.689452479548053 5.739460024282655 -4.809057425428163 0.5641662886937475 1.0366166286653915 0.8228129310517011
432 3888 0 0 0 2.6894529701129795 5.739463077192413 -4.809058199961949 0.5641688472421564 1.036618704792591 0.8228158886807844
433 3897 0 0 0 2.6894554751175765 5.739466188788799 -4.809057790535825 0.5641732864264919 1.036618421441815 0.8228211031602267
434 3906 0 0 0 2.6894535657744294 5.739465240745898 -4.809046141450386 0.5641718829119875 1.0366228339463994 0.8228160433395579
435 3915 0 0 0 2.689452321764787 5.739466945342961 -4.809042701993013 0.5641732210177492 1.0366251480419935 0.822815961168267
436 3924 0 0 0 2.689453535226458 5.739467171142556 -4.80904111848179 0.5641739889663994 1.0366264542849708 0.8228151210800396
437 3933 0 0 0 2.689457028930959 5.739471212834659 -4.809041689519005 0.5641789378013079 1.036627101341902 0.8228218235732081
438 3942 0 0 0 2.6894542337267446 5.739470276608435 -4.809030198914299 0.5641774533527716 1.0366322424567518 0.8228148850691744
439 3951 0 0 0 2.6894533301971912 5.739469952733037 -4.809027769863686 0.5641772357021871 1.0366349479132946 0.8228101605790845
440 3960 0 0 0 2.689453327332769 5.739469930475764 -4.809031332344185 0.5641774139932668 1.036633431589619 0.822810918320176
441 3969 0 0 0 2.689451608051689 5.739469007783863 -4.809028882384019 0.5641761452970357 1.0366338555211065 0.8228096563386901
442 3978 0 0 0 2.6894503396594427 5.739469917048495 -4.8090159706775 0.5641774342748735 1.0366396102475075 0.8228065540476088
443 3987 0 0 0 2.6894478537685584 5.739468406553701 -4.809007253757865 0.5641752169380985 1.0366435433109995 0.8228008844207448
444 3996 0 0 0 2.6894483642183182 5.739470880730249 -4.809000305387693 0.5641784323069906 1.0366468840379606 0.8228016848506519
445 4005 0 0 0 2.6894462476808685 5.739470165518221 -4.80899895616893 0.5641772389641126 1.036646897690191 0.8227991293073488
446 4014 0 0 0 2.689445305432107 5.7394689185684795 -4.808995988717935 0.5641757160371914 1.036647693597864 0.8227955165799602
447 4023 0 0 0 2.689448103509961 5.739472387072742 -4.808993067100216 0.5641803024415672 1.0366476728263612 0.8228012091572617
448 4032 0 0 0 2.6894463814729854 5.739468661360063 -4.808993177043801 0.5641756740504571 1.036646383193126 0.8227952448233082
449 4041 0 0 0 2.6894457336708717 5.739471056027026 -4.808986573109778 0.5641778838497625 1.0366506233204542 0.8227947305498537
450 4050 0 0 0 2.689444909926378 5.7394699076676865 -4.809001435812095 0.564176127215396 1.036645576089725 0.8227971354704751
451 4059 0 0 0 2.6894479037519923 5.739471916604242 -4.809009144650711 0.5641784366313158 1.036641394464251 0.8228051705745073
452 4068 0 0 0 2.689450257529603 5.739472995443865 -4.809019489451978 0.5641802131576971 1.0366380436722717 0.8228094783909282
453 4077 0 0 0 2.689451335435612 5.739472738425321 -4.809017469118519 0.5641795865838327 1.0366381298112826 0.8228111185601944
454 4086 0 0 0 2.6894540139308343 5.73947535852596 -4.809017018448711 0.56418258559468 1.036639832673407 0.8228148061906738
455 4095 0 0 0 2.6894594728808006 5.739477608843671 -4.809035638163869 0.5641854156696416 1.0366315417814902 0.8228268637576589
456 4104 0 0 0 2.6894576473142844 5.739477156045034 -4.809025034875669 0.5641846096353543 1.0366382941724923 0.8228183450167674
457 4113 0 0 0 2.6894615027436446 5.739480743523773 -4.809023926362521 0.5641890999689535 1.0366384715170587 0.8228251244529404
458 4122 0 0 0 2.689463107555964 5.739483373728037 -4.809029740755354 0.5641914759346226 1.0366362403218603 0.8228321992043004
459 4131 0 0 0 2.68946511910329 5.739484055416999 -4.809035235202784 0.5641926794296369 1.0366305297939344 0.8228392847408433
460 4140 0 0 0 2.6894583449542493 5.739478802402212 -4.809018021522935 0.5641860889979973 1.0366382375063334 0.822822108955463
461 4149 0 0 0 2.689456290921036 5.739479501233322 -4.809006160791192 0.5641866104769201 1.0366437695887554 0.8228170507266805
462 4158 0 0 0 2.6894587629943496 5.739478221530546 -4.809023745794361 0.5641853116868115 1.0366355825797575 0.8228232890281205
463 4167 0 0 0 2.689459834392606 5.739480241855338 -4.809016217668133 0.5641877720326054 1.0366393620346595 0.8228231702722754
464 4176 0 0 0 2.6894580967324013 5.739478715214791 -4.809020562493406 0.5641857633712799 1.0366367116142343 0.8228221095542926
465 4185 0 0 0 2.6894588806449775 5.739480899524808 -4.8090210225087215 0.5641883596592308 1.0366358221436227 0.8228268107065557
466 4194 0 0 0 2.6894600371934154 5.739480918252549 -4.809026186753298 0.5641884173114015 1.0366337024748202 0.8228289704490269
467 4203 0 0 0 2.6894626702782833 5.73948547358206 -4.809021466905554 0.5641933375216874 1.0366364399968142 0.8228354454071893
468 4212 0 0 0 2.6894619470019125 5.739486165020223 -4.80902204247635 0.5641938774935189 1.0366367144010271 0.8228356981876932
469 4221 0 0 0 2.6894623869486303 5.739488304116361 -4.809015804138738 0.5641958286126074 1.0366393319810083 0.8228361417725479
470 4230 0 0 0 2.689463955041811 5.739490385362059 -4.809018214581981 0.5641978846548295 1.036638806938044 0.8228401259392306
471 4239 0 0 0 2.6894653713262815 5.739490884546844 -4.8090292703932125 0.5641982564279188 1.036634948517091 0.8228442769979895
472 4248 0 0 0 2.689463763931582 5.739486763713121 -4.809032897503804 0.5641936743850345 1.0366305777770817 0.8228407295376153
473 4257 0 0 0 2.689457872073848 5.739482211556825 -4.809014843837359 0.5641886580315657 1.0366370978329371 0.8228254246396116
474 4266 0 0 0 2.6894617628118094 5.739487510706072 -4.809022108200961 0.5641936202725982 1.0366361134034374 0.8228363980704416
475 4275 0 0 0 2.6894650370307236 5.739490901879947 -4.809033796320319 0.5641975998151849 1.0366321501488698 0.8228465383924064
476 4284 0 0 0 2.6894640941573855 5.739488304956207 -4.809035520833523 0.564193774140599 1.0366321926324555 0.8228420340759658
477 4293 0 0 0 2.689465956718965 5.739488835938931 -4.809045375369076 0.5641941555775374 1.0366293428493938 0.8228473632997447
478 4302 0 0 0 2.6894651618841623 5.739487505678313 -4.809060902740301 0.5641918098972565 1.036623184481475 0.8228500539003974
479 4311 0 0 0 2.6894652293188015 5.739486986309856 -4.809068281555551 0.5641905871347871 1.0366215829500418 0.8228499321066423
480 4320 0 0 0 2.6894654919021073 5.7394854951130885 -4.809061670183672 0.5641899637015668 1.0366230059547914 0.8228471901178267
481 4329 0 0 0 2.6894634028667253 5.7394840566071155 -4.809059087108762 0.564188154109198 1.0366242184383883 0.8228410357218776
482 4338 0 0 0 2.689459354067087 5.739479763935197 -4.809050724125842 0.564185066935663 1.0366265225146187 0.822830341796893
483 4347 0 0 0 2.6894532229356733 5.7394741186467 -4.809044721912482 0.5641803953683625 1.0366272091658928 0.8228165578909783
484 4356 0 0 0 2.6894532324576375 5.739471525716252 -4.809066162975814 0.5641765093171871 1.0366210788957781 0.8228168566203002
485 4365 0 0 0 2.6894524081636875 5.7394674935797925 -4.809074448216487 0.5641720160459852 1.0366173196181756 0.8228152504618315
486 4374 0 0 0 2.6894472638290616 5.739468379305873 -4.809054839544945 0.564175452394136 1.0366248070089843 0.8228077538423816
487 4383 0 0 0 2.6894492413452165 5.7394696221475705 -4.809078508779001 0.5641788514418123 1.0366126098821815 0.8228193353274073
488 4392 0 0 0 2.6894564077976555 5.739487413536667 -4.809049661275979 0.5641993754524124 1.0366250979185423 0.8228417527752768
489 4401 0 0 0 2.6894455579239347 5.739477907256058 -4.80904102841566 0.5641872401037852 1.0366277162467281 0.8228225690811143
490 4410 0 0 0 2.689446015231004 5.739477280729569 -4.80901246464532 0.5641882378002924 1.0366402458049393 0.8228118170469447
491 4419 0 0 0 2.6894606143600805 5.739489029393399 -4.809070841410442 0.5641982209983646 1.0366210466826151 0.8228518978991133
492 4428 0 0 0 2.6894625149191693 5.739485434822337 -4.809061503127305 0.5641948505971979 1.0366226790988822 0.822847808502922
493 4437 0 0 0 2.6894636924288706 5.739488027243094 -4.809071274894237 0.5641984133773217 1.0366192109914913 0.8228549304248118
494 4446 0 0 0 2.689458601094476 5.739483816206437 -4.8090351391158315 0.5641965854842849 1.0366292486245705 0.8228380726088288
495 4455 0 0 0 2.689460487286008 5.739486259220421 -4.809049576036939 0.5641967778339109 1.0366241051701244 0.8228491204579389
496 4464 0 0 0 2.6894552678770176 5.73947726335883 -4.809034609395635 0.5641878793524834 1.0366286145582397 0.8228273985956994
497 4473 0 0 0 2.6894518743424025 5.73947461232832 -4.809039230166061 0.5641839677087921 1.0366270484353977 0.8228215640002429
498 4482 0 0 0 2.6894543622553995 5.739473530215802 -4.809052704017096 0.5641829481277918 1.0366193850146095 0.8228278913319194
499 4491 0 0 0 2.689452258931051 5.739469673421006 -4.809042264506116 0.5641794472388674 1.0366234300372585 0.8228174337064146
500 4500 0 0 0 2.6894485281978344 5.739466797341452 -4.8090292523728975 0.564178109952255 1.0366268082545538 0.8228093933214957
501 4509 0 0 0 2.6894448689295354 5.739462461689469 -4.8090213570321865 0.5641737138333281 1.0366280021545222 0.8227998944080444
502 4518 0 0 0 2.689440849803674 5.739460188685827 -4.809024615933811 0.564169765024391 1.0366262826711394 0.8227954023685496
503 4527 0 0 0 2.6894469438445183 5.739466392896789 -4.809027544162169 0.5641759703241246 1.0366277783692974 0.822807019440877
504 4536 0 0 0 2.689448598723419 5.739467166982416 -4.809035880884235 0.5641773815332183 1.0366230662973648 0.8228135433651262
505 4545 0 0 0 2.689448677072291 5.7394693057788215 -4.809036547608314 0.564179024751255 1.0366236314293384 0.8228169402611143
506 4554 0 0 0 2.689447174695429 5.7394650928201525 -4.809041782072606 0.5641745443203694 1.0366199082006713 0.8228134631931239
507 4563 0 0 0 2.6894484302574675 5.739466082106017 -4.80904988028804 0.564174976629268 1.036617553416625 0.822817295455019
508 4572 0 0 0 2.689447013086169 5.739464364923966 -4.809050791700793 0.5641738023375144 1.0366166050823575 0.8228149798994319
509 4581 0 0 0 2.6894472281963995 5.739465754441454 -4.809050214418112 0.5641754556645313 1.0366174441953762 0.822816623190058
510 4590 0 0 0 2.689450614161394 5.739468555839933 -4.809059121809004 0.5641782179669191 1.0366146505907394 0.8228250256404758
511 4599 0 0 0 2.689452008246088 5.739468056383496 -4.809060572109622 0.5641777607697855 1.036613892203449 0.8228252421437063
512 4608 0 0 0 2.689452148469454 5.739468803798528 -4.809066773357357 0.5641783488915217 1.0366115365444577 0.8228289685048267
513 4617 0 0 0 2.689450098621433 5.7394670637064005 -4.809065486056932 0.5641764224243176 1.0366119102275344 0.8228251118886628
514 4626 0 0 0 2.6894497636802552 5.739467933909373 -4.809063078993458 0.5641774710942062 1.0366132365807892 0.8228249938880872
515 4635 0 0 0 2.6894483855355 5.739466380348557 -4.809060008595688 0.5641757395082295 1.0366141272812437 0.82282063255314
516 4644 0 0 0 2.689449460157841 5.73946668016004 -4.80906252132669 0.5641758610821017 1.0366136492674485 0.8228223555129722
517 4653 0 0 0 2.6894505614183934 5.739467182354325 -4.80905931576879 0.5641765834244036 1.0366153455196219 0.8228222210461701
518 4662 0 0 0 2.689452891123949 5.739468049785048 -4.809070651230394 0.5641773217247518 1.0366110524109895 0.8228283788436344
519 4671 0 0 0 2.6894524391841643 5.739468226058325 -4.8090663945338585 0.5641776878455518 1.036612838826349 0.8228268251475137
520 4680 0 0 0 2.689452676087481 5.7394675455902915 -4.809073341209419 0.5641764632867979 1.0366106369964314 0.8228273998664055
521 4689 0 0 0 2.689453157424249 5.739466953620601 -4.809077130481515 0.5641756754349972 1.0366089708125465 0.8228278910006381
522 4698 0 0 0 2.6894503553391966 5.7394631225689 -4.809075202070878 0.5641714768620215 1.0366093615058563 0.8228196542586641
523 4707 0 0 0 2.6894490858390765 5.739460224249031 -4.809071865507942 0.5641688595577684 1.0366106196707492 0.8228127736273851
524 4716 0 0 0 2.6894492683258684 5.739459583581069 -4.809074734046553 0.5641685876430315 1.0366098801929 0.8228120843362617
525 4725 0 0 0 2.68945426201308 5.73946496160172 -4.809083949618695 0.5641736087704178 1.036608069044064 0.8228250146474696
526 4734 0 0 0 2.6894525552715427 5.739461319861956 -4.80908740371033 0.5641692616455704 1.0366060162018074 0.8228192452529688
527 4743 0 0 0 2.6894517510719176 5.739458907564619 -4.809082195448344 0.5641666783844994 1.0366075261971694 0.8228131540671453
528 4752 0 0 0 2.6894501098541235 5.739455951675065 -4.809082142363672 0.5641634383835876 1.0366073745825233 0.8228075720064286
529 4761 0 0 0 2.6894476469929964 5.739454269423064 -4.809073693268609 0.5641614593649713 1.0366114573535572 0.8227991333416367
530 4770 0 0 0 2.6894542052164203 5.739457887528701 -4.809102878813768 0.5641642422217051 1.0366019011414924 0.8228163416939114
531 4779 0 0 0 2.689453176921602 5.739457606498178 -4.809102793115438 0.5641638448224273 1.0366020096234392 0.822815686099462
532 4788 0 0 0 2.6894537379414385 5.739458033352942 -4.809104949899847 0.564163152054194 1.0366022868293538 0.8228150786768208
533 4797 0 0 0 2.6894567090444705 5.73946066103124 -4.809115006984927 0.5641660312403572 1.0365981913185285 0.822824268159045
534 4806 0 0 0 2.6894561034673377 5.739461057393003 -4.8091138449881345 0.5641667062403736 1.0365977248223954 0.8228249103938391
535 4815 0 0 0 2.689455768065445 5.739460812582444 -4.8091037250853965 0.5641671404484266 1.036600317616667 0.8228222132492703
536 4824 0 0 0 2.689454173616075 5.739457925086946 -4.809096210077966 0.5641645568638386 1.036602689451335 0.8228145743956251
537 4833 0 0 0 2.6894552983867643 5.73946074779237 -4.809104116035906 0.5641672811155083 1.0365989022948852 0.8228235983701839
538 4842 0 0 0 2.6894534208663785 5.739459684070223 -4.8091004774221915 0.5641661030271292 1.0365998045441085 0.8228199513968678
539 4851 0 0 0 2.689452947113033 5.739462165639036 -4.809104361319026 0.5641685536607187 1.0365977375784938 0.8228262919766329
540 4860 0 0 0 2.6894509607545865 5.739460953981391 -4.809109690600625 0.5641666180801813 1.0365950202630987 0.8228253604586805
541 4869 0 0 0 2.6894547711380272 5.739462175895008 -4.809117028386941 0.5641677078947364 1.0365929065317245 0.8228307935196678
542 4878 0 0 0 2.689459036717605 5.739465102402751 -4.809134204415224 0.5641703251700826 1.0365869616170271 0.8228427247540602
543 4887 0 0 0 2.689455282277879 5.739461278286133 -4.809117169897111 0.5641669078504592 1.03659259640796 0.8228295238601282
544 4896 0 0 0 2.6894572731825175 5.739463668164361 -4.809127800832648 0.5641686874016432 1.0365904252788944 0.8228360976367884
545 4905 0 0 0 2.6894582028234355 5.739464821034556 -4.809134009946806 0.564169476413462 1.0365888236098733 0.8228398483087755
546 4914 0 0 0 2.689456736713007 5.73946269310731 -4.809122837757411 0.5641677825451848 1.0365932593356324 0.8228321265657174
547 4923 0 0 0 2.689457163604865 5.7394647948930695 -4.809118180235586 0.5641707881981046 1.0365941641066778 0.8228352296011905
548 4932 0 0 0 2.6894534616882124 5.7394618975278 -4.809112906604248 0.5641679760569687 1.0365954845655723 0.8228279592719857
549 4941 0 0 0 2.6894510450328952 5.739460563829288 -4.809103137178507 0.5641670822640025 1.036598009426886 0.8228227464525779
550 4950 0 0 0 2.6894510620661767 5.739461464316396 -4.809107155007078 0.5641679044432545 1.0365966697668119 0.8228253952844831
551 4959 0 0 0 2.689451001996115 5.739460823631009 -4.809103156161568 0.5641669194650216 1.036598472436661 0.8228221149056166
552 4968 0 0 0 2.6894479156940165 5.739458033574481 -4.809093637153803 0.5641648567370795 1.0366011009985903 0.8228143555959058
553 4977 0 0 0 2.689447801809308 5.739458190220428 -4.809090849897227 0.564165444830178 1.0366009556291003 0.8228148930271129
554 4986 0 0 0 2.6894459678836498 5.73945644964698 -4.80909059173421 0.5641639154730578 1.0366008201907826 0.8228115640546176
555 4995 0 0 0 2.6894515597887425 5.739461019135319 -4.809100952356074 0.5641683066493726 1.0365978273428367 0.8228237555308581
556 5004 0 0 0 2.6894485055127904 5.739458613659498 -4.809096652109885 0.5641660943835289 1.0365985431547635 0.8228180972171405
557 5013 0 0 0 2.6894437515748364 5.739454274574474 -4.809085883605346 0.564161647805847 1.0366019698957356 0.8228065682406392
558 5022 0 0 0 2.6894436677245896 5.739454574956602 -4.809082108836789 0.564161575276781 1.0366038006115332 0.8228052156348644
559 5031 0 0 0 2.6894466213266077 5.739456799348262 -4.809093002427229 0.5641636424853347 1.036600124774414 0.8228131522271794
560 5040 0 0 0 2.6894469541560535 5.739457791029927 -4.809093873124157 0.5641647609873929 1.0365995666654395 0.8228153329801231
561 5049 0 0 0 2.689447232574026 5.739458839150219 -4.8090985913413355 0.5641658613540685 1.036597154363456 0.8228190515468982
562 5058 0 0 0 2.689446511565481 5.739458387154029 -4.809098013587295 0.5641652662793801 1.0365974044347077 0.8228181036426104
563 5067 0 0 0 2.689445817588725 5.739456780263665 -4.809093828179501 0.5641637845403114 1.0365993693652673 0.8228134917687352
564 5076 0 0 0 2.689448579301442 5.739458910694115 -4.8090959749813855 0.5641660193209751 1.0365990892499555 0.8228183659338281
565 5085 0 0 0 2.689449283083793 5.739459370948385 -4.809095719594142 0.5641665388175696 1.0365993539089204 0.8228191448459281
566 5094 0 0 0 2.6894484534179863 5.7394590523846984 -4.80909311505884 0.5641666296580748 1.036599536143008 0.8228184497043715
567 5103 0 0 0 2.6894497994654105 5.7394599803631 -4.8090964425503016 0.564167037530736 1.0365993167865803 0.8228205677918866
568 5112 0 0 0 2.6894497890330658 5.739460665290638 -4.809095595486916 0.5641679135400002 1.0365994066299404 0.8228219713198122
569 5121 0 0 0 2.6894513651341 5.739462323186091 -4.809099895077541 0.5641696747131497 1.0365977779907352 0.8228269588358363
570 5130 0 0 0 2.689450628457203 5.7394622906696835 -4.809099828061327 0.5641696157901037 1.0365974819518582 0.822827130220812
571 5139 0 0 0 2.689451017171693 5.739463301520547 -4.809101654311174 0.5641705810892246 1.0365969288087644 0.8228297733908078
572 5148 0 0 0 2.6894492888550614 5.739462423115845 -4.809096766119001 0.5641697091563014 1.0365984531816186 0.8228265110803401
573 5157 0 0 0 2.6894509647245544 5.739463155008475 -4.809097999747972 0.5641705199671784 1.0365981513850688 0.8228284543326081
574 5166 0 0 0 2.6894504454185943 5.739462692452388 -4.809092659664387 0.5641704663878158 1.036599464217975 0.8228259149615683
575 5175 0 0 0 2.6894510112838037 5.739462716689857 -4.809095084275584 0.5641700079178612 1.0365993307172587 0.8228264804939439
576 5184 0 0 0 2.689451389523682 5.739462977480686 -4.809093542934608 0.5641703973387913 1.0365999141426716 0.82282648229267
577 5193 0 0 0 2.6894513036952374 5.739462958822367 -4.809093250463605 0.5641703245539971 1.0366003158079866 0.8228263973267713
578 5202 0 0 0 2.6894518711689503 5.739463123243653 -4.809094417017387 0.5641706627514196 1.0365998251654893 0.8228272658524538
579 5211 0 0 0 2.689452521021363 5.739463708287325 -4.809096440415384 0.5641711553165994 1.0365992161631903 0.8228291925749801
580 5220 0 0 0 2.689453299067076 5.7394641458950755 -4.809100754024286 0.5641713827865881 1.0365981936018995 0.8228312730296091
581 5229 0 0 0 2.6894534779212416 5.739464565988195 -4.809100727448428 0.5641717268115003 1.0365981699464122 0.8228319479182918
582 5238 0 0 0 2.6894534972480155 5.7394646847400415 -4.8090994988676 0.5641718630517352 1.0365986887743461 0.8228317525935978
583 5247 0 0 0 2.6894547618687974 5.739465570238737 -4.809102801296314 0.564172640625942 1.036597833213652 0.8228344834298427
584 5256 0 0 0 2.6894532315064197 5.739464410737891 -4.809097968491022 0.5641717533507231 1.0365989474153474 0.8228309068545595
585 5265 0 0 0 2.6894526029894363 5.739464237771899 -4.80909638360538 0.5641715786687015 1.0365993363538568 0.8228301190874971
586 5274 0 0 0 2.6894537169915065 5.739464843817946 -4.809100171681702 0.5641721076938006 1.0365982032100056 0.8228325682361982
587 5283 0 0 0 2.689453959432276 5.739465117678759 -4.809100817515737 0.5641723944896472 1.03659810990249 0.8228334167865718
588 5292 0 0 0 2.6894539481089508 5.739465161595229 -4.809101377199078 0.5641724306104327 1.036597934156641 0.8228335919221768
589 5301 0 0 0 2.6894550169513645 5.739465929484569 -4.8091030976318185 0.5641731857608732 1.036597726905405 0.8228356172924948
590 5310 0 0 0 2.6894547166862366 5.739465714154672 -4.80910359033224 0.5641729518530427 1.036597536569378 0.8228354231598503
591 5319 0 0 0 2.6894551543568253 5.739466075469918 -4.809104038265178 0.5641733133821405 1.0365974037659076 0.8228363103548753
592 5328 0 0 0 2.6894551246636493 5.739466266996094 -4.809104009715026 0.5641734806418819 1.0365972851066776 0.8228366892977281
593 5337 0 0 0 2.6894550917724445 5.739466141450619 -4.809103847429481 0.5641732773270698 1.0365975009297328 0.8228362411697928
594 5346 0 0 0 2.6894558350177244 5.7394666947002655 -4.809106401128328 0.5641737524324892 1.0365968437185722 0.8228380582164827
595 5355 0 0 0 2.689454995582226 5.739465994244304 -4.809104078952035 0.5641731210158334 1.0365974194346037 0.8228360087556751
596 5364 0 0 0 2.6894550525528693 5.739466160307443 -4.80910366732972 0.5641733304248107 1.036597518589934 0.8228363267958929
597 5373 0 0 0 2.6894552640487244 5.739466368600589 -4.8091040974100565 0.564173520674515 1.0365974590166986 0.8228367616610569
598 5382 0 0 0 2.6894549783174355 5.739466224447554 -4.809103629964073 0.5641733657343019 1.0365975455974126 0.822836303410467
599 5391 0 0 0 2.689455178224753 5.739466404637894 -4.8091042534108315 0.564173539577144 1.0365974061806436 0.8228368616001611
600 5400 0 0 0 2.6894548293640836 5.739466092200346 -4.809103390003905 0.5641732577581853 1.0365975707888275 0.8228360000366511
601 5409 0 0 0 2.689454581711918 5.739465972964703 -4.809102391213278 0.5641731290470217 1.0365978845538717 0.8228353870741946
602 5418 0 0 0 2.689454655002049 5.739466090125499 -4.809102265017935 0.5641732723687337 1.0365979507003737 0.8228356087718136
603 5427 0 0 0 2.689454430234158 5.739465933438814 -4.80910141332975 0.5641731329624603 1.0365982177145634 0.8228350573111709
604 5436 0 0 0 2.6894545674499652 5.739466103142487 -4.809101855187933 0.5641732853243995 1.036598118370927 0.8228355367593158
605 5445 0 0 0 2.689454532777305 5.73946607776915 -4.809102097123928 0.5641732266400437 1.0365980300974706 0.8228354928248445
606 5454 0 0 0 2.6894547276540597 5.739466217431249 -4.8091023887563304 0.5641733590490948 1.0365980258709033 0.8228358018277039
607 5463 0 0 0 2.68945437986886 5.739465966512408 -4.809101433196292 0.5641731244538168 1.0365982943621221 0.822835026131819
608 5472 0 0 0 2.689454534868508 5.739466012629427 -4.809101844702645 0.5641731739880639 1.0365981937877198 0.8228352208684978
609 5481 0 0 0 2.6894542888203605 5.739465879775657 -4.809100910374324 0.5641730716498633 1.0365984669896884 0.8228346869792619
610 5490 0 0 0 2.689453969096596 5.739465700057712 -4.809099771548027 0.5641729081094587 1.0365987952067253 0.8228340048435188
611 5499 0 0 0 2.6894540857199636 5.7394657566032965 -4.809099936339823 0.5641729697977463 1.0365987683274103 0.8228341175055841
612 5508 0 0 0 2.68945376701976 5.739465565711303 -4.80909879803057 0.5641727978026881 1.0365990926953008 0.822833347750252
613 5517 0 0 0 2.6894538720078645 5.739465638554017 -4.80909907443697 0.5641728410020009 1.0365990448502254 0.8228335416019449
614 5526 0 0 0 2.689454007285308 5.7394657601166 -4.809099153293715 0.564172954424314 1.0365990597200103 0.8228338260303155
615 5535 0 0 0 2.6894540307161727 5.739465735493093 -4.809098911097397 0.5641729235629861 1.0365991936158832 0.8228336534278653
616 5544 0 0 0 2.6894539312030092 5.739465628603189 -4.809099010095586 0.5641728449429517 1.0365990205023594 0.8228335771778483
617 5553 0 0 0 2.6894538401144743 5.739465651700066 -4.809098590548011 0.5641729096593378 1.0365991056694488 0.8228335308066101
618 5562 0 0 0 2.689453670588623 5.739465569932348 -4.809098223336504 0.5641728129586634 1.0365992352078433 0.8228332328764923
619 5571 0 0 0 2.689453567483131 5.739465538546349 -4.809098300244947 0.5641727659962354 1.0365991619956807 0.8228332262089832
620 5580 0 0 0 2.6894532823135107 5.739465289508289 -4.80909764022764 0.5641725400307065 1.0365992461638975 0.8228325357200824
621 5589 0 0 0 2.6894532602850125 5.739465222755197 -4.8090973690284144 0.5641724728538112 1.0365993582232067 0.8228322891104545
622 5598 0 0 0 2.6894535191628615 5.739465492546542 -4.809098442797299 0.5641726806089717 1.0365990925374935 0.8228331123452708
623 5607 0 0 0 2.6894536167320986 5.739465509207347 -4.809099209115201 0.564172678953349 1.0365988313337746 0.8228333952805463
624 5616 0 0 0 2.689453862789037 5.739465706607584 -4.8091001102354465 0.5641728741834128 1.036598559697031 0.8228341185766631
625 5625 0 0 0 2.6894538106395403 5.739465755996983 -4.809100041151298 0.564172913832519 1.03659859206991 0.8228341717585198
626 5634 0 0 0 2.6894540064835724 5.7394659146419595 -4.8091006745563565 0.5641730608010842 1.0365984450762011 0.8228347265872548
627 5643 0 0 0 2.68945406794072 5.739465893904932 -4.8091008796196935 0.5641730476201283 1.0365983403837349 0.822834722228205
628 5652 0 0 0 2.6894541534563183 5.739465961707672 -4.809101220256582 0.5641731101162621 1.0365982373857872 0.8228349449178276
629 5661 0 0 0 2.6894542267858816 5.739466096330798 -4.8091017505452704 0.5641732268644379 1.0365980831069288 0.8228353895272993
630 5670 0 0 0 2.6894540262371875 5.7394658908558664 -4.809101122719749 0.5641730155381707 1.0365982670778209 0.8228347471450717
631 5679 0 0 0 2.6894541495554645 5.739465966555813 -4.80910174687572 0.564173088775577 1.0365980506757753 0.8228351475535649
632 5688 0 0 0 2.689454300159225 5.739466018919138 -4.809102294108279 0.5641731330762084 1.0365978836095002 0.8228354055908637
633 5697 0 0 0 2.6894541486958237 5.739465875565006 -4.809101654508995 0.5641729967486124 1.0365980612190826 0.82283485837259
634 5706 0 0 0 2.6894542623193196 5.739465873335901 -4.80910184201656 0.5641730099798874 1.0365979873001507 0.8228349475491789
635 5715 0 0 0 2.6894540868879444 5.739465709971156 -4.809101224305963 0.5641728481151693 1.0365981635732597 0.8228343825118729
636 5724 0 0 0 2.6894539372052098 5.739465642026542 -4.809100805259888 0.5641727997001492 1.0365982476323365 0.8228340891191936
637 5733 0 0 0 2.68945404571081 5.739465691657136 -4.809101183571387 0.5641728525475146 1.0365981411512246 0.8228343495582302
638 5742 0 0 0 2.6894537867697537 5.739465584434695 -4.809100286496178 0.5641727492548152 1.0365984406428281 0.8228338335080043
639 5751 0 0 0 2.6894536562641442 5.739465425960098 -4.809099732250819 0.5641726190008628 1.0365985357396317 0.8228333144808577
640 5760 0 0 0 2.6894535535416386 5.739465353670957 -4.809099080964285 0.5641725629246779 1.0365987427595347 0.8228329462173065
641 5769 0 0 0 2.6894532856689684 5.739465112494849 -4.809098186431796 0.5641723462764748 1.0365989743419621 0.8228321984286141
642 5778 0 0 0 2.6894533123974953 5.739465118305857 -4.809097965382944 0.5641723917308552 1.0365990085656134 0.822832190782395
643 5787 0 0 0 2.689452931221348 5.739464730448572 -4.809095971490884 0.564172089915648 1.036599509495049 0.8228307554179303
644 5796 0 0 0 2.6894528675400142 5.739464664843244 -4.809095741723945 0.5641720721048735 1.0365995200024982 0.8228306575928068
645 5805 0 0 0 2.6894522160286214 5.739464221763551 -4.809093841126329 0.5641716210573816 1.036600051658002 0.8228291210112448
646 5814 0 0 0 2.6894521166205583 5.7394641599031555 -4.809093416234498 0.5641715306911049 1.0366002244568477 0.8228288088858253
647 5823 0 0 0 2.6894515847760276 5.73946380210168 -4.8090915831033465 0.5641712078211322 1.0366007747968933 0.8228274620191761
648 5832 0 0 0 2.6894508312077354 5.739463327920158 -4.809089174373357 0.5641707370765832 1.0366014750702535 0.8228256865679032
649 5841 0 0 0 2.689450932115979 5.7394634435699 -4.809089816648066 0.5641708105533362 1.0366012916466638 0.8228261100260438
650 5850 0 0 0 2.6894510706307977 5.739463540459772 -4.80909012051432 0.5641709212737529 1.0366011773151058 0.8228264667398257
651 5859 0 0 0 2.6894514650182164 5.739463879922655 -4.809091279388546 0.5641712181945673 1.0366009511778975 0.8228274609330651
652 5868 0 0 0 2.689451403513463 5.739463872909046 -4.80909068035956 0.5641712518631542 1.0366011410547273 0.822827295882181
653 5877 0 0 0 2.689450514262769 5.739463266153 -4.8090878306846845 0.5641706508739667 1.0366019611714423 0.8228251286271877
654 5886 0 0 0 2.689450735226143 5.739463419223511 -4.8090883729446405 0.5641708148481095 1.036601780840565 0.822825642971148
655 5895 0 0 0 2.689450728130323 5.7394634277759895 -4.809088359101269 0.5641708226985448 1.0366017618916816 0.8228256613653235
656 5904 0 0 0 2.689450434339165 5.739463224372519 -4.809088029357143 0.5641705706064758 1.036601858518524 0.8228250487198698
657 5913 0 0 0 2.6894506237547344 5.7394634139182035 -4.80908860396935 0.5641707394612024 1.036601759374313 0.8228256407385178
658 5922 0 0 0 2.6894507146866684 5.739463429433537 -4.8090891971298735 0.5641707443453562 1.0366015299792002 0.8228258473383713
659 5931 0 0 0 2.689450464132415 5.739463298351705 -4.809088403793022 0.5641706009054243 1.036601779366103 0.8228253194317209
660 5940 0 0 0 2.689450407680232 5.739463208642849 -4.809088046795618 0.5641705403462001 1.0366018570686193 0.8228250356715113
661 5949 0 0 0 2.689450439242225 5.739463198340774 -4.809087816904398 0.5641705625472309 1.0366019280628227 0.8228249537799304
662 5958 0 0 0 2.689450227512697 5.739463072420139 -4.809087335555931 0.5641704195544469 1.0366020763023798 0.8228245116467003
663 5967 0 0 0 2.689450284678624 5.73946312442203 -4.809087707305292 0.5641704508590406 1.0366019834973756 0.8228247255212281
664 5976 0 0 0 2.689450298938706 5.739463105468074 -4.80908754994053 0.5641704612096023 1.0366020169435275 0.8228246560505642
665 5985 0 0 0 2.689450189694295 5.73946306399745 -4.809087102437258 0.564170425174986 1.0366021501677947 0.8228244316916669
666 5994 0 0 0 2.6894501785001568 5.7394630443662855 -4.809087222319262 0.5641703971205216 1.036602082894694 0.8228244284212187
667 6003 0 0 0 2.6894500390900378 5.7394629407535 -4.809086738048209 0.5641702960045366 1.0366022352183712 0.8228240360737434
668 6012 0 0 0 2.689449987531369 5.739462920655672 -4.8090865759791805 0.5641702793170804 1.0366022718021035 0.8228239630972878
669 6021 0 0 0 2.6894500157638648 5.739462928944761 -4.809086658689257 0.5641702992202636 1.036602215768659 0.8228240242590752
670 6030 0 0 0 2.6894500358710927 5.739462950057206 -4.809086701717215 0.5641703159820218 1.0366022053765007 0.8228240690796691
671 6039 0 0 0 2.6894501622193476 5.739463056182808 -4.809087078159303 0.5641704028622914 1.036602138890576 0.8228243826795265
672 6048 0 0 0 2.6894503248133512 5.73946318532013 -4.809087818688822 0.5641705086968529 1.0366019217961933 0.8228248912807125
673 6057 0 0 0 2.689450281181051 5.739463144264976 -4.8090878878375785 0.5641704442094593 1.036601917283644 0.8228247917278297
674 6066 0 0 0 2.6894502759406005 5.739463137095098 -4.809087747424368 0.5641704463907132 1.0366019542749587 0.822824739315114
675 6075 0 0 0 2.68944994861464 5.739462912245265 -4.809086590603716 0.564170242258883 1.0366022814771416 0.8228239203486033
676 6084 0 0 0 2.6894499820321824 5.739462940715215 -4.809086829074592 0.564170252411352 1.0366022283827068 0.8228240335679616
677 6093 0 0 0 2.6894498596576533 5.739462844893255 -4.809086316120486 0.5641701665628792 1.0366023911560391 0.8228236679051851
678 6102 0 0 0 2.6894499680724278 5.7394629260485255 -4.809086731652039 0.564170241287055 1.0366022686950631 0.8228239859189227
679 6111 0 0 0 2.689450153481159 5.73946306745895 -4.809087192313488 0.5641703834200771 1.0366021484031187 0.8228244127064281
680 6120 0 0 0 2.6894502199415293 5.7394631230422295 -4.809087332433744 0.5641704451849325 1.0366021069014912 0.8228245807985739
681 6129 0 0 0 2.6894503180124305 5.73946319494901 -4.809087543130439 0.5641705252681305 1.0366020386905188 0.8228248033982194
682 6138 0 0 0 2.689450361518612 5.739463232651457 -4.80908782011934 0.5641705467700387 1.0366019717558526 0.8228249573801579
683 6147 0 0 0 2.689450416282015 5.739463289746718 -4.809088067149809 0.5641705865803707 1.0366019314850141 0.8228251354385291
684 6156 0 0 0 2.6894504597322753 5.739463322273131 -4.809088162359577 0.5641706150029517 1.0366019252328469 0.8228252368741806
685 6165 0 0 0 2.68945074722885 5.739463533471079 -4.809089022450081 0.5641708186275449 1.0366017042338416 0.8228259526011701
686 6174 0 0 0 2.6894508266163473 5.739463600993329 -4.80908931987414 0.5641708772589762 1.0366016186200504 0.822826175408294
687 6183 0 0 0 2.689450787533926 5.739463582638208 -4.809089188113898 0.5641708636042466 1.0366016341040787 0.8228260952225193
688 6192 0 0 0 2.689450832488051 5.739463625758932 -4.8090894696543245 0.5641708999352442 1.036601535063218 0.8228262729076865
689 6201 0 0 0 2.6894507880860012 5.739463616732224 -4.809089269118148 0.5641708953846499 1.0366015916328235 0.8228261779404817
690 6210 0 0 0 2.6894513133782105 5.7394640049680445 -4.809090872202491 0.5641712669247897 1.0366011903300711 0.8228275172895592
691 6219 0 0 0 2.68945078614385 5.739463583655217 -4.809089035937835 0.5641708982669951 1.0366016548294805 0.8228260960813358
692 6228 0 0 0 2.6894506757279864 5.739463488803751 -4.809088650733152 0.564170825791754 1.036601742086448 0.8228258241039398
693 6237 0 0 0 2.6894510103991216 5.739463748262257 -4.809089951438828 0.5641710512861101 1.0366013917171812 0.8228267689106508
694 6246 0 0 0 2.689450768716412 5.73946354465893 -4.80908906897099 0.5641708669034671 1.036601649178487 0.8228260497615075
695 6255 0 0 0 2.689450603454699 5.739463438153616 -4.809088494355902 0.5641707696458057 1.0366017879837475 0.8228256423718321
696 6264 0 0 0 2.6894507560362952 5.739463572087688 -4.809089233440793 0.5641708872490104 1.0366015641618336 0.8228261890360358
697 6273 0 0 0 2.6894508065459966 5.739463619968626 -4.809089549908809 0.5641709146249185 1.036601478044404 0.8228263755313747
698 6282 0 0 0 2.689451012402388 5.7394638001706095 -4.809090276215686 0.5641710641526844 1.036601323346492 0.8228269453051322
699 6291 0 0 0 2.689450998902142 5.739463774483232 -4.809090255033932 0.564171039353064 1.036601327216043 0.8228269107528715
700 6300 0 0 0 2.689450918864334 5.739463711461932 -4.809089953783743 0.5641709742026227 1.0366014258086125 0.8228266568100806
701 6309 0 0 0 2.6894509713314503 5.7394637670043025 -4.809090152547241 0.5641710010872272 1.0366014195334279 0.8228267812369265
702 6318 0 0 0 2.68945122258315 5.739463968422566 -4.809091094883257 0.5641711839457514 1.0366011454306778 0.8228275162900347
703 6327 0 0 0 2.6894510613540037 5.739463842080905 -4.809090729187657 0.5641710504790326 1.036601217635705 0.8228271288329636
704 6336 0 0 0 2.689451370510805 5.739464075705731 -4.809091697041904 0.5641712739896194 1.036600968544912 0.8228279186950337
705 6345 0 0 0 2.6894517215054887 5.739464386211127 -4.809092950631697 0.5641715242724998 1.0366006869556574 0.822828890224918
706 6354 0 0 0 2.6894517056504554 5.739464411747401 -4.809092981105887 0.564171537406782 1.0366006936397572 0.8228289437745469
707 6363 0 0 0 2.6894516071866232 5.7394643164853445 -4.809092488903966 0.5641714659362405 1.036600840127866 0.8228286205115692
708 6372 0 0 0 2.689451622829493 5.739464330915135 -4.809092558431704 0.5641714927843496 1.036600794293955 0.8228287110070513
709 6381 0 0 0 2.689451400676146 5.739464131931314 -4.809091742847817 0.56417133373006 1.0366009565284515 0.8228280790151007
710 6390 0 0 0 2.6894514748160043 5.73946420441037 -4.809092007561092 0.5641713806749864 1.0366009220067742 0.8228282777723899
