% # columns="iteration, evaluation, void, void, void, xmean", seed=437311, Thu Nov 30 11:00:37 2023, <python>{}</python> # scaling_of_variables: 1, typical_x: 0
1 9 0 0 0 0.09503414471286065 1.6939818001904794 -0.7266358660303562 -1.458137311830006 1.1624312231486762 0.07336305958558387
2 18 0 0 0 0.8773916149304685 3.4676708594619314 -0.9843545084612706 0.2342137023548232 0.7601769951639109 0.03557947663860281
3 27 0 0 0 -0.14074257431940718 2.858767654183414 -1.2549831391514732 0.27692298348975963 1.0732783961474135 -0.8865575509978778
4 36 0 0 0 0.32213032828623245 1.0995731510325029 -1.7118458955474654 0.8583104538634723 1.0209840366712561 -0.5963048838373491
5 45 0 0 0 -0.0622418183549075 1.6129425606670178 -2.6531269154553856 0.7713474106155046 1.1274501991380215 -0.04126378376194306
6 54 0 0 0 -0.20204646085047295 1.7772760347861232 -1.7793529237774164 0.6622868504427117 1.887703562959711 -1.517169734994864
7 63 0 0 0 -0.16469909560315094 1.5801268939828825 -1.5861874552254682 0.9690866997020868 1.588827911234599 -1.8314930364612383
8 72 0 0 0 -0.34013360392041486 0.9625811917460259 -0.7440188186143049 1.347376649666471 2.5883847261249997 -1.6959637960281582
9 81 0 0 0 0.10480532356162375 0.9548101201629624 -0.48717225767542005 1.6615055701110786 2.042760917664489 -0.7727419127835295
10 90 0 0 0 0.7471825760227924 0.9893364117727063 -0.2736015953690365 1.6136166852478968 1.9650318236183892 -1.0871209608032029
11 99 0 0 0 0.11901555668373154 0.9547778114459862 0.2483979180121586 1.6630113795343242 2.8506872437753863 -1.8052748590589638
12 108 0 0 0 0.11577630054779081 0.9363425889234869 -0.04273697353366773 0.8885849292869843 2.6984918781240146 -1.9958486015894625
13 117 0 0 0 -0.0485660469544035 0.3774922139438761 0.020117587133777384 1.2944470483577661 2.3701937424629684 -2.348898306624734
14 126 0 0 0 0.22763471736835614 0.18380439109650282 0.32788796974811596 1.02481209455313 2.2590148691286447 -1.931760005359401
15 135 0 0 0 0.17050582205697679 0.38898836934031034 -0.380423198229659 0.9503745874764142 1.8842606056075841 -1.4319042500180768
16 144 0 0 0 -0.007782361829445361 -0.027526813329160293 -0.7324562426885312 1.203846028979725 1.4521686670903153 -1.3379327691847802
17 153 0 0 0 -0.15132767088560944 0.28945999235429487 -0.8668769263373628 0.4773169773456125 1.6700321957494988 -0.8596350661032169
18 162 0 0 0 -0.5641432535437284 -0.17457775447232293 -1.043648737268783 -0.30780364386804526 1.7128931953860158 -0.030338895925295595
19 171 0 0 0 -0.11431525527188913 -0.3678469225589487 -0.5166252626131569 -0.3084409385868052 1.4421714540433679 -0.486880649815445
20 180 0 0 0 -0.40360638403757243 -0.6339262525463444 -0.4886076785961437 -0.4373697238358457 1.4344572950846022 -0.8446616329543615
21 189 0 0 0 -0.4144449073753202 -0.867281983599514 -0.35119021685385926 0.17062727677468137 1.4392432685273469 -0.1571795875052806
22 198 0 0 0 -0.3013919645873407 -0.837429443651302 -0.23915035233740073 0.39251346772825507 1.5389796042625465 0.18674097301286124
23 207 0 0 0 -0.28651551147125215 -0.43189855463240867 -0.1543486000219043 0.030827761288727384 1.9477599085366013 -0.20414674797437232
24 216 0 0 0 -0.17868202088089677 0.01177462016285824 -0.27867914186386805 -0.19362889615001222 1.9881265268885226 -0.40700931308479843
25 225 0 0 0 0.05859520396005166 0.16964213545779414 0.33429237007947815 -0.037537775856393896 2.3424106279897976 0.0223941972059003
26 234 0 0 0 0.06709491906251017 0.10473995707061573 0.656228093669164 -0.10748669610696929 2.601414185201822 0.1813797948908866
27 243 0 0 0 -0.1097535115114045 0.4267007838836292 0.7575226113380649 0.057702306811006354 3.1932692043062803 0.38758321550722097
28 252 0 0 0 -0.2263382055066119 0.12347104588308372 0.6856607182809473 0.13540940436518947 2.9714542470578635 0.30842865942810993
29 261 0 0 0 -0.3053547693073482 -0.06772129454126011 0.8062471800125282 0.003313600102757913 3.00831785276398 0.28084456343383213
30 270 0 0 0 -0.32163427676359674 0.04573302397053115 0.48009893952923266 -0.1102947192297997 2.787781116752561 0.18590542753465059
31 279 0 0 0 -0.35903315411249714 -0.3138359971445528 0.17116479529762452 0.18106642081002455 2.3202637329439004 0.2642396285231911
32 288 0 0 0 -0.22598960164980353 0.03024382211127058 0.10230071858508606 -0.007582718029948782 2.4119910937045317 0.35665329045659167
33 297 0 0 0 -0.04508606192963455 -0.09532259138769744 0.19582509389046868 0.21530947198841724 2.2154492358816498 0.5380473524084339
34 306 0 0 0 -0.23235899403999055 -0.14872288024259578 0.2738774412803267 0.18015924005875728 2.388329462726467 0.4691322224173749
35 315 0 0 0 -0.19135028010090352 -0.2099150010185262 0.22029477093134575 0.4342861813337588 2.295802786737272 0.7528398384503866
36 324 0 0 0 -0.16352558476983037 -0.06607869412680667 0.33533642616996007 0.41384031515823383 2.4756689904372755 0.7451530326847294
37 333 0 0 0 0.013170132206778179 0.017561593470365733 0.433434551052045 0.6526012054351452 2.4729734206760168 0.9672327712956189
38 342 0 0 0 -0.14478572404616608 0.13997883910928255 0.21958894401641377 0.27036965484238534 2.472875049317463 0.679959495277248
39 351 0 0 0 0.006844594782466323 0.1642670917098793 0.5678920072205051 0.5747754181659654 2.671316481953851 0.8417643949825995
40 360 0 0 0 0.09806003635904391 0.3377722456527009 0.4387340507498454 0.4803787817352618 2.5928139482404173 0.7713812404613846
41 369 0 0 0 0.21852873978413556 0.29453649471803167 0.3293448920757481 0.4799351921058426 2.3619321179009836 0.7655272340659554
42 378 0 0 0 0.4181278725784604 0.47284664822508043 0.267321525877288 0.5919032441202476 2.2737858192080314 0.8997156698057198
43 387 0 0 0 0.2345328675417851 0.2776270135068768 0.27089954210320255 0.7372161079423336 2.2958510447761196 1.060711178160458
44 396 0 0 0 0.08220606224353472 0.03366694784989249 0.18336152212782197 0.7619672202136267 2.1791649661654446 1.0546531000234856
45 405 0 0 0 0.06837017219304715 -4.401719308313318e-05 0.06796773947214119 0.7324398303217132 2.0577353500015363 1.0088213466345257
46 414 0 0 0 0.04755766713071223 -0.14516501178023739 0.03282669528565881 0.7814664719428814 1.9332915381813702 1.0676977282935085
47 423 0 0 0 -0.12921272074779994 -0.07064180616223446 0.04059693587274361 0.7383484534305862 2.156825103182804 1.0363543794392023
48 432 0 0 0 0.007485708612887276 0.10204559003459561 0.23367989796881666 0.8108412225340832 2.3187740137436266 1.1184186167935493
49 441 0 0 0 -0.040799706026514455 0.03447886266972569 0.22595000225180012 0.8402560357588968 2.3200449827136604 1.118064779754026
50 450 0 0 0 -0.19832971558689513 0.04213739457083455 0.1607432755072985 0.7189434284967567 2.4050759930013768 0.9949160070594069
51 459 0 0 0 -0.04614559933210227 0.10293971387044812 0.16565658702957997 0.7307683814553144 2.322504291997936 1.0195875801777463
52 468 0 0 0 -0.10766164399782331 0.04615071384339853 0.07579220413434577 0.6981313313419214 2.2545707820331122 0.983638402547665
53 477 0 0 0 -0.02165854132509179 -0.053815206066333415 -0.021358624815490085 0.7047643894054948 2.0251947153123324 0.9809513529817392
54 486 0 0 0 0.008458831884452473 0.03816327775555925 -0.03663037106406088 0.5915897979133062 2.043291459074691 0.8884404038873759
55 495 0 0 0 0.04732539471100153 0.06557651519320562 0.02247191405179088 0.5842357225199786 2.0859416758011537 0.8837547455107692
56 504 0 0 0 0.06629442055757756 0.08919559669130087 0.08453190016397673 0.585011884081401 2.1408767050586635 0.8656805376803559
57 513 0 0 0 0.013085134829460922 0.16250488286860076 0.05283383805022247 0.5425826130639131 2.210323294299429 0.8172666307312932
58 522 0 0 0 0.026453373158845415 0.14483036064015892 0.016508857278311972 0.4629540594087356 2.155230544336722 0.751969970885894
59 531 0 0 0 0.06118066876270237 0.1923574925738855 -0.07696883967616017 0.4125059134300518 2.081390959477679 0.7122880202679144
60 540 0 0 0 0.10818615227960562 0.16209330720080473 -0.02362787795618522 0.4481399990760515 2.0639707672401943 0.7461625534535746
61 549 0 0 0 0.1631783671581886 0.09783445058844278 -0.06801921030328315 0.4751473976946223 1.9332161469782636 0.7621951657300353
62 558 0 0 0 0.11933780223750967 0.046115102755908986 -0.08584951418925336 0.4666207720725224 1.9157130229113115 0.7643901191156542
63 567 0 0 0 0.052092149504775934 0.029984326446460347 -0.14686680850962858 0.35640699970761014 1.9096907437049238 0.6571642444820034
64 576 0 0 0 -0.0006511417252345608 0.0273142408553904 -0.13823765130513999 0.3401718085601773 1.9584632694101196 0.6330657935067974
65 585 0 0 0 0.08051431681775166 -0.012161466659079488 -0.08262338971002571 0.42772830494975983 1.9128262737686026 0.7206114157695109
66 594 0 0 0 0.07553177411072239 0.038676126584269735 -0.08859694224753281 0.49267121424435906 1.949504351141921 0.7803832124729349
67 603 0 0 0 0.06790098283509446 0.07345980126956045 -0.09105597086923366 0.4621879754477866 1.9733141158141998 0.7512174722769862
68 612 0 0 0 0.03784928329188793 0.13398881311567373 -0.10700304669933661 0.43755482838620174 2.0306226519711754 0.7250369020504238
69 621 0 0 0 0.09646457654534263 0.11285413860625652 -0.058554694083129355 0.46338346396683683 2.007346551029387 0.7522097471712521
70 630 0 0 0 0.08876554490531736 0.12595443034166603 -0.074305217290664 0.4573025288074689 2.0099265219622184 0.7440914511607005
71 639 0 0 0 0.029027895792203877 0.09639898631727448 -0.0874493804163774 0.44690233775598887 2.029436291993086 0.7348353586271406
72 648 0 0 0 -0.006858948905527046 0.09221398565731517 -0.08061416244456443 0.4260187801436595 2.0620662817116306 0.7162485000653366
73 657 0 0 0 0.05247677644567476 0.0789892003294101 -0.08624770069517915 0.45152444990872753 1.9967393650497092 0.7418921457305627
74 666 0 0 0 0.08620397991535497 0.08303379949346561 -0.07677470836573314 0.4455621718770447 1.9794920918286165 0.7369412843177033
75 675 0 0 0 0.11781914866982754 0.06558948912755676 -0.07736724985037774 0.4713440685133929 1.9393607355015128 0.7628924401590885
76 684 0 0 0 0.09377229786283584 0.0592629311315391 -0.09461943973746786 0.44453175605582823 1.9404073751078488 0.7382395171642804
77 693 0 0 0 0.0872662765127407 0.060827507693995496 -0.07672112493254668 0.47592027522243263 1.9623250773221015 0.7664209653622939
78 702 0 0 0 0.07755563125867504 0.05066183739600978 -0.08218222558524091 0.4537246674158548 1.9585822391348406 0.7457411366107002
79 711 0 0 0 0.0673674055440624 0.030650050395338028 -0.09821801017787533 0.4196142511102469 1.9396520311199146 0.7130715194187264
80 720 0 0 0 0.06975042970211556 0.03168219953025658 -0.09672242011752358 0.41977568794935194 1.939257782665611 0.7131434443937448
81 729 0 0 0 0.0662653967200469 0.0575300278630936 -0.10428976772922534 0.40616597984227004 1.9541278982279273 0.6990789883487568
82 738 0 0 0 0.05969418417785367 0.0716335394446859 -0.10503312877387733 0.4036397414354087 1.968942999739543 0.6958312193519967
83 747 0 0 0 0.05515463409421784 0.07094079467805083 -0.1147601364868823 0.3943039378117735 1.9643207819885489 0.6853190049960018
84 756 0 0 0 0.06545441159098138 0.07822793410315118 -0.12590927759270829 0.38888994686501943 1.9513998210768397 0.6807758596560992
85 765 0 0 0 0.08226132529657412 0.0640809482477216 -0.10487711205218059 0.42769223525106087 1.9449612345168408 0.7193938888628031
86 774 0 0 0 0.09094412959323331 0.06402651638122407 -0.11905002243521416 0.41328685990187697 1.9256860760298284 0.7055749424874868
87 783 0 0 0 0.1038623198695616 0.07001123771458753 -0.11435485232043177 0.41960717305970885 1.9232654983598607 0.7118452594447545
88 792 0 0 0 0.10059833234960333 0.051366567302408815 -0.11403940661136518 0.41557667642956186 1.912818152134181 0.7079480094280803
89 801 0 0 0 0.10782399112325489 0.05392123802657686 -0.11347743948447284 0.4173960668975206 1.9090493177547976 0.709380703045912
90 810 0 0 0 0.1112440605901478 0.0509876494584111 -0.10447523608568844 0.4369527959179658 1.9116836563679638 0.7286694739479052
91 819 0 0 0 0.1134728720079822 0.05447947348661061 -0.10641140023529384 0.42516124082489326 1.9106927802105986 0.71755188297756
92 828 0 0 0 0.12041126338207342 0.049927697999650626 -0.10311238361666536 0.42655550405426573 1.9044097382692606 0.7189597036106329
93 837 0 0 0 0.11246304576338943 0.04910165788005294 -0.10275187100403861 0.41442104252674256 1.91080270421165 0.7070717798091923
94 846 0 0 0 0.12026078353932278 0.042001512268731195 -0.10132719559757777 0.4192389177306529 1.9004564549179213 0.7118779984191965
95 855 0 0 0 0.11063172066907337 0.03560562040421868 -0.09703269100177077 0.4163203844028424 1.9077203568065584 0.7091199745379718
96 864 0 0 0 0.12250951713461623 0.028225194191835647 -0.09788512325694392 0.42573328964352286 1.8918606126170834 0.7189197761436757
97 873 0 0 0 0.12264041845032805 0.02632020520956128 -0.10405333384010815 0.41971278280130453 1.8853018600414133 0.713079240090494
98 882 0 0 0 0.12597724256186202 0.035667484695601014 -0.10143262115488899 0.42263367620919967 1.8912612496241934 0.7155096747938805
99 891 0 0 0 0.12932227985960143 0.037174308205936396 -0.10376391243082958 0.4231191579403559 1.8874614536159793 0.7160078985011112
100 900 0 0 0 0.1254595677900262 0.040760140468104236 -0.10497610118398754 0.42233619511729925 1.8922102294864782 0.7150745739436632
101 909 0 0 0 0.125342243999469 0.042323576509273396 -0.10417964657027906 0.42065973537169943 1.8941636618093536 0.7133100159172824
102 918 0 0 0 0.12660399080307053 0.03641777525694609 -0.09838584640910641 0.424971781690602 1.8938286368214843 0.7178855418493586
103 927 0 0 0 0.12670988444641534 0.026226906677080084 -0.10125965431962078 0.42347303759206084 1.884122102424614 0.7166672117748502
104 936 0 0 0 0.12879668797754104 0.02012229476151142 -0.10140060277674956 0.4314194589652066 1.8779661426879233 0.7246808271597126
105 945 0 0 0 0.1309304608329229 0.024527835136408178 -0.10056246233883967 0.43204285899306105 1.8799729688211941 0.7250585684488319
106 954 0 0 0 0.1313964327770739 0.02853516151776616 -0.10012556085236586 0.43706950460532396 1.8828276482820838 0.7297628568540617
107 963 0 0 0 0.13207278442317955 0.0282608108893529 -0.10150817737147319 0.4488953050361166 1.8808631034214365 0.7412915991692367
108 972 0 0 0 0.12815471198541414 0.03285392004340181 -0.09922934451213627 0.4383335406744589 1.8892566277584106 0.7309216341916243
109 981 0 0 0 0.12690444464449535 0.038785268741144664 -0.09885090003251469 0.438539479242918 1.8947827188633268 0.730917035091751
110 990 0 0 0 0.12847582301196067 0.03301658899751295 -0.100439474489828 0.44816555550690895 1.88804085962826 0.740515697571212
111 999 0 0 0 0.12321925360845361 0.026740113459747944 -0.09745392240186504 0.4525701806304737 1.89055304895297 0.7449818314138565
112 1008 0 0 0 0.12392179734857317 0.035925695406235206 -0.10147859296555785 0.4425812631664542 1.8930830710969115 0.7350049447011611
113 1017 0 0 0 0.12653142912611373 0.0380676867674979 -0.10183721344527394 0.4465136390750846 1.8920901460399344 0.7389085321443227
114 1026 0 0 0 0.12540545085434626 0.03509494228987519 -0.09795506386750649 0.45051471677784316 1.8941583310339023 0.7430090132075162
115 1035 0 0 0 0.12619289418629967 0.030697509585674517 -0.09561048392676326 0.45611146292401494 1.892411957318992 0.7484903153898996
116 1044 0 0 0 0.12180538424079404 0.028567574067459824 -0.09594625872033083 0.45467474983159634 1.8942854246793983 0.7470787642020742
117 1053 0 0 0 0.1197722037610124 0.023687675129896273 -0.09693577880111931 0.45437940081605777 1.8917455127143155 0.7469232973532456
118 1062 0 0 0 0.12474408216661738 0.023489917327427706 -0.09444221172480508 0.4558008510084902 1.8895390829461474 0.7483500134666616
119 1071 0 0 0 0.12677752394005593 0.02837479437223198 -0.09600707148773088 0.4551773563464758 1.889949030833587 0.747710731460236
120 1080 0 0 0 0.12406273380400143 0.027623878980951092 -0.09456399325859254 0.454348315075614 1.8928779994054419 0.7469450527280665
121 1089 0 0 0 0.12174337238310928 0.031401166025296155 -0.09625283248483582 0.4507983268401688 1.8960578152214438 0.743355754826831
122 1098 0 0 0 0.11945384951949219 0.026943553101914472 -0.09506610685385938 0.4525518587201964 1.8958468557051713 0.7452293585746045
123 1107 0 0 0 0.1256446591405334 0.02273091963933435 -0.09126570128940384 0.45843010400089623 1.8909098446344788 0.7511328468683522
124 1116 0 0 0 0.12530781994300794 0.021096403868082817 -0.09129799964452126 0.46101991529171715 1.8899869792033008 0.753705874029498
125 1125 0 0 0 0.12598223531607913 0.02519895870456056 -0.09322955784008738 0.45570392198744286 1.8907129454436968 0.748384152503327
126 1134 0 0 0 0.12534269731898476 0.026821098411082343 -0.09222041811768075 0.45184433077656216 1.893216279699193 0.7445300869810351
127 1143 0 0 0 0.12336359905436277 0.028381217055993262 -0.09179009403234428 0.45617446266920103 1.8963535508462523 0.7486887349455257
128 1152 0 0 0 0.12337097909859407 0.03329405356677823 -0.09516689100217003 0.45216400527006095 1.8969299666642718 0.7446790500301834
129 1161 0 0 0 0.12358904991740746 0.03547581888052134 -0.09920791247277053 0.4496262783569103 1.8948804924303386 0.7421604750514932
130 1170 0 0 0 0.12396941359121799 0.03232477590971138 -0.09569862911147035 0.447193440176074 1.8952994903052318 0.7397831143897888
131 1179 0 0 0 0.12230163361635099 0.03233924909731664 -0.09779341772260652 0.4461485371784488 1.8949424838279574 0.7387162552917249
132 1188 0 0 0 0.11973513854060089 0.03430258807107419 -0.09803213447992469 0.4404476849611148 1.8982744795443842 0.7330876656552999
133 1197 0 0 0 0.12428772796049625 0.034986002413163776 -0.09777253030677896 0.44031025056130774 1.8951484577667241 0.7329530776870848
134 1206 0 0 0 0.12176917511472986 0.03319822450112868 -0.09914274770408227 0.4418318725489564 1.8948560316808345 0.7345161874973366
135 1215 0 0 0 0.12171990731568516 0.03416433885275835 -0.09935107600010619 0.44373499463099936 1.8953988595205173 0.7363260790756793
136 1224 0 0 0 0.12351574534024727 0.034735546687281633 -0.09893281949545969 0.44406215311998304 1.894646980491733 0.7366049514062112
137 1233 0 0 0 0.122818434621417 0.0367701500370212 -0.10006069990640051 0.4434815555890472 1.8957184451708624 0.7359842801490575
138 1242 0 0 0 0.12390050321705118 0.03513385498869851 -0.09855954852656677 0.4438470947296623 1.894919590438973 0.7363518342811312
139 1251 0 0 0 0.12446160912596844 0.03468694084278944 -0.0984091715785925 0.4422415181423006 1.8942632997362316 0.734790564598338
140 1260 0 0 0 0.12317745722708391 0.03404833654787423 -0.09893501724260528 0.44366508643863234 1.894457995769495 0.7362232698870399
141 1269 0 0 0 0.12393714838863262 0.0331450774465196 -0.09838870075890574 0.44510472654955896 1.8936544186932833 0.737678355136547
142 1278 0 0 0 0.12554346093408117 0.03338400988663521 -0.0968642992987999 0.44757627727420485 1.893764131856384 0.7401065151413992
143 1287 0 0 0 0.12543031229093965 0.033316068638611536 -0.09799735798153904 0.4493114218234779 1.8928664082220612 0.7418113036162013
144 1296 0 0 0 0.1242803889565032 0.03200496798177297 -0.09754950011164254 0.45080416064680556 1.8932930650627864 0.7433161727141929
145 1305 0 0 0 0.12324509469977062 0.03102935515612011 -0.09812302785941122 0.44855022994813465 1.8929929228898887 0.7411294225059609
146 1314 0 0 0 0.12374989735808097 0.03144555699830489 -0.09754132350736511 0.4456659491315834 1.8933413207814156 0.7382613949865081
147 1323 0 0 0 0.12477456724207076 0.03175235643542163 -0.09755938554832844 0.4462582731948257 1.8926751895165845 0.7388101078014672
148 1332 0 0 0 0.1257056311986538 0.03204736864639809 -0.09713459699161255 0.4474191069367378 1.892459087571596 0.7399538305634904
149 1341 0 0 0 0.12658083689072305 0.031575823196883776 -0.09698887840198567 0.4479779947920829 1.891525593445755 0.7405126910882598
150 1350 0 0 0 0.1268930981975664 0.03315733331208993 -0.09671668849421854 0.44820788401561285 1.892609128026961 0.7407048130650167
151 1359 0 0 0 0.12678435137531102 0.03260373994436718 -0.09650436443951203 0.4483324460191147 1.8924860194704198 0.7408362437025686
152 1368 0 0 0 0.1262792970975596 0.03139661591767485 -0.09650803157849536 0.44717239946092807 1.8920560800369675 0.7397264305322517
153 1377 0 0 0 0.12489398725191288 0.03184946406841096 -0.09677756729978289 0.4468845681511417 1.8933054572451242 0.7394427723882575
154 1386 0 0 0 0.1258759764252169 0.0323458339597462 -0.09617238636247633 0.44756710175096986 1.8933451354284672 0.7401010155466471
155 1395 0 0 0 0.12582424653594737 0.03346634055682351 -0.09688198864071428 0.4469538104245687 1.8935862093414377 0.7394688876338363
156 1404 0 0 0 0.12505315987475468 0.032437361598450856 -0.09670309449929526 0.44615213921302943 1.8936554637338983 0.7386992215425822
157 1413 0 0 0 0.12517387676842948 0.032919172179740344 -0.0970392166415711 0.44631864500779245 1.893609703927141 0.7388473203431939
158 1422 0 0 0 0.12468655126841649 0.03329131826207725 -0.09753547669729548 0.4472783162813398 1.8938709317847713 0.739787014374063
159 1431 0 0 0 0.12441770178530592 0.03397583184777665 -0.09804099806659484 0.44622047473850374 1.894146673609458 0.7387271771791849
160 1440 0 0 0 0.12439000374180462 0.03483326497491056 -0.09801947250494364 0.4463628217909874 1.894786907072376 0.7388395751984653
161 1449 0 0 0 0.12366960667747566 0.03484070350787916 -0.09863178647990888 0.445427169675161 1.8948800731138482 0.7379178878200108
162 1458 0 0 0 0.12343961440558802 0.03449219651052687 -0.0991895948040467 0.4460487252991544 1.894359267848163 0.7385351646031317
163 1467 0 0 0 0.12326717659417734 0.032926408067918765 -0.09865884778144154 0.4460062225122642 1.893846657679736 0.7385401741315095
164 1476 0 0 0 0.1235370924632076 0.033131128928904324 -0.09833586923004398 0.4472668367650723 1.8940387537684296 0.7397714006711946
165 1485 0 0 0 0.12313050637063469 0.03178543975570745 -0.09851042226197897 0.44739390789920586 1.8932911398620826 0.7399544699607954
166 1494 0 0 0 0.12234096578626398 0.03229216025074952 -0.09919522150054977 0.44724108228075254 1.893730617600535 0.739786943247501
167 1503 0 0 0 0.12185966601393103 0.03299513280236049 -0.0999224757243938 0.4483769051903184 1.8940265276065409 0.7408954240830818
168 1512 0 0 0 0.12154626708958083 0.03325811051580618 -0.09985425518147047 0.4486138687919672 1.894530543575972 0.7411170960322999
169 1521 0 0 0 0.12130987042450625 0.033297353203294265 -0.09960852718711471 0.4486094879514798 1.8949582372420375 0.7411106711740385
170 1530 0 0 0 0.12196151125440244 0.03181860661550187 -0.09852913005081786 0.44813235972774534 1.8942727571520057 0.7406776267369026
171 1539 0 0 0 0.12300927286668518 0.03115033666161661 -0.09728055588958759 0.44734760345882646 1.893966545659803 0.7399051699058824
172 1548 0 0 0 0.12226684088175649 0.03143466281601258 -0.09785581596735352 0.44825578857244863 1.894312240947446 0.740807073975854
173 1557 0 0 0 0.12154450015592931 0.030774433479919747 -0.09822913035098478 0.4487551367069367 1.8941391006126667 0.741333759913345
174 1566 0 0 0 0.12247051554174823 0.03206169189883813 -0.0975423100376009 0.447265457260475 1.8948371440436684 0.7398217116813962
175 1575 0 0 0 0.12157729358723027 0.03153926668410733 -0.09814218014303763 0.4469064510973921 1.8947082718372856 0.7394774267550875
176 1584 0 0 0 0.12110283305590933 0.030868601560275533 -0.09786321824966727 0.44758363785553995 1.8948604003285343 0.740148982049794
177 1593 0 0 0 0.12174054605738797 0.03085801377257529 -0.09675274883785223 0.44811062049577044 1.8952498366308237 0.7406585806978487
178 1602 0 0 0 0.1199193346297486 0.031094655454776327 -0.09861854011578765 0.4479614854504993 1.895383383979707 0.7405202665223294
179 1611 0 0 0 0.11845872600797884 0.03112433752786243 -0.10096609840955938 0.448887012990244 1.894665864139799 0.7414562288204103
180 1620 0 0 0 0.11838055601700964 0.030167831168673477 -0.1002978354706811 0.4489546957467583 1.8946159386581045 0.7415527713654583
181 1629 0 0 0 0.1174833749080648 0.029080209715199583 -0.10037281288349267 0.45151731211070484 1.8945339408784596 0.7440998461216216
182 1638 0 0 0 0.11863611982281419 0.029038111766416217 -0.09870874242135692 0.45089997665019504 1.8949241333881004 0.7434846997237803
183 1647 0 0 0 0.11679792903792835 0.027852833197161433 -0.09927489380847095 0.4531003633741362 1.8951648838141049 0.745699241302195
184 1656 0 0 0 0.11810795283573547 0.026752001203885 -0.09619185659199676 0.45340367737079046 1.8958515806120204 0.7460028531158325
185 1665 0 0 0 0.11894125600516064 0.02883286793549557 -0.09789220135484841 0.45016053299092335 1.8952010242951742 0.7427629799918483
186 1674 0 0 0 0.11815152965605882 0.029327610544616085 -0.09811175144490823 0.45126885035973047 1.8960205433301693 0.7438376578896116
187 1683 0 0 0 0.11700825918944747 0.02655763670174586 -0.09900355200650135 0.4532026371860036 1.8943007640944125 0.7458601135866468
188 1692 0 0 0 0.11579748645826902 0.028821562825675627 -0.09957349602001897 0.4511118750994311 1.8964059221705913 0.7437001640173205
189 1701 0 0 0 0.11741737778384485 0.02824453864499261 -0.09728420218335514 0.44969117716192397 1.8965510315400749 0.7422941476190622
190 1710 0 0 0 0.11696524369359768 0.029116150947126836 -0.09691121101408316 0.44867385671389626 1.8978403774063057 0.741245268333265
191 1719 0 0 0 0.118381187020326 0.031314065720204454 -0.09555022421542932 0.44691382261966556 1.8993322126845542 0.7394328872360966
192 1728 0 0 0 0.11644512550025178 0.030963942282332766 -0.09665396200759617 0.4491351736930117 1.8997782736489872 0.7416118726526423
193 1737 0 0 0 0.11774659145720391 0.031910253050547344 -0.09758359697431901 0.4486672910369048 1.8986106247256256 0.7411656867959955
194 1746 0 0 0 0.11739812280910676 0.03497883261790943 -0.09877604941262556 0.4483877349083305 1.9000705063570127 0.7408047387022898
195 1755 0 0 0 0.11799725280648923 0.03595515023803932 -0.09990007106877359 0.4497924887381648 1.8993327403393725 0.7421841851232766
196 1764 0 0 0 0.11781512530894594 0.03691955342626919 -0.10042213885813683 0.44819805823575376 1.8997135939396768 0.7405824481826415
197 1773 0 0 0 0.12001752650645743 0.04032648803580755 -0.09887168362721467 0.4434291818717072 1.9015476799753652 0.7357597828556519
198 1782 0 0 0 0.11855324032058044 0.038927440253984945 -0.1004110339120165 0.4431014160294404 1.9005010460343836 0.7355083162205042
199 1791 0 0 0 0.11845013819750119 0.040297843542706546 -0.099932994367559 0.4418849435860947 1.901954019283984 0.7342598738854805
200 1800 0 0 0 0.11650990986381067 0.03895870745902792 -0.10255766444938037 0.4447931151612796 1.9004589383800135 0.7371966727016613
201 1809 0 0 0 0.11447624522050365 0.03968039125650123 -0.1045924683065326 0.44706611411848785 1.9009779570443819 0.7394353232381832
202 1818 0 0 0 0.11579754291171696 0.04166978061886147 -0.10454439569224994 0.44559827994965456 1.9013233520419548 0.737948376232982
203 1827 0 0 0 0.11489455050463487 0.041496464866813625 -0.10680574623332546 0.4488337137281596 1.9000918807698277 0.7411703952946846
204 1836 0 0 0 0.11626013470369191 0.045204034334361994 -0.10740694777617864 0.446425180433067 1.9010720009402908 0.7386953398597182
205 1845 0 0 0 0.11681160552475857 0.04725136843475973 -0.10750678489165177 0.44351879018929397 1.9019524859746153 0.7357368315187129
206 1854 0 0 0 0.11772927850210994 0.04888334969003426 -0.10534346992704487 0.44233293327385903 1.904125540812503 0.7344890104396425
207 1863 0 0 0 0.11536277359717162 0.049653420804953136 -0.10979887681439156 0.44579449733275445 1.9029620055695449 0.7379081346585116
208 1872 0 0 0 0.11506666536234376 0.04688537921459806 -0.10710921800158768 0.44593562720642693 1.903477377353124 0.7380931854786585
209 1881 0 0 0 0.11550247232115073 0.04432811122144887 -0.10562645596728197 0.4469213383887196 1.9025531047147186 0.7391558267676365
210 1890 0 0 0 0.1172058938621879 0.041347503611419555 -0.10268777790005926 0.44717722099462265 1.901482052052882 0.7394788828347296
211 1899 0 0 0 0.11633225209456285 0.04205537281791866 -0.10363840035611518 0.44716476521130616 1.9019227394270883 0.7394578500250911
212 1908 0 0 0 0.11721923650790811 0.03987742233180119 -0.10054243732447521 0.44538648090519556 1.9022042559518246 0.7377269175261637
213 1917 0 0 0 0.11827756588200465 0.04070315131735136 -0.09955830093425903 0.44492669499525883 1.9027196648408053 0.7372495957916597
214 1926 0 0 0 0.11811818293449927 0.03880198368851113 -0.09966718272251858 0.4458116084467252 1.9014351542696382 0.7381989444471504
215 1935 0 0 0 0.11887059732992424 0.040673907443683606 -0.09870080773152473 0.444248574825968 1.9029227742064216 0.7365788724874269
216 1944 0 0 0 0.11884024671406242 0.04278300070252874 -0.10010539155076147 0.44373628486951405 1.9032690411054223 0.7360139761187291
217 1953 0 0 0 0.11646378889512786 0.04590971306362458 -0.10348320636621296 0.44259000452411457 1.9046303173631811 0.7347874341248343
218 1962 0 0 0 0.11705971419799267 0.04763595031441493 -0.10276516989003816 0.4406298291178902 1.9059330124258393 0.7327780246112859
219 1971 0 0 0 0.11777610659659499 0.049655547002753174 -0.10296524614496352 0.4389168037268342 1.9066068950330939 0.7310394501903223
220 1980 0 0 0 0.11947261858384176 0.05008301797726171 -0.10177510046528035 0.4386450021304052 1.9064902673364403 0.7307675924908357
221 1989 0 0 0 0.11950214213129631 0.05024422043384996 -0.10228306107519854 0.4385155884682481 1.9061584992829508 0.7306174573270442
222 1998 0 0 0 0.11900402671280827 0.05028238065215766 -0.10172230217995709 0.437483660250275 1.9070531708846181 0.7296002173873993
223 2007 0 0 0 0.12003560821001065 0.052202865590024496 -0.101731260539299 0.4374450928288111 1.9075503975901857 0.7295092727078528
224 2016 0 0 0 0.12077017070937773 0.05229124656964006 -0.10024346037644567 0.43569491417018186 1.9082320513899615 0.7277605340294734
225 2025 0 0 0 0.12003523139229953 0.05218989343839651 -0.09855764344274609 0.4335582870724386 1.9101475387061426 0.7256144702012923
226 2034 0 0 0 0.1199158258599118 0.05221129539222079 -0.09860970400679393 0.433794276499088 1.910222559581263 0.7258350251311307
227 2043 0 0 0 0.12167635752187361 0.05156452333661528 -0.09617109320891704 0.43155280183401123 1.910324994791037 0.7236338029803255
228 2052 0 0 0 0.1222121913716851 0.051080226225470135 -0.09684276945449435 0.432394565194022 1.9089878526127702 0.7245009938194521
229 2061 0 0 0 0.12150172317990035 0.05089950158056674 -0.09804831514649208 0.4328467404162093 1.908455007789663 0.7249634092815452
230 2070 0 0 0 0.12186227682422031 0.05187090929292559 -0.0977125819723895 0.43307179503091103 1.9091199980586182 0.7251617344409144
231 2079 0 0 0 0.12068258359777635 0.052567318202347925 -0.09813444489076036 0.43233573055820174 1.9102363305182137 0.7244093753721532
232 2088 0 0 0 0.12015539885964029 0.05064167928818707 -0.09766649626023606 0.431560248436771 1.9097008053601323 0.723690806908671
233 2097 0 0 0 0.1166270631132842 0.04886932166284224 -0.09995164816297458 0.43395794501342744 1.909479839677435 0.72611453930973
234 2106 0 0 0 0.11443611479325974 0.04893217888433145 -0.1029090215937523 0.4352505605422902 1.9088914474105818 0.7273962784541356
235 2115 0 0 0 0.11456279918026856 0.051153304091949195 -0.10479921607483916 0.4365112229110955 1.9087913424589908 0.7285972972690477
236 2124 0 0 0 0.11559249230259094 0.04994200086127421 -0.10342890413553549 0.4368091325483666 1.9082222627530774 0.7289238853737949
237 2133 0 0 0 0.11708218616814363 0.054200417797017106 -0.10354729778763151 0.4355306135849006 1.9098784274056777 0.7275139793363433
238 2142 0 0 0 0.11476990253236635 0.04967942613603821 -0.10360431678998835 0.4370627284755743 1.9085579579163927 0.7291510462075698
239 2151 0 0 0 0.11602767219137669 0.05009020715637187 -0.10255098129118641 0.436283024750202 1.908682554711128 0.7283610785386743
240 2160 0 0 0 0.11557153243171689 0.04856207842178563 -0.10126463974022658 0.4359486659020398 1.909046271104807 0.728058583652329
241 2169 0 0 0 0.11626235540788635 0.048488289564941896 -0.10004685311516863 0.4338128640391879 1.909435978703851 0.7259521131203233
242 2178 0 0 0 0.11636111849813251 0.048582298778440614 -0.10135592290551668 0.43511132405466435 1.9083425952746078 0.7272590377733814
243 2187 0 0 0 0.11737932246353044 0.05194525009510379 -0.10223887388154526 0.43486082404895565 1.9091299662143988 0.726920429044179
244 2196 0 0 0 0.11655770941518928 0.050466914545358274 -0.10177870141750171 0.4360718439986749 1.9091489539283484 0.7281400856202441
245 2205 0 0 0 0.11742042873790268 0.05226799991867987 -0.10254103197284545 0.43613282921094926 1.909083939127453 0.7281848491940461
246 2214 0 0 0 0.117894216489954 0.053696943909590476 -0.10281381856994709 0.4353428892149638 1.9094657259339416 0.7273680855424132
247 2223 0 0 0 0.1186531560943539 0.05148370258286133 -0.10125202510609875 0.4350518865088881 1.9085756875978135 0.7271471260769196
248 2232 0 0 0 0.12075398862317091 0.053206982853206505 -0.10014675686572957 0.4338208413228245 1.9089695066813754 0.7258865459563394
249 2241 0 0 0 0.12234991586477001 0.053411275002125023 -0.0996429905433839 0.43352575021305095 1.908210956683976 0.7255987430208457
250 2250 0 0 0 0.12295920242179789 0.053441388064746354 -0.09832122640756782 0.4327678545639631 1.9088258414869073 0.7248497635634541
251 2259 0 0 0 0.12102324760365785 0.052506322105713245 -0.09889663803050536 0.43409539491279064 1.9092866119065663 0.7261642930595467
252 2268 0 0 0 0.11968153905219525 0.0517880964555033 -0.1000079197891183 0.4352941567510541 1.9089783413298291 0.7273738566937358
253 2277 0 0 0 0.12043422083772387 0.051686626195103266 -0.09907770938410601 0.4341049292136933 1.909055561981957 0.7262092462359466
254 2286 0 0 0 0.11945504353739837 0.05169090772122661 -0.10038790800246424 0.4346485703745443 1.9087857390224288 0.7267484304161768
255 2295 0 0 0 0.11938314401881814 0.05138933763589451 -0.10082565151812631 0.4342939184833889 1.908264313527844 0.7264037750117955
256 2304 0 0 0 0.12042267299751933 0.051192319863789616 -0.10091702345199093 0.43385247295216034 1.9071893430928897 0.7259871602101629
257 2313 0 0 0 0.12196423974873273 0.053155664770630204 -0.0998498332919863 0.4332669167785156 1.908177222445695 0.7253499915737626
258 2322 0 0 0 0.12046704330685096 0.051818126507632775 -0.09971428494763304 0.43349589652146125 1.9085881605447714 0.7256126748426232
259 2331 0 0 0 0.11860502373379905 0.050578126112903014 -0.09993300416830264 0.43435253928731854 1.9090715169336692 0.7264870990467382
260 2340 0 0 0 0.11812349547098476 0.04930564676024897 -0.0995462168233176 0.434864125229699 1.9089000538219572 0.7270474564292866
261 2349 0 0 0 0.12004831394087051 0.05088751842676836 -0.09838315457767552 0.43315736927872445 1.9093808111254207 0.7253193121808948
262 2358 0 0 0 0.11813740723082591 0.04999151246277025 -0.09970405072349166 0.4341623643208219 1.9092326267219168 0.726325766395307
263 2367 0 0 0 0.1191332440541434 0.05145368135419515 -0.09832519344693545 0.43455164857094863 1.91057956961462 0.72666015062515
264 2376 0 0 0 0.11852780189002854 0.051809063155429685 -0.09742976574272155 0.4342492232079206 1.9120648359892305 0.7263334959444373
265 2385 0 0 0 0.11968144869750647 0.05050240540985306 -0.09767229681630066 0.433960986742302 1.9100030923838425 0.7261167874176081
266 2394 0 0 0 0.12238824425197711 0.052818991438093044 -0.09550763381344544 0.4330325321084628 1.911178361383139 0.7251196465390602
267 2403 0 0 0 0.12303377462313247 0.05528576012768674 -0.09609685950883079 0.4322323489936047 1.9118769665671171 0.7242452207982942
268 2412 0 0 0 0.12252499460065071 0.055552988563912574 -0.09685316766416535 0.4322997021282269 1.9118482024395023 0.7242867790926919
269 2421 0 0 0 0.12429306180165466 0.05569260619199642 -0.09543288005398178 0.43101675631139946 1.9116626929962655 0.7230283020079957
270 2430 0 0 0 0.12690705584235348 0.05715006957183595 -0.09302122017090984 0.4304949328234485 1.912520381348676 0.7224594581000109
271 2439 0 0 0 0.1271192663429548 0.05645982311199976 -0.0913966495822101 0.430927018707531 1.913206274783069 0.7228951624597258
272 2448 0 0 0 0.1290653332607317 0.057769128184922705 -0.09258423024961475 0.43009157055757263 1.9115360637505923 0.7220505096704725
273 2457 0 0 0 0.12922195188453023 0.05724529254913191 -0.0920752090145451 0.4294179620996032 1.911459335115962 0.7213967913951355
274 2466 0 0 0 0.12795747761332033 0.05686214259061253 -0.09287264018474757 0.43024525687206927 1.911578320677682 0.7222414296576608
275 2475 0 0 0 0.12725399572933427 0.0556076602266301 -0.09239736176802957 0.43068033232264663 1.911675449777437 0.7227000220466885
276 2484 0 0 0 0.12915975966934798 0.056553865753137075 -0.09201506342258778 0.42944294114805553 1.911081999513002 0.7214522478611894
277 2493 0 0 0 0.12832227844039862 0.05574927086823215 -0.09184224008107206 0.42997633607664326 1.9113569816076141 0.7220044052875849
278 2502 0 0 0 0.12688816572088252 0.054951209592316516 -0.0927850061330155 0.43066100968760646 1.9111979096019271 0.7227091898253524
279 2511 0 0 0 0.12684123028938565 0.054442174724547314 -0.09293515781155624 0.43123424689464956 1.9107575565467232 0.7232908703500935
280 2520 0 0 0 0.12617355032730773 0.05401535233787958 -0.0932845565076822 0.43169540042680676 1.9107244428682635 0.7237635114188166
281 2529 0 0 0 0.1271226380085762 0.054853453127837556 -0.09308202291925263 0.43129226609574767 1.910696191053283 0.7233412344291098
282 2538 0 0 0 0.12759197587412766 0.054397074160688806 -0.09274098557034752 0.43132422806671517 1.9102727101476307 0.7233902993665369
283 2547 0 0 0 0.12813785910572903 0.05515693056492513 -0.09269969886813302 0.4311642363616193 1.9103893462886845 0.7232120152232248
284 2556 0 0 0 0.12826739377650595 0.05479900050343678 -0.09224742978510368 0.43113982494293557 1.9104069518385953 0.723198715134449
285 2565 0 0 0 0.127759909908865 0.05520002414501239 -0.09231720029871665 0.4310362747781309 1.9110446868918904 0.7230740189342728
286 2574 0 0 0 0.12766571974676238 0.055436270468448554 -0.09241005508790173 0.4310030729323904 1.911209266386233 0.7230351042666333
287 2583 0 0 0 0.12933574619406532 0.05636777326500027 -0.09157425404616024 0.43042482913365976 1.9111752461100884 0.7224369244810264
288 2592 0 0 0 0.12830243783439974 0.056277769116630495 -0.09259720374320139 0.43052356970723826 1.9111171612423528 0.7225396940981091
289 2601 0 0 0 0.12844521522336053 0.05616070724269283 -0.09248827391026244 0.4304171915903429 1.9110082119613436 0.7224396856203423
290 2610 0 0 0 0.12770004878498248 0.05569993169153665 -0.09292686549406118 0.43074063818593267 1.9109379299576144 0.7227722005153319
291 2619 0 0 0 0.1272316489803782 0.05568487308721577 -0.0932292453265938 0.43094247199956626 1.9110639290530202 0.7229730489395287
292 2628 0 0 0 0.1271403290147203 0.05570239772417947 -0.0934772876378864 0.4307460246045402 1.9109466925679197 0.7227792562492115
293 2637 0 0 0 0.1270229199022989 0.05568339802187349 -0.09334529782199383 0.43081081354360035 1.9111377236668914 0.722843374196734
294 2646 0 0 0 0.12593676710167417 0.05521163260215513 -0.0942467100569149 0.43090001590283855 1.9109587070258398 0.7229473146601958
295 2655 0 0 0 0.12626126718812808 0.05500463188540132 -0.09378129495273159 0.4308776518063844 1.910929538337441 0.7229288215096188
296 2664 0 0 0 0.12606583356110643 0.055115697776048155 -0.0938863578389798 0.4305614651540186 1.911079591236108 0.7226132719946496
297 2673 0 0 0 0.12640033019132965 0.05511950251365193 -0.09366594657522936 0.43038505091818074 1.9109878644921388 0.7224384121287042
298 2682 0 0 0 0.12672236797113728 0.0553013799801295 -0.09364693598188231 0.4303670069999085 1.9108686028772297 0.7224171507703367
299 2691 0 0 0 0.12665498150373522 0.05523797239437453 -0.0938894686782645 0.4303969515126207 1.9106795965525996 0.7224512426807543
300 2700 0 0 0 0.12676077717760398 0.05532866344970655 -0.0941901819183306 0.4304045983757818 1.9104080482208334 0.7224585867513411
301 2709 0 0 0 0.1262177532162521 0.05496757598235168 -0.09456797036361955 0.4304529290351843 1.910290333746743 0.7225192012221925
302 2718 0 0 0 0.12694405507209905 0.05530959683443888 -0.0941783956194584 0.43034647234623014 1.910254686510072 0.7224031914739232
303 2727 0 0 0 0.12688609700429446 0.05520481638548485 -0.09399532642871053 0.4302383660105421 1.9103791336684426 0.722298454836165
304 2736 0 0 0 0.12734625081312118 0.05542316718541521 -0.09358156646365352 0.430090086844933 1.9104942870481696 0.7221426901396168
305 2745 0 0 0 0.12764430650737524 0.055564652357715044 -0.09336494145263119 0.43007483582484557 1.910527003501538 0.7221244863687463
306 2754 0 0 0 0.1278973036697463 0.05565426016406367 -0.093285473945249 0.430098983090003 1.9104481514229665 0.7221459036530851
307 2763 0 0 0 0.1279911186297114 0.05574534609278012 -0.09324003735281014 0.43015684224516276 1.9104730475200582 0.7222005422145548
308 2772 0 0 0 0.1280981963161412 0.055812068982638546 -0.09310637574348854 0.4302081600501798 1.910541571593186 0.7222489918396459
309 2781 0 0 0 0.12816341250404967 0.055855587226799536 -0.09284327109388196 0.4303487569967385 1.9107362758995243 0.7223855263227359
310 2790 0 0 0 0.12833772494068812 0.05598735512502502 -0.09271590819422759 0.4301771884483331 1.9107892609153432 0.722212126473062
311 2799 0 0 0 0.12859334577506507 0.05608608598750159 -0.09250853795074193 0.4299952458711765 1.9108182033580992 0.7220278153448416
312 2808 0 0 0 0.12844280844665826 0.05600482312402289 -0.09269114029987552 0.43008348313454386 1.9107346669206187 0.722117602427743
313 2817 0 0 0 0.12874464974675745 0.056117054157103496 -0.09252582385601708 0.4299730397321063 1.9107009295575992 0.7220044722237483
314 2826 0 0 0 0.12875681809793918 0.05610479642441401 -0.09253719428918455 0.43007387026750427 1.9106732960573527 0.7221053725599542
315 2835 0 0 0 0.12858414635009963 0.05598548165809547 -0.09277304864521109 0.4300726736825388 1.9105377018393583 0.7221080942811635
316 2844 0 0 0 0.12837584659025364 0.055901254676078926 -0.09298963718581493 0.4301816573209189 1.9104720679380471 0.7222187345356035
317 2853 0 0 0 0.1284126222314999 0.055935364901218074 -0.0929187509300919 0.43013086441536896 1.9105236227334708 0.7221666033151678
318 2862 0 0 0 0.12861108861557424 0.055996159164811515 -0.09283387762925165 0.4301017650084001 1.9104731890682092 0.7221344686323747
319 2871 0 0 0 0.12830672711942973 0.05581690566648323 -0.09303617381233784 0.43015106762261085 1.9104303907677664 0.722189471204739
320 2880 0 0 0 0.1281327369209514 0.055723163500045615 -0.09325463481036211 0.4302765223087803 1.9103288938678833 0.7223189140320525
321 2889 0 0 0 0.12765844186340441 0.0554763411547696 -0.093849226760244 0.43046687909050435 1.9100561854107014 0.7225179610396305
322 2898 0 0 0 0.12728212761891722 0.055280988403591205 -0.09420129606541694 0.43060495151498535 1.9099392965060584 0.7226635002436586
323 2907 0 0 0 0.12765768843231778 0.05536487793403531 -0.09395657850113376 0.4303777721645403 1.9098899970861827 0.7224377573204096
324 2916 0 0 0 0.12633594795159525 0.054788202714244214 -0.09498861449210536 0.43079115255795297 1.9097223205760536 0.7228688239685385
325 2925 0 0 0 0.1262952306853294 0.054802971951496485 -0.09511559546292855 0.43100217995526213 1.9096628240150801 0.723078315491642
326 2934 0 0 0 0.12693695970154528 0.055128965088871176 -0.09450698440938711 0.43080483393670677 1.9098652903125273 0.7228707627487888
327 2943 0 0 0 0.12675400366646322 0.055121222031844136 -0.09451227056118831 0.43084174753798854 1.910005612343985 0.7229072768386076
328 2952 0 0 0 0.12697138991823315 0.05522975845540654 -0.09422597353203846 0.43064149011742797 1.9101371906058657 0.7227055269976503
329 2961 0 0 0 0.12735988865366502 0.055415229697055174 -0.09377083306331052 0.4303037574359625 1.9103209759788493 0.7223620124448235
330 2970 0 0 0 0.1275979840109052 0.05550259997909073 -0.09365842721963892 0.43012430958647874 1.9102778283876236 0.7221819077622943
331 2979 0 0 0 0.12746940784890248 0.055439020808282544 -0.09360562120085344 0.42999419818385626 1.910381558444329 0.7220546040739211
332 2988 0 0 0 0.12705672392987655 0.05529691569801182 -0.0939486906290051 0.430342324498876 1.9103402653017882 0.7224043386523165
333 2997 0 0 0 0.12704391190870512 0.055374936410748025 -0.0936823471345985 0.43019698395266215 1.9106246137729574 0.7222560282922481
334 3006 0 0 0 0.12714571170021194 0.05536133844915723 -0.09369951107902233 0.43013551660715527 1.9105178091207609 0.7221971774179414
335 3015 0 0 0 0.12668557263782473 0.05522594620640153 -0.09391827648677019 0.43030045929753435 1.9106220347669782 0.7223643657838468
336 3024 0 0 0 0.12603518397342392 0.05498792876515584 -0.09423176957919381 0.430433346026539 1.9107322421000685 0.7225035753135881
337 3033 0 0 0 0.12575728746683723 0.054860836049436534 -0.09460688652152767 0.43070561593338824 1.9105635109129526 0.722780449589133
338 3042 0 0 0 0.12555068959813662 0.05480502479089418 -0.09468503470109406 0.4308541718703993 1.910630026279918 0.722928210645029
339 3051 0 0 0 0.12559720844930172 0.054830701238751854 -0.09461305053425105 0.43078329246454694 1.9106684727166245 0.7228577295636831
340 3060 0 0 0 0.12566004053774235 0.054905445578345986 -0.09435438038848859 0.4305592211596563 1.910880552915588 0.7226315282371721
341 3069 0 0 0 0.12561568109337895 0.05484257447624094 -0.09448495126738536 0.43059844998163366 1.9107644858994106 0.7226728009311348
342 3078 0 0 0 0.12568931581045675 0.05487787358391816 -0.0945152117611135 0.43075896768412597 1.9107052018791126 0.7228313764654063
343 3087 0 0 0 0.12602901854421436 0.055012478191634025 -0.09429325775869848 0.4306045099474542 1.9107023607640385 0.7226739043944398
344 3096 0 0 0 0.12635272789785346 0.05516139971167099 -0.0940994495286196 0.430656993023741 1.9107009589660484 0.7227210537001199
345 3105 0 0 0 0.1265061955350641 0.05521748065461562 -0.09401019263128117 0.43056067401153014 1.9106878132740759 0.7226248205104377
346 3114 0 0 0 0.12637158561816195 0.05517009888267192 -0.09403364537213939 0.4305208320725707 1.9107463434385683 0.72258653346096
347 3123 0 0 0 0.1261933899176374 0.0551088508741676 -0.09403495267205647 0.4304058263058993 1.9108488750476842 0.7224740841465417
348 3132 0 0 0 0.12627551013806285 0.0551220250019383 -0.09387400882656605 0.43018129629251817 1.9109216162724623 0.7222514703614767
349 3141 0 0 0 0.12651732414707856 0.05522438838730433 -0.0937307296784294 0.4301523876003525 1.9109127132165118 0.7222184759814458
350 3150 0 0 0 0.1263022556425495 0.0551402879935643 -0.09391718237744115 0.4302479169956675 1.9108769075782885 0.72231637750598
351 3159 0 0 0 0.126187624216536 0.055031205880675005 -0.09409097717731271 0.4302090748342203 1.9107503003237942 0.7222831972714562
352 3168 0 0 0 0.12578704519523845 0.05484872040125752 -0.094498118096838 0.43047233152719216 1.9106187519941997 0.7225513858117408
353 3177 0 0 0 0.1259651618717483 0.054924893239420396 -0.09435712099188973 0.4303807375396671 1.9106412888216557 0.7224583568370649
354 3186 0 0 0 0.12576661914086879 0.054822684962545006 -0.09455472714675156 0.4304583801626026 1.9105701270649784 0.7225392816020353
355 3195 0 0 0 0.12568848964298066 0.05476608404142008 -0.09472126807717351 0.43059136982877316 1.9104577190802896 0.7226731507354599
356 3204 0 0 0 0.12549369691842865 0.05469519028639189 -0.09481245447357442 0.43060776759671804 1.9104919878551068 0.722690552287198
357 3213 0 0 0 0.12562901479001123 0.054781496564891015 -0.09467900693686752 0.43060822406678617 1.910551182599697 0.7226873691803257
358 3222 0 0 0 0.12568501158993547 0.0548090458291278 -0.09460560985654703 0.4305542596383016 1.9105851426852352 0.722633155852474
359 3231 0 0 0 0.1255251547524863 0.054753800381170815 -0.09471280017722505 0.43064248314789905 1.9105899400725412 0.7227218408492165
360 3240 0 0 0 0.12569393787063612 0.05484688344955387 -0.09457043484285943 0.4306460054886091 1.9106334581715076 0.7227213202223641
361 3249 0 0 0 0.12576113019826038 0.05484053354022788 -0.09460208118282391 0.4306101690312746 1.9105474144760493 0.7226867645716769
362 3258 0 0 0 0.12576027193980338 0.0548215853024632 -0.09467266224497435 0.43066217568625403 1.9104769455861073 0.7227394092869681
363 3267 0 0 0 0.12577194237779749 0.05483416672109116 -0.09465512958143067 0.43067268872179565 1.9104911302005072 0.7227497784576896
364 3276 0 0 0 0.12577800525201382 0.05484059786550105 -0.09466311683615049 0.4307022320108961 1.9104841486396706 0.7227793019119819
365 3285 0 0 0 0.12556286887401788 0.0547457283597641 -0.0948150127310415 0.4307519769461949 1.910469262972749 0.7228316817717276
366 3294 0 0 0 0.12566837570611206 0.054820382292927614 -0.09468831675828673 0.4307659253394783 1.9105389183853856 0.7228419149307489
367 3303 0 0 0 0.12555096957266626 0.054772136745447696 -0.0947353016764418 0.43074789267890295 1.9105632435286708 0.7228259817211508
368 3312 0 0 0 0.1257237310960142 0.05486860858297882 -0.0945634411784361 0.43070937601259757 1.9106307841278956 0.7227842996875545
369 3321 0 0 0 0.1256815326275249 0.05487083857388507 -0.09458117147055191 0.4307973197691534 1.9106528041644522 0.722870966373174
370 3330 0 0 0 0.12586106620897214 0.054951382712007134 -0.09446727988182792 0.43077798819621754 1.9106552471426177 0.7228490955249051
371 3339 0 0 0 0.12599396142474611 0.05502258355627446 -0.09438046966524634 0.4308216975426498 1.9106677460036219 0.7228897948528645
372 3348 0 0 0 0.12579706515566225 0.05491133167943743 -0.09457107445977124 0.4308492160435267 1.9105940675022621 0.7229210842447127
373 3357 0 0 0 0.12593464619800063 0.05498108459324249 -0.09446929043176841 0.43085092570169403 1.9106133965283025 0.722919950258075
374 3366 0 0 0 0.12598882911545908 0.054962407925359225 -0.09449498722823009 0.43075911042421483 1.9105333495458743 0.7228298876978005
375 3375 0 0 0 0.1259773553144625 0.054974178767292034 -0.09451647636697752 0.43086770111312117 1.910533362587114 0.7229367743332092
376 3384 0 0 0 0.12610256103737388 0.05507810347228036 -0.09432539831670342 0.43087254704297173 1.9106613279074267 0.7229370418062343
377 3393 0 0 0 0.1260742370443105 0.05507237676768842 -0.09429221290399589 0.4308157792115965 1.910708036571358 0.7228811617868963
378 3402 0 0 0 0.12598025082214256 0.0550154874118591 -0.09442606233327878 0.430891922615947 1.9106350751583583 0.7229587698190435
379 3411 0 0 0 0.12603361998993465 0.05504566426636879 -0.0944363395473189 0.4310006007888006 1.9106046547029183 0.723065913281098
380 3420 0 0 0 0.1261748509813508 0.05512556374944554 -0.09428656857134683 0.4309574473038377 1.9106676388657202 0.723020210280384
381 3429 0 0 0 0.12626153147695615 0.05521084135135813 -0.09414245781345468 0.4310075364676582 1.9107753945941 0.7230657832337982
382 3438 0 0 0 0.1262469886257151 0.055227419566482444 -0.09411843030769146 0.4310536181932183 1.9108191383150888 0.7231104680873202
383 3447 0 0 0 0.1262596992568722 0.05526211035190272 -0.0940674643956471 0.43111608692278514 1.9108749263063478 0.7231708137574795
384 3456 0 0 0 0.1260928811782498 0.05522554548633056 -0.09413428252443068 0.43123956580878336 1.9109325707538296 0.7232946222051122
385 3465 0 0 0 0.12608022039720168 0.055287161778908904 -0.09402874609959425 0.4313507783276304 1.9110737115775476 0.7234019606215228
386 3474 0 0 0 0.1263051996524534 0.05552704351906038 -0.09363334430774231 0.43151892264875213 1.9113840118851058 0.7235583616429474
387 3483 0 0 0 0.1268644194348874 0.05594921043612382 -0.09303134600232466 0.4318542296832996 1.9117168005891794 0.7238732606471077
388 3492 0 0 0 0.1274791958526533 0.056491297668819475 -0.09222103752358006 0.43231390337919157 1.9122625380409066 0.7243069352274176
389 3501 0 0 0 0.12738630549768162 0.056478043019627916 -0.09229561660905478 0.4324979267766395 1.912268234659282 0.7244911720069286
390 3510 0 0 0 0.1290820431527671 0.057718639095709096 -0.09042621824981727 0.4332147795862321 1.9132870049630677 0.7251492804261469
391 3519 0 0 0 0.12946958450874088 0.05808900245238861 -0.08998352896981907 0.4337888050421266 1.9135930862835202 0.7257031388509181
392 3528 0 0 0 0.1297476875168612 0.058106210323041196 -0.08992282962327508 0.4334467977903486 1.9134214025847434 0.7253642279565937
393 3537 0 0 0 0.13008858286146652 0.05836040570495389 -0.08977643512728112 0.43402567696325445 1.913440387694453 0.7259266096514987
394 3546 0 0 0 0.13207891733174118 0.05974930725993107 -0.08767654460541777 0.4347272912610243 1.914509633657423 0.7265663069952717
395 3555 0 0 0 0.13392373895453294 0.06111802389691984 -0.08593834875343435 0.4361499672032681 1.9153853997087615 0.727919842882362
396 3564 0 0 0 0.13411283554980868 0.06141645541424243 -0.08551428124239428 0.43660349583186414 1.915788560190912 0.7283515903690392
397 3573 0 0 0 0.13556542391099097 0.062285910171617324 -0.08419195539796445 0.43681730787430906 1.9162958706342328 0.7285325466675273
398 3582 0 0 0 0.13535271528870055 0.06197871106626195 -0.08467374750906365 0.43648531200979546 1.9158543067686462 0.7282138610835724
399 3591 0 0 0 0.13567878961086643 0.06241510181164756 -0.08404622523830058 0.4370433160766388 1.9164120006158991 0.7287475024114254
400 3600 0 0 0 0.1354252894396375 0.06203113295622895 -0.08478211021573258 0.43681859275963375 1.9157429498962113 0.7285461919681974
401 3609 0 0 0 0.13635072282267244 0.06244133209389158 -0.08430674798315252 0.4369803307619257 1.9156596138196793 0.7286957074674415
402 3618 0 0 0 0.13668431485415095 0.06290091065766693 -0.08351246944219734 0.4373622382030373 1.916365702276952 0.7290529131413663
403 3627 0 0 0 0.1363227776511161 0.0629607886412958 -0.08328341746527346 0.4375857240811545 1.9168988669334792 0.72927065025716
404 3636 0 0 0 0.13783037095416203 0.06394613543810046 -0.08184365209684642 0.4380680744788313 1.9175381902006172 0.7297088866765847
405 3645 0 0 0 0.13832524205481778 0.0642484240807417 -0.08138563179678134 0.43815699756647386 1.9177234905217264 0.7297853129211016
406 3654 0 0 0 0.13942901231119256 0.06524169220059033 -0.07984738573198472 0.4388837678693055 1.9187861571089189 0.7304652804483356
407 3663 0 0 0 0.13984694650713195 0.06564799008042073 -0.07924219378830955 0.43925506839356754 1.9192308960419944 0.7308191133665183
408 3672 0 0 0 0.13981852369909162 0.06579579365062717 -0.07901680211934396 0.4395772884786226 1.9195446282866842 0.7311305958996099
409 3681 0 0 0 0.14010920571563582 0.06644256603529444 -0.07784610973612172 0.44016563577221435 1.9207315536442386 0.7316809999613039
410 3690 0 0 0 0.14079265072275815 0.06654059613800517 -0.07780519412705755 0.4398799461769492 1.9202692335654925 0.7313965079583027
411 3699 0 0 0 0.1403954801799966 0.06620790416373769 -0.07835685248524292 0.4397142721604711 1.9199048152055678 0.7312474428538698
412 3708 0 0 0 0.14029944551706966 0.06586208412474141 -0.07903963879167207 0.4394347681296281 1.9191748715516872 0.7309875253623039
413 3717 0 0 0 0.14092148158168274 0.06636277854410105 -0.07841131710850933 0.4399992673570466 1.9195335261754303 0.731525888952734
414 3726 0 0 0 0.14088357270663932 0.06651129033371522 -0.07813677419095064 0.44023637960380585 1.9199007704468543 0.73175689215982
415 3735 0 0 0 0.14103253396069523 0.06652925751133702 -0.07823753946237334 0.4403547436926139 1.919705457785443 0.7318742520073814
416 3744 0 0 0 0.14170518916963573 0.06702528603930023 -0.07754994348388404 0.4407469389365364 1.9200708424714064 0.7322485212377978
417 3753 0 0 0 0.14121873063940926 0.06665363382033677 -0.0781657004126252 0.4406003433218003 1.9197016282592614 0.7321195368053703
418 3762 0 0 0 0.14210023395768803 0.06718553898881854 -0.07751819919023771 0.4410433243365677 1.9198838078992388 0.7325356920946412
419 3771 0 0 0 0.14232549633770347 0.06740333342316586 -0.07717818076813207 0.4412068348926167 1.9201344981724378 0.7326899268781475
420 3780 0 0 0 0.14163277946509234 0.06704528489917108 -0.07754905948947885 0.4409033160367666 1.9201484869502286 0.7324022007571828
421 3789 0 0 0 0.1418971168914495 0.06698914389175564 -0.07777279539666279 0.44077889656393865 1.9197059148061528 0.7322837026194513
422 3798 0 0 0 0.14145806922468174 0.06682183440596318 -0.07795403738525408 0.4407689083487728 1.9198013858320921 0.7322796737133124
423 3807 0 0 0 0.14187678484613553 0.06718367494142177 -0.07749243844366291 0.44119343368224107 1.9200946678531627 0.7326894298582285
424 3816 0 0 0 0.14224193871369606 0.0674457066335968 -0.07712298874216542 0.4413745204972511 1.92028367097973 0.7328602695262586
425 3825 0 0 0 0.14329289390627736 0.06819892783714276 -0.07610792006887086 0.4420058398696049 1.9207892204695685 0.7334591357877824
426 3834 0 0 0 0.14359676924840076 0.06850579156587637 -0.0756575671124015 0.4423156751301281 1.921126924723989 0.7337530362788756
427 3843 0 0 0 0.1436526864507184 0.06854619760692834 -0.0756790665847069 0.44248812874043597 1.921094780208383 0.7339260968843738
428 3852 0 0 0 0.1433398993943496 0.06829134093701907 -0.07598366949282287 0.44215405417653225 1.9209190302279164 0.7336031754958665
429 3861 0 0 0 0.14478046292680896 0.06943964080974786 -0.07433128635467684 0.443094952556467 1.9219046398747992 0.734490356925292
430 3870 0 0 0 0.1438184320671552 0.06871883777932422 -0.07526344041528561 0.442380658947758 1.9214199485893433 0.7338074316463726
431 3879 0 0 0 0.14323892016570308 0.0682033075964234 -0.07613667667039895 0.44213292186828085 1.9208127582530095 0.733584848063108
432 3888 0 0 0 0.14450791370891325 0.06917766010290606 -0.07468752607783533 0.4427961449647296 1.9216522508164573 0.7342053301337967
433 3897 0 0 0 0.14529322006538398 0.0697548503008364 -0.07389846339999198 0.4432757298131145 1.9220623821408023 0.7346583902328975
434 3906 0 0 0 0.14555599553437026 0.06996232549880739 -0.07359045936808387 0.44342867589808704 1.9222462177740218 0.7348029286663383
435 3915 0 0 0 0.14585743334127463 0.07024541884620022 -0.0731414942679576 0.44364045367665395 1.9225673843451527 0.7350007719640266
436 3924 0 0 0 0.1458064400031811 0.07019529992598024 -0.07325791137083533 0.44366167434699305 1.9224798674089043 0.7350249107315753
437 3933 0 0 0 0.1464594231914528 0.07068300266792207 -0.07255481626076181 0.44401545889130134 1.9228671970889784 0.7353583013509021
438 3942 0 0 0 0.14688516904866222 0.0709774346651079 -0.07212789657857507 0.44419505246389396 1.923076672968236 0.7355247128309796
439 3951 0 0 0 0.14724681024926367 0.0712454815923752 -0.071730806426928 0.444370949194827 1.9232943509425822 0.7356875444571841
440 3960 0 0 0 0.14712439785768636 0.07113523036279856 -0.07188848009470522 0.44426682252875266 1.9231876063629265 0.7355894467788894
441 3969 0 0 0 0.14689249926340944 0.07095554272387702 -0.07210755268090281 0.44406076031870034 1.9230716544749196 0.7353923207478316
442 3978 0 0 0 0.14742678356842562 0.07142185662512102 -0.07141057746724548 0.4444392438839878 1.923538092005649 0.7357503902082394
443 3987 0 0 0 0.14733679286016843 0.07143333216806466 -0.0713541388318734 0.44447444844490136 1.9236681589817473 0.7357846997714934
444 3996 0 0 0 0.14728004383954438 0.07135978536628684 -0.07146958527998748 0.4444035036158145 1.9235663384014554 0.7357186587064941
445 4005 0 0 0 0.1482350860736014 0.07211903339758363 -0.07034070983835612 0.4449525825627859 1.924248672279451 0.7362345746085381
446 4014 0 0 0 0.14753133390132733 0.07163634170543122 -0.07104029578661089 0.4446604414519327 1.9239100201131687 0.7359648443077567
447 4023 0 0 0 0.14758604331949368 0.07168201543859698 -0.07104314403200072 0.4448178573935184 1.9238939384563642 0.7361216906407395
448 4032 0 0 0 0.1485318293162473 0.07244725495841639 -0.06993898785327693 0.44544401529510025 1.924566673097809 0.7367148021336754
449 4041 0 0 0 0.14862249152586277 0.0726038797684433 -0.06966456943927612 0.4455830598049507 1.9248317026689203 0.736850663249735
450 4050 0 0 0 0.14982208323201848 0.07356236661174778 -0.06830010185757235 0.44639323161466193 1.9256501958504288 0.7376230565865965
451 4059 0 0 0 0.14949992981497895 0.07322210362739609 -0.06885341482005833 0.44612624451071436 1.9252176521678126 0.7373738944167775
452 4068 0 0 0 0.1504462040853185 0.07399583588667984 -0.06777979665266815 0.4468421063037416 1.9258739172142965 0.7380570903908509
453 4077 0 0 0 0.1502092605367065 0.07383600195087829 -0.06800456669320211 0.44673989739610304 1.925767586985253 0.7379630928439496
454 4086 0 0 0 0.15119749669617769 0.07466817770936399 -0.0668912713353503 0.44760383529163755 1.9264635332464528 0.7387986509288694
455 4095 0 0 0 0.15184601592632024 0.07537946363419186 -0.0659307136822049 0.4485096788645309 1.9272278485491856 0.7396760424154506
456 4104 0 0 0 0.15171362300267877 0.07507097968165295 -0.06653938813508799 0.44831024326635843 1.9266126785621445 0.7394910893290199
457 4113 0 0 0 0.1526252320724418 0.07593488346593763 -0.06540440747661563 0.44934957859054103 1.927412346788775 0.7404993613354085
458 4122 0 0 0 0.15168983317455428 0.07520899725358417 -0.06629202859845258 0.44851357986060275 1.9269370426680714 0.7396907594278859
459 4131 0 0 0 0.15319267961093488 0.07623256947982367 -0.06515397296559276 0.44970986691739373 1.9273606966401884 0.7408488251285865
460 4140 0 0 0 0.1546443108640944 0.0776016368523782 -0.06310834995321801 0.4509320975009866 1.9288301173825189 0.7420198993766761
461 4149 0 0 0 0.15284407493001542 0.07617662706129766 -0.06498308989972777 0.4494964500596897 1.9277516461015987 0.7406395163044267
462 4158 0 0 0 0.1524681871837568 0.07589587339979331 -0.06536227436151053 0.44924990350582417 1.927550670798434 0.7404020948765483
463 4167 0 0 0 0.15236294688926716 0.07581176996012581 -0.06545963476756485 0.4491391420948947 1.9274956208147165 0.74029431590609
464 4176 0 0 0 0.15214973148709215 0.07572647143919836 -0.06546586672030003 0.44896611610410836 1.927606667455154 0.7401231431696818
465 4185 0 0 0 0.15278992290513957 0.07619786591292961 -0.064833492764759 0.4493789282133135 1.9279346055047093 0.7405178337089298
466 4194 0 0 0 0.15347740804419013 0.0768682058124633 -0.0638008909316476 0.4499445299797601 1.928698041283453 0.7410516544183265
467 4203 0 0 0 0.15234451285792014 0.07586650006863492 -0.06531569075227137 0.4491469084463193 1.927672415571116 0.7403033969990489
468 4212 0 0 0 0.15204409832618668 0.07565743285112872 -0.06553866775585963 0.4488818478858115 1.92758629004979 0.7400414077572871
469 4221 0 0 0 0.1523599160724504 0.07591692131185397 -0.06514590378591485 0.4490654256468716 1.9278348133544294 0.7402145621809695
470 4230 0 0 0 0.15274571730064979 0.0762602679052611 -0.06464414469209842 0.4493727974191159 1.9281745095274856 0.7405065062974645
471 4239 0 0 0 0.15248242993226224 0.07604660582587333 -0.06493443866468662 0.44916519663214755 1.9279996532881187 0.7403063988952464
472 4248 0 0 0 0.1527504795985964 0.07626093059990924 -0.06463973825971861 0.44936199805394045 1.9281744540220016 0.7404961822368589
473 4257 0 0 0 0.15264563792217595 0.07619311210691064 -0.06469822144423718 0.4492579997272246 1.9281659672185845 0.7403969278482904
474 4266 0 0 0 0.1528320281490849 0.07632056922263757 -0.0644968636627305 0.4493061081346692 1.928269031206098 0.7404394883411917
475 4275 0 0 0 0.15272012017133657 0.07625608809391035 -0.06452075898656384 0.4491644674503524 1.9282976955923739 0.7403031118324426
476 4284 0 0 0 0.1528359780447348 0.07644598120919721 -0.06417256547469405 0.44929976833243507 1.9286274714211311 0.7404352634881459
477 4293 0 0 0 0.15302975081430828 0.0766491137913997 -0.06374651592562659 0.44929149806104623 1.928966700275609 0.7404210708439641
478 4302 0 0 0 0.152976347297085 0.07665050107497853 -0.06371949900767054 0.44929702942631256 1.9290378446340208 0.7404323298493478
479 4311 0 0 0 0.15320416724387062 0.076771867216946 -0.06354128651691093 0.4493213294938196 1.929083175834997 0.7404505424065182
480 4320 0 0 0 0.15274916149732834 0.07643690086253825 -0.06400191456561276 0.4490453041806774 1.9288405275239926 0.7401859917563003
481 4329 0 0 0 0.15259750151073054 0.07628468635118044 -0.0642233283841079 0.44889117341043416 1.9286731561634092 0.7400383246404031
482 4338 0 0 0 0.15260212807261336 0.07641789269264168 -0.06393440896301869 0.4489793098070943 1.9290045942265492 0.7401191600603488
483 4347 0 0 0 0.1519457681828703 0.07594562791696335 -0.0645715746004981 0.4485839525332993 1.9286865364713413 0.7397482597537344
484 4356 0 0 0 0.1520268602790452 0.07597993436556873 -0.0645020218691208 0.4485415618305618 1.9287026190587273 0.7397043895795958
485 4365 0 0 0 0.15174622079652827 0.07578607712719648 -0.06473512229978022 0.44834083557475446 1.928604113466316 0.7395120955541903
486 4374 0 0 0 0.1512803236647865 0.07545979581044293 -0.06509196115452547 0.44793597643732397 1.9284643518186433 0.7391236077405549
487 4383 0 0 0 0.15094652545918413 0.07526079721625617 -0.06526937742744893 0.4476650464783834 1.9284539305985975 0.7388613149717145
488 4392 0 0 0 0.15089230957365232 0.07519579447208673 -0.0654493748150149 0.44773522424430545 1.928302782121025 0.7389359426010383
489 4401 0 0 0 0.15156708553563555 0.07577903097870793 -0.06457487659871804 0.4481972574708445 1.9288834227690705 0.7393726772417561
490 4410 0 0 0 0.15138232090232484 0.07563220565881762 -0.06474097100507749 0.4480019007065008 1.9287953078236684 0.7391854030958389
491 4419 0 0 0 0.1510868519733605 0.07544854738405855 -0.06494793784314624 0.4478138412427111 1.928739157736972 0.7390083843010014
492 4428 0 0 0 0.1506964984953061 0.0751143988438644 -0.06533716065886773 0.44736004769526533 1.9285043398535389 0.7385691152037761
493 4437 0 0 0 0.15117183060195308 0.07553770367898752 -0.06469490810871655 0.4476959041429477 1.9289436952992671 0.7388856730854594
494 4446 0 0 0 0.15086161784306495 0.07533764720628693 -0.06491473323138437 0.44747173356048126 1.9288766314282924 0.7386688943100655
495 4455 0 0 0 0.1509699628589198 0.07554196862537114 -0.06447439542605284 0.44751967883056915 1.9293000205545554 0.7387123183936921
496 4464 0 0 0 0.15085090045095562 0.07546257422888693 -0.06456478756621697 0.4474318738047117 1.9292687181190022 0.7386290100110787
497 4473 0 0 0 0.1504438646407744 0.0752022030340631 -0.06477311669489721 0.4470079510556268 1.9292512121527987 0.7382206977844191
498 4482 0 0 0 0.15063269302263177 0.0754473997243106 -0.06430832309669188 0.4471227309529049 1.9296541145732142 0.7383253056020388
499 4491 0 0 0 0.14994800753926701 0.07499091065184987 -0.06469763771648088 0.44639598437261174 1.9295786844263927 0.7376238212310572
500 4500 0 0 0 0.14960474211558042 0.0747287802508248 -0.06510562703665011 0.44624954275014816 1.9293375437795572 0.7374861223399162
501 4509 0 0 0 0.15020533916067902 0.07532352181787423 -0.06410718267572177 0.4466148449588354 1.9300938701090269 0.7378349324124919
502 4518 0 0 0 0.14949988660420435 0.07486665898646482 -0.06463421782188067 0.44614114214947015 1.9299219328684503 0.7373869062362658
503 4527 0 0 0 0.14918706042518998 0.0748563909074044 -0.06434442281908931 0.4458825456533317 1.9304177733842798 0.7371310101541537
504 4536 0 0 0 0.14941819569995035 0.07505725513366633 -0.06404804819944404 0.4460481278561145 1.9306172511584627 0.7372942449009399
505 4545 0 0 0 0.14920193434545218 0.07498354677428348 -0.06403943769364631 0.4459026930225428 1.9307521333923068 0.7371542115221615
506 4554 0 0 0 0.14890679956606256 0.07474854072084323 -0.06435697982853054 0.4456782967027614 1.9305648100069157 0.7369390300853623
507 4563 0 0 0 0.14814143732737411 0.0742616574859019 -0.06492551080527381 0.44519929935590313 1.9303834519789078 0.7364837829169992
508 4572 0 0 0 0.14834498428727205 0.07438998783053521 -0.06477255098441055 0.4453162911811304 1.9304345787924302 0.7365966084922451
509 4581 0 0 0 0.1480312756930286 0.0742554253663091 -0.06477649443958747 0.44501167783373813 1.9305993124778362 0.7363016323835935
510 4590 0 0 0 0.14761944950997788 0.07403804478202473 -0.06504227797793716 0.44488234724180464 1.9305700609572403 0.7361837333875505
511 4599 0 0 0 0.14624775724433364 0.07305725441339404 -0.06619167949393433 0.44376867357553845 1.9300593088328528 0.735119887905389
512 4608 0 0 0 0.14502374658554254 0.07227102900081961 -0.06703373638870379 0.44285204975033515 1.9298223050110925 0.734245152851412
513 4617 0 0 0 0.14768548300623813 0.07416445939713014 -0.06458564755272705 0.44459348784078 1.9309862335969232 0.7358942049304865
514 4626 0 0 0 0.1466547998093611 0.07328183166049544 -0.06589687733583777 0.44388246701770245 1.9301248631009582 0.7352221617073001
515 4635 0 0 0 0.14520228736560686 0.07240994470918999 -0.06685860528803651 0.4430016581270465 1.9299168275170446 0.7343867736047818
516 4644 0 0 0 0.14545558320267588 0.07258995593984803 -0.06663246640711565 0.4431768708515463 1.9300235521266287 0.7345538432483705
517 4653 0 0 0 0.14489654354060244 0.07228943944518343 -0.06682575737823847 0.44268774506161424 1.930114771547923 0.7340773684488646
518 4662 0 0 0 0.14525567758763278 0.07260744450604893 -0.06646858024376208 0.44315410868263677 1.9303377890222955 0.734528347314688
519 4671 0 0 0 0.14507875530830297 0.07266392619688068 -0.06628403117458585 0.44324728863356166 1.9306785420737365 0.7346217446393617
520 4680 0 0 0 0.14481435526876069 0.0725859367212098 -0.06615412450687726 0.442915788896632 1.9309552580519982 0.7342983630583789
521 4689 0 0 0 0.14397178117113918 0.07212319758727279 -0.06653274907211855 0.4422841911882537 1.9310175164571104 0.7336940723131324
522 4698 0 0 0 0.144614865185444 0.07280317248511213 -0.06539034159070554 0.4427381546177137 1.931919179296028 0.7341225442967036
523 4707 0 0 0 0.14448226817099596 0.07279269163923362 -0.06527026328961369 0.4426028710755901 1.9321238129893104 0.7339890652622653
524 4716 0 0 0 0.14383164531244752 0.07223171222688553 -0.06607957711674195 0.44210509685957394 1.9315941581025868 0.7335175262154319
525 4725 0 0 0 0.1446352696274643 0.07289121751626546 -0.06494501566875081 0.4423346647633961 1.9323389781100286 0.7337208336581994
526 4734 0 0 0 0.14513085869215678 0.07338138606091349 -0.06421999929934986 0.4428027757191418 1.9328806165751677 0.7341701831549448
527 4743 0 0 0 0.14458735370933393 0.07348654761438972 -0.06354555302750238 0.4425972419739102 1.9339723912721087 0.7339677322042375
528 4752 0 0 0 0.14424496866002817 0.07306994042780326 -0.0642437292712768 0.4422679859761715 1.9333804508870336 0.7336556963091646
529 4761 0 0 0 0.14421539920508708 0.07329325773583273 -0.06362181318432382 0.442207773952756 1.9340864702213105 0.7335930386756162
530 4770 0 0 0 0.14451255451845205 0.07350759486095544 -0.06343129983110403 0.44256108647124937 1.9341483535085826 0.7339318268813165
531 4779 0 0 0 0.144950787704062 0.07361438868748275 -0.06352185831600794 0.4427908073575961 1.933778833899253 0.7341492604686864
532 4788 0 0 0 0.1454802612858306 0.07398708375464048 -0.06309316387940427 0.44322174891172816 1.9339592204120215 0.7345609961462689
533 4797 0 0 0 0.14501265079516718 0.0735359486265931 -0.06367527806019099 0.4426503826764638 1.933545153867479 0.7340138627200047
534 4806 0 0 0 0.1450450432314662 0.07345715754421177 -0.06386406980744383 0.4425973028402559 1.933305981080937 0.7339637078655463
535 4815 0 0 0 0.14469325006786116 0.07339490735736884 -0.06371002166408976 0.44237262782787395 1.9336868167531032 0.7337484448781173
536 4824 0 0 0 0.14425820167727332 0.07320361939332654 -0.06386416584631255 0.4421869559853744 1.933786555415315 0.7335735822658241
537 4833 0 0 0 0.14414219412082235 0.07324504067642847 -0.06376632746898885 0.44230689631479947 1.9339954076917432 0.7336951767212649
538 4842 0 0 0 0.14437990220165192 0.07323602451514737 -0.06399814098958108 0.44245205353809364 1.9335956740003821 0.7338335353031366
539 4851 0 0 0 0.14506311157655633 0.07373668644537307 -0.06322765598194756 0.4427161023916735 1.9340252786153587 0.7340755719888921
540 4860 0 0 0 0.1456308297327824 0.07419498026492456 -0.0625410201390541 0.4430431788032329 1.9344494823605545 0.7343828007661687
541 4869 0 0 0 0.1452065545477816 0.07393238947219484 -0.06279127690382794 0.4426957966976102 1.9344100500090256 0.7340510352267307
542 4878 0 0 0 0.1447803544886558 0.07370874837913516 -0.06296825568196684 0.44239649551456006 1.9344604671904322 0.7337668558907908
543 4887 0 0 0 0.14492905687603397 0.07372537736846645 -0.06300785580678356 0.4424045657642835 1.9343133320965507 0.7337710320379522
544 4896 0 0 0 0.1447361676589498 0.0736746246772759 -0.06295474317845696 0.4422604167912335 1.934484055364476 0.7336330311125681
545 4905 0 0 0 0.14499993041981715 0.07382985203322362 -0.06276107298157108 0.44237404954801507 1.9345356282201842 0.7337376909645651
546 4914 0 0 0 0.1449222046781553 0.07393872720432848 -0.06244062811126756 0.442371045387898 1.9349477977978835 0.7337363795591765
547 4923 0 0 0 0.1451331991109081 0.07402809137652158 -0.06227652787726127 0.4422890959011599 1.934971490054234 0.7336494486060867
548 4932 0 0 0 0.14525585487520934 0.07418211201109644 -0.0619028455378877 0.4422121056630354 1.9352924852703763 0.7335681693131171
549 4941 0 0 0 0.14500950594884068 0.07404395268449139 -0.06202526629426941 0.4420339851852663 1.9352998444516976 0.7333994545314151
550 4950 0 0 0 0.1449394217013223 0.07398741331981294 -0.0623021242576118 0.44233017898837995 1.9350843983960289 0.7336929727582183
551 4959 0 0 0 0.14508392324958244 0.07411978466390397 -0.0619203831570858 0.4421201496610852 1.9353779896122174 0.7334822358310571
552 4968 0 0 0 0.1450172138086264 0.0740193139029442 -0.062182340010102366 0.4421909852703385 1.9351438628696604 0.7335536057769285
553 4977 0 0 0 0.14501209216064953 0.07396159989896961 -0.06231477473777694 0.44216823533402994 1.9349961816331196 0.7335343355660808
554 4986 0 0 0 0.14543116881424892 0.07433661143025694 -0.06178757242567416 0.4425385940604558 1.935351721469179 0.733886413994143
555 4995 0 0 0 0.14547105303995478 0.07433496236853165 -0.061760775518769205 0.4424472903662546 1.9353395889565728 0.7337952537811931
556 5004 0 0 0 0.14550067553871165 0.07430434871275515 -0.06182582190738166 0.4423966112730872 1.9352381115206276 0.7337443975416873
557 5013 0 0 0 0.14542482798540388 0.07425900484167926 -0.06181785199661626 0.44224904529604464 1.9352769703399033 0.7336012767169519
558 5022 0 0 0 0.14557712578651152 0.0743805467252087 -0.0616939618075306 0.4424366094989167 1.9353378232953014 0.7337818580277738
559 5031 0 0 0 0.1456214402493099 0.07451973874935217 -0.06129886412489393 0.4423260316890656 1.9357309883330442 0.7336710214002733
560 5040 0 0 0 0.14575012642709953 0.0746880922391192 -0.06100821324192768 0.44245321906135393 1.9359850966020742 0.7337907603459165
561 5049 0 0 0 0.14562729665828125 0.07459360399126641 -0.06111106020817203 0.4423213957049091 1.9359368722680943 0.7336671635910964
562 5058 0 0 0 0.14613946108009102 0.0749359023156026 -0.06047024108325641 0.44225861836620617 1.9362883252738268 0.7335928217552585
563 5067 0 0 0 0.14614433680959876 0.07490706737729956 -0.060566064190218205 0.44229257365476526 1.9361850817324469 0.7336259720122603
564 5076 0 0 0 0.14664491681145678 0.07508278044978402 -0.06039338141813277 0.44231533507943166 1.9360338727480266 0.7336377114031685
565 5085 0 0 0 0.14713597038475815 0.0754237506618797 -0.059833018651676756 0.4424050092596761 1.9363356837617252 0.7337161578653217
566 5094 0 0 0 0.14710443102214713 0.07541081956201881 -0.05991791189772392 0.44252564881977496 1.9362792135702014 0.7338339584100589
567 5103 0 0 0 0.14715944862358885 0.07545768551493263 -0.05969792006367391 0.4422985576520021 1.936450918089718 0.7336108368852878
568 5112 0 0 0 0.14776611770139947 0.07575759721190402 -0.059318525674438446 0.4424156906867827 1.9364720880121165 0.7337145741206862
569 5121 0 0 0 0.14751071671361315 0.0757017005411381 -0.059367614318402644 0.44248789602952093 1.936607455260374 0.733790297017576
570 5130 0 0 0 0.14789538350467996 0.07592754007477658 -0.05892348210589476 0.4423634984402769 1.9368188208865993 0.7336625045223306
571 5139 0 0 0 0.14862977863875634 0.07618742706773551 -0.05876163944827576 0.44256611705632076 1.936521799518421 0.7338504288196431
572 5148 0 0 0 0.14871394593992399 0.07631857405895554 -0.05848286864450861 0.4425876598210362 1.9367776158332188 0.7338693787409785
573 5157 0 0 0 0.14883687464412199 0.07624211677830915 -0.058443672915994116 0.4420612347844333 1.9366529812793976 0.733352667000269
574 5166 0 0 0 0.14911431563634384 0.07636812066275336 -0.05846679588664549 0.4424108660747583 1.9364890156925232 0.7336889146400125
575 5175 0 0 0 0.1487793737764563 0.07607992595133896 -0.05880655480078488 0.4420216543696041 1.9362829534959967 0.73331937130521
576 5184 0 0 0 0.14915143210788648 0.07629441248407318 -0.05855882432474717 0.4422049138210704 1.9363289925082285 0.733488770258162
577 5193 0 0 0 0.14889651313686328 0.07618722089794577 -0.05863760448877754 0.4420954221823161 1.9364030335771925 0.7333931078496599
578 5202 0 0 0 0.149550804213969 0.07670329731610935 -0.05776252363506981 0.4422699220940769 1.9369524949678232 0.7335480585418789
579 5211 0 0 0 0.1494068250123381 0.07655478007041705 -0.05810190429702023 0.44233302546421877 1.9366817081652106 0.7336158704593663
580 5220 0 0 0 0.14956828977676012 0.0766183119905475 -0.057945124561111984 0.4421927296825778 1.936725042701359 0.7334763544293943
581 5229 0 0 0 0.14974556871503367 0.07669136291299805 -0.05787269590536226 0.44222775687610255 1.9366898101018017 0.7335068667925746
582 5238 0 0 0 0.14994657170601158 0.07690048629747853 -0.057520365007962516 0.44236174445716253 1.9369647905865353 0.7336310198891388
583 5247 0 0 0 0.1502288832130272 0.07713961524220946 -0.05719432068875156 0.44260079092304583 1.93717016611369 0.7338549805453354
584 5256 0 0 0 0.15017630596689208 0.07695565506646787 -0.057514708182721384 0.4423870337800452 1.936813727093178 0.7336484221283646
585 5265 0 0 0 0.1495702160361722 0.07660105003348051 -0.05794667219553841 0.44211555516717227 1.9367075088384318 0.7333924369369643
586 5274 0 0 0 0.14958433251744482 0.07652002133540689 -0.058139596453246255 0.44207606377205055 1.936479540270361 0.7333593027102502
587 5283 0 0 0 0.1498753908224608 0.07666677531466426 -0.057905133661469745 0.4420529253136323 1.9365351402695377 0.7333318933311557
588 5292 0 0 0 0.1501775122535362 0.07686487375836994 -0.057647015839980366 0.4422063439065498 1.9366422183564849 0.7334787049759093
589 5301 0 0 0 0.1499504572041934 0.07668241598927966 -0.05789251036896763 0.44202936585559205 1.9364963776418818 0.7333113856725717
590 5310 0 0 0 0.149984629922345 0.07676374495289767 -0.05773199771306599 0.44208199896295425 1.9366580791354087 0.7333590259261961
591 5319 0 0 0 0.15011809589605413 0.0768484619244316 -0.05760928426933908 0.44212170650429794 1.9367109434604757 0.7333989030525224
592 5328 0 0 0 0.15016988488982902 0.07684836009491679 -0.057650270275962694 0.44214602973020917 1.9366311070512607 0.7334209971298618
593 5337 0 0 0 0.15034202305908648 0.0769893522370544 -0.05744501985099234 0.4422585975889313 1.9367592320598397 0.7335280751618808
594 5346 0 0 0 0.15034733245510476 0.07697807835585564 -0.05746012417516888 0.4422302740400213 1.9367332201841254 0.7335016834790442
595 5355 0 0 0 0.1504880467138938 0.0771137860421171 -0.05724931354351364 0.4423381355820498 1.9368890241435888 0.7336057563681492
596 5364 0 0 0 0.15041140218688698 0.07711571600618548 -0.05726347287363608 0.442443616834002 1.9369426461942159 0.7337067013741121
597 5373 0 0 0 0.1501613114055917 0.07688090917576919 -0.057585862185096766 0.44218651002740883 1.9367161479950499 0.7334638676375524
598 5382 0 0 0 0.1502028236960914 0.076875489963371 -0.05759848535890563 0.4421462794389161 1.936666369932093 0.7334241010969876
599 5391 0 0 0 0.15025114190190358 0.07689699794261927 -0.05755521916631382 0.4421220297162234 1.936677306715708 0.7333983403065675
600 5400 0 0 0 0.1502765051029941 0.07685858180247496 -0.057635773590563655 0.4420670906134886 1.9365615781762728 0.7333448844296571
601 5409 0 0 0 0.15011871819858777 0.07672901995855064 -0.05781625097635906 0.44194829493944754 1.9364508954392672 0.7332332103648593
602 5418 0 0 0 0.15022679060963695 0.07678229886643859 -0.05773820446193126 0.44195054646454124 1.936462892935828 0.7332340210466581
603 5427 0 0 0 0.1503813095172711 0.07696117079809721 -0.057458762734656166 0.44211995380286284 1.9366935067695792 0.7333951119173705
604 5436 0 0 0 0.15037948836167203 0.07695323955606402 -0.05747784117949566 0.44211947851835276 1.9366737160459806 0.7333949961426008
605 5445 0 0 0 0.15043201675395423 0.07698805883766978 -0.057431858361886655 0.4421462243769327 1.9366927563033431 0.7334211394579
606 5454 0 0 0 0.15035629195895325 0.07690401889019613 -0.05756014523885571 0.44206389102441795 1.9365897329222974 0.7333433687130166
607 5463 0 0 0 0.1502927415741002 0.07686464485421671 -0.05760576384004691 0.44202590683922965 1.9365770212983848 0.7333079312449261
608 5472 0 0 0 0.15018955450917673 0.07681296562710815 -0.057666727389727376 0.4419967652776936 1.9365757703952866 0.733281274201902
609 5481 0 0 0 0.15028676358874338 0.07687529799906635 -0.0575806549640917 0.4420353292992606 1.9366103991067205 0.733317069723637
610 5490 0 0 0 0.15022501178685213 0.07685288140865992 -0.057591931548630876 0.44201173605682 1.936636756470746 0.7332947215346084
611 5499 0 0 0 0.1502300789867705 0.07683302727747392 -0.05762806453335676 0.4419811951700924 1.9365881203424793 0.7332655640057507
612 5508 0 0 0 0.1502309624255429 0.07682336842902264 -0.05764325363134076 0.4419635700796627 1.9365677994394435 0.7332487247915197
613 5517 0 0 0 0.1502388847740936 0.07681726528192655 -0.0576608738001896 0.44195981189995165 1.936542114838642 0.7332447719136874
614 5526 0 0 0 0.15022789230494119 0.07682508546022343 -0.05763789888128623 0.44196472878346477 1.936576043570676 0.7332494281186549
615 5535 0 0 0 0.1501877357162652 0.07679084529342761 -0.057684839734747126 0.4419306346548124 1.9365460720581382 0.733217251710223
616 5544 0 0 0 0.15018850632725314 0.07679635240248031 -0.057673092487785516 0.44193399811889766 1.9365590791770697 0.7332203657662137
617 5553 0 0 0 0.15019084878160668 0.0767885582882647 -0.05768662099360499 0.4419206190881645 1.9365402289487776 0.7332073596047489
618 5562 0 0 0 0.1502027655769752 0.07679403591101999 -0.0576810692893731 0.44192442359169987 1.9365386638517985 0.7332111475263464
619 5571 0 0 0 0.15020063946357481 0.07679253365161166 -0.0576843230374434 0.4419253856118708 1.9365367094180401 0.7332119483732178
620 5580 0 0 0 0.15016870310052194 0.07677516948506936 -0.05770255886587652 0.44190893702538225 1.9365360186356955 0.7331967045169505
621 5589 0 0 0 0.15016330144716497 0.07676460580550054 -0.05772048217035676 0.44189800788421113 1.9365179791603988 0.7331861833658864
622 5598 0 0 0 0.1501538898988808 0.07676370078030006 -0.05771723410324745 0.4418968913063026 1.936528035030852 0.7331848922720647
623 5607 0 0 0 0.15019151782123705 0.07678185067790023 -0.057699780598976354 0.441912872401124 1.936524066368156 0.7331998207217354
624 5616 0 0 0 0.15020947813775273 0.07679063196528715 -0.05768780355233339 0.4419146783240241 1.9365250934195373 0.7332017646980865
625 5625 0 0 0 0.15018029271286862 0.07677752826940025 -0.057699750575248454 0.44190378397207764 1.9365304451037602 0.733191525950158
626 5634 0 0 0 0.15018688365269822 0.07679243489407553 -0.057671971033278445 0.44191578238594814 1.936558678704877 0.733203023918874
627 5643 0 0 0 0.15016562661091887 0.07678485709510045 -0.05767557114395421 0.44190781679071517 1.9365680530688207 0.733195605402593
628 5652 0 0 0 0.15014837311465495 0.07677066192768572 -0.05769518143432535 0.4418945334534318 1.93655597834028 0.7331828205258246
629 5661 0 0 0 0.15016069207556426 0.07677831408617065 -0.05768776182988526 0.441904434665268 1.9365573169599182 0.7331918802456022
630 5670 0 0 0 0.15020645409794386 0.07680953884644724 -0.05764876416612595 0.4419337638497521 1.936573708136235 0.7332194660634543
631 5679 0 0 0 0.1501581295465582 0.07677488900657091 -0.05769383026803417 0.4419020964955777 1.9365519595986675 0.733189631944245
632 5688 0 0 0 0.15015550134165018 0.0767720113243924 -0.05769622593410886 0.441895775822804 1.9365501376900764 0.7331835059690248
633 5697 0 0 0 0.15014454927096643 0.07676048630957907 -0.057712642170929654 0.4418829947972332 1.9365373441553964 0.7331713396821617
634 5706 0 0 0 0.15015366960578103 0.07677070063976071 -0.057698747471854016 0.44189600357048453 1.9365486536354861 0.7331840738039956
635 5715 0 0 0 0.15013521342847055 0.07675447841102816 -0.05772083231479002 0.44187902697932036 1.9365341603979638 0.7331677302088001
636 5724 0 0 0 0.15015942516070946 0.07676565750265375 -0.05771163018592784 0.4418907020119255 1.9365293795813388 0.7331785116593137
