% # columns="iteration, evaluation, min max(neg(.)) min(pos(.)) max correlation, correlation matrix principal axes lengths  (sorted square roots of eigenvalues of correlation matrix)", seed=437889, Thu Nov 30 11:11:47 2023
1 9 -0.16747690161344453 -0.03894128341802289 0.0382581076519076 0.11309406846541013 0.8532386123737756 0.9689758565899126 0.990808558778005 0.9986543426381539 1.0226885624391335 1.1437507017434825
2 18 -0.16747690161344453 -0.03894128341802289 0.0382581076519076 0.11309406846541013 0.8532386123737756 0.9689758565899126 0.990808558778005 0.9986543426381539 1.0226885624391335 1.1437507017434825
3 27 -0.16747690161344453 -0.03894128341802289 0.0382581076519076 0.11309406846541013 0.8532386123737756 0.9689758565899126 0.990808558778005 0.9986543426381539 1.0226885624391335 1.1437507017434825
4 36 -0.16747690161344453 -0.03894128341802289 0.0382581076519076 0.11309406846541013 0.8532386123737756 0.9689758565899126 0.990808558778005 0.9986543426381539 1.0226885624391335 1.1437507017434825
5 45 -0.16747690161344453 -0.03894128341802289 0.0382581076519076 0.11309406846541013 0.8532386123737756 0.9689758565899126 0.990808558778005 0.9986543426381539 1.0226885624391335 1.1437507017434825
6 54 -0.16747690161344453 -0.03894128341802289 0.0382581076519076 0.11309406846541013 0.8532386123737756 0.9689758565899126 0.990808558778005 0.9986543426381539 1.0226885624391335 1.1437507017434825
7 63 -0.28889156067704447 -0.12595702619799243 0.042181928650144536 0.2770495059247762 0.7671603090795479 0.8188291202478569 0.882287740136687 1.0775474711082107 1.1136474384575827 1.2494931396117204
8 72 -0.28889156067704447 -0.12595702619799243 0.042181928650144536 0.2770495059247762 0.7671603090795479 0.8188291202478569 0.882287740136687 1.0775474711082107 1.1136474384575827 1.2494931396117204
9 81 -0.28889156067704447 -0.12595702619799243 0.042181928650144536 0.2770495059247762 0.7671603090795479 0.8188291202478569 0.882287740136687 1.0775474711082107 1.1136474384575827 1.2494931396117204
10 90 -0.28889156067704447 -0.12595702619799243 0.042181928650144536 0.2770495059247762 0.7671603090795479 0.8188291202478569 0.882287740136687 1.0775474711082107 1.1136474384575827 1.2494931396117204
11 99 -0.28889156067704447 -0.12595702619799243 0.042181928650144536 0.2770495059247762 0.7671603090795479 0.8188291202478569 0.882287740136687 1.0775474711082107 1.1136474384575827 1.2494931396117204
12 108 -0.28889156067704447 -0.12595702619799243 0.042181928650144536 0.2770495059247762 0.7671603090795479 0.8188291202478569 0.882287740136687 1.0775474711082107 1.1136474384575827 1.2494931396117204
13 117 -0.43606120385586394 -0.18472543783709042 0.004277083361991911 0.5311909609859051 0.5973345439489471 0.6878124892301369 0.9383614472054997 1.0173914571851055 1.2312203140015139 1.3185576884988859
14 126 -0.43606120385586394 -0.18472543783709042 0.004277083361991911 0.5311909609859051 0.5973345439489471 0.6878124892301369 0.9383614472054997 1.0173914571851055 1.2312203140015139 1.3185576884988859
15 135 -0.43606120385586394 -0.18472543783709042 0.004277083361991911 0.5311909609859051 0.5973345439489471 0.6878124892301369 0.9383614472054997 1.0173914571851055 1.2312203140015139 1.3185576884988859
16 144 -0.43606120385586394 -0.18472543783709042 0.004277083361991911 0.5311909609859051 0.5973345439489471 0.6878124892301369 0.9383614472054997 1.0173914571851055 1.2312203140015139 1.3185576884988859
17 153 -0.43606120385586394 -0.18472543783709042 0.004277083361991911 0.5311909609859051 0.5973345439489471 0.6878124892301369 0.9383614472054997 1.0173914571851055 1.2312203140015139 1.3185576884988859
18 162 -0.43606120385586394 -0.18472543783709042 0.004277083361991911 0.5311909609859051 0.5973345439489471 0.6878124892301369 0.9383614472054997 1.0173914571851055 1.2312203140015139 1.3185576884988859
19 171 -0.4404104534146054 -0.13270005485338066 0.03418400877034374 0.7080791498492057 0.5070372086024868 0.6303171873907013 0.9279664496975482 1.1135328983814994 1.21591660566094 1.3289405829111691
20 180 -0.4404104534146054 -0.13270005485338066 0.03418400877034374 0.7080791498492057 0.5070372086024868 0.6303171873907013 0.9279664496975482 1.1135328983814994 1.21591660566094 1.3289405829111691
21 189 -0.4404104534146054 -0.13270005485338066 0.03418400877034374 0.7080791498492057 0.5070372086024868 0.6303171873907013 0.9279664496975482 1.1135328983814994 1.21591660566094 1.3289405829111691
22 198 -0.4404104534146054 -0.13270005485338066 0.03418400877034374 0.7080791498492057 0.5070372086024868 0.6303171873907013 0.9279664496975482 1.1135328983814994 1.21591660566094 1.3289405829111691
23 207 -0.4404104534146054 -0.13270005485338066 0.03418400877034374 0.7080791498492057 0.5070372086024868 0.6303171873907013 0.9279664496975482 1.1135328983814994 1.21591660566094 1.3289405829111691
24 216 -0.4404104534146054 -0.13270005485338066 0.03418400877034374 0.7080791498492057 0.5070372086024868 0.6303171873907013 0.9279664496975482 1.1135328983814994 1.21591660566094 1.3289405829111691
25 225 -0.4823150021015541 -0.13828444733764117 0.07583235191998286 0.7291043135975778 0.47525747971580196 0.5557028478386821 0.9491168593581019 1.0418812164971436 1.2810856729756046 1.3556566266453502
26 234 -0.4823150021015541 -0.13828444733764117 0.07583235191998286 0.7291043135975778 0.47525747971580196 0.5557028478386821 0.9491168593581019 1.0418812164971436 1.2810856729756046 1.3556566266453502
27 243 -0.4823150021015541 -0.13828444733764117 0.07583235191998286 0.7291043135975778 0.47525747971580196 0.5557028478386821 0.9491168593581019 1.0418812164971436 1.2810856729756046 1.3556566266453502
28 252 -0.4823150021015541 -0.13828444733764117 0.07583235191998286 0.7291043135975778 0.47525747971580196 0.5557028478386821 0.9491168593581019 1.0418812164971436 1.2810856729756046 1.3556566266453502
29 261 -0.4823150021015541 -0.13828444733764117 0.07583235191998286 0.7291043135975778 0.47525747971580196 0.5557028478386821 0.9491168593581019 1.0418812164971436 1.2810856729756046 1.3556566266453502
30 270 -0.4823150021015541 -0.13828444733764117 0.07583235191998286 0.7291043135975778 0.47525747971580196 0.5557028478386821 0.9491168593581019 1.0418812164971436 1.2810856729756046 1.3556566266453502
31 279 -0.5010921279566253 -0.22419151354594946 0.15086404846265736 0.7786969164826619 0.4483283036402053 0.47784678095178 0.8927265939902107 0.9877062536925787 1.3194936105034032 1.4342511574787096
32 288 -0.5010921279566253 -0.22419151354594946 0.15086404846265736 0.7786969164826619 0.4483283036402053 0.47784678095178 0.8927265939902107 0.9877062536925787 1.3194936105034032 1.4342511574787096
33 297 -0.5010921279566253 -0.22419151354594946 0.15086404846265736 0.7786969164826619 0.4483283036402053 0.47784678095178 0.8927265939902107 0.9877062536925787 1.3194936105034032 1.4342511574787096
34 306 -0.5010921279566253 -0.22419151354594946 0.15086404846265736 0.7786969164826619 0.4483283036402053 0.47784678095178 0.8927265939902107 0.9877062536925787 1.3194936105034032 1.4342511574787096
35 315 -0.5010921279566253 -0.22419151354594946 0.15086404846265736 0.7786969164826619 0.4483283036402053 0.47784678095178 0.8927265939902107 0.9877062536925787 1.3194936105034032 1.4342511574787096
36 324 -0.5010921279566253 -0.22419151354594946 0.15086404846265736 0.7786969164826619 0.4483283036402053 0.47784678095178 0.8927265939902107 0.9877062536925787 1.3194936105034032 1.4342511574787096
37 333 -0.4618105335284046 -0.21756695452861857 0.033719495379659015 0.7560893442430304 0.4738781401334056 0.606574005630848 0.9995621255115028 1.0112552897762062 1.1746509337640374 1.4163124527965207
38 342 -0.4618105335284046 -0.21756695452861857 0.033719495379659015 0.7560893442430304 0.4738781401334056 0.606574005630848 0.9995621255115028 1.0112552897762062 1.1746509337640374 1.4163124527965207
39 351 -0.4618105335284046 -0.21756695452861857 0.033719495379659015 0.7560893442430304 0.4738781401334056 0.606574005630848 0.9995621255115028 1.0112552897762062 1.1746509337640374 1.4163124527965207
40 360 -0.4618105335284046 -0.21756695452861857 0.033719495379659015 0.7560893442430304 0.4738781401334056 0.606574005630848 0.9995621255115028 1.0112552897762062 1.1746509337640374 1.4163124527965207
41 369 -0.4618105335284046 -0.21756695452861857 0.033719495379659015 0.7560893442430304 0.4738781401334056 0.606574005630848 0.9995621255115028 1.0112552897762062 1.1746509337640374 1.4163124527965207
42 378 -0.4618105335284046 -0.21756695452861857 0.033719495379659015 0.7560893442430304 0.4738781401334056 0.606574005630848 0.9995621255115028 1.0112552897762062 1.1746509337640374 1.4163124527965207
43 387 -0.44948870650886974 -0.15179223006585413 0.14759044645855898 0.8208789128275046 0.41070760354585556 0.6209857095590616 0.8519287497281461 0.9731163792684457 1.3108003088174547 1.4334435744399645
44 396 -0.44948870650886974 -0.15179223006585413 0.14759044645855898 0.8208789128275046 0.41070760354585556 0.6209857095590616 0.8519287497281461 0.9731163792684457 1.3108003088174547 1.4334435744399645
45 405 -0.44948870650886974 -0.15179223006585413 0.14759044645855898 0.8208789128275046 0.41070760354585556 0.6209857095590616 0.8519287497281461 0.9731163792684457 1.3108003088174547 1.4334435744399645
46 414 -0.44948870650886974 -0.15179223006585413 0.14759044645855898 0.8208789128275046 0.41070760354585556 0.6209857095590616 0.8519287497281461 0.9731163792684457 1.3108003088174547 1.4334435744399645
47 423 -0.44948870650886974 -0.15179223006585413 0.14759044645855898 0.8208789128275046 0.41070760354585556 0.6209857095590616 0.8519287497281461 0.9731163792684457 1.3108003088174547 1.4334435744399645
48 432 -0.44948870650886974 -0.15179223006585413 0.14759044645855898 0.8208789128275046 0.41070760354585556 0.6209857095590616 0.8519287497281461 0.9731163792684457 1.3108003088174547 1.4334435744399645
49 441 -0.5195238246251576 -0.16078710053413392 0.07310754954565676 0.8514866383118025 0.37480957934844583 0.5342418313476323 0.8689166069705692 1.0552972864452972 1.3104891248160297 1.4099834275472285
50 450 -0.5195238246251576 -0.16078710053413392 0.07310754954565676 0.8514866383118025 0.37480957934844583 0.5342418313476323 0.8689166069705692 1.0552972864452972 1.3104891248160297 1.4099834275472285
51 459 -0.5195238246251576 -0.16078710053413392 0.07310754954565676 0.8514866383118025 0.37480957934844583 0.5342418313476323 0.8689166069705692 1.0552972864452972 1.3104891248160297 1.4099834275472285
52 468 -0.5195238246251576 -0.16078710053413392 0.07310754954565676 0.8514866383118025 0.37480957934844583 0.5342418313476323 0.8689166069705692 1.0552972864452972 1.3104891248160297 1.4099834275472285
53 477 -0.5195238246251576 -0.16078710053413392 0.07310754954565676 0.8514866383118025 0.37480957934844583 0.5342418313476323 0.8689166069705692 1.0552972864452972 1.3104891248160297 1.4099834275472285
54 486 -0.5195238246251576 -0.16078710053413392 0.07310754954565676 0.8514866383118025 0.37480957934844583 0.5342418313476323 0.8689166069705692 1.0552972864452972 1.3104891248160297 1.4099834275472285
55 495 -0.41598561751862273 -0.25171887068884236 0.1716684908826513 0.8255155694158063 0.40708423226135715 0.6071154404960285 0.863873275973463 1.047847590241398 1.1892927728478933 1.4856023562486151
56 504 -0.41598561751862273 -0.25171887068884236 0.1716684908826513 0.8255155694158063 0.40708423226135715 0.6071154404960285 0.863873275973463 1.047847590241398 1.1892927728478933 1.4856023562486151
57 513 -0.41598561751862273 -0.25171887068884236 0.1716684908826513 0.8255155694158063 0.40708423226135715 0.6071154404960285 0.863873275973463 1.047847590241398 1.1892927728478933 1.4856023562486151
58 522 -0.41598561751862273 -0.25171887068884236 0.1716684908826513 0.8255155694158063 0.40708423226135715 0.6071154404960285 0.863873275973463 1.047847590241398 1.1892927728478933 1.4856023562486151
59 531 -0.41598561751862273 -0.25171887068884236 0.1716684908826513 0.8255155694158063 0.40708423226135715 0.6071154404960285 0.863873275973463 1.047847590241398 1.1892927728478933 1.4856023562486151
60 540 -0.41598561751862273 -0.25171887068884236 0.1716684908826513 0.8255155694158063 0.40708423226135715 0.6071154404960285 0.863873275973463 1.047847590241398 1.1892927728478933 1.4856023562486151
61 549 -0.3791394710864216 -0.21438990540222186 0.1514383247637458 0.8293080350054896 0.3969956646629418 0.5892813195697066 0.8961895643271086 1.0605154528427976 1.2506514472145187 1.415331821622785
62 558 -0.3791394710864216 -0.21438990540222186 0.1514383247637458 0.8293080350054896 0.3969956646629418 0.5892813195697066 0.8961895643271086 1.0605154528427976 1.2506514472145187 1.415331821622785
63 567 -0.3791394710864216 -0.21438990540222186 0.1514383247637458 0.8293080350054896 0.3969956646629418 0.5892813195697066 0.8961895643271086 1.0605154528427976 1.2506514472145187 1.415331821622785
64 576 -0.3791394710864216 -0.21438990540222186 0.1514383247637458 0.8293080350054896 0.3969956646629418 0.5892813195697066 0.8961895643271086 1.0605154528427976 1.2506514472145187 1.415331821622785
65 585 -0.3791394710864216 -0.21438990540222186 0.1514383247637458 0.8293080350054896 0.3969956646629418 0.5892813195697066 0.8961895643271086 1.0605154528427976 1.2506514472145187 1.415331821622785
66 594 -0.3791394710864216 -0.21438990540222186 0.1514383247637458 0.8293080350054896 0.3969956646629418 0.5892813195697066 0.8961895643271086 1.0605154528427976 1.2506514472145187 1.415331821622785
67 603 -0.5262139705332646 -0.18723302731588165 0.16839284117048342 0.8105990473572182 0.40885801521707577 0.5201859346391202 0.8963420226705335 0.9757920920465843 1.35836827320847 1.400527801448891
68 612 -0.5262139705332646 -0.18723302731588165 0.16839284117048342 0.8105990473572182 0.40885801521707577 0.5201859346391202 0.8963420226705335 0.9757920920465843 1.35836827320847 1.400527801448891
69 621 -0.5262139705332646 -0.18723302731588165 0.16839284117048342 0.8105990473572182 0.40885801521707577 0.5201859346391202 0.8963420226705335 0.9757920920465843 1.35836827320847 1.400527801448891
70 630 -0.5262139705332646 -0.18723302731588165 0.16839284117048342 0.8105990473572182 0.40885801521707577 0.5201859346391202 0.8963420226705335 0.9757920920465843 1.35836827320847 1.400527801448891
71 639 -0.5262139705332646 -0.18723302731588165 0.16839284117048342 0.8105990473572182 0.40885801521707577 0.5201859346391202 0.8963420226705335 0.9757920920465843 1.35836827320847 1.400527801448891
72 648 -0.5262139705332646 -0.18723302731588165 0.16839284117048342 0.8105990473572182 0.40885801521707577 0.5201859346391202 0.8963420226705335 0.9757920920465843 1.35836827320847 1.400527801448891
73 657 -0.5674101088618141 -0.1716322785727044 0.17765233269722153 0.8046327518532201 0.435284795070062 0.537009958018479 0.8945586077058483 0.9794664466900963 1.274461433096991 1.4622947325713176
74 666 -0.5674101088618141 -0.1716322785727044 0.17765233269722153 0.8046327518532201 0.435284795070062 0.537009958018479 0.8945586077058483 0.9794664466900963 1.274461433096991 1.4622947325713176
75 675 -0.5674101088618141 -0.1716322785727044 0.17765233269722153 0.8046327518532201 0.435284795070062 0.537009958018479 0.8945586077058483 0.9794664466900963 1.274461433096991 1.4622947325713176
76 684 -0.5674101088618141 -0.1716322785727044 0.17765233269722153 0.8046327518532201 0.435284795070062 0.537009958018479 0.8945586077058483 0.9794664466900963 1.274461433096991 1.4622947325713176
77 693 -0.5674101088618141 -0.1716322785727044 0.17765233269722153 0.8046327518532201 0.435284795070062 0.537009958018479 0.8945586077058483 0.9794664466900963 1.274461433096991 1.4622947325713176
78 702 -0.5674101088618141 -0.1716322785727044 0.17765233269722153 0.8046327518532201 0.435284795070062 0.537009958018479 0.8945586077058483 0.9794664466900963 1.274461433096991 1.4622947325713176
79 711 -0.5386894138685474 -0.16300905373375846 0.16601168001197136 0.7472853408146929 0.4928856857191884 0.5697209341775884 0.8899245062475284 0.9983033806939667 1.3080614038585396 1.39028121435329
80 720 -0.5386894138685474 -0.16300905373375846 0.16601168001197136 0.7472853408146929 0.4928856857191884 0.5697209341775884 0.8899245062475284 0.9983033806939667 1.3080614038585396 1.39028121435329
81 729 -0.5386894138685474 -0.16300905373375846 0.16601168001197136 0.7472853408146929 0.4928856857191884 0.5697209341775884 0.8899245062475284 0.9983033806939667 1.3080614038585396 1.39028121435329
82 738 -0.5386894138685474 -0.16300905373375846 0.16601168001197136 0.7472853408146929 0.4928856857191884 0.5697209341775884 0.8899245062475284 0.9983033806939667 1.3080614038585396 1.39028121435329
83 747 -0.5386894138685474 -0.16300905373375846 0.16601168001197136 0.7472853408146929 0.4928856857191884 0.5697209341775884 0.8899245062475284 0.9983033806939667 1.3080614038585396 1.39028121435329
84 756 -0.5386894138685474 -0.16300905373375846 0.16601168001197136 0.7472853408146929 0.4928856857191884 0.5697209341775884 0.8899245062475284 0.9983033806939667 1.3080614038585396 1.39028121435329
85 765 -0.5781271964017007 -0.26542365576377003 0.11309519326989212 0.7778919773889286 0.44758431592559 0.5922152374300611 0.8161968454454284 0.9744780858776338 1.339968076421704 1.427462824907532
86 774 -0.5781271964017007 -0.26542365576377003 0.11309519326989212 0.7778919773889286 0.44758431592559 0.5922152374300611 0.8161968454454284 0.9744780858776338 1.339968076421704 1.427462824907532
87 783 -0.5781271964017007 -0.26542365576377003 0.11309519326989212 0.7778919773889286 0.44758431592559 0.5922152374300611 0.8161968454454284 0.9744780858776338 1.339968076421704 1.427462824907532
88 792 -0.5781271964017007 -0.26542365576377003 0.11309519326989212 0.7778919773889286 0.44758431592559 0.5922152374300611 0.8161968454454284 0.9744780858776338 1.339968076421704 1.427462824907532
89 801 -0.5781271964017007 -0.26542365576377003 0.11309519326989212 0.7778919773889286 0.44758431592559 0.5922152374300611 0.8161968454454284 0.9744780858776338 1.339968076421704 1.427462824907532
90 810 -0.5781271964017007 -0.26542365576377003 0.11309519326989212 0.7778919773889286 0.44758431592559 0.5922152374300611 0.8161968454454284 0.9744780858776338 1.339968076421704 1.427462824907532
91 819 -0.5554694575465726 -0.32171621311938714 0.10483669635816495 0.7228232968791738 0.47899408705476415 0.6119198222114473 0.7617250981160474 0.9908171509473868 1.3214033012645034 1.4450150031910247
92 828 -0.5554694575465726 -0.32171621311938714 0.10483669635816495 0.7228232968791738 0.47899408705476415 0.6119198222114473 0.7617250981160474 0.9908171509473868 1.3214033012645034 1.4450150031910247
93 837 -0.5554694575465726 -0.32171621311938714 0.10483669635816495 0.7228232968791738 0.47899408705476415 0.6119198222114473 0.7617250981160474 0.9908171509473868 1.3214033012645034 1.4450150031910247
94 846 -0.5554694575465726 -0.32171621311938714 0.10483669635816495 0.7228232968791738 0.47899408705476415 0.6119198222114473 0.7617250981160474 0.9908171509473868 1.3214033012645034 1.4450150031910247
95 855 -0.5554694575465726 -0.32171621311938714 0.10483669635816495 0.7228232968791738 0.47899408705476415 0.6119198222114473 0.7617250981160474 0.9908171509473868 1.3214033012645034 1.4450150031910247
96 864 -0.5554694575465726 -0.32171621311938714 0.10483669635816495 0.7228232968791738 0.47899408705476415 0.6119198222114473 0.7617250981160474 0.9908171509473868 1.3214033012645034 1.4450150031910247
97 873 -0.6128624196394237 -0.282669026051759 0.14038500236669843 0.7283190867851725 0.4648987148277338 0.5419841883454599 0.8264230007515706 0.9921435458502106 1.2415809942945348 1.5103890781511131
98 882 -0.6128624196394237 -0.282669026051759 0.14038500236669843 0.7283190867851725 0.4648987148277338 0.5419841883454599 0.8264230007515706 0.9921435458502106 1.2415809942945348 1.5103890781511131
99 891 -0.6128624196394237 -0.282669026051759 0.14038500236669843 0.7283190867851725 0.4648987148277338 0.5419841883454599 0.8264230007515706 0.9921435458502106 1.2415809942945348 1.5103890781511131
100 900 -0.6128624196394237 -0.282669026051759 0.14038500236669843 0.7283190867851725 0.4648987148277338 0.5419841883454599 0.8264230007515706 0.9921435458502106 1.2415809942945348 1.5103890781511131
101 909 -0.6128624196394237 -0.282669026051759 0.14038500236669843 0.7283190867851725 0.4648987148277338 0.5419841883454599 0.8264230007515706 0.9921435458502106 1.2415809942945348 1.5103890781511131
102 918 -0.6128624196394237 -0.282669026051759 0.14038500236669843 0.7283190867851725 0.4648987148277338 0.5419841883454599 0.8264230007515706 0.9921435458502106 1.2415809942945348 1.5103890781511131
103 927 -0.547535363178048 -0.31791672205216015 0.13533490083175614 0.740582855813007 0.4310679317961504 0.5525604165485484 0.8017618763903469 1.0238794169331944 1.257228696423516 1.49568788932634
104 936 -0.547535363178048 -0.31791672205216015 0.13533490083175614 0.740582855813007 0.4310679317961504 0.5525604165485484 0.8017618763903469 1.0238794169331944 1.257228696423516 1.49568788932634
105 945 -0.547535363178048 -0.31791672205216015 0.13533490083175614 0.740582855813007 0.4310679317961504 0.5525604165485484 0.8017618763903469 1.0238794169331944 1.257228696423516 1.49568788932634
106 954 -0.547535363178048 -0.31791672205216015 0.13533490083175614 0.740582855813007 0.4310679317961504 0.5525604165485484 0.8017618763903469 1.0238794169331944 1.257228696423516 1.49568788932634
107 963 -0.547535363178048 -0.31791672205216015 0.13533490083175614 0.740582855813007 0.4310679317961504 0.5525604165485484 0.8017618763903469 1.0238794169331944 1.257228696423516 1.49568788932634
108 972 -0.547535363178048 -0.31791672205216015 0.13533490083175614 0.740582855813007 0.4310679317961504 0.5525604165485484 0.8017618763903469 1.0238794169331944 1.257228696423516 1.49568788932634
109 981 -0.5794227492005541 -0.30760439037456494 0.09813151441370985 0.6778270729152454 0.4079499693364452 0.5523845452294364 0.870117213962931 1.0372706239179899 1.2590651249486495 1.4526420187266633
110 990 -0.5794227492005541 -0.30760439037456494 0.09813151441370985 0.6778270729152454 0.4079499693364452 0.5523845452294364 0.870117213962931 1.0372706239179899 1.2590651249486495 1.4526420187266633
111 999 -0.5794227492005541 -0.30760439037456494 0.09813151441370985 0.6778270729152454 0.4079499693364452 0.5523845452294364 0.870117213962931 1.0372706239179899 1.2590651249486495 1.4526420187266633
112 1008 -0.5794227492005541 -0.30760439037456494 0.09813151441370985 0.6778270729152454 0.4079499693364452 0.5523845452294364 0.870117213962931 1.0372706239179899 1.2590651249486495 1.4526420187266633
113 1017 -0.5794227492005541 -0.30760439037456494 0.09813151441370985 0.6778270729152454 0.4079499693364452 0.5523845452294364 0.870117213962931 1.0372706239179899 1.2590651249486495 1.4526420187266633
114 1026 -0.5794227492005541 -0.30760439037456494 0.09813151441370985 0.6778270729152454 0.4079499693364452 0.5523845452294364 0.870117213962931 1.0372706239179899 1.2590651249486495 1.4526420187266633
115 1035 -0.5862438325866719 -0.3016400007139289 0.06827321432867618 0.5986545408452589 0.39903752245547813 0.5622121564477333 0.8779906461272703 1.0280358272532018 1.256498432992189 1.4553944475296043
116 1044 -0.5862438325866719 -0.3016400007139289 0.06827321432867618 0.5986545408452589 0.39903752245547813 0.5622121564477333 0.8779906461272703 1.0280358272532018 1.256498432992189 1.4553944475296043
117 1053 -0.5862438325866719 -0.3016400007139289 0.06827321432867618 0.5986545408452589 0.39903752245547813 0.5622121564477333 0.8779906461272703 1.0280358272532018 1.256498432992189 1.4553944475296043
118 1062 -0.5862438325866719 -0.3016400007139289 0.06827321432867618 0.5986545408452589 0.39903752245547813 0.5622121564477333 0.8779906461272703 1.0280358272532018 1.256498432992189 1.4553944475296043
119 1071 -0.5862438325866719 -0.3016400007139289 0.06827321432867618 0.5986545408452589 0.39903752245547813 0.5622121564477333 0.8779906461272703 1.0280358272532018 1.256498432992189 1.4553944475296043
120 1080 -0.5862438325866719 -0.3016400007139289 0.06827321432867618 0.5986545408452589 0.39903752245547813 0.5622121564477333 0.8779906461272703 1.0280358272532018 1.256498432992189 1.4553944475296043
121 1089 -0.5439920832678886 -0.2571072886329089 0.10089379305827519 0.6187702681305267 0.3965852541695765 0.5221151238949285 0.8818968925743768 0.9970375872538334 1.316260208618929 1.4372713443371097
122 1098 -0.5439920832678886 -0.2571072886329089 0.10089379305827519 0.6187702681305267 0.3965852541695765 0.5221151238949285 0.8818968925743768 0.9970375872538334 1.316260208618929 1.4372713443371097
123 1107 -0.5439920832678886 -0.2571072886329089 0.10089379305827519 0.6187702681305267 0.3965852541695765 0.5221151238949285 0.8818968925743768 0.9970375872538334 1.316260208618929 1.4372713443371097
124 1116 -0.5439920832678886 -0.2571072886329089 0.10089379305827519 0.6187702681305267 0.3965852541695765 0.5221151238949285 0.8818968925743768 0.9970375872538334 1.316260208618929 1.4372713443371097
125 1125 -0.5439920832678886 -0.2571072886329089 0.10089379305827519 0.6187702681305267 0.3965852541695765 0.5221151238949285 0.8818968925743768 0.9970375872538334 1.316260208618929 1.4372713443371097
126 1134 -0.5439920832678886 -0.2571072886329089 0.10089379305827519 0.6187702681305267 0.3965852541695765 0.5221151238949285 0.8818968925743768 0.9970375872538334 1.316260208618929 1.4372713443371097
127 1143 -0.5726786932313341 -0.2271254243618433 0.17330176032541628 0.6224315430656748 0.36791204472629696 0.5275311405331554 0.8987208372385097 0.9986004748763998 1.3068037073195589 1.4400394584659475
128 1152 -0.5726786932313341 -0.2271254243618433 0.17330176032541628 0.6224315430656748 0.36791204472629696 0.5275311405331554 0.8987208372385097 0.9986004748763998 1.3068037073195589 1.4400394584659475
129 1161 -0.5726786932313341 -0.2271254243618433 0.17330176032541628 0.6224315430656748 0.36791204472629696 0.5275311405331554 0.8987208372385097 0.9986004748763998 1.3068037073195589 1.4400394584659475
130 1170 -0.5726786932313341 -0.2271254243618433 0.17330176032541628 0.6224315430656748 0.36791204472629696 0.5275311405331554 0.8987208372385097 0.9986004748763998 1.3068037073195589 1.4400394584659475
131 1179 -0.5726786932313341 -0.2271254243618433 0.17330176032541628 0.6224315430656748 0.36791204472629696 0.5275311405331554 0.8987208372385097 0.9986004748763998 1.3068037073195589 1.4400394584659475
132 1188 -0.5726786932313341 -0.2271254243618433 0.17330176032541628 0.6224315430656748 0.36791204472629696 0.5275311405331554 0.8987208372385097 0.9986004748763998 1.3068037073195589 1.4400394584659475
133 1197 -0.6232436198532709 -0.32277847602777276 0.25511124657405726 0.5356177122950871 0.3278916650479087 0.560748280038321 0.8444187258133105 0.9646598450145277 1.2926961458501227 1.5044512274722592
134 1206 -0.6232436198532709 -0.32277847602777276 0.25511124657405726 0.5356177122950871 0.3278916650479087 0.560748280038321 0.8444187258133105 0.9646598450145277 1.2926961458501227 1.5044512274722592
135 1215 -0.6232436198532709 -0.32277847602777276 0.25511124657405726 0.5356177122950871 0.3278916650479087 0.560748280038321 0.8444187258133105 0.9646598450145277 1.2926961458501227 1.5044512274722592
136 1224 -0.6232436198532709 -0.32277847602777276 0.25511124657405726 0.5356177122950871 0.3278916650479087 0.560748280038321 0.8444187258133105 0.9646598450145277 1.2926961458501227 1.5044512274722592
137 1233 -0.6232436198532709 -0.32277847602777276 0.25511124657405726 0.5356177122950871 0.3278916650479087 0.560748280038321 0.8444187258133105 0.9646598450145277 1.2926961458501227 1.5044512274722592
138 1242 -0.6232436198532709 -0.32277847602777276 0.25511124657405726 0.5356177122950871 0.3278916650479087 0.560748280038321 0.8444187258133105 0.9646598450145277 1.2926961458501227 1.5044512274722592
139 1251 -0.46899828414853284 -0.25502635555620884 0.23325982326571165 0.6900232986494149 0.34851574728748874 0.5680893658137978 0.921299126837392 0.9709355742624333 1.2446518090196386 1.48833636996695
140 1260 -0.46899828414853284 -0.25502635555620884 0.23325982326571165 0.6900232986494149 0.34851574728748874 0.5680893658137978 0.921299126837392 0.9709355742624333 1.2446518090196386 1.48833636996695
141 1269 -0.46899828414853284 -0.25502635555620884 0.23325982326571165 0.6900232986494149 0.34851574728748874 0.5680893658137978 0.921299126837392 0.9709355742624333 1.2446518090196386 1.48833636996695
142 1278 -0.46899828414853284 -0.25502635555620884 0.23325982326571165 0.6900232986494149 0.34851574728748874 0.5680893658137978 0.921299126837392 0.9709355742624333 1.2446518090196386 1.48833636996695
143 1287 -0.46899828414853284 -0.25502635555620884 0.23325982326571165 0.6900232986494149 0.34851574728748874 0.5680893658137978 0.921299126837392 0.9709355742624333 1.2446518090196386 1.48833636996695
144 1296 -0.46899828414853284 -0.25502635555620884 0.23325982326571165 0.6900232986494149 0.34851574728748874 0.5680893658137978 0.921299126837392 0.9709355742624333 1.2446518090196386 1.48833636996695
145 1305 -0.6341951935426731 -0.13483488740425748 0.13328817606021695 0.6968243947686193 0.34799027803836036 0.49114354169524044 0.9591167408194926 1.026570549563115 1.2118252776447478 1.481691016559305
146 1314 -0.6341951935426731 -0.13483488740425748 0.13328817606021695 0.6968243947686193 0.34799027803836036 0.49114354169524044 0.9591167408194926 1.026570549563115 1.2118252776447478 1.481691016559305
147 1323 -0.6341951935426731 -0.13483488740425748 0.13328817606021695 0.6968243947686193 0.34799027803836036 0.49114354169524044 0.9591167408194926 1.026570549563115 1.2118252776447478 1.481691016559305
148 1332 -0.6341951935426731 -0.13483488740425748 0.13328817606021695 0.6968243947686193 0.34799027803836036 0.49114354169524044 0.9591167408194926 1.026570549563115 1.2118252776447478 1.481691016559305
149 1341 -0.6341951935426731 -0.13483488740425748 0.13328817606021695 0.6968243947686193 0.34799027803836036 0.49114354169524044 0.9591167408194926 1.026570549563115 1.2118252776447478 1.481691016559305
150 1350 -0.6341951935426731 -0.13483488740425748 0.13328817606021695 0.6968243947686193 0.34799027803836036 0.49114354169524044 0.9591167408194926 1.026570549563115 1.2118252776447478 1.481691016559305
151 1359 -0.6349488946098321 -0.2892307678513538 0.2630756411519761 0.7254265513876176 0.34323436831840176 0.43210416865959256 0.8136469730721164 0.9237442706267313 1.3465435609237046 1.5384965778518493
152 1368 -0.6349488946098321 -0.2892307678513538 0.2630756411519761 0.7254265513876176 0.34323436831840176 0.43210416865959256 0.8136469730721164 0.9237442706267313 1.3465435609237046 1.5384965778518493
153 1377 -0.6349488946098321 -0.2892307678513538 0.2630756411519761 0.7254265513876176 0.34323436831840176 0.43210416865959256 0.8136469730721164 0.9237442706267313 1.3465435609237046 1.5384965778518493
154 1386 -0.6349488946098321 -0.2892307678513538 0.2630756411519761 0.7254265513876176 0.34323436831840176 0.43210416865959256 0.8136469730721164 0.9237442706267313 1.3465435609237046 1.5384965778518493
155 1395 -0.6349488946098321 -0.2892307678513538 0.2630756411519761 0.7254265513876176 0.34323436831840176 0.43210416865959256 0.8136469730721164 0.9237442706267313 1.3465435609237046 1.5384965778518493
156 1404 -0.6349488946098321 -0.2892307678513538 0.2630756411519761 0.7254265513876176 0.34323436831840176 0.43210416865959256 0.8136469730721164 0.9237442706267313 1.3465435609237046 1.5384965778518493
157 1413 -0.6884208042200364 -0.23308923940322973 0.24881238210059647 0.7971606053745497 0.2680876042927418 0.3423447319537494 0.8323962749963895 1.0087060521237121 1.2445399008199087 1.5973972887094792
158 1422 -0.6884208042200364 -0.23308923940322973 0.24881238210059647 0.7971606053745497 0.2680876042927418 0.3423447319537494 0.8323962749963895 1.0087060521237121 1.2445399008199087 1.5973972887094792
159 1431 -0.6884208042200364 -0.23308923940322973 0.24881238210059647 0.7971606053745497 0.2680876042927418 0.3423447319537494 0.8323962749963895 1.0087060521237121 1.2445399008199087 1.5973972887094792
160 1440 -0.6884208042200364 -0.23308923940322973 0.24881238210059647 0.7971606053745497 0.2680876042927418 0.3423447319537494 0.8323962749963895 1.0087060521237121 1.2445399008199087 1.5973972887094792
161 1449 -0.6884208042200364 -0.23308923940322973 0.24881238210059647 0.7971606053745497 0.2680876042927418 0.3423447319537494 0.8323962749963895 1.0087060521237121 1.2445399008199087 1.5973972887094792
162 1458 -0.6884208042200364 -0.23308923940322973 0.24881238210059647 0.7971606053745497 0.2680876042927418 0.3423447319537494 0.8323962749963895 1.0087060521237121 1.2445399008199087 1.5973972887094792
163 1467 -0.7535854928922234 -0.26669128165814965 0.14985063491628142 0.7466743985143556 0.24648861036839342 0.3923061458075279 0.8610602377036809 0.9970806751565883 1.149729107191291 1.6516257527879559
164 1476 -0.7535854928922234 -0.26669128165814965 0.14985063491628142 0.7466743985143556 0.24648861036839342 0.3923061458075279 0.8610602377036809 0.9970806751565883 1.149729107191291 1.6516257527879559
165 1485 -0.7535854928922234 -0.26669128165814965 0.14985063491628142 0.7466743985143556 0.24648861036839342 0.3923061458075279 0.8610602377036809 0.9970806751565883 1.149729107191291 1.6516257527879559
166 1494 -0.7535854928922234 -0.26669128165814965 0.14985063491628142 0.7466743985143556 0.24648861036839342 0.3923061458075279 0.8610602377036809 0.9970806751565883 1.149729107191291 1.6516257527879559
167 1503 -0.7535854928922234 -0.26669128165814965 0.14985063491628142 0.7466743985143556 0.24648861036839342 0.3923061458075279 0.8610602377036809 0.9970806751565883 1.149729107191291 1.6516257527879559
168 1512 -0.7535854928922234 -0.26669128165814965 0.14985063491628142 0.7466743985143556 0.24648861036839342 0.3923061458075279 0.8610602377036809 0.9970806751565883 1.149729107191291 1.6516257527879559
169 1521 -0.8301599638940852 -0.10251236842204797 0.196094171684105 0.7559013813942647 0.22975736768889224 0.3961832291233129 0.8479898594728199 0.9718486239717324 1.2178210559367124 1.6259107377057345
170 1530 -0.8301599638940852 -0.10251236842204797 0.196094171684105 0.7559013813942647 0.22975736768889224 0.3961832291233129 0.8479898594728199 0.9718486239717324 1.2178210559367124 1.6259107377057345
171 1539 -0.8301599638940852 -0.10251236842204797 0.196094171684105 0.7559013813942647 0.22975736768889224 0.3961832291233129 0.8479898594728199 0.9718486239717324 1.2178210559367124 1.6259107377057345
172 1548 -0.8301599638940852 -0.10251236842204797 0.196094171684105 0.7559013813942647 0.22975736768889224 0.3961832291233129 0.8479898594728199 0.9718486239717324 1.2178210559367124 1.6259107377057345
173 1557 -0.8301599638940852 -0.10251236842204797 0.196094171684105 0.7559013813942647 0.22975736768889224 0.3961832291233129 0.8479898594728199 0.9718486239717324 1.2178210559367124 1.6259107377057345
174 1566 -0.8301599638940852 -0.10251236842204797 0.196094171684105 0.7559013813942647 0.22975736768889224 0.3961832291233129 0.8479898594728199 0.9718486239717324 1.2178210559367124 1.6259107377057345
175 1575 -0.891233392876412 -0.14976998178683068 0.1608478744063754 0.746154794761936 0.20137970437997602 0.3637597186006362 0.7547900086172158 0.9755698987265797 1.28962494545862 1.6255915838329458
176 1584 -0.891233392876412 -0.14976998178683068 0.1608478744063754 0.746154794761936 0.20137970437997602 0.3637597186006362 0.7547900086172158 0.9755698987265797 1.28962494545862 1.6255915838329458
177 1593 -0.891233392876412 -0.14976998178683068 0.1608478744063754 0.746154794761936 0.20137970437997602 0.3637597186006362 0.7547900086172158 0.9755698987265797 1.28962494545862 1.6255915838329458
178 1602 -0.891233392876412 -0.14976998178683068 0.1608478744063754 0.746154794761936 0.20137970437997602 0.3637597186006362 0.7547900086172158 0.9755698987265797 1.28962494545862 1.6255915838329458
179 1611 -0.891233392876412 -0.14976998178683068 0.1608478744063754 0.746154794761936 0.20137970437997602 0.3637597186006362 0.7547900086172158 0.9755698987265797 1.28962494545862 1.6255915838329458
180 1620 -0.891233392876412 -0.14976998178683068 0.1608478744063754 0.746154794761936 0.20137970437997602 0.3637597186006362 0.7547900086172158 0.9755698987265797 1.28962494545862 1.6255915838329458
181 1629 -0.9284641536596285 -0.27581915688165287 0.25322712779721224 0.817404245820973 0.15179271044328266 0.3548447734485323 0.7269514069093517 0.9261057867019197 1.3096274891464061 1.658248993159458
182 1638 -0.9284641536596285 -0.27581915688165287 0.25322712779721224 0.817404245820973 0.15179271044328266 0.3548447734485323 0.7269514069093517 0.9261057867019197 1.3096274891464061 1.658248993159458
183 1647 -0.9284641536596285 -0.27581915688165287 0.25322712779721224 0.817404245820973 0.15179271044328266 0.3548447734485323 0.7269514069093517 0.9261057867019197 1.3096274891464061 1.658248993159458
184 1656 -0.9284641536596285 -0.27581915688165287 0.25322712779721224 0.817404245820973 0.15179271044328266 0.3548447734485323 0.7269514069093517 0.9261057867019197 1.3096274891464061 1.658248993159458
185 1665 -0.9284641536596285 -0.27581915688165287 0.25322712779721224 0.817404245820973 0.15179271044328266 0.3548447734485323 0.7269514069093517 0.9261057867019197 1.3096274891464061 1.658248993159458
186 1674 -0.9284641536596285 -0.27581915688165287 0.25322712779721224 0.817404245820973 0.15179271044328266 0.3548447734485323 0.7269514069093517 0.9261057867019197 1.3096274891464061 1.658248993159458
187 1683 -0.9480304603403595 -0.18469221436160968 0.2256004997646911 0.8336846368754297 0.13826334604289925 0.33949122803008214 0.6030377834252464 0.9645674043726741 1.2980421338903751 1.699020519611313
188 1692 -0.9480304603403595 -0.18469221436160968 0.2256004997646911 0.8336846368754297 0.13826334604289925 0.33949122803008214 0.6030377834252464 0.9645674043726741 1.2980421338903751 1.699020519611313
189 1701 -0.9480304603403595 -0.18469221436160968 0.2256004997646911 0.8336846368754297 0.13826334604289925 0.33949122803008214 0.6030377834252464 0.9645674043726741 1.2980421338903751 1.699020519611313
190 1710 -0.9480304603403595 -0.18469221436160968 0.2256004997646911 0.8336846368754297 0.13826334604289925 0.33949122803008214 0.6030377834252464 0.9645674043726741 1.2980421338903751 1.699020519611313
191 1719 -0.9480304603403595 -0.18469221436160968 0.2256004997646911 0.8336846368754297 0.13826334604289925 0.33949122803008214 0.6030377834252464 0.9645674043726741 1.2980421338903751 1.699020519611313
192 1728 -0.9480304603403595 -0.18469221436160968 0.2256004997646911 0.8336846368754297 0.13826334604289925 0.33949122803008214 0.6030377834252464 0.9645674043726741 1.2980421338903751 1.699020519611313
193 1737 -0.9634988159485005 -0.2215476642738622 0.16967989699544106 0.733009628197641 0.1177155392907242 0.412065139487935 0.566632290519158 0.9615983876296228 1.333335929859985 1.671172360656379
194 1746 -0.9634988159485005 -0.2215476642738622 0.16967989699544106 0.733009628197641 0.1177155392907242 0.412065139487935 0.566632290519158 0.9615983876296228 1.333335929859985 1.671172360656379
195 1755 -0.9634988159485005 -0.2215476642738622 0.16967989699544106 0.733009628197641 0.1177155392907242 0.412065139487935 0.566632290519158 0.9615983876296228 1.333335929859985 1.671172360656379
196 1764 -0.9634988159485005 -0.2215476642738622 0.16967989699544106 0.733009628197641 0.1177155392907242 0.412065139487935 0.566632290519158 0.9615983876296228 1.333335929859985 1.671172360656379
197 1773 -0.9634988159485005 -0.2215476642738622 0.16967989699544106 0.733009628197641 0.1177155392907242 0.412065139487935 0.566632290519158 0.9615983876296228 1.333335929859985 1.671172360656379
198 1782 -0.9531395486868293 -0.10087243149474207 0.1856146423391084 0.7637765903019547 0.13035898587784128 0.3988531044319482 0.5291619438531117 0.9951389001739046 1.3143329969643924 1.6811120472814316
199 1791 -0.9531395486868293 -0.10087243149474207 0.1856146423391084 0.7637765903019547 0.13035898587784128 0.3988531044319482 0.5291619438531117 0.9951389001739046 1.3143329969643924 1.6811120472814316
200 1800 -0.9531395486868293 -0.10087243149474207 0.1856146423391084 0.7637765903019547 0.13035898587784128 0.3988531044319482 0.5291619438531117 0.9951389001739046 1.3143329969643924 1.6811120472814316
201 1809 -0.9531395486868293 -0.10087243149474207 0.1856146423391084 0.7637765903019547 0.13035898587784128 0.3988531044319482 0.5291619438531117 0.9951389001739046 1.3143329969643924 1.6811120472814316
202 1818 -0.9531395486868293 -0.10087243149474207 0.1856146423391084 0.7637765903019547 0.13035898587784128 0.3988531044319482 0.5291619438531117 0.9951389001739046 1.3143329969643924 1.6811120472814316
203 1827 -0.9531395486868293 -0.10087243149474207 0.1856146423391084 0.7637765903019547 0.13035898587784128 0.3988531044319482 0.5291619438531117 0.9951389001739046 1.3143329969643924 1.6811120472814316
204 1836 -0.9603877790285174 -0.08497620458446282 0.14882459388958388 0.7908806437022595 0.11438520050857622 0.3923277652781581 0.5082734463843431 0.9979299372036119 1.3274133587704857 1.6783213844754208
205 1845 -0.9603877790285174 -0.08497620458446282 0.14882459388958388 0.7908806437022595 0.11438520050857622 0.3923277652781581 0.5082734463843431 0.9979299372036119 1.3274133587704857 1.6783213844754208
206 1854 -0.9603877790285174 -0.08497620458446282 0.14882459388958388 0.7908806437022595 0.11438520050857622 0.3923277652781581 0.5082734463843431 0.9979299372036119 1.3274133587704857 1.6783213844754208
207 1863 -0.9603877790285174 -0.08497620458446282 0.14882459388958388 0.7908806437022595 0.11438520050857622 0.3923277652781581 0.5082734463843431 0.9979299372036119 1.3274133587704857 1.6783213844754208
208 1872 -0.9603877790285174 -0.08497620458446282 0.14882459388958388 0.7908806437022595 0.11438520050857622 0.3923277652781581 0.5082734463843431 0.9979299372036119 1.3274133587704857 1.6783213844754208
209 1881 -0.9603877790285174 -0.08497620458446282 0.14882459388958388 0.7908806437022595 0.11438520050857622 0.3923277652781581 0.5082734463843431 0.9979299372036119 1.3274133587704857 1.6783213844754208
210 1890 -0.9581938924260123 -0.26099870658851637 0.17920712567575195 0.831959043189936 0.11880320967671834 0.38006633970982423 0.4358572471620983 0.9785962573534979 1.2910175815674305 1.7398525236536218
211 1899 -0.9581938924260123 -0.26099870658851637 0.17920712567575195 0.831959043189936 0.11880320967671834 0.38006633970982423 0.4358572471620983 0.9785962573534979 1.2910175815674305 1.7398525236536218
212 1908 -0.9581938924260123 -0.26099870658851637 0.17920712567575195 0.831959043189936 0.11880320967671834 0.38006633970982423 0.4358572471620983 0.9785962573534979 1.2910175815674305 1.7398525236536218
213 1917 -0.9581938924260123 -0.26099870658851637 0.17920712567575195 0.831959043189936 0.11880320967671834 0.38006633970982423 0.4358572471620983 0.9785962573534979 1.2910175815674305 1.7398525236536218
214 1926 -0.9581938924260123 -0.26099870658851637 0.17920712567575195 0.831959043189936 0.11880320967671834 0.38006633970982423 0.4358572471620983 0.9785962573534979 1.2910175815674305 1.7398525236536218
215 1935 -0.9581938924260123 -0.26099870658851637 0.17920712567575195 0.831959043189936 0.11880320967671834 0.38006633970982423 0.4358572471620983 0.9785962573534979 1.2910175815674305 1.7398525236536218
216 1944 -0.951998811223213 -0.3265488186817796 0.20369394068063015 0.8067593313736683 0.13209169742960905 0.3922986193923599 0.4707110447864705 0.9945598183374602 1.2006445233557157 1.7822424597381603
217 1953 -0.951998811223213 -0.3265488186817796 0.20369394068063015 0.8067593313736683 0.13209169742960905 0.3922986193923599 0.4707110447864705 0.9945598183374602 1.2006445233557157 1.7822424597381603
218 1962 -0.951998811223213 -0.3265488186817796 0.20369394068063015 0.8067593313736683 0.13209169742960905 0.3922986193923599 0.4707110447864705 0.9945598183374602 1.2006445233557157 1.7822424597381603
219 1971 -0.951998811223213 -0.3265488186817796 0.20369394068063015 0.8067593313736683 0.13209169742960905 0.3922986193923599 0.4707110447864705 0.9945598183374602 1.2006445233557157 1.7822424597381603
220 1980 -0.951998811223213 -0.3265488186817796 0.20369394068063015 0.8067593313736683 0.13209169742960905 0.3922986193923599 0.4707110447864705 0.9945598183374602 1.2006445233557157 1.7822424597381603
221 1989 -0.951998811223213 -0.3265488186817796 0.20369394068063015 0.8067593313736683 0.13209169742960905 0.3922986193923599 0.4707110447864705 0.9945598183374602 1.2006445233557157 1.7822424597381603
222 1998 -0.9613044790410235 -0.17441899944657735 0.16414525822442777 0.8623608259355315 0.12760047618173773 0.3178838522977564 0.42761947141919815 0.9981092060129894 1.2777870108719005 1.752383499782189
223 2007 -0.9613044790410235 -0.17441899944657735 0.16414525822442777 0.8623608259355315 0.12760047618173773 0.3178838522977564 0.42761947141919815 0.9981092060129894 1.2777870108719005 1.752383499782189
224 2016 -0.9613044790410235 -0.17441899944657735 0.16414525822442777 0.8623608259355315 0.12760047618173773 0.3178838522977564 0.42761947141919815 0.9981092060129894 1.2777870108719005 1.752383499782189
