% # columns="iteration, evaluation, sigma, axis ratio, bestever, best, median, worst objective function value, further objective values of best", seed=438994, Thu Nov 30 11:05:30 2023, <python>{}</python>
1 9 2.083075690708114 1.0000416675347343 0.09240862554243698 9.2408625542436978e-02 60.66385730587105 2086.413641834918   
2 18 2.234595719981709 1.3006387425918449 0.09240862554243698 9.5351492798443557e-02 2.0797323705287782 5073.371667971938   
3 27 2.4028774034904825 1.359636179545132 0.08881211891542971 8.8812118915429714e-02 0.31042712369904674 5.659045629313743   
4 36 2.535644702677255 1.708258930897424 0.05537423794865816 5.5374237948658159e-02 0.28625246824980244 31698.464407137104   
5 45 2.5024204046459597 2.036337463006712 0.05537423794865816 9.7474648960909543e-02 0.2971955991727623 2331.1873430410274   
6 54 2.1994095533894025 2.065005674848041 0.05537423794865816 5.8433593266126897e-02 0.23750638789947737 172.83239867465656   
7 63 2.300861339741724 2.1753050350503385 0.05537423794865816 1.0079036737487648e-01 0.23600495196097893 5.422153862454747   
8 72 2.2116177856086368 2.3844017552056087 0.05537423794865816 1.0106723748993111e-01 0.249415315575539 27.695067065738524   
9 81 2.058782075655179 2.73945194198479 0.05537423794865816 9.3850493803267487e-02 0.2066583903961699 4.783546890869587   
10 90 2.248037449941284 2.9072271812432375 0.05537423794865816 7.6507057778857246e-02 0.2543691060906373 1.4667408193051414   
11 99 2.306237295715866 3.174416149812505 0.05537423794865816 7.7825420315321081e-02 0.2116575445521403 0.38656230913931616   
12 108 2.4864456079169712 3.3051098375084575 0.05537423794865816 7.3774163154780775e-02 0.29056295340393307 1.107421351979701   
13 117 2.6177984034558457 3.659381977923655 0.05537423794865816 6.8240700010249997e-02 0.2684725515932297 50.48052414128807   
14 126 2.7111984713617625 3.6183787570307513 0.05537423794865816 8.5286606310928950e-02 0.2285743487381839 19.742639422992745   
15 135 2.3007730817938628 4.476310006657446 0.05537423794865816 9.0297766455228232e-02 0.22261300457484628 10.809847806505742   
16 144 2.0473686974180474 4.453889132525289 0.05537423794865816 8.3153507525799641e-02 0.28243592181282967 1.1236794050672607   
17 153 1.9287731994632358 5.131790766929527 0.05537423794865816 8.3902269586033487e-02 0.2655534165753829 3.2392750462872852   
18 162 2.0289013985217883 5.8366092621431624 0.042906700157582744 4.2906700157582744e-02 0.20365106150156498 0.4852815113211945   
19 171 2.090659680282395 6.4781906269121885 0.042906700157582744 5.6886225891650800e-02 0.2004813106362662 0.26322819683565196   
20 180 2.0220945031188022 6.260529043769695 0.04230013189065794 4.2300131890657941e-02 0.13699707444801096 0.27156379096736455   
21 189 2.039453569797304 6.485175623843252 0.041811527702270646 4.1811527702270646e-02 0.14873421790905345 2.9950047646567204   
22 198 1.91864053657289 6.674677708662642 0.041811527702270646 4.5392921047112275e-02 0.08013655616398924 0.4773090184807725   
23 207 1.8987562873645265 6.997281790486178 0.041811527702270646 7.1473627871301126e-02 0.17470716277537454 2.8625825612699214   
24 216 1.9139580671810013 6.602782701983594 0.041811527702270646 4.7239643931838791e-02 0.16123111851993344 0.26838358998168804   
25 225 1.764626590267371 6.668341705873333 0.041811527702270646 8.3526574614692914e-02 0.13857395640018258 0.33032081863353663   
26 234 1.5170791892176636 7.190551318900066 0.041811527702270646 5.3282342404120338e-02 0.10400970884753748 0.35552853156958697   
27 243 1.3789700607888802 7.058469324628737 0.041811527702270646 7.2004832155889806e-02 0.11637147818561759 1.2761128343892385   
28 252 1.3389464083929312 7.9524501025734855 0.041811527702270646 5.6368393712818161e-02 0.09217352973925765 0.17376726400246506   
29 261 1.3301970530146399 7.605500873745288 0.041811527702270646 6.0211521686803035e-02 0.10178583551500688 0.17102086413225548   
30 270 1.1379862791322615 8.34112008556175 0.041811527702270646 5.2912717780711584e-02 0.08602957550889274 0.2029646698039561   
31 279 1.0310260755208465 9.213031600934855 0.041811527702270646 4.3476476970209732e-02 0.06859320398373063 0.1134946168760373   
32 288 0.9732994150565348 9.48027446380351 0.041811527702270646 4.4360624599270496e-02 0.05828101151748502 0.11418517748306056   
33 297 0.9132698183262936 9.53423120238149 0.041811527702270646 4.6009117155475565e-02 0.060176672259320475 0.12334438782837244   
34 306 0.8525159633390124 10.538969246901695 0.041811527702270646 4.4114168330988537e-02 0.05399914046986876 0.07581096571314218   
35 315 0.8853438329270739 11.397832270016172 0.041811527702270646 4.1847610930200729e-02 0.046381587532211076 0.0768807018116593   
36 324 0.9601641166772048 11.653971948295634 0.041811527702270646 4.2074308794807648e-02 0.0501795027701451 0.08453864400177206   
37 333 0.9940695922499747 12.429479355465629 0.041811527702270646 4.4074037057249077e-02 0.04889131321961119 0.12355504076092085   
38 342 1.0796683689785296 13.506510940006448 0.041811527702270646 4.2057010338956119e-02 0.0600738908452594 0.15297075495172718   
39 351 1.1303339357649247 15.534115418165243 0.041811527702270646 4.4021812873977009e-02 0.05352496874375014 0.06927044529835168   
40 360 1.195121265122081 16.343414425399555 0.041811527702270646 4.3779308205014980e-02 0.06758726395622568 0.10307060223568087   
41 369 1.27891187942672 17.959338107722502 0.041811527702270646 4.4448136561191905e-02 0.05188663661363389 0.0802912614653951   
42 378 1.0849251486559672 19.40618462586564 0.041811527702270646 4.4656118670438297e-02 0.04856138718254779 0.05893131244917379   
43 387 0.9273965129536724 19.893534900705454 0.041811527702270646 4.2820746944152256e-02 0.055169341849714046 0.07194238482967318   
44 396 0.7955325939665308 22.26653696497663 0.041811527702270646 4.3044317615367471e-02 0.04629928308684245 0.08804764481068764   
45 405 0.6912660155739304 24.991353421324703 0.041811527702270646 4.2232705811372187e-02 0.04507044559011556 0.05189356384655326   
46 414 0.6190977195532033 26.340085385478954 0.041811527702270646 4.1970173764515444e-02 0.04262195579530738 0.0486888811049629   
47 423 0.5133252148960236 26.062479063799714 0.041811527702270646 4.1893159492709678e-02 0.0430501963752812 0.06147424216639863   
48 432 0.464152344132154 26.601478520565912 0.041811527702270646 4.1835541372900950e-02 0.042473926459960995 0.0442128682222082   
49 441 0.44205204944311766 27.3540173992512 0.041811527702270646 4.1823139439560404e-02 0.04238560347882311 0.04405490176171768   
50 450 0.44919193082460673 29.047989049659737 0.041811527702270646 4.1916929351986952e-02 0.04229458656796451 0.04310487668452016   
51 459 0.39548302487681375 30.20655288980364 0.04180066700516356 4.1800667005163557e-02 0.04245732902852645 0.04357852211033858   
52 468 0.3569647541041567 29.993824110935947 0.04180066700516356 4.1864204658748225e-02 0.04235849714034124 0.043078003384939986   
53 477 0.3197948881222176 29.571568315169348 0.04180000770945579 4.1800007709455793e-02 0.04224651039816498 0.04276496950318526   
54 486 0.30848680461286254 30.423249739228368 0.04180000770945579 4.1805369739205261e-02 0.041988343631330874 0.04329711794345956   
55 495 0.29669041413518743 31.322482627644074 0.04178305270688607 4.1783052706886072e-02 0.0418614863835379 0.043117083176416396   
56 504 0.29623802795772985 36.08323235659616 0.04178305270688607 4.1817100420451982e-02 0.04203281932093564 0.04332510693370707   
57 513 0.2997750643382312 38.810460131627124 0.04178305270688607 4.1792900126833857e-02 0.04186645713589292 0.04218505063288622   
58 522 0.2486731734997636 39.20631877896131 0.04178305270688607 4.1788799616785749e-02 0.04194553797098339 0.04210155358117023   
59 531 0.2054900173010614 39.8880068562195 0.04178305270688607 4.1800453200206235e-02 0.041874077224091456 0.04201680100037358   
60 540 0.176919671553964 43.436318999601035 0.04177804537218122 4.1778045372181223e-02 0.04180416748652476 0.04187904462234489   
61 549 0.17836195090414586 42.20479428556952 0.04176478883140705 4.1764788831407051e-02 0.04178089452069644 0.04185175083973859   
62 558 0.17238947308628466 47.65165582358274 0.04176478883140705 4.1767817038162409e-02 0.04180098173057928 0.041866323397458674   
63 567 0.15205300357662258 52.437976824767915 0.04176478883140705 4.1772810739481601e-02 0.04179095157279077 0.04198188881370982   
64 576 0.16130150511128905 49.01464800025535 0.04176478883140705 4.1771770139703214e-02 0.04178264106966217 0.04181080227426656   
65 585 0.13740360629248266 50.74863402907095 0.04176478883140705 4.1769673800773274e-02 0.041787095325679806 0.04186801860387693   
66 594 0.12232806331443215 55.634074393048884 0.04176478883140705 4.1767248432110132e-02 0.04177993089925097 0.04184364955041073   
67 603 0.11221252132396692 55.6101774460628 0.041763596872902514 4.1763596872902514e-02 0.04177849448043437 0.041802873343793595   
68 612 0.11179334514049177 53.01142461631293 0.041763596872902514 4.1767185592808183e-02 0.04177764874004992 0.041791755063794164   
69 621 0.09923344763077699 52.77592524407194 0.041763596872902514 4.1767528091860850e-02 0.0417723028116706 0.041817281754336744   
70 630 0.0821997185521964 57.23064414100612 0.041763596872902514 4.1765579548237008e-02 0.041774541655857485 0.041792100280486535   
71 639 0.07942779598248594 58.85134376195101 0.041763596872902514 4.1764370583499903e-02 0.04177186859519571 0.041778870295781874   
72 648 0.07162291685177907 61.590950139659434 0.041763596872902514 4.1764470071615073e-02 0.041766829471346065 0.041777103474949714   
73 657 0.06945780774112824 67.27631261221316 0.041763596872902514 4.1763880663842540e-02 0.04176656779288335 0.04177482370619998   
74 666 0.075314491081884 63.302520547392035 0.041763596872902514 4.1764141007924929e-02 0.04176614765087279 0.04177337177213524   
75 675 0.07101744442570497 69.79903763509932 0.041763596872902514 4.1763819105136539e-02 0.04176672516808279 0.04177937907172448   
76 684 0.06724753768202137 73.371285112715 0.041763596872902514 4.1764414925666460e-02 0.04176521415347029 0.04177646967014279   
77 693 0.06574170621524246 76.49274206640766 0.041763596872902514 4.1764205562226701e-02 0.04176635024286647 0.041769566022656135   
78 702 0.058443526720169746 80.10904418914996 0.04176344249425647 4.1763442494256467e-02 0.041764966793637504 0.04177120793029101   
79 711 0.05680963721248117 84.33100676735197 0.041763283046792755 4.1763283046792755e-02 0.041764531427858874 0.041769152095509826   
80 720 0.05427862307880723 89.25461961642083 0.04176303169411887 4.1763031694118873e-02 0.04176404934231716 0.04176713396620431   
81 729 0.04948405528164935 90.58795072059179 0.04176303169411887 4.1763344701849926e-02 0.041764271513911835 0.041767282317979784   
82 738 0.04883847331415333 91.64354107668828 0.04176303169411887 4.1763258430597500e-02 0.041763994768124826 0.041767475537727694   
83 747 0.04673979144109137 98.14653197968954 0.04176303169411887 4.1763051884720889e-02 0.041763649066866596 0.041764477925315506   
84 756 0.03928129313704749 98.75680509387432 0.0417630211126093 4.1763021112609301e-02 0.04176382634242375 0.041765144387490225   
85 765 0.03418301326368607 112.76140949547228 0.04176289795625368 4.1762897956253681e-02 0.04176348221681714 0.04176448488676619   
86 774 0.030958157916171465 110.60711969763335 0.04176289795625368 4.1763025818771060e-02 0.04176337885347878 0.04176489602032866   
87 783 0.0277135796035889 122.63288657196877 0.04176268786620767 4.1762687866207668e-02 0.04176319839439396 0.04176351006898595   
88 792 0.02789083000547635 128.7859702101011 0.04176268786620767 4.1762715949443252e-02 0.04176305311752384 0.04176330447590841   
89 801 0.02654345697621236 144.511523291259 0.0417626036835756 4.1762603683575601e-02 0.041762974847100814 0.041763386363775655   
90 810 0.02675730827677464 150.1562813458647 0.0417626036835756 4.1762806750106962e-02 0.04176292654473093 0.041764083284859026   
91 819 0.026816278156389498 144.50887056615656 0.0417626036835756 4.1762657462980024e-02 0.041762882048031705 0.041763408233189   
92 828 0.023945778596775255 149.18913466506856 0.0417626036835756 4.1762603995102475e-02 0.04176300273312534 0.04176446919136556   
93 837 0.020545727317192303 149.64817534432416 0.041762556813425666 4.1762556813425666e-02 0.04176286549206415 0.041763648768502235   
94 846 0.01939450106547802 145.7477226327833 0.041762556813425666 4.1762703510381798e-02 0.04176280134236747 0.041763318164076545   
95 855 0.01797086887286415 140.78982765183773 0.041762556813425666 4.1762562754342647e-02 0.04176292974737707 0.041763158393372836   
96 864 0.02215320355138817 139.29051714828657 0.041762556813425666 4.1762626466743447e-02 0.041762682062848396 0.04176291374123516   
97 873 0.021063311326697684 142.80074658479992 0.041762556813425666 4.1762712449706238e-02 0.04176288194779034 0.04176325662303779   
98 882 0.019315541282040848 152.84043598444157 0.041762556813425666 4.1762692164636350e-02 0.041762773168399527 0.0417629436820041   
99 891 0.017468736959517884 151.8713002335374 0.041762556813425666 4.1762656712741798e-02 0.041762842439215624 0.04176300027644195   
100 900 0.016457430252274405 145.06064307513495 0.041762556813425666 4.1762669017029436e-02 0.041762821163091435 0.04176322350396424   
101 909 0.01565865667658411 141.8006501313366 0.041762556813425666 4.1762582422247924e-02 0.04176270935501675 0.04176307443635098   
102 918 0.014725255634647962 135.68906430663733 0.041762556813425666 4.1762583499712951e-02 0.04176271952978904 0.04176281259463613   
103 927 0.0137011632088742 129.7688480091217 0.041762556813425666 4.1762576080030527e-02 0.04176273085454245 0.04176290651462633   
104 936 0.01202603325097439 137.19680095343855 0.041762556813425666 4.1762572404929116e-02 0.04176267812420558 0.04176291894867231   
105 945 0.011779010793351927 130.7473619859253 0.04176254375982864 4.1762543759828637e-02 0.04176267914986146 0.041762787694192095   
106 954 0.011365483783237507 131.89474096112886 0.041762527024322385 4.1762527024322385e-02 0.04176260091977643 0.04176271666063336   
107 963 0.010771829421335893 127.45920817044217 0.041762527024322385 4.1762527025640803e-02 0.041762611679454595 0.041762747923235775   
108 972 0.009978102068411696 126.56840355906185 0.041762527024322385 4.1762551787995733e-02 0.041762587549075816 0.04176270995341676   
109 981 0.009693956614297082 119.55654153995447 0.041762515978795045 4.1762515978795045e-02 0.041762604957744434 0.04176272443565521   
110 990 0.009629996280470343 118.02827501197343 0.04176250334604645 4.1762503346046448e-02 0.04176257574038189 0.04176274301104291   
111 999 0.00884946999280565 108.19832860762688 0.04176247817021177 4.1762478170211767e-02 0.04176255430848167 0.04176272141271265   
112 1008 0.008963842452032864 114.7749968064508 0.04176246974917082 4.1762469749170819e-02 0.04176252790888211 0.04176276632541841   
113 1017 0.01046246900533891 120.754676203024 0.041762460350758264 4.1762460350758264e-02 0.04176258672867486 0.0417627221461572   
114 1026 0.012356848404963256 119.94527265816826 0.041762460350758264 4.1762472654657802e-02 0.04176248782142627 0.04176269357110832   
115 1035 0.012184422364381846 131.22090873731952 0.041762460350758264 4.1762505387291697e-02 0.041762612221329605 0.04176274608808055   
116 1044 0.011200462000633486 113.31252502076681 0.04176245945017498 4.1762459450174982e-02 0.04176253344279615 0.041762717846526624   
117 1053 0.013615312246084291 116.2407079154233 0.04176242183294248 4.1762421832942480e-02 0.04176248320435406 0.041762717596160175   
118 1062 0.01189268833152263 113.41015706204308 0.04176242183294248 4.1762436861554675e-02 0.041762562562482196 0.04176263189850086   
119 1071 0.009985067524621489 112.93620580389721 0.04176242183294248 4.1762427458704704e-02 0.041762493436148025 0.04176257182697831   
120 1080 0.010167010828056182 117.63436945491753 0.041762405987851275 4.1762405987851275e-02 0.04176245021817885 0.041762535907316815   
121 1089 0.010791100672138546 124.7421371298877 0.04176237061981298 4.1762370619812979e-02 0.04176242371164597 0.04176257996354701   
122 1098 0.010867037007080535 136.15330607576374 0.041762341168838986 4.1762341168838986e-02 0.04176240646507544 0.041762641286825976   
123 1107 0.010726689550218022 137.35457686808235 0.041762341168838986 4.1762341733308644e-02 0.04176252055605556 0.041762602086487355   
124 1116 0.01012215498128255 151.6052955530824 0.04176233910240183 4.1762339102401833e-02 0.041762397747731314 0.04176254802452117   
125 1125 0.009883399373557738 158.2236920551011 0.0417623262006915 4.1762326200691501e-02 0.041762365344522906 0.0417624548346987   
126 1134 0.010786771738000868 167.99786766257597 0.04176230806156718 4.1762308061567180e-02 0.04176236018500248 0.04176255708230513   
127 1143 0.011200611375754928 157.65284904114614 0.041762306683038264 4.1762306683038264e-02 0.0417623573943804 0.04176248230295716   
128 1152 0.01260030496004758 154.3007393562757 0.04176226605940175 4.1762266059401747e-02 0.04176234076840515 0.041762412187132614   
129 1161 0.011953652550692778 180.20039025792104 0.04176226605940175 4.1762267123450915e-02 0.04176233943327716 0.04176242560746426   
130 1170 0.010981178468807366 185.1859096137471 0.04176226605940175 4.1762267059249902e-02 0.041762332241092846 0.04176253825094181   
131 1179 0.010658013079128009 179.1787539771833 0.041762266014731625 4.1762266014731625e-02 0.041762331902775875 0.04176245887714384   
132 1188 0.010692241928572524 184.02054056405032 0.0417622601056262 4.1762260105626198e-02 0.04176231036254158 0.04176250591780638   
133 1197 0.010556837572372055 189.8008210990878 0.041762243538240026 4.1762243538240026e-02 0.04176231075825043 0.04176246723143812   
134 1206 0.010006234776472327 206.18657724726668 0.041762243538240026 4.1762253219716765e-02 0.04176232297157786 0.041762447480547   
135 1215 0.01020413438958128 202.17318121752973 0.041762223908561845 4.1762223908561845e-02 0.04176226864029534 0.041762293372644324   
136 1224 0.009495603490285028 195.4401909785136 0.041762223908561845 4.1762228755604709e-02 0.0417622664371446 0.04176234547094397   
137 1233 0.01074982154284151 184.84490860645457 0.04176221208998341 4.1762212089983410e-02 0.04176225069911561 0.04176226931195924   
138 1242 0.011316420128186308 202.5493116103142 0.04176221208998341 4.1762214252799447e-02 0.041762280680314484 0.04176235079362395   
139 1251 0.011019396363241231 211.24437519455842 0.04176221151736835 4.1762211517368350e-02 0.041762239856162175 0.04176227603984694   
140 1260 0.011716091184947304 208.7327410301084 0.04176217839694065 4.1762178396940651e-02 0.041762210211949216 0.04176237364799858   
141 1269 0.012334139655884487 219.24732112367192 0.04176217839694065 4.1762185579569532e-02 0.041762225476114447 0.04176233356400881   
142 1278 0.013347140631220703 226.3077049977639 0.04176214739823354 4.1762147398233543e-02 0.04176222243690764 0.04176236199190855   
143 1287 0.015494310428722131 223.11924241104188 0.04176213933468567 4.1762139334685672e-02 0.041762195615095324 0.041762274674386424   
144 1296 0.018923857011120364 233.20247115591835 0.04176211513251877 4.1762115132518769e-02 0.04176219015944406 0.04176223917687191   
145 1305 0.022600332438549354 246.9319305981995 0.041762071652033605 4.1762071652033605e-02 0.04176224871557861 0.04176244915403676   
146 1314 0.022065643434136008 281.2584253153438 0.041762071652033605 4.1762086749613306e-02 0.041762167026428744 0.041762257675035615   
147 1323 0.022798603266209878 304.65449722441787 0.041762071652033605 4.1762080747493255e-02 0.04176226406418302 0.0417624819569495   
148 1332 0.024317743389521435 310.21292615608667 0.041762071652033605 4.1762081037855767e-02 0.041762245265762284 0.04176238457098515   
149 1341 0.023287651380378447 322.43687210137256 0.04176205227663704 4.1762052276637041e-02 0.041762134931255634 0.04176225354058765   
150 1350 0.0222594154951219 319.5910385441877 0.04176204417296242 4.1762044172962420e-02 0.041762134749784956 0.04176222812891018   
151 1359 0.02201603237623447 332.5275876798264 0.04176203788638946 4.1762037886389457e-02 0.04176213449510726 0.041762367470284396   
152 1368 0.019666906528129347 333.46692290294396 0.04176201695549324 4.1762016955493239e-02 0.0417621542249266 0.041762332605423225   
153 1377 0.019428527438014518 332.6083241123212 0.04176200994035537 4.1762009940355373e-02 0.041762058713119506 0.0417622611115612   
154 1386 0.01748790093572618 336.07826153256633 0.04176200994035537 4.1762024334070384e-02 0.041762093583434044 0.041762184746007375   
155 1395 0.014787383934664694 322.44489543366046 0.04176200994035537 4.1762011118602969e-02 0.04176206382957643 0.04176217991392381   
156 1404 0.015861329117214235 328.1997154946049 0.04176200304693197 4.1762003046931971e-02 0.0417620276866347 0.04176210321535155   
157 1413 0.016956714705586472 333.24282268490975 0.04176197114757739 4.1761971147577390e-02 0.0417620221613465 0.04176207448585909   
158 1422 0.015831254309932378 328.01645929153545 0.04176194268482471 4.1761942684824707e-02 0.04176201669081075 0.04176212214118988   
159 1431 0.014837958406111532 332.07667094492956 0.04176194268482471 4.1761970425167855e-02 0.04176198495433492 0.04176215359733795   
160 1440 0.01453402349591735 337.8751349689115 0.04176193538052667 4.1761935380526673e-02 0.041761966353643626 0.041762050741859326   
161 1449 0.01542186287046181 339.57800176320933 0.04176191562107152 4.1761915621071517e-02 0.041761951545847255 0.04176199216658954   
162 1458 0.016830346362817 325.88423886373755 0.041761891305857585 4.1761891305857585e-02 0.041761931861823344 0.04176202505096232   
163 1467 0.019042126597121605 326.6076050557626 0.041761891305857585 4.1761894956125589e-02 0.04176191946713409 0.04176202091795077   
164 1476 0.01991308662927632 322.75302893000963 0.04176188802597197 4.1761888025971972e-02 0.0417619776294457 0.04176211533611782   
165 1485 0.019900644946259503 321.6462494720092 0.041761869936687346 4.1761869936687346e-02 0.04176197317243414 0.04176214268985428   
166 1494 0.020352703637543716 342.554498854994 0.04176181516492673 4.1761815164926733e-02 0.04176194574601121 0.041762041248294884   
167 1503 0.02067682669510504 361.55595823072343 0.04176181516492673 4.1761845463349156e-02 0.04176195914779923 0.04176204274084326   
168 1512 0.02185948994945161 335.36457053170346 0.04176179408573995 4.1761794085739948e-02 0.041761887067484904 0.041761995071585456   
169 1521 0.01996869297306588 332.13782255090246 0.04176179408573995 4.1761811357581086e-02 0.04176188136472881 0.04176206175630442   
170 1530 0.018114547078918415 328.35331385314595 0.04176179408573995 4.1761799632502331e-02 0.04176184406583541 0.04176204053871654   
171 1539 0.019562031361131764 339.3498105775519 0.041761763331320104 4.1761763331320104e-02 0.041761870210658705 0.04176205146947839   
172 1548 0.018861932197100688 326.8407649253523 0.041761763331320104 4.1761811158180326e-02 0.04176188296757938 0.041762011753450214   
173 1557 0.02052910745338186 308.95198082070067 0.041761763331320104 4.1761774937152454e-02 0.04176180853872806 0.04176188684302981   
174 1566 0.022020239594489677 319.26437707913516 0.041761763331320104 4.1761779019829658e-02 0.041761817465834614 0.04176184958772155   
175 1575 0.026239660160307397 356.31767368051374 0.041761686480174504 4.1761686480174504e-02 0.04176178657132778 0.04176182687512833   
176 1584 0.029916730518115654 381.4148476797825 0.041761686480174504 4.1761688735012313e-02 0.04176185203658822 0.04176428004627261   
177 1593 0.03175662204013716 375.3790611389274 0.0417616778198376 4.1761677819837598e-02 0.041761900003624536 0.04176432884287824   
178 1602 0.029110300189107523 378.26668695884484 0.0417616778198376 4.1761743525339921e-02 0.04176417902070027 0.041764366527138365   
179 1611 0.029164588055253342 375.4630143485029 0.0417616778198376 4.1761710727364162e-02 0.04176184714945039 0.04176414065237412   
180 1620 0.03128206288472148 357.88241503170764 0.0417616778198376 4.1761716785081296e-02 0.041761793949934754 0.04176401871560337   
181 1629 0.029037889599710584 356.3714580348803 0.0417616778198376 4.1761682729329133e-02 0.041761790313681185 0.04176192396461294   
182 1638 0.028781630160476177 350.04653563402405 0.0417616778198376 4.1761767957016166e-02 0.04176185872619808 0.04176437802147643   
183 1647 0.03160744456040183 343.67246635438727 0.0417616778198376 4.1761709217142645e-02 0.041761800267143004 0.04176414926909612   
184 1656 0.027710530322953283 357.8788281886344 0.0417616778198376 4.1761713690409034e-02 0.04176180999624261 0.0417641440680686   
185 1665 0.02474276952694968 349.0132206313574 0.0417616778198376 4.1761728652914741e-02 0.04176179969915385 0.04176201693502893   
186 1674 0.021432889890770128 391.87222876587936 0.0417616778198376 4.1761708874419240e-02 0.041761757527707985 0.04176190304521378   
187 1683 0.019746274656996327 410.35109711927936 0.0417616778198376 4.1761701203598546e-02 0.04176174204406466 0.04176179685812158   
188 1692 0.01801107860188164 403.1192396313874 0.04176166993128189 4.1761669931281893e-02 0.0417617154728319 0.04176177674984611   
189 1701 0.017841161462619 422.49193381164804 0.04176166993128189 4.1761682791536359e-02 0.04176173887575972 0.04176406528886981   
190 1710 0.01753390192863615 442.4123643851631 0.04176166993128189 4.1761701421562804e-02 0.04176172136754398 0.041763986032512135   
191 1719 0.01662358366676244 408.0847506106867 0.04176166993128189 4.1761672937008887e-02 0.04176173535729617 0.04176183161748422   
192 1728 0.014618655959926454 411.08210038773774 0.041761656556244066 4.1761656556244066e-02 0.04176170182555133 0.041761768187059504   
193 1737 0.014583605758108116 408.97873619538365 0.04176164777060177 4.1761647770601769e-02 0.041761681890446614 0.04176400861072529   
194 1746 0.015742640223947425 419.68561594175543 0.041761636535613156 4.1761636535613156e-02 0.04176169350472953 0.04176407203787251   
195 1755 0.015422614673471878 443.28470659084144 0.04176163094927105 4.1761630949271052e-02 0.041761669355829124 0.04176410282264921   
196 1764 0.014573318402979074 452.2534584530464 0.04176163094927105 4.1761638807511089e-02 0.04176169447824845 0.04176416612317885   
197 1773 0.015477157061547342 450.4603522641701 0.04176162536746015 4.1761625367460149e-02 0.04176165107572946 0.04176168713996696   
198 1782 0.01567061488194072 460.89999094631986 0.04176162536746015 4.1761639825634793e-02 0.04176177470169847 0.04176412018686862   
199 1791 0.016418975366304045 442.6033618967148 0.04176162536746015 4.1761639993695740e-02 0.04176168114482756 0.04176406502480089   
200 1800 0.015923377977681615 419.55737441724807 0.04176162536746015 4.1761640537960720e-02 0.04176168499452011 0.041764106615994154   
201 1809 0.01492151949697152 422.6737380235327 0.04176162536746015 4.1761641365246412e-02 0.04176166978135144 0.041764076388186855   
202 1818 0.015766562654689283 392.1297358982432 0.04176162536746015 4.1761636850004683e-02 0.04176167386675065 0.04176415138671487   
203 1827 0.015020197863010676 399.65736806165086 0.04176162536746015 4.1761652898055557e-02 0.04176166636534908 0.041761698675122916   
204 1836 0.013798677217038407 370.29768357847814 0.04176162536746015 4.1761633910791178e-02 0.041761656270070786 0.04176403165888734   
205 1845 0.013581105204024151 333.42824060007075 0.04176161946965268 4.1761619469652678e-02 0.0417616754466807 0.041761793778924944   
206 1854 0.013784356853540231 338.0342057897001 0.04176161946965268 4.1761630086572736e-02 0.04176165325333302 0.041764081325502335   
207 1863 0.015084757133442449 366.48196182979746 0.04176161946965268 4.1761633080721505e-02 0.0417616780531528 0.041764207356741544   
208 1872 0.01586229582128769 394.9102757161332 0.04176161946965268 4.1761631951212609e-02 0.04176165350834869 0.041764109632583014   
209 1881 0.018177634640978345 450.0077931855564 0.04176161946965268 4.1761631631433288e-02 0.04176167477379808 0.04176413313812097   
210 1890 0.02089305610511122 517.1176432977915 0.04176161946965268 4.1761632695908955e-02 0.04176165037078925 0.041764083564608534   
211 1899 0.020233352408261924 543.4937418691668 0.04176161946965268 4.1761649237100004e-02 0.04176166446509342 0.04176421033521074   
212 1908 0.019993591514218045 546.3550887528737 0.04176161946965268 4.1761633605873018e-02 0.041761665231736016 0.0417617025944464   
213 1917 0.01826069770298812 558.8359793189084 0.04176161946965268 4.1761632632680012e-02 0.0417616542253397 0.04176181666906882   
214 1926 0.016203671052889532 548.2272707342061 0.04176161946965268 4.1761631205351743e-02 0.0417616599712698 0.04176408050325589   
215 1935 0.014314789405202583 551.1692726108964 0.04176161793474283 4.1761617934742833e-02 0.041761639803044336 0.041764080904900136   
216 1944 0.014335967550414358 539.0423703385536 0.04176161793474283 4.1761619532944522e-02 0.04176163435126845 0.04176410357667893   
217 1953 0.013632768025298897 600.8378481213962 0.04176161793474283 4.1761623502747064e-02 0.041761635262216594 0.04176411707935837   
218 1962 0.01166700924968802 626.1760856553666 0.04176161793474283 4.1761625316202922e-02 0.0417616330693878 0.04176410701070917   
219 1971 0.011390773682239428 653.9162192458912 0.04176161793474283 4.1761620028225824e-02 0.04176163009104846 0.041764100527560744   
220 1980 0.01063652220652117 628.0418955743833 0.04176161793474283 4.1761618815947775e-02 0.041761624281548115 0.04176409917066551   
221 1989 0.009720458983279884 649.7502858100515 0.041761616661409234 4.1761616661409234e-02 0.04176162630384388 0.041764107735571376   
222 1998 0.009017018289845496 646.2587758455452 0.04176161529903277 4.1761615299032773e-02 0.04176161908985193 0.04176406374991011   
223 2007 0.00755458999889904 695.4973340095872 0.04176161529903277 4.1761616005560609e-02 0.04176161796264992 0.04176408337354156   
224 2016 0.007314326465649849 692.329767089186 0.04176161529903277 4.1761615703907462e-02 0.041761619494231496 0.04176163768663091   
225 2025 0.007242759620449961 697.7148036572895 0.04176161529903277 4.1761615649597503e-02 0.041761624150439124 0.04176407808044384   
226 2034 0.006349377276315579 663.8708148416929 0.04176161529903277 4.1761615453176207e-02 0.041761619032189196 0.041764074378088156   
227 2043 0.006469198863187524 659.8513317592668 0.0417616123200263 4.1761612320026301e-02 0.0417616186143784 0.041764081588435975   
228 2052 0.006330494209255533 741.8258531503217 0.0417616123200263 4.1761612646231017e-02 0.04176161610519863 0.04176406142606742   
229 2061 0.006264610869591232 708.5020156078178 0.04176161181528211 4.1761611815282110e-02 0.0417616197527626 0.041764077211262504   
230 2070 0.005899282989804719 701.0683216305847 0.04176161090332165 4.1761610903321651e-02 0.04176161539750503 0.041764060528009406   
231 2079 0.005521093759091276 796.4968951836298 0.04176161090332165 4.1761611319682437e-02 0.041761615684926506 0.04176176609318192   
232 2088 0.005705707740875556 784.3397932972933 0.04176160934394643 4.1761609343946432e-02 0.04176161458701955 0.04176406282408722   
233 2097 0.005630588433261477 794.5960116132733 0.04176160934394643 4.1761609735157273e-02 0.04176161504303327 0.04176406511877176   
234 2106 0.0050943645712167515 836.9891020874525 0.0417616086191893 4.1761608619189303e-02 0.041761613391869956 0.04176406440769207   
235 2115 0.0051697061107972035 810.3103252305893 0.0417616086191893 4.1761611251445264e-02 0.041761614066244006 0.04176406495834307   
236 2124 0.004865631500017701 856.7471779509094 0.0417616086191893 4.1761609955858023e-02 0.04176161459948467 0.04176175774396071   
237 2133 0.004994134367529646 847.51962248075 0.0417616086191893 4.1761609974401995e-02 0.04176161215824689 0.041764066359246864   
238 2142 0.004738691600356879 832.2641597146143 0.0417616086191893 4.1761610393362278e-02 0.041761614923019115 0.04176405832962583   
239 2151 0.004185166941119043 852.6680009042316 0.0417616086191893 4.1761609172940799e-02 0.041761611128497536 0.04176161336184621   
240 2160 0.00429663598327108 814.0431170776791 0.0417616086191893 4.1761610071483386e-02 0.04176161140998636 0.0417640605358007   
241 2169 0.004101753757071699 773.6525532147273 0.0417616086191893 4.1761609516369119e-02 0.04176161168222372 0.0417640532117156   
242 2178 0.003895554213761447 828.6480556591234 0.0417616086191893 4.1761609992063180e-02 0.04176175063714581 0.04176405525925718   
243 2187 0.0034466828772345085 831.91525266168 0.0417616086191893 4.1761609524075802e-02 0.04176161203821647 0.041764053138179276   
244 2196 0.003413819224983293 797.0035512734682 0.0417616086191893 4.1761609784587921e-02 0.041761611631871184 0.041764054667144425   
245 2205 0.0033781110603883988 871.9388936839616 0.0417616086191893 4.1761609757667607e-02 0.0417616114664685 0.04176175250458489   
246 2214 0.003221441744203478 822.2834871035407 0.0417616086191893 4.1761609409099176e-02 0.04176161047912748 0.04176161122317429   
247 2223 0.0034620043801315806 757.1203131667495 0.0417616086191893 4.1761609266644240e-02 0.04176161030699252 0.04176405538075923   
248 2232 0.0037712094156174777 791.6632225048872 0.0417616086191893 4.1761608745105608e-02 0.04176160992914774 0.041761750552126754   
249 2241 0.0040503076903329145 765.743043862011 0.0417616086191893 4.1761608727555299e-02 0.04176160966005223 0.04176175138945147   
250 2250 0.003917290665716903 839.0032707331692 0.0417616086191893 4.1761609290324873e-02 0.041761750295610495 0.041764056385055856   
251 2259 0.003595382952746773 839.7295542615211 0.0417616086191893 4.1761608749400582e-02 0.04176161072733391 0.04176406029780899   
252 2268 0.00356429329063603 851.1965928568337 0.04176160805799929 4.1761608057999292e-02 0.04176160930527956 0.04176175238974499   
253 2277 0.00356881689077641 934.8538270179819 0.04176160805799929 4.1761608232908531e-02 0.04176160992671258 0.04176405992205529   
254 2286 0.0033748101712774625 934.9773044151483 0.04176160805799929 4.1761608371045762e-02 0.0417616092159325 0.0417640542025286   
255 2295 0.00302462956394199 918.7536900636504 0.04176160805799929 4.1761608179736724e-02 0.041761608911843766 0.041764055504690034   
256 2304 0.00267804598146444 849.6133589733877 0.04176160805799929 4.1761608247424940e-02 0.0417617511855916 0.041764056810259846   
257 2313 0.0021734798417224472 841.2693410907347 0.04176160805799929 4.1761608375933977e-02 0.04176161111067435 0.041761752690320064   
258 2322 0.002111268848268538 863.7012677455625 0.04176160796741382 4.1761607967413822e-02 0.04176160875754525 0.04176160956685914   
259 2331 0.0019000920266845714 867.4928550935234 0.04176160796741382 4.1761607993271541e-02 0.04176160952546317 0.0417640540222944   
260 2340 0.0017568012263785941 835.4325469374147 0.04176160788714425 4.1761607887144253e-02 0.04176160851556655 0.041761609152778406   
261 2349 0.0016679137853794956 861.7490913580273 0.04176160788714425 4.1761608034874761e-02 0.04176160897336822 0.04176175144403234   
262 2358 0.0016858121474992067 877.4135486365875 0.04176160788361523 4.1761607883615229e-02 0.04176160805890247 0.04176175219593891   
263 2367 0.001933919541446647 874.089640154255 0.04176160782863489 4.1761607828634889e-02 0.041761608136132174 0.0417616092481987   
264 2376 0.001806483364992623 881.5846547860239 0.041761607731199094 4.1761607731199094e-02 0.04176175174090081 0.04176405952344854   
265 2385 0.0015601823025011999 953.4420659177179 0.041761607731199094 4.1761607926564095e-02 0.04176175127109804 0.04176405828620659   
266 2394 0.0015617452784797432 985.9382827146692 0.041761607731199094 4.1761607869741930e-02 0.041761608397412886 0.04176175179141274   
267 2403 0.0016740852038201225 978.6241050329776 0.04176160764656152 4.1761607646561519e-02 0.041761608011539574 0.04176160817115277   
268 2412 0.0016467142811006366 970.4179747855037 0.04176160764656152 4.1761607887582743e-02 0.04176160832785087 0.0417640587729114   
269 2421 0.0014753259414363984 971.0683019833554 0.04176160764656152 4.1761607837688217e-02 0.04176175333814948 0.04176405992374067   
270 2430 0.0013953140808772634 979.5177563497092 0.04176160764656152 4.1761607808231051e-02 0.04176160807818395 0.041761608843616814   
271 2439 0.001320113053524512 998.2634771098205 0.04176160754106898 4.1761607541068980e-02 0.04176160793383942 0.04176405810271326   
272 2448 0.0014884200007626166 970.6814604173933 0.04176160754106898 4.1761607665855169e-02 0.04176175237290557 0.04176405703951214   
273 2457 0.0018850091476287658 1086.0344589744834 0.04176160754106898 4.1761607594293385e-02 0.04176160798099224 0.04176405681988303   
274 2466 0.002240513905968408 1138.9278313216569 0.04176160751030408 4.1761607510304083e-02 0.041761750110395686 0.0417640573595625   
275 2475 0.0020747682682732012 1179.4874743319122 0.04176160751030408 4.1761607760244721e-02 0.04176175103207963 0.04176405879264973   
276 2484 0.0018287896803029636 1179.822448139568 0.04176160751030408 4.1761607595658688e-02 0.041761608235184364 0.041761752378586266   
277 2493 0.0016311982482434503 1202.3649687185923 0.04176160751030408 4.1761607569933787e-02 0.041761607953352146 0.04176405696384306   
278 2502 0.0013501619869395944 1216.4020209904384 0.04176160751030408 4.1761607760067175e-02 0.04176175139928458 0.04176405655601001   
279 2511 0.0011906200068079408 1286.7017992339083 0.04176160751030408 4.1761607551163711e-02 0.041761607687619676 0.04176160838919736   
280 2520 0.0011502761744717409 1246.8365772450902 0.04176160748888605 4.1761607488886049e-02 0.04176160777399618 0.041761751806173676   
281 2529 0.0010990895001824752 1209.3220439396607 0.04176160748888605 4.1761607490263225e-02 0.041761607710480084 0.041764057349371504   
282 2538 0.000986270201801691 1212.7027510244031 0.04176160748888605 4.1761607545654535e-02 0.041761751207025424 0.04176405617980471   
283 2547 0.000854214627145934 1180.7826568159148 0.04176160747077852 4.1761607470778520e-02 0.04176175114496237 0.0417640557002614   
284 2556 0.0008365262590121898 1256.6550827862454 0.04176160747077852 4.1761607494263372e-02 0.04176160753803443 0.04176175110655984   
285 2565 0.0007765980235696317 1187.0499051792488 0.041761607465445764 4.1761607465445764e-02 0.041761751133461214 0.041764056008586556   
286 2574 0.0007723800020059296 1249.2891147500898 0.041761607465445764 4.1761607489980104e-02 0.041761607659490815 0.04176405525203995   
287 2583 0.0007027524547570223 1196.184611444025 0.041761607465445764 4.1761607473947610e-02 0.0417616076007338 0.04176175139825884   
288 2592 0.0007139432517348096 1264.7510972765108 0.041761607448564525 4.1761607448564525e-02 0.04176160754579766 0.04176175082117288   
289 2601 0.0007421043940696196 1076.7390763312844 0.041761607383727646 4.1761607383727646e-02 0.04176160757609987 0.04176405570248397   
290 2610 0.000691421809432647 1124.110074044908 0.041761607383727646 4.1761607467433376e-02 0.041761607533512865 0.04176405537964585   
291 2619 0.0007552444673917692 1165.1531463593128 0.041761607383727646 4.1761607463101952e-02 0.041761607677076984 0.041764055959665196   
292 2628 0.0006991649807046119 1293.2471185385307 0.041761607383727646 4.1761607477704125e-02 0.04176160756202204 0.041764056163060094   
293 2637 0.0006220428446855496 1263.8928564050038 0.041761607383727646 4.1761607458893596e-02 0.04176160755452052 0.041764055500526406   
294 2646 0.0005488730498829057 1339.4886206545814 0.041761607383727646 4.1761607498482345e-02 0.04176175148976724 0.04176405616623542   
295 2655 0.0005331786475699636 1355.509137379644 0.041761607383727646 4.1761607411175093e-02 0.04176160754357916 0.04176405548576745   
296 2664 0.0005294217435297796 1410.0068667998135 0.041761607383727646 4.1761607403588648e-02 0.04176160748724174 0.04176160756612569   
297 2673 0.0004796183204686715 1522.5335195024343 0.041761607383727646 4.1761607413704327e-02 0.04176175180907465 0.041764056351365555   
298 2682 0.00046778933752502147 1421.1294628912754 0.041761607383727646 4.1761607404632958e-02 0.04176160748407717 0.04176405559824208   
299 2691 0.0004514996062801147 1389.679450995449 0.041761607383727646 4.1761607411272814e-02 0.041761607704874415 0.041761751691467716   
300 2700 0.00045634019452256316 1472.4576593473214 0.041761607383727646 4.1761607417589608e-02 0.04176160750149993 0.04176405594864778   
301 2709 0.00046973623810147696 1542.967261739473 0.041761607383727646 4.1761607431142642e-02 0.04176160748087314 0.04176405594549635   
302 2718 0.0004236805833133867 1734.1111876081443 0.041761607383727646 4.1761607433031464e-02 0.04176160757665863 0.041764055957026786   
303 2727 0.00038090223146722404 1757.6524912134544 0.041761607383727646 4.1761607433017309e-02 0.04176160745846325 0.04176160759573707   
304 2736 0.0003218756869193689 1732.8574746922045 0.041761607383727646 4.1761607418370539e-02 0.041761607483750726 0.04176405580077286   
305 2745 0.00031270958444275384 1895.9559972164636 0.041761607383727646 4.1761607411635419e-02 0.04176160746560385 0.04176405565354051   
306 2754 0.00029975054432170636 1800.4253071063422 0.041761607383727646 4.1761607404024660e-02 0.041761607475253856 0.041761607510715885   
307 2763 0.0002489305070041903 1773.0896018716114 0.041761607383727646 4.1761607422040950e-02 0.04176160747286122 0.041761751263095816   
308 2772 0.00026353240801385824 1796.1396167866926 0.041761607383727646 4.1761607426743175e-02 0.04176160745200929 0.04176405549215997   
309 2781 0.0002822319010079929 1553.207279873447 0.041761607383727646 4.1761607396450143e-02 0.04176160743143975 0.04176405562547372   
310 2790 0.0002637574033166436 1341.8533532906536 0.041761607383727646 4.1761607392835798e-02 0.04176160743703279 0.041764055596287965   
311 2799 0.00023722115329449014 1253.2083756142695 0.041761607383727646 4.1761607405614236e-02 0.04176160746542205 0.041764055479808854   
312 2808 0.00024284597966796166 1417.2187280959638 0.041761607383727646 4.1761607389062740e-02 0.04176160743549107 0.04176175132987703   
313 2817 0.00025861476373391666 1446.2821553531276 0.041761607383727646 4.1761607408629511e-02 0.04176160743484772 0.04176405550368038   
314 2826 0.00024518832359604923 1465.9878702573797 0.041761607383727646 4.1761607384664196e-02 0.04176160746946466 0.04176175160664535   
315 2835 0.00024311491293174735 1562.7437436314917 0.041761607383727646 4.1761607424529723e-02 0.04176175150769064 0.041764055708720625   
316 2844 0.00025429366574390933 1557.3575914336816 0.041761607383727646 4.1761607409497060e-02 0.04176175143351667 0.0417640556951672   
317 2853 0.00024374820112527687 1560.9417305472973 0.041761607383727646 4.1761607389913198e-02 0.041761751680051536 0.041764055720723656   
318 2862 0.0002339545013359349 1477.4105296064802 0.041761607383727646 4.1761607436883633e-02 0.041761751487043135 0.0417640555904934   
319 2871 0.0002129474117474199 1475.220390217858 0.041761607383727646 4.1761607396855138e-02 0.04176175159288743 0.041764055686799625   
320 2880 0.00021346517847594423 1473.3565331416576 0.041761607383727646 4.1761607392324651e-02 0.04176160743365125 0.041764055649708566   
321 2889 0.0001979500420233691 1569.815092250444 0.041761607383727646 4.1761607390792696e-02 0.041761751542593234 0.04176405569982799   
322 2898 0.00021004891863371636 1631.3242881911422 0.041761607383727646 4.1761607396539398e-02 0.0417616074193814 0.041761751512068075   
323 2907 0.0002239191453669544 1887.1735839574822 0.041761607383727646 4.1761607391425169e-02 0.041761607446466925 0.0417640556476624   
324 2916 0.00022557510293765232 2144.676091512497 0.041761607383727646 4.1761607395171485e-02 0.041761607426440604 0.041761751342024936   
325 2925 0.00022771366381881905 2044.793706138725 0.041761607383727646 4.1761607407972849e-02 0.04176160743725935 0.041764055701587616   
326 2934 0.00022273821141717063 1906.7001811026319 0.041761607383727646 4.1761607385701206e-02 0.041761751565561216 0.041764055693235796   
327 2943 0.0002314795641441201 1778.2357935085272 0.04176160737689098 4.1761607376890983e-02 0.04176175149667809 0.04176405557673847   
328 2952 0.0002512906834132712 1716.3780595321289 0.04176160737689098 4.1761607385289827e-02 0.04176160743245955 0.04176405554696725   
329 2961 0.0002487084351155651 1666.1015770819208 0.04176160737689098 4.1761607392520342e-02 0.04176175144117376 0.041761751531887145   
330 2970 0.0002494371072827475 1658.4601986112712 0.04176160737689098 4.1761607408982854e-02 0.04176175148095501 0.04176405553663787   
331 2979 0.00026638101190305254 1741.4509865925156 0.04176160737689098 4.1761607379963782e-02 0.04176175141093577 0.04176405555638579   
332 2988 0.00024227143719314148 1821.173160036029 0.04176160737689098 4.1761607398092121e-02 0.041761607408216155 0.04176405565187511   
333 2997 0.00025874256725961294 1952.7027743432823 0.041761607372204836 4.1761607372204836e-02 0.041761751392689304 0.04176175156993698   
334 3006 0.00028495162206208346 2249.7928033144785 0.041761607372204836 4.1761607393180522e-02 0.04176160745503828 0.041764055580362267   
335 3015 0.00031270631475480387 2222.57177674884 0.041761607372204836 4.1761607373800885e-02 0.04176160745098688 0.04176405539026744   
336 3024 0.0003277913337848579 2720.6171004867756 0.041761607372204836 4.1761607391243370e-02 0.041761607438056826 0.04176405535975609   
337 3033 0.00036469871482323294 2780.449632554675 0.04176160736320168 4.1761607363201683e-02 0.041761607435030317 0.04176405545461496   
338 3042 0.0004182991753605095 2941.0752162312906 0.04176160736320168 4.1761607381662624e-02 0.04176160741803629 0.04176405546835215   
339 3051 0.00042444322481172695 3465.5090409656123 0.04176160736320168 4.1761607380645875e-02 0.0417616074321966 0.041764055562770255   
340 3060 0.00041240675215713837 3731.8268926643264 0.04176160736320168 4.1761607372102390e-02 0.0417640551806828 0.04176405535139255   
341 3069 0.00038775725460865937 3693.915626961355 0.04176160736320168 4.1761607383522525e-02 0.041761607418170886 0.041764055072026726   
342 3078 0.0004159546978584672 4204.395654665209 0.04176160736320168 4.1761607389782275e-02 0.0417616074167051 0.04176160745540247   
343 3087 0.0004290020928834022 4303.132975043002 0.04176160736320168 4.1761607383115282e-02 0.04176160741537156 0.04176405515370948   
344 3096 0.0003845098835669588 4159.705034386577 0.04176160736320168 4.1761607372965172e-02 0.04176160742146329 0.041764055155512035   
345 3105 0.0003978744359013715 4299.47075475251 0.04176160736320168 4.1761607392355099e-02 0.041761607442784544 0.04176175128677709   
346 3114 0.0003922885291937395 4519.4095140921445 0.04176160736320168 4.1761607386962052e-02 0.04176160743198474 0.04176405485688647   
347 3123 0.00033335026927025117 4358.382770886739 0.04176160736320168 4.1761607377939901e-02 0.04176160741309687 0.04176160750780526   
348 3132 0.00030127697858980544 4313.568353742335 0.04176160736320168 4.1761607374272390e-02 0.04176160744165426 0.041761607480308036   
349 3141 0.0003192495037290966 4333.106473861058 0.04176160736320168 4.1761607371190265e-02 0.04176160740525971 0.04176405490488845   
350 3150 0.0003243328185209144 4387.486717883386 0.04176160736320168 4.1761607389346832e-02 0.041761607437862024 0.041764054818357065   
351 3159 0.0003234168735521135 4591.733878211118 0.04176160736320168 4.1761607377745105e-02 0.04176160740855888 0.041764055078672147   
352 3168 0.00029200340569233296 5011.955643394701 0.04176160736320168 4.1761607366660014e-02 0.04176160740593393 0.041764055177878234   
353 3177 0.00030417730178353933 5361.605300491478 0.04176160736320168 4.1761607364397824e-02 0.04176160741959345 0.04176405503454977   
354 3186 0.0003097763913147683 5363.5555665447955 0.04176160736320168 4.1761607372151094e-02 0.04176160738366991 0.0417640549895449   
355 3195 0.00034866727549480025 5462.051645365146 0.04176160736320168 4.1761607371688395e-02 0.0417616074490479 0.04176405511947309   
356 3204 0.00036645978815272757 5849.4070416117165 0.04176160736301168 4.1761607363011682e-02 0.04176160740690552 0.04176405516133768   
357 3213 0.0003337968436074436 6531.44110244503 0.04176160736301168 4.1761607382247247e-02 0.04176175139682011 0.041764055249812124   
358 3222 0.00031851105354380047 6720.627934785627 0.04176160736301168 4.1761607385900970e-02 0.04176160744146288 0.04176405516017524   
359 3231 0.00029834699701594924 6827.100877937703 0.04176160736301168 4.1761607364998121e-02 0.04176160739594476 0.04176405515910204   
360 3240 0.000295151227387309 6543.2386918531065 0.041761607356718286 4.1761607356718286e-02 0.041761607388512326 0.041764055014543236   
361 3249 0.00034515840014482497 6670.673015111559 0.041761607356718286 4.1761607362204661e-02 0.04176160743201322 0.04176405504587344   
362 3258 0.00033196888826394263 7437.977904731358 0.041761607356718286 4.1761607370046548e-02 0.04176160743647138 0.04176405518888833   
363 3267 0.0003024371351592267 7167.868361053614 0.041761607356718286 4.1761607364562303e-02 0.04176160741087839 0.04176405498141115   
364 3276 0.00030045222746555083 7340.73889229159 0.041761607356718286 4.1761607366539402e-02 0.041761607383486415 0.04176405515872757   
365 3285 0.0002920452916402578 8329.548140479854 0.041761607356718286 4.1761607387341082e-02 0.04176160742103133 0.0417640550491344   
366 3294 0.0002775363704120366 8813.154245063797 0.041761607356718286 4.1761607377440335e-02 0.041761607442185586 0.04176405503583716   
367 3303 0.00024022641095462017 8676.041524757844 0.041761607356718286 4.1761607386075247e-02 0.0417616074148686 0.04176175106379059   
368 3312 0.00023344484924930163 8857.629452836292 0.041761607356718286 4.1761607365331327e-02 0.04176160739340829 0.041764055087095464   
369 3321 0.00023066937638094485 9320.52597757775 0.041761607356718286 4.1761607368203280e-02 0.04176160739649287 0.04176405517554439   
370 3330 0.000244866480145548 9727.957048077424 0.041761607356718286 4.1761607386624537e-02 0.04176160741246242 0.04176405517916292   
371 3339 0.00025191486294433394 9454.112019945025 0.041761607356718286 4.1761607391511191e-02 0.04176405498393729 0.0417640551603067   
372 3348 0.0002249947942741288 10396.90004264701 0.041761607356718286 4.1761607370425911e-02 0.04176160740351707 0.041764055107295986   
373 3357 0.0001930160318796812 10591.017019585619 0.041761607356718286 4.1761607370931250e-02 0.04176160745357141 0.04176405501533065   
374 3366 0.0001872783312245036 11749.878981305235 0.041761607356718286 4.1761607367136168e-02 0.041761607398047476 0.041761751191841466   
375 3375 0.00016852244126846347 10551.081165141568 0.041761607356718286 4.1761607372632410e-02 0.04176160741793761 0.041764055148874935   
376 3384 0.00018074653272184599 9765.45661440258 0.041761607356718286 4.1761607375006213e-02 0.04176160742049492 0.04176405509986517   
377 3393 0.00016284225585891298 10007.318283544577 0.041761607356718286 4.1761607399383990e-02 0.041764054966995236 0.041764055045876616   
378 3402 0.000148151082698472 10920.69721752784 0.041761607356718286 4.1761607413947070e-02 0.0417640549909066 0.04176405509046043   
379 3411 0.00014507462201327124 12103.538669371788 0.041761607356718286 4.1761607366359255e-02 0.04176405494896743 0.04176405509212919   
380 3420 0.00014237928590373787 13296.877712603464 0.041761607356718286 4.1761607381015899e-02 0.04176160740623284 0.04176405496713732   
381 3429 0.00015982218772279068 13148.712218187111 0.041761607356718286 4.1761607371532256e-02 0.04176405495476956 0.04176405503423187   
382 3438 0.0001739081431901763 14649.962702803305 0.041761607356718286 4.1761607402171504e-02 0.041764054946238485 0.04176405507536695   
383 3447 0.0001781338048694622 16268.375654792026 0.041761607356718286 4.1761607374472556e-02 0.041761607419802615 0.041764054915440295   
384 3456 0.00015620337041093656 17174.42925105866 0.041761607356718286 4.1761607368314663e-02 0.04176175099760472 0.04176405497569677   
385 3465 0.0001523444864769 17481.293207059207 0.041761607356718286 4.1761607375543630e-02 0.04176160739822378 0.04176405492148261   
386 3474 0.00015144408055395232 17936.14097167403 0.041761607356718286 4.1761607404834269e-02 0.04176175094369857 0.04176405493342093   
387 3483 0.0001317862264193193 18492.78849411396 0.041761607356718286 4.1761607373260859e-02 0.04176160742074005 0.0417617509330553   
388 3492 0.00013210412802888412 19168.882184216327 0.041761607356718286 4.1761607368754151e-02 0.04176160738459516 0.041761750974598826   
389 3501 0.00012271197177632042 20429.429217977435 0.041761607356718286 4.1761607367106615e-02 0.04176160739447504 0.041761607415600505   
390 3510 0.0001285243934939624 20287.80361294772 0.041761607356718286 4.1761607391869154e-02 0.041764054922261144 0.04176405505187064   
391 3519 0.00013832370054378196 20003.338512154234 0.041761607356718286 4.1761607366612163e-02 0.04176175097465196 0.04176405496143273   
392 3528 0.00016016792439544505 19668.76000532082 0.041761607356718286 4.1761607363735159e-02 0.04176160740319775 0.041764054927221864   
393 3537 0.0001650661508685355 17246.454395861794 0.041761607356718286 4.1761607366405475e-02 0.04176160739334251 0.04176405495851036   
394 3546 0.0001758814594471676 17218.339305303238 0.041761607356718286 4.1761607373163652e-02 0.04176175082742935 0.0417640549429574   
395 3555 0.0001808459772078944 16591.827962984218 0.041761607356718286 4.1761607375660495e-02 0.0417617508479486 0.04176405496876322   
396 3564 0.00017875236318037188 14395.106176931626 0.041761607356718286 4.1761607386276517e-02 0.041761607419856045 0.04176405499712495   
397 3573 0.00019115613260098385 14777.297089321612 0.041761607356718286 4.1761607368828807e-02 0.04176160743527459 0.041764054916941226   
398 3582 0.00019636319181933802 14974.26304768115 0.041761607356718286 4.1761607449886863e-02 0.04176405478755582 0.04176405493918142   
399 3591 0.00019057894063405885 14165.699477860006 0.041761607356718286 4.1761607361521208e-02 0.04176405485566834 0.04176405488944884   
400 3600 0.00017957571574385266 14169.205476385045 0.041761607356718286 4.1761607390454356e-02 0.04176175073986584 0.04176405485584731   
401 3609 0.0001924269800391031 14233.498875649091 0.041761607356718286 4.1761607369860183e-02 0.04176405483071214 0.041764054898162095   
402 3618 0.00018403145322449144 13112.277130044884 0.041761607356718286 4.1761607372803516e-02 0.04176160741737819 0.041764054940839276   
403 3627 0.00017808477530467388 12608.356091715545 0.041761607356718286 4.1761607377678478e-02 0.041761607428873505 0.041764054880957656   
404 3636 0.000182468853666263 12918.000337004223 0.041761607356718286 4.1761607380171928e-02 0.04176160742229079 0.04176405484322151   
405 3645 0.0001763664339119172 12540.887533641566 0.041761607356718286 4.1761607378948670e-02 0.041761607408462506 0.04176405479226744   
406 3654 0.0001827741570079342 11917.94993498627 0.041761607356718286 4.1761607383484348e-02 0.04176160740065035 0.04176405482000922   
407 3663 0.0001640956809957309 12282.752588847261 0.041761607356718286 4.1761607373963748e-02 0.04176160742277078 0.04176405484195537   
408 3672 0.00015132727586934553 12967.693444391787 0.041761607356718286 4.1761607371023315e-02 0.04176160740349821 0.041764054794523935   
409 3681 0.00012997211321213518 13009.627708365766 0.041761607356718286 4.1761607364248533e-02 0.041761607383775025 0.04176405480637678   
410 3690 0.0001297254293759633 11881.341460997726 0.041761607356718286 4.1761607361704506e-02 0.041761607423479785 0.04176405486007557   
411 3699 0.00012867781123965645 13012.003703250604 0.041761607356718286 4.1761607365258663e-02 0.04176160740850994 0.04176405488975762   
412 3708 0.00012974672641080084 12516.510300445661 0.041761607356718286 4.1761607376679374e-02 0.04176405487194588 0.041764054951998364   
413 3717 0.00013043060761059623 11333.796500158718 0.041761607356718286 4.1761607367203385e-02 0.0417617508386689 0.04176405489566166   
414 3726 0.0001273813011386226 11377.845763714338 0.041761607356718286 4.1761607367648071e-02 0.04176160740908865 0.041764054996408395   
415 3735 0.0001322871853572346 11258.241965714164 0.041761607356718286 4.1761607368887385e-02 0.04176405477783698 0.04176405481953738   
416 3744 0.0001585227005360517 11495.039677946015 0.041761607356718286 4.1761607373121706e-02 0.04176175084032866 0.04176405491367548   
417 3753 0.00016582373311559148 11269.885224276914 0.041761607356718286 4.1761607371814016e-02 0.041764054755732256 0.0417640548888912   
418 3762 0.0001544557331751356 11213.84165916173 0.041761607356718286 4.1761607366548048e-02 0.04176160741931405 0.041764054881388665   
419 3771 0.00014157821832478756 11639.382417361412 0.041761607356718286 4.1761607367230474e-02 0.041764054753356095 0.041764054888755   
420 3780 0.00014081094967995528 11195.257637987062 0.041761607356718286 4.1761607368940745e-02 0.04176405489026273 0.04176405493029808   
421 3789 0.00014687501291331888 11052.35443203575 0.041761607356718286 4.1761607361314977e-02 0.04176160744034302 0.041764054806972095   
422 3798 0.0001506821445594179 11590.286479378592 0.041761607356718286 4.1761607385567646e-02 0.04176405484442165 0.04176405489561702   
423 3807 0.000134429646305719 12926.240493399242 0.041761607356718286 4.1761607365781786e-02 0.04176160740985844 0.041764054834164906   
424 3816 0.0001306712696893533 13183.321497210822 0.041761607356718286 4.1761607359979608e-02 0.041761750750398036 0.04176405487520263   
425 3825 0.00013872795372754253 12724.6254600353 0.041761607356718286 4.1761607424237075e-02 0.04176405485216475 0.04176405492641746   
426 3834 0.0001469219404841173 15208.366031449543 0.041761607356718286 4.1761607369256201e-02 0.04176160740595419 0.04176405490260833   
427 3843 0.00013309835646527478 15553.998001141023 0.041761607356718286 4.1761607364343846e-02 0.04176160743981241 0.04176405489072845   
428 3852 0.00012850231775744336 16456.77535650941 0.041761607356718286 4.1761607366833153e-02 0.041764054818704724 0.04176405490688272   
429 3861 0.00014070359327829885 16262.862826294597 0.041761607356718286 4.1761607370151298e-02 0.04176160741448829 0.04176405492669467   
430 3870 0.00014340686124308426 17284.060262236486 0.041761607356718286 4.1761607385319394e-02 0.041761607415961605 0.041764054877961115   
431 3879 0.00015002191889288444 16662.814372004977 0.041761607356718286 4.1761607380286107e-02 0.041761607408128704 0.04176405488583933   
432 3888 0.000164033115925609 17681.93064425626 0.041761607356718286 4.1761607370133735e-02 0.041761607396091666 0.04176405489350343   
433 3897 0.00016335644410103454 17054.890263916775 0.041761607356718286 4.1761607371580294e-02 0.04176160742829661 0.04176405491277227   
434 3906 0.00017438034980066358 17954.21427176369 0.041761607356718286 4.1761607371593706e-02 0.041761607402979455 0.041764054874947845   
435 3915 0.00017036247494898467 18553.745390146025 0.041761607356718286 4.1761607395618960e-02 0.04176405490960673 0.0417640549705799   
436 3924 0.0001794385832972557 19747.863382918906 0.041761607356718286 4.1761607382836352e-02 0.04176405484756143 0.04176405499029779   
437 3933 0.00017167534247374276 20607.273941496846 0.041761607356718286 4.1761607369745407e-02 0.04176405486342217 0.041764054892347635   
438 3942 0.00017353384778715167 20000.954540188413 0.041761607356718286 4.1761607370667739e-02 0.04176405481534496 0.041764054872496   
439 3951 0.00014889828101228528 20315.55380520157 0.041761607356718286 4.1761607374565746e-02 0.041761607430467765 0.04176405487052086   
440 3960 0.00015560746854939244 20298.881291360824 0.041761607356718286 4.1761607382039490e-02 0.04176160743115126 0.04176405486174608   
441 3969 0.0001713032736431255 21129.35586928405 0.041761607356718286 4.1761607365986615e-02 0.04176160738293329 0.04176405479616221   
442 3978 0.00016019837614688806 25404.653976043675 0.041761607356718286 4.1761607374683832e-02 0.041761607434892975 0.04176405481999207   
443 3987 0.00014276654665516865 23551.65238682075 0.041761607356718286 4.1761607403120612e-02 0.041764054762778426 0.041764054900733226   
444 3996 0.0001430921327298784 22140.88194442505 0.041761607356718286 4.1761607383443644e-02 0.041761607407533964 0.04176405483663124   
445 4005 0.00014801030962681202 22676.279006232326 0.041761607356718286 4.1761607380121565e-02 0.04176160742949988 0.04176405491627565   
446 4014 0.000157090698647044 21732.86917977532 0.041761607356718286 4.1761607368945658e-02 0.04176405475252249 0.04176405497292693   
447 4023 0.00013937849801980517 21021.288915237194 0.041761607356718286 4.1761607360583000e-02 0.041761607403539014 0.041764054954535994   
448 4032 0.00012197927363824831 19512.936372600456 0.041761607356718286 4.1761607382975033e-02 0.04176160741796078 0.04176405488918708   
449 4041 0.00011875581825863984 20238.648495532685 0.04176160735605 4.1761607356050001e-02 0.04176160741676363 0.04176405485644322   
450 4050 0.00010897079324395993 19099.11971941402 0.04176160735605 4.1761607415911964e-02 0.04176405483530448 0.041764054927921644   
451 4059 9.855050466588216e-05 18289.340062200405 0.04176160735605 4.1761607363396992e-02 0.041761607410566025 0.04176405490799226   
452 4068 9.413138075736365e-05 17589.715701544636 0.04176160735605 4.1761607361306262e-02 0.041761607425311154 0.04176405493224949   
453 4077 9.501004676407547e-05 16683.432156340376 0.04176160735605 4.1761607368725487e-02 0.04176405482584111 0.04176405492804314   
454 4086 8.195473588302933e-05 18114.830860292535 0.04176160735605 4.1761607367766913e-02 0.04176160738696724 0.04176405487425017   
455 4095 6.939684321913149e-05 17106.120230091376 0.04176160735605 4.1761607402900032e-02 0.0417640548758739 0.04176405491893323   
456 4104 6.826747743148507e-05 16521.18956150232 0.04176160735605 4.1761607378526126e-02 0.04176405480592854 0.04176405490978933   
457 4113 6.267425976405794e-05 16264.542158325932 0.04176160735605 4.1761607368059971e-02 0.041761607404629156 0.04176405491350158   
458 4122 6.387912829285579e-05 15394.192697384435 0.04176160735605 4.1761607370575056e-02 0.04176160742502608 0.04176405491446307   
459 4131 5.817447372303999e-05 17838.491658253937 0.04176160735605 4.1761607362275084e-02 0.04176160743147839 0.04176405492594657   
460 4140 6.249464457676887e-05 19004.71582697914 0.04176160735605 4.1761607385918852e-02 0.0417640548647623 0.04176405488681801   
461 4149 6.301190139946041e-05 16974.493563339685 0.04176160735605 4.1761607370764939e-02 0.04176405485056791 0.04176405490010647   
462 4158 5.545794838122361e-05 17395.637415577152 0.04176160735605 4.1761607361022218e-02 0.04176160740661476 0.0417640549223542   
463 4167 5.7044809269298084e-05 19082.925223801467 0.04176160735605 4.1761607364409196e-02 0.041761607415428816 0.04176405487278688   
464 4176 5.920154794723106e-05 20747.614896488034 0.04176160735605 4.1761607363273522e-02 0.04176160738671823 0.0417640548711439   
465 4185 6.544749574745741e-05 20017.48839671102 0.04176160735605 4.1761607362287088e-02 0.04176405485878215 0.041764054893367396   
466 4194 7.371637639308076e-05 20576.905903573377 0.04176160735605 4.1761607367853601e-02 0.04176160739748224 0.04176405488470469   
467 4203 7.183954043293931e-05 22624.525113677486 0.04176160735605 4.1761607372935126e-02 0.04176160741966662 0.04176405488540922   
468 4212 8.328528278131642e-05 23010.24200453638 0.04176160735605 4.1761607366125358e-02 0.04176160741772489 0.041764054861289424   
469 4221 9.25507277903352e-05 23946.633096675825 0.04176160735605 4.1761607367488782e-02 0.04176160738746812 0.04176405490883794   
470 4230 8.080078728361426e-05 25064.656092533154 0.04176160735605 4.1761607371415474e-02 0.041761607415877124 0.04176405499582436   
471 4239 8.457151279730893e-05 24512.155078771386 0.04176160735605 4.1761607371759608e-02 0.04176160743019593 0.04176405494250998   
472 4248 7.102536380952448e-05 24537.354519436154 0.04176160735605 4.1761607384658082e-02 0.041761607403239656 0.04176405484364644   
473 4257 6.947180417624855e-05 24863.620905073545 0.04176160735605 4.1761607371864788e-02 0.04176160740281072 0.041764054882342916   
474 4266 6.737123038059191e-05 25006.121603804408 0.04176160735605 4.1761607371404316e-02 0.04176160743747867 0.04176405488867549   
475 4275 6.380038297759921e-05 24950.603809932767 0.04176160735605 4.1761607373588465e-02 0.0417640548433014 0.04176405490753533   
476 4284 6.756888227896498e-05 25519.67192299508 0.04176160735605 4.1761607373484791e-02 0.04176160744560157 0.04176405488423991   
477 4293 7.399688768202218e-05 21296.02592740345 0.04176160735605 4.1761607361377490e-02 0.041761607434569595 0.0417640548951845   
478 4302 7.67811600864741e-05 21430.479838926272 0.04176160735605 4.1761607364000773e-02 0.041761607400748885 0.04176405490080015   
479 4311 7.14332380067366e-05 20463.837963004335 0.04176160735605 4.1761607362437787e-02 0.04176160741386487 0.04176405481344066   
480 4320 6.897950168794744e-05 20748.719429561825 0.04176160735605 4.1761607367610754e-02 0.04176175087840532 0.04176405488046107   
481 4329 6.758205948819549e-05 20332.211262444765 0.04176160735605 4.1761607365598079e-02 0.04176175084687872 0.041764054869031765   
482 4338 6.108001938102458e-05 20984.325505098994 0.04176160735605 4.1761607367771569e-02 0.0417616073784799 0.041764054814896354   
483 4347 6.20681578341863e-05 21841.509148868365 0.04176160735605 4.1761607367592671e-02 0.04176160740248101 0.0417640548453596   
484 4356 6.133746551884401e-05 22723.62654049003 0.04176160735605 4.1761607374509624e-02 0.04176405478431614 0.04176405480331338   
485 4365 5.2102683860785664e-05 23091.7987877951 0.04176160735605 4.1761607364742798e-02 0.04176160742499947 0.041764054791844106   
486 4374 5.1292358823784165e-05 22732.569651262595 0.04176160735605 4.1761607368282105e-02 0.04176160743609482 0.04176405485275509   
487 4383 4.365760008051463e-05 23248.585682482655 0.04176160735605 4.1761607366253194e-02 0.04176160739454894 0.04176405485379316   
488 4392 4.087348841455567e-05 22951.462829125205 0.04176160735605 4.1761607360458454e-02 0.041761607402582335 0.04176405482631604   
489 4401 3.964257232992792e-05 22218.820840951503 0.04176160735605 4.1761607365085877e-02 0.04176160740358224 0.04176405481766609   
490 4410 3.5716434260994286e-05 22686.228078287655 0.04176160735605 4.1761607362368725e-02 0.04176175075444613 0.04176405485907321   
491 4419 3.359589286648514e-05 20864.2366377715 0.04176160735605 4.1761607368369882e-02 0.04176160740897367 0.04176405487750445   
492 4428 3.4126636337640104e-05 20940.26044762749 0.04176160735605 4.1761607364212319e-02 0.04176160738945108 0.04176405478351275   
493 4437 3.12586480688554e-05 18208.978329807265 0.04176160735605 4.1761607380539335e-02 0.04176160741827348 0.041764054828126826   
494 4446 3.096584778452197e-05 17305.5591221467 0.04176160735605 4.1761607368413348e-02 0.041761607425334746 0.04176405484171474   
495 4455 2.9844763156099043e-05 18428.16041475313 0.04176160735605 4.1761607362694998e-02 0.041761607380767896 0.04176405483936488   
496 4464 2.9594759380418368e-05 19123.078381184856 0.04176160735605 4.1761607369835536e-02 0.04176160741717247 0.04176405484331134   
497 4473 2.7931168567597236e-05 21335.95100975336 0.04176160735605 4.1761607364894607e-02 0.04176160743297077 0.04176405486082123   
498 4482 2.5502245427103307e-05 22149.624341238527 0.04176160735605 4.1761607371810040e-02 0.04176405484193978 0.04176405488070696   
499 4491 2.4207170639886434e-05 21229.26397722856 0.04176160735605 4.1761607364641566e-02 0.0417616074233869 0.04176405486217109   
500 4500 2.836329009508188e-05 22303.22194416253 0.04176160735605 4.1761607363761000e-02 0.04176160740423668 0.04176405488307934   
501 4509 3.1247135848308874e-05 23302.455434520114 0.04176160735605 4.1761607370069419e-02 0.041761607406368126 0.04176405486374518   
502 4518 3.2256419732499406e-05 23323.17108120817 0.04176160735605 4.1761607376838823e-02 0.041761750776198064 0.04176405486200904   
503 4527 3.674472091358448e-05 24126.519190092935 0.04176160735605 4.1761607362537062e-02 0.04176160742457771 0.04176405484757702   
504 4536 3.9729017061496515e-05 25621.15180610605 0.04176160735605 4.1761607367133968e-02 0.04176160744020754 0.0417640548691482   
505 4545 4.5071000270849196e-05 26997.186467472475 0.04176160735605 4.1761607363033137e-02 0.04176160741094903 0.04176405486062229   
506 4554 4.806460479210757e-05 30453.460486463046 0.04176160735605 4.1761607366986815e-02 0.04176160739735326 0.04176405487505226   
507 4563 4.6917431055221666e-05 34316.94942717001 0.04176160735605 4.1761607362725259e-02 0.041761607412325305 0.0417640549065632   
508 4572 4.9292595360997794e-05 31517.030840813462 0.04176160735605 4.1761607378435678e-02 0.04176160740357447 0.041764054871947905   
509 4581 5.6496860844142934e-05 33047.30258885196 0.04176160735605 4.1761607369341584e-02 0.04176160744099604 0.04176405484143856   
510 4590 5.575660706141647e-05 31241.60909026354 0.04176160735605 4.1761607394805042e-02 0.04176405483948308 0.041764054897254856   
511 4599 5.220248836383721e-05 33011.73885621731 0.04176160735605 4.1761607375418154e-02 0.04176160743245898 0.04176405489149399   
512 4608 5.6415992032400936e-05 31218.06239979812 0.04176160735605 4.1761607367078103e-02 0.04176175083831469 0.04176405491147757   
513 4617 5.828868946412296e-05 32463.137006606325 0.04176160735605 4.1761607367125336e-02 0.04176405487975668 0.04176405491298623   
514 4626 5.8720509883731354e-05 31567.018058385227 0.04176160735605 4.1761607361903666e-02 0.041761607390174454 0.041764054876615775   
515 4635 6.0476276643266944e-05 27693.900850118407 0.04176160735605 4.1761607362141510e-02 0.041761607411487066 0.041764054878063624   
516 4644 6.986642671429332e-05 27816.05136616309 0.04176160735605 4.1761607366179787e-02 0.04176160744275641 0.041764054887615344   
517 4653 8.281245000107814e-05 27314.939417913873 0.04176160735605 4.1761607365377984e-02 0.0417616073861271 0.041764054898881214   
518 4662 0.00010020488529186113 25536.614551981675 0.04176160735605 4.1761607379865610e-02 0.041761750839665 0.04176405490697186   
519 4671 0.00010806268647036103 27889.182171428845 0.04176160735605 4.1761607383776662e-02 0.041764054869005245 0.04176405495966352   
520 4680 0.00010100517521741432 27208.305017952123 0.04176160735605 4.1761607370019528e-02 0.04176405488837339 0.04176405496725942   
521 4689 8.732294399440795e-05 27914.295921924684 0.04176160735605 4.1761607391063875e-02 0.041764054834378235 0.04176405487991833   
522 4698 7.48703494777905e-05 30218.608709369317 0.04176160735605 4.1761607374941473e-02 0.041761607396184855 0.04176405493646297   
523 4707 7.054192640769058e-05 31027.77280656973 0.04176160735605 4.1761607360781577e-02 0.04176160741135257 0.04176405489734694   
524 4716 6.52261521779501e-05 30046.168371434098 0.04176160735605 4.1761607367916058e-02 0.04176160741144762 0.041764054892584807   
525 4725 6.235455290224565e-05 30992.997982679037 0.04176160735605 4.1761607366972757e-02 0.04176160741249413 0.041764054885153876   
526 4734 5.341499380782316e-05 35187.78199244693 0.04176160735605 4.1761607364990516e-02 0.04176175082966799 0.041764054876923945   
527 4743 4.9513928634643797e-05 34678.520670507285 0.04176160735605 4.1761607372873426e-02 0.04176160744544989 0.04176405489575137   
528 4752 4.9882218909692695e-05 34346.78935282365 0.04176160735605 4.1761607375535859e-02 0.0417616074306635 0.041764054898877696   
529 4761 5.1841762247217826e-05 32946.49644835936 0.04176160735605 4.1761607376565361e-02 0.04176405476554594 0.04176405489655371   
530 4770 5.407136380995364e-05 31471.993998733 0.04176160735605 4.1761607357611433e-02 0.04176160739628619 0.04176405493934074   
531 4779 5.2928857443014924e-05 28635.993611405826 0.04176160735605 4.1761607378693867e-02 0.04176405484262229 0.04176405491682118   
532 4788 4.8626543086084694e-05 31247.36653004794 0.04176160735605 4.1761607367901778e-02 0.04176160741817845 0.04176405490492646   
533 4797 4.816702249869502e-05 29106.296637598018 0.04176160735605 4.1761607369491631e-02 0.04176160741807071 0.04176405489924843   
534 4806 4.4652974994825665e-05 28651.542401314913 0.04176160735605 4.1761607361229663e-02 0.041761607403839066 0.04176405493248076   
535 4815 4.404888432797123e-05 30388.58405097779 0.04176160735605 4.1761607368648979e-02 0.041761607376129245 0.041764054898301116   
536 4824 4.223140183592913e-05 30936.255542230854 0.04176160735605 4.1761607364477371e-02 0.04176160738992335 0.04176405490005371   
537 4833 4.3802809176668906e-05 27351.75381795771 0.04176160735605 4.1761607367664801e-02 0.04176160744591668 0.041764054908403715   
538 4842 4.3178959880479746e-05 27355.38478557355 0.04176160735605 4.1761607368022008e-02 0.041761750802353205 0.041764054898464784   
539 4851 4.217919393210083e-05 26033.506744708742 0.04176160735605 4.1761607372898350e-02 0.041761607409143794 0.04176405487740478   
540 4860 4.0054804060476295e-05 27952.087804985687 0.04176160735605 4.1761607362171396e-02 0.04176160741348782 0.0417640548868371   
541 4869 3.927376219379343e-05 31010.590118341937 0.04176160735605 4.1761607368273612e-02 0.04176160741012176 0.041764054897101555   
542 4878 4.0395742501659964e-05 31905.04001467424 0.04176160735605 4.1761607363082855e-02 0.04176175082586 0.0417640549064415   
543 4887 4.026134518790892e-05 31945.74361581678 0.04176160735605 4.1761607364281590e-02 0.04176160740388718 0.041764054880394835   
544 4896 3.536578740602174e-05 33292.25650675462 0.04176160735605 4.1761607368244025e-02 0.04176160739624156 0.04176405491947174   
545 4905 3.0038526984959583e-05 32237.42897490666 0.04176160735605 4.1761607358677524e-02 0.041761607398357395 0.0417640549116721   
546 4914 2.5095262196585376e-05 31478.46600757473 0.04176160735605 4.1761607365492448e-02 0.04176160741046396 0.041764054899760095   
547 4923 2.4728996442378036e-05 31848.79071424829 0.04176160735605 4.1761607381492587e-02 0.04176160742322038 0.04176405490310158   
548 4932 2.13080777964901e-05 32480.80402061141 0.04176160735605 4.1761607367406001e-02 0.041761607377574374 0.04176405489455503   
549 4941 2.115772440476017e-05 29716.37660681683 0.04176160735605 4.1761607363570118e-02 0.04176160738051267 0.0417640548554873   
550 4950 2.2745065910739177e-05 33401.059980788064 0.04176160735605 4.1761607365098784e-02 0.041761607396800626 0.041764054883829074   
551 4959 2.260424573281604e-05 33068.54223175515 0.04176160735605 4.1761607363078920e-02 0.041761607385094136 0.041764054915528204   
552 4968 2.1410960779653773e-05 32042.063773124108 0.04176160735605 4.1761607360108303e-02 0.0417616073815318 0.041764054908842746   
553 4977 2.2499077511528977e-05 31434.647900798613 0.04176160735605 4.1761607358501165e-02 0.041761607394989964 0.041764054901013675   
554 4986 2.5800512089325842e-05 31513.289751466575 0.04176160735605 4.1761607371941095e-02 0.041761750886710906 0.04176405490922003   
555 4995 2.8555671430614446e-05 32625.937997031164 0.04176160735605 4.1761607363981337e-02 0.04176160742782687 0.04176405491237913   
556 5004 2.8291205457944922e-05 33385.12520741017 0.04176160735605 4.1761607360467544e-02 0.04176175084010203 0.04176405490322903   
557 5013 2.682596423992159e-05 34854.72923751956 0.04176160735605 4.1761607363382837e-02 0.041761607417233865 0.041764054914719545   
558 5022 2.7842571880395323e-05 34560.67466118089 0.04176160735501479 4.1761607355014788e-02 0.04176160740990066 0.04176405491152717   
559 5031 2.891924345037522e-05 36007.26602754707 0.04176160735501479 4.1761607368908646e-02 0.04176160739650019 0.04176175086007994   
560 5040 3.3765083757254746e-05 37538.549193908744 0.04176160735501479 4.1761607372263504e-02 0.04176405489434712 0.04176405491887436   
561 5049 3.639105972540818e-05 37119.266111940546 0.04176160735501479 4.1761607382591347e-02 0.04176160741714204 0.04176405489919793   
562 5058 3.8571756390606996e-05 39976.19791527353 0.04176160735501479 4.1761607392494744e-02 0.04176160740519837 0.041764054899765375   
563 5067 4.025433311439576e-05 36775.545055052055 0.04176160735501479 4.1761607369563393e-02 0.04176160740752254 0.04176405489768745   
564 5076 3.765428877445097e-05 35861.49527937938 0.04176160735501479 4.1761607360848330e-02 0.041761607388510945 0.04176405491170934   
565 5085 3.6985195283726404e-05 34532.212949422734 0.04176160735501479 4.1761607362862732e-02 0.04176160744775893 0.041764054914023116   
566 5094 4.467673778717935e-05 35421.718737296214 0.04176160735501479 4.1761607369958743e-02 0.04176160739790391 0.041764054893379046   
567 5103 4.575462766368215e-05 40749.27019287712 0.04176160735501479 4.1761607365525394e-02 0.041761750855499116 0.04176405489637111   
568 5112 4.278092133369279e-05 41892.49229706531 0.04176160735501479 4.1761607363227628e-02 0.04176160742592838 0.04176405486988607   
569 5121 4.341447399087978e-05 42534.85221885938 0.04176160735501479 4.1761607366374909e-02 0.041764054843051804 0.041764054898280806   
570 5130 4.583679729196645e-05 44499.890860311796 0.04176160735501479 4.1761607369517569e-02 0.04176160740348397 0.04176405489445202   
571 5139 4.6348900293237256e-05 51416.72379407296 0.04176160735501479 4.1761607360094904e-02 0.04176160739775664 0.04176405487593972   
572 5148 4.54466553628473e-05 50823.01217693703 0.04176160735501479 4.1761607371783180e-02 0.04176160744071224 0.04176405490216178   
573 5157 4.3246845526503514e-05 47702.390010898394 0.04176160735501479 4.1761607374495593e-02 0.04176160740378708 0.041764054890265016   
574 5166 4.383006140277046e-05 46141.396065920715 0.04176160735501479 4.1761607372874744e-02 0.04176160738241788 0.04176405489431752   
575 5175 3.954062160717445e-05 45469.50224202149 0.04176160735501479 4.1761607368735638e-02 0.04176160739457895 0.04176405487908584   
576 5184 3.230356098400886e-05 45855.886691262545 0.04176160735501479 4.1761607361382388e-02 0.041761607424758034 0.04176405487754581   
577 5193 3.0177159337091728e-05 45248.10947840794 0.04176160735501479 4.1761607373486102e-02 0.04176160738140777 0.0417640548809171   
578 5202 2.93809868561154e-05 47110.44585546599 0.04176160735501479 4.1761607359738044e-02 0.041761607395470614 0.04176405486849139   
579 5211 2.846589818878055e-05 45963.30689067635 0.04176160735501479 4.1761607362550329e-02 0.04176160744748674 0.04176405488462835   
580 5220 2.7335400602067725e-05 46168.92730840468 0.04176160735501479 4.1761607358448166e-02 0.041764054860656506 0.04176405488032524   
581 5229 2.42186275859382e-05 45388.99880393918 0.04176160735501479 4.1761607381642307e-02 0.04176160743947854 0.04176405488987181   
582 5238 2.3415782720315664e-05 47485.51633075955 0.04176160735501479 4.1761607362852775e-02 0.04176175080142364 0.04176405488833537   
583 5247 2.5705330332576345e-05 44765.29681400472 0.04176160735501479 4.1761607359778852e-02 0.04176405483057037 0.041764054892557786   
584 5256 2.741889617438446e-05 47602.29457627225 0.04176160735501479 4.1761607372544002e-02 0.041761607405736964 0.04176405487483283   
585 5265 2.790834987793436e-05 47171.370486090076 0.04176160735501479 4.1761607376916185e-02 0.041761607442157934 0.04176405488640248   
586 5274 2.678260152397598e-05 44541.98543562854 0.04176160735501479 4.1761607363836037e-02 0.0417616073866673 0.04176405485262084   
587 5283 2.7096898926060185e-05 43526.187995636865 0.04176160735501479 4.1761607356652720e-02 0.041761607439673075 0.04176405488531637   
588 5292 3.027487796399895e-05 43376.30798896913 0.04176160735501479 4.1761607367724600e-02 0.041761607412846714 0.04176175084484263   
589 5301 3.377377743993186e-05 46894.987702447244 0.04176160735501479 4.1761607366187115e-02 0.04176160739935209 0.04176405489888355   
590 5310 3.733941817278329e-05 47917.613193333826 0.04176160735501479 4.1761607361404336e-02 0.041761607387121875 0.04176405482977479   
591 5319 3.959876448926889e-05 50118.79243777277 0.04176160735501479 4.1761607373257931e-02 0.041761607385455715 0.04176405488648628   
592 5328 4.1966689835582325e-05 55831.23659857693 0.04176160735501479 4.1761607371202519e-02 0.04176160741688313 0.04176405488792721   
593 5337 3.978167192918448e-05 63061.51363196376 0.04176160735501479 4.1761607359752845e-02 0.04176405488166088 0.041764054889539666   
594 5346 3.344182305230226e-05 58832.69487449654 0.04176160735501479 4.1761607360244264e-02 0.04176405487993854 0.041764054908420556   
595 5355 3.330183142743277e-05 62142.461891630024 0.04176160735501479 4.1761607359426703e-02 0.04176160739788164 0.041764054887334486   
596 5364 3.105578765794354e-05 59662.29208636607 0.04176160735501479 4.1761607362049910e-02 0.04176160741869137 0.04176405489220387   
597 5373 2.575461094611164e-05 61230.78420055168 0.04176160735501479 4.1761607372328112e-02 0.04176160739826745 0.041764054869332004   
598 5382 2.2076746421071802e-05 66778.47859789028 0.04176160735501479 4.1761607364874914e-02 0.0417640548022457 0.04176405489832757   
599 5391 2.1514715871434686e-05 66716.93064907762 0.04176160735501479 4.1761607369316590e-02 0.04176160740689953 0.04176405489631309   
600 5400 2.33765355265368e-05 66469.94150421629 0.04176160735501479 4.1761607373783330e-02 0.04176160740458682 0.04176405489623519   
601 5409 2.3857446066067905e-05 69149.6514089944 0.04176160735501479 4.1761607372889982e-02 0.04176160741756084 0.04176405489527178   
602 5418 2.2318093541361105e-05 79159.55564823847 0.04176160735501479 4.1761607363606713e-02 0.041761607427258554 0.04176405489741531   
603 5427 2.2962419912103642e-05 83645.60759533093 0.04176160735501479 4.1761607369966737e-02 0.04176160740252618 0.04176405482956478   
604 5436 2.546740912645733e-05 82716.7148085099 0.04176160735501479 4.1761607384134133e-02 0.04176175080549189 0.04176405489531628   
605 5445 2.4183285473306857e-05 84870.66837088975 0.04176160735501479 4.1761607363678635e-02 0.04176175084746591 0.04176405489087181   
606 5454 2.4614201010074158e-05 91503.96277165912 0.04176160735501479 4.1761607365734477e-02 0.0417616073944944 0.0417640549003302   
607 5463 2.7870193896308513e-05 93259.7905436004 0.04176160735501479 4.1761607378322657e-02 0.04176160740087749 0.0417640548936515   
608 5472 2.575011381871441e-05 98429.39401545399 0.04176160735501479 4.1761607380776680e-02 0.04176160740405993 0.041764054885509806   
609 5481 2.4379202190977114e-05 98997.01282076594 0.04176160735501479 4.1761607374972150e-02 0.04176160739199611 0.04176405486992136   
610 5490 2.372729750571341e-05 97827.984989872 0.04176160735501479 4.1761607372103500e-02 0.04176160741907617 0.04176405488791578   
611 5499 2.2741510402075223e-05 100151.13125356242 0.04176160735501479 4.1761607366425590e-02 0.04176160740816341 0.041764054887607024   
612 5508 2.4526498046847808e-05 97901.82387296483 0.04176160735501479 4.1761607370573751e-02 0.04176160739564652 0.04176405484863641   
613 5517 2.6952455201247707e-05 98421.40869335868 0.04176160735501479 4.1761607356885833e-02 0.04176160738150138 0.04176405487547634   
614 5526 2.575117901104132e-05 109835.82886949969 0.04176160735501479 4.1761607370284830e-02 0.04176160739224352 0.04176405484216679   
615 5535 2.5548345234207382e-05 109149.67659301299 0.04176160735501479 4.1761607370572232e-02 0.04176175082815057 0.041764054881597075   
616 5544 2.44107344109414e-05 111163.65343590495 0.04176160735501479 4.1761607365131986e-02 0.04176160745002178 0.041764054888656546   
617 5553 2.5712043014525874e-05 109970.33601384747 0.04176160735501479 4.1761607359228167e-02 0.04176160739300759 0.041764054877262716   
618 5562 2.528387736075998e-05 115771.52236034434 0.04176160735501479 4.1761607360576256e-02 0.04176405483765096 0.04176405487048515   
619 5571 2.358518357958642e-05 121164.28783446827 0.04176160735501479 4.1761607361469028e-02 0.04176160738565214 0.041764054866102615   
620 5580 2.416932889603515e-05 125145.70836554648 0.04176160735501479 4.1761607355353385e-02 0.041764054828047445 0.04176405488883718   
621 5589 2.7408365778510338e-05 114679.15891906357 0.04176160735501479 4.1761607366916205e-02 0.04176175078966454 0.04176405487332838   
622 5598 2.692475774096934e-05 114054.76202934852 0.04176160735501479 4.1761607398117705e-02 0.04176160743052996 0.041764054883076704   
623 5607 2.9273969389583402e-05 125137.54717047882 0.04176160735501479 4.1761607373846196e-02 0.041764054839721614 0.04176405487559992   
624 5616 2.768676232943842e-05 129795.65507349659 0.04176160735501479 4.1761607368539899e-02 0.04176160740577016 0.04176405488208971   
625 5625 2.8222133977124278e-05 123530.1569406651 0.04176160735501479 4.1761607361092148e-02 0.041761607399340366 0.04176405487338538   
626 5634 2.6032454686455158e-05 113779.49323848233 0.04176160735501479 4.1761607357744562e-02 0.04176160743495132 0.04176405488381475   
627 5643 2.5000127997478306e-05 106110.16953257876 0.04176160735501479 4.1761607362149594e-02 0.04176160739652071 0.04176405487402002   
628 5652 2.6635172909133055e-05 99617.45785543839 0.04176160735501479 4.1761607364538329e-02 0.04176160739941925 0.04176175087125876   
629 5661 2.8804552493552574e-05 88010.47009284218 0.04176160735501479 4.1761607360697034e-02 0.04176175085064813 0.041764054879399194   
630 5670 2.6264308688167555e-05 84272.68177619178 0.04176160735501479 4.1761607363293304e-02 0.04176160742086121 0.04176405487849945   
631 5679 2.37001529446274e-05 84468.0707036528 0.04176160735501479 4.1761607369514141e-02 0.04176160740542684 0.0417640548730569   
632 5688 2.4857658154831754e-05 82257.01158611488 0.04176160735501479 4.1761607369985437e-02 0.04176160743541873 0.041764054856155114   
633 5697 2.9177660620153855e-05 86859.71386627195 0.04176160735501479 4.1761607360764813e-02 0.0417616074239971 0.04176405486925523   
634 5706 3.0906702729413816e-05 90886.56542580247 0.04176160735501479 4.1761607357157081e-02 0.041761607410260054 0.0417640548777651   
635 5715 2.9635575238143746e-05 90239.77455076702 0.04176160735501479 4.1761607368427614e-02 0.04176175082235442 0.041764054869789194   
636 5724 2.6333384173612136e-05 90260.51184752781 0.04176160735501479 4.1761607379545831e-02 0.04176160742422515 0.04176405486166322   
637 5733 2.999266783772665e-05 90353.96351459899 0.04176160735501479 4.1761607361034278e-02 0.041761607401001516 0.041761750866914325   
638 5742 3.349614581897584e-05 103343.79083481165 0.04176160735501479 4.1761607367404224e-02 0.04176160742448108 0.04176405486917604   
639 5751 3.501829604751489e-05 105858.4814551898 0.04176160735501479 4.1761607378218657e-02 0.04176160741322209 0.04176405485414104   
640 5760 3.391319148015534e-05 109033.05799966223 0.04176160735501479 4.1761607355971536e-02 0.04176160741056215 0.04176405480561969   
641 5769 2.9010567846700642e-05 111520.61896951609 0.04176160735501479 4.1761607371082393e-02 0.04176405484163633 0.04176405486964915   
642 5778 2.611918726824009e-05 103774.18247123533 0.04176160735501479 4.1761607359368520e-02 0.04176160741489321 0.04176405484972092   
643 5787 2.1542868911211294e-05 98655.30683106727 0.04176160735501479 4.1761607358664327e-02 0.04176160738584197 0.04176405485571517   
644 5796 2.051437987808125e-05 101399.46702314353 0.04176160735501479 4.1761607369127166e-02 0.041761607412730564 0.041764054875321865   
645 5805 1.9884755384307884e-05 109449.06142666905 0.04176160735501479 4.1761607382394754e-02 0.04176160742919004 0.04176405487227923   
646 5814 2.1466160246482402e-05 115048.31514038584 0.04176160735492769 4.1761607354927691e-02 0.0417616074063972 0.041764054858160385   
647 5823 2.1179354891699715e-05 109409.63762110702 0.04176160735492769 4.1761607362287442e-02 0.04176175078931604 0.04176405487921367   
648 5832 1.9361617890995568e-05 103869.26433223253 0.04176160735492769 4.1761607363151730e-02 0.041761607404040904 0.04176405487121727   
649 5841 1.6788313319223643e-05 108660.5758000357 0.04176160735492769 4.1761607374969437e-02 0.04176175083885991 0.04176405486310923   
650 5850 1.6279170680677187e-05 117140.8196970842 0.04176160735492769 4.1761607366152920e-02 0.04176175081302207 0.04176405486443667   
651 5859 1.505164839874683e-05 114243.65570992303 0.04176160735492769 4.1761607358703684e-02 0.04176160739954757 0.041764054861588726   
652 5868 1.6869610263462388e-05 117062.46237899957 0.04176160735492769 4.1761607367456897e-02 0.04176160739496164 0.04176405486878727   
653 5877 1.8857559967200575e-05 135492.4015033754 0.04176160735492769 4.1761607396471438e-02 0.041761750831223854 0.04176405487704534   
654 5886 2.0730714825841375e-05 124947.28467117701 0.04176160735492769 4.1761607363397971e-02 0.041761607384180464 0.041761607440842695   
655 5895 2.0569020729434807e-05 128654.76370449756 0.04176160735492769 4.1761607376806904e-02 0.04176160742294316 0.04176405487269078   
656 5904 1.8992541682961548e-05 131961.51671673977 0.04176160735492769 4.1761607366111952e-02 0.04176160741604636 0.041764054879438725   
657 5913 1.8934500434424645e-05 135551.38751279176 0.04176160735492769 4.1761607361936674e-02 0.041761607386800625 0.04176405487308052   
658 5922 2.0718482831977363e-05 144608.7372388784 0.04176160735492769 4.1761607359723632e-02 0.04176175083323744 0.04176405487841081   
659 5931 2.3514836996405953e-05 151118.47271962813 0.04176160735492769 4.1761607363932952e-02 0.041761607444506826 0.0417640548776423   
660 5940 2.2744413168660337e-05 167016.5982779666 0.04176160735492769 4.1761607359107444e-02 0.04176405481879378 0.04176405485393593   
661 5949 2.110926140517764e-05 167026.3456314006 0.04176160735492769 4.1761607367630627e-02 0.04176160740552918 0.041764054859087796   
662 5958 2.00115541291442e-05 184438.6511315415 0.04176160735492769 4.1761607367668097e-02 0.04176160740856153 0.04176405481694966   
663 5967 1.889755234145068e-05 195073.3124192224 0.04176160735492769 4.1761607356405828e-02 0.04176160739270211 0.041764054876425885   
664 5976 1.919213057555267e-05 202237.32056245458 0.04176160735492769 4.1761607356701612e-02 0.04176160743915901 0.041764054854900604   
665 5985 1.8582484717008484e-05 199845.4246441495 0.04176160735492769 4.1761607363413770e-02 0.041761750807281756 0.04176405487811834   
666 5994 1.57812773406344e-05 211453.4260712153 0.04176160735492769 4.1761607370040629e-02 0.04176160742451859 0.041764054863471206   
667 6003 1.461914312572077e-05 190509.2954023177 0.04176160735492769 4.1761607362217887e-02 0.041761607406274985 0.04176405484076773   
668 6012 1.4399860853297382e-05 206517.5614398427 0.04176160735492769 4.1761607366594469e-02 0.041761750816488336 0.041764054875890105   
669 6021 1.6101461095894414e-05 203368.35983106893 0.04176160735492769 4.1761607360853756e-02 0.04176405485189958 0.04176405486898896   
670 6030 1.7135975493695476e-05 180957.6417392895 0.04176160735492769 4.1761607359223879e-02 0.04176160740157446 0.041764054856012256   
671 6039 2.0816335217907745e-05 204435.11185098084 0.04176160735492769 4.1761607395600378e-02 0.04176175082722177 0.041764054860504586   
672 6048 2.266229944615427e-05 210494.57035117885 0.04176160735492769 4.1761607371894466e-02 0.04176175081199139 0.04176405485968604   
673 6057 2.530164814916421e-05 201807.43142215812 0.04176160735492769 4.1761607364155767e-02 0.04176405483550166 0.041764054876565315   
674 6066 2.6322672495984755e-05 213885.3866959369 0.04176160735492769 4.1761607362883479e-02 0.04176160739910587 0.041761750868514844   
675 6075 3.117407274761581e-05 200577.45958816423 0.04176160735492769 4.1761607364371497e-02 0.041761607408124735 0.04176405486086343   
676 6084 3.4330517139342706e-05 200536.8545765306 0.04176160735492769 4.1761607378015972e-02 0.0417616074213303 0.041764054835897096   
677 6093 3.688121369863863e-05 197368.4167438677 0.04176160735492769 4.1761607397501316e-02 0.041761607432475645 0.04176405487147125   
678 6102 3.631166734846979e-05 212472.33958377008 0.04176160735492769 4.1761607390951541e-02 0.04176160744428902 0.041764054863023696   
679 6111 3.801583453598781e-05 211800.26993594263 0.04176160735492769 4.1761607369155712e-02 0.041761607400790844 0.04176405483633755   
680 6120 5.122921867108949e-05 218999.38196885402 0.04176160735492769 4.1761607385124300e-02 0.04176160742504125 0.04176405485462417   
681 6129 6.141141902282242e-05 218469.47015656426 0.04176160735492769 4.1761607358475568e-02 0.041761750823254236 0.041764054878272165   
682 6138 7.050741618947255e-05 221462.96998649172 0.04176160735492769 4.1761607367675931e-02 0.04176160738743602 0.04176405487582656   
683 6147 8.168510797900482e-05 226424.65942637448 0.04176160735492769 4.1761607372981110e-02 0.041761750916896594 0.04176405486359006   
684 6156 9.234356061237408e-05 194281.30947936047 0.04176160735492769 4.1761607360925795e-02 0.04176160743363225 0.04176405485860594   
685 6165 9.27741213418365e-05 201509.65319666374 0.04176160735492769 4.1761607360542019e-02 0.041761607386346766 0.04176405486222737   
686 6174 9.480969315415063e-05 205451.5765669275 0.04176160735492769 4.1761607365569907e-02 0.04176160743191335 0.04176405486062068   
687 6183 0.00011031814060153634 199473.65285520974 0.04176160735492769 4.1761607383531629e-02 0.041761607409369295 0.04176405485518384   
688 6192 0.00010911439127168035 194128.31914519542 0.04176160735492769 4.1761607358928428e-02 0.04176160740364088 0.04176405487658637   
689 6201 0.00010355584175242953 195483.5442328818 0.04176160735492769 4.1761607371390994e-02 0.0417616074403547 0.04176405487136911   
690 6210 0.00010978103085232295 190668.17729708756 0.04176160735492769 4.1761607364462175e-02 0.04176160741680714 0.04176405488350191   
691 6219 0.00010406553252463916 160931.7872419282 0.04176160735492769 4.1761607365503869e-02 0.04176160741761962 0.04176405488308474   
692 6228 0.00011277191868861915 151180.26935927683 0.04176160735492769 4.1761607358342619e-02 0.04176160741430397 0.04176405486454154   
693 6237 0.00010791308713412585 145220.9738819279 0.04176160735492769 4.1761607364866463e-02 0.041761750910684195 0.041764054867783805   
694 6246 0.00010807973256697936 151946.24799476258 0.04176160735492769 4.1761607373752951e-02 0.04176160742664411 0.041764054880713636   
695 6255 0.0001065573441198349 159233.74951790558 0.04176160735492769 4.1761607369074444e-02 0.04176175079711868 0.04176405488578682   
696 6264 0.00010799606234320386 177296.19440105002 0.04176160735492769 4.1761607359851731e-02 0.041761607417841226 0.04176405485340268   
697 6273 9.833918490938264e-05 185691.5154697374 0.04176160735492769 4.1761607357851345e-02 0.041761607425117454 0.041764054868900134   
698 6282 0.00010566288328066941 192233.81595907058 0.04176160735492769 4.1761607387670541e-02 0.04176160743570621 0.04176405485441012   
699 6291 0.00011990605798188142 201287.5690456196 0.04176160735492769 4.1761607368978118e-02 0.041761607434514 0.04176405485861197   
700 6300 0.00012930279379931388 205130.82281959828 0.04176160735492769 4.1761607379449936e-02 0.041761750849331716 0.04176405485927686   
701 6309 0.0001307565357136356 206281.0227338598 0.04176160735492769 4.1761607388424375e-02 0.04176175079633719 0.041764054830606925   
702 6318 0.00010975477558185005 203270.34260420906 0.04176160735492769 4.1761607372304624e-02 0.04176175080469631 0.041764054857957526   
703 6327 9.926139877884936e-05 198092.18061895727 0.04176160735492769 4.1761607371845054e-02 0.04176175082351094 0.04176405487130878   
704 6336 0.00010908338508722281 201721.1036042734 0.04176160735492769 4.1761607385434586e-02 0.04176160741056499 0.04176405485956161   
705 6345 0.00011386194941761693 206531.32420915246 0.04176160735492769 4.1761607364693462e-02 0.04176160740694308 0.0417640548590031   
706 6354 0.00012160682082564124 220641.4609279724 0.04176160735492769 4.1761607374219994e-02 0.041764054822369966 0.041764054889093405   
707 6363 0.00011921575374405197 221581.31211291446 0.04176160735492769 4.1761607376038276e-02 0.041761607389813826 0.04176405486928152   
708 6372 0.00010867192065462331 189452.25701134693 0.04176160735492769 4.1761607371834396e-02 0.04176160743297927 0.04176405487794991   
709 6381 0.00010446975704927878 188213.8685415443 0.04176160735492769 4.1761607362229294e-02 0.04176160738647628 0.041764054782725046   
710 6390 9.54864435196942e-05 172871.5257680256 0.04176160735492769 4.1761607363752194e-02 0.04176160740365042 0.04176405486183581   
711 6399 9.16649843951154e-05 176525.18585494344 0.04176160735492769 4.1761607376177262e-02 0.04176160743025049 0.04176405488021119   
712 6408 8.790951186068531e-05 175114.55459776352 0.04176160735492769 4.1761607368373921e-02 0.04176160743194968 0.04176405485732407   
713 6417 8.322425678527646e-05 192497.60120737646 0.04176160735492769 4.1761607366888193e-02 0.04176160744893557 0.041764054879041924   
714 6426 8.70196348868787e-05 202988.4720890484 0.04176160735492769 4.1761607358642205e-02 0.041761607406185904 0.0417640548462816   
715 6435 8.595620852598936e-05 203449.5701896587 0.04176160735492769 4.1761607383798083e-02 0.041761607405156546 0.041764054873236006   
716 6444 8.126880906896992e-05 212998.33363548943 0.04176160735492769 4.1761607392850272e-02 0.04176175080874169 0.04176405487848251   
717 6453 7.189047943478646e-05 213770.30345815752 0.04176160735492769 4.1761607385924299e-02 0.041761607433748855 0.041764054861250365   
718 6462 6.684066036232085e-05 216686.59732288678 0.04176160735492769 4.1761607363723141e-02 0.04176405482770172 0.0417640548546951   
719 6471 6.769984518615963e-05 218101.7571412945 0.04176160735492769 4.1761607359489382e-02 0.04176160738058299 0.041764054865062114   
720 6480 6.261715056363662e-05 233117.95283993022 0.04176160735492769 4.1761607366117073e-02 0.041761607403822336 0.04176175079764263   
