% # columns="iteration, evaluation, sigma, axis ratio, bestever, best, median, worst objective function value, further objective values of best", seed=396878, Thu Nov 30 11:01:53 2023, <python>{}</python>
1 9 2.115182239521519 1.0000416675347343 0.14148760040068384 1.4148760040068384e-01 669.1160393523664 100805.2956417528   
2 18 2.186124533234102 1.3309506402779607 0.05328389950083299 5.3283899500832989e-02 6.259019991143177 7175.251044952946   
3 27 2.1917751603586217 1.5015755242394526 0.05328389950083299 6.4198858322651417e-02 1.147611433819999 151.913902723893   
4 36 2.207161878565836 1.6209119867875217 0.05328389950083299 8.7899696476630901e-02 0.2377354623582706 1078.1897964940651   
5 45 2.1843903034273406 1.7465799193456182 0.05328389950083299 1.2474920606366313e-01 0.9175416425999509 330.3519325238293   
6 54 1.9823340225677093 1.7366424153082334 0.05328389950083299 8.6846025326950044e-02 0.2986305261082729 12.071276068105288   
7 63 1.7914921660517629 2.0010591874324937 0.05328389950083299 7.1296523633562564e-02 0.2691019912380604 22.80285248785037   
8 72 1.6822776338410175 2.215812424202482 0.05328389950083299 1.0591052812785981e-01 0.21020326496895034 0.4148733712234349   
9 81 1.6204995328680487 2.298519310812765 0.05328389950083299 7.1277730766439285e-02 0.18174214966712096 1.7157463584710966   
10 90 1.6528203177371255 2.497900946582187 0.05328389950083299 9.2134783832105618e-02 0.25487377452376964 1.42870922793289   
11 99 1.5715538993599392 2.699936288995992 0.05328389950083299 8.0249409877718461e-02 0.1255450452570749 0.1921520448477697   
12 108 1.571285769500756 2.835477317627209 0.05328389950083299 6.8706958288416192e-02 0.14774115604852953 2.519596596642892   
13 117 1.493455270538574 3.359135016959168 0.05328389950083299 7.9180326513275834e-02 0.1456062612615019 8.922137909648958   
14 126 1.4060322571344834 3.95158524591457 0.05328389950083299 6.7997136918012985e-02 0.11895655968970163 1.3729689850168518   
15 135 1.5027173154671223 4.119010532734501 0.05328389950083299 6.8093667970838351e-02 0.09530877980560715 0.5947742335714227   
16 144 1.5697305217588602 4.5160577885543525 0.05328389950083299 6.0021481175413519e-02 0.07401276932487431 0.13870644745710248   
17 153 1.5212526794609038 4.721433044075141 0.05328389950083299 6.7947512207121447e-02 0.08486161924209039 0.5558896376382325   
18 162 1.3707007476941147 5.0331695892541415 0.05328389950083299 7.4663222616244251e-02 0.09526445707850881 0.694645641086428   
19 171 1.213549395316244 5.119046650495362 0.05328389950083299 6.8206290777749159e-02 0.10702469442833261 0.7283152071535117   
20 180 1.0120082907957872 5.496109886015091 0.05328389950083299 6.7464636923074361e-02 0.07933685989624364 0.7054544118889704   
21 189 0.9677772254822055 5.653998876790854 0.05328389950083299 6.8005126075548233e-02 0.07035061740794066 0.093947205605804   
22 198 0.8389841189082148 5.834858738326724 0.05328389950083299 6.8687679308309366e-02 0.07296602176024863 0.15921816076706435   
23 207 0.7873026985879045 6.335362302699746 0.05328389950083299 6.7911268551045484e-02 0.07039685947600054 0.09515734643054372   
24 216 0.7977390871201282 6.681961677144425 0.05328389950083299 6.8121506980989011e-02 0.06827083666783208 0.10567479592161372   
25 225 0.7778245739381126 7.933776945160122 0.05328389950083299 6.8720939504274339e-02 0.07014278094969141 0.10144455478299651   
26 234 0.926729673796542 8.69360332415363 0.05328389950083299 6.7975806393922686e-02 0.06959888768414382 0.1122519650788001   
27 243 0.8751936280169682 11.025035840151403 0.05328389950083299 6.7589778632708264e-02 0.0691041188163987 0.17459514129583173   
28 252 0.772136194243988 12.278601630001457 0.05328389950083299 6.8191127957532224e-02 0.07138915101650051 0.09215499226034789   
29 261 0.7198762862952482 13.75641204650175 0.05328389950083299 6.7977675521640524e-02 0.0690312488051708 0.07664805136771276   
30 270 0.710308991477998 15.364251115407198 0.05328389950083299 6.7828695481307572e-02 0.06917023896473401 0.07547175993157101   
31 279 0.8255020685372106 17.146768294787083 0.05328389950083299 6.4732814232904889e-02 0.06867892034806752 0.07042362866998053   
32 288 1.1040375437361334 18.78204878987951 0.034644655314408884 3.4644655314408884e-02 0.06792701890818585 0.06997862116718845   
33 297 1.294505854116311 20.768497271799603 0.034644655314408884 5.0407937701613163e-02 0.06904371080915969 0.16953354102449067   
34 306 1.481250691318451 22.124996366505894 0.034644655314408884 4.8742620142714937e-02 0.07181848207403711 1.665887204282738   
35 315 1.5770391307742901 23.070632104723003 0.034644655314408884 5.1406838970925066e-02 0.07361929136653875 4.687492414782452   
36 324 1.6111586855837172 24.87181334656387 0.034644655314408884 4.7559293886036809e-02 0.06783894813653323 3.636954267374949   
37 333 1.5228590010199712 28.162570192973753 0.034644655314408884 5.1779321552808968e-02 0.0684403460787431 10.90688938186527   
38 342 1.4567954025955605 26.948142095545762 0.034644655314408884 4.6867759884548166e-02 0.06815718046137796 2.227817561149269   
39 351 1.5209571388516125 29.002368276411783 0.034644655314408884 4.5381032725060902e-02 0.06650546310665617 0.08895126169442497   
40 360 1.6975690760248605 30.600659186911688 0.034644655314408884 4.8033233731497801e-02 0.0681684938711143 48.9942612666546   
41 369 1.737122580175935 33.45855603316231 0.034644655314408884 3.4655519372570644e-02 0.13422711180069197 8.223294529264559   
42 378 1.8711086051607546 33.015900793132715 0.034644655314408884 3.7701029268999535e-02 0.07737939077960845 123.54372927789844   
43 387 2.0542378827393746 35.70763363604062 0.03436073631638135 3.4360736316381348e-02 0.0719851970472384 201.90232766982595   
44 396 1.9510047472269305 36.10037952757336 0.03344210699860272 3.3442106998602721e-02 0.06435038138298095 6.797449724864933   
45 405 1.7360406921035128 36.091339078808346 0.03253378357081635 3.2533783570816349e-02 0.06803877632443986 292.4351974678365   
46 414 1.77106015040626 36.47318099135687 0.03253378357081635 3.5328320525381110e-02 0.04861114118158856 1.4508651769039818   
47 423 1.6560846958067321 38.795641925986175 0.03253378357081635 5.2659647222176864e-02 0.061738564671602485 7.398548292360653   
48 432 1.6224202361013378 38.091817932670395 0.03253378357081635 3.5425339849300935e-02 0.0505746328606813 0.35174209260301625   
49 441 1.6435726959063148 37.22272215627887 0.03253378357081635 3.6400912327314676e-02 0.06619171560518175 0.3730840266554104   
50 450 1.5732820272581989 37.73680379792256 0.03253378357081635 4.1484613394482665e-02 0.06264645837647619 5.22931810576882   
51 459 1.5391210684512222 37.574233813585636 0.03164907773095776 3.1649077730957757e-02 0.056016956357832305 0.29005372512284366   
52 468 1.540710512866828 37.99927650904208 0.031523916693581316 3.1523916693581316e-02 0.03398397623758073 0.09967323070694425   
53 477 1.615228887892475 37.92427991337939 0.031129222534389572 3.1129222534389572e-02 0.048197898305520376 0.18098101416221515   
54 486 1.4309663522606646 38.93157591900508 0.031129222534389572 3.2807281442226326e-02 0.04658736817207565 0.09766002770262433   
55 495 1.3851601027150726 39.06223105538826 0.031129222534389572 3.2956485304916017e-02 0.0484220689823929 0.8948456780332295   
56 504 1.2962527484918585 39.8346590993883 0.031129222534389572 3.2634856221705075e-02 0.039757738961614185 0.06296631037464033   
57 513 1.1797465019957751 38.45443736167022 0.031129222534389572 3.2781410315690512e-02 0.03618378217012888 0.07886744352826462   
58 522 1.0722680353699527 38.27448928214421 0.031106309457393476 3.1106309457393476e-02 0.038255122388681 0.050783039805052624   
59 531 0.9503356870592261 39.972795180916755 0.031106309457393476 3.1553126406575156e-02 0.03388626078454946 0.04474154755362353   
60 540 0.9276644400029888 42.60171294587191 0.031106309457393476 3.1494060554929648e-02 0.039378227858068784 0.051930597532922666   
61 549 0.864796987042914 44.191079987125484 0.031106309457393476 3.1173443703298175e-02 0.03183063283343221 0.04960600384646909   
62 558 0.74577871665976 46.53544738218548 0.03100390884431939 3.1003908844319389e-02 0.0314775117766069 0.03468703433866589   
63 567 0.6857166236232118 47.129185963690986 0.03100390884431939 3.1155929233701338e-02 0.03209189118621652 0.03365282050638395   
64 576 0.6706704756362283 50.33159845666833 0.03100390884431939 3.1344135840998655e-02 0.03165405777003491 0.0336665569422713   
65 585 0.6242530102688388 55.607449429061866 0.03100390884431939 3.1171898393390473e-02 0.03258358570271795 0.037841049652463744   
66 594 0.6584662262551213 56.19845622460124 0.03100390884431939 3.1008455562103261e-02 0.0313112980252517 0.032705705205542515   
67 603 0.6605361942022189 59.28627188776153 0.030984221733165476 3.0984221733165476e-02 0.031750673165246046 0.03562369689064025   
68 612 0.6793365729655482 67.09648166819787 0.030984221733165476 3.1030406924568349e-02 0.03156971760601398 0.03353753782035045   
69 621 0.585649265795821 74.39317324372124 0.030984221733165476 3.1055266933499314e-02 0.03138304408541127 0.03325687437015261   
70 630 0.5288540969590182 81.38642296706279 0.030984221733165476 3.1101416464137093e-02 0.03158781527217343 0.03191639926060972   
71 639 0.5264115684175937 85.14628473183069 0.030972990196693025 3.0972990196693025e-02 0.03129244238359981 0.031769781382248105   
72 648 0.5280645543234741 85.9791051626906 0.030970655227758655 3.0970655227758655e-02 0.03116864640664071 0.03150225373932107   
73 657 0.5043745680061893 89.87701696268962 0.030970655227758655 3.1044004935689252e-02 0.03123519037848191 0.03164887021263999   
74 666 0.48135069838776534 92.93647018527821 0.030970655227758655 3.0978688779240090e-02 0.031210760935599394 0.03220645762945705   
75 675 0.4455781790678989 94.43326436783275 0.030970655227758655 3.0972313862964052e-02 0.031195153392422143 0.031617831916621326   
76 684 0.43017050070406126 99.37310103406072 0.030970655227758655 3.0971532015580502e-02 0.03107264283504872 0.03129605730968968   
77 693 0.40089511206567563 113.66568101353383 0.030970655227758655 3.0976477624247496e-02 0.031080576300361176 0.031521476794218774   
78 702 0.3807082467521124 124.29584300213924 0.030970655227758655 3.0977524032659659e-02 0.031005282768332434 0.031106435170501878   
79 711 0.37894738637773384 132.09433295371215 0.030970655227758655 3.0970797970849281e-02 0.03099261061201245 0.031144036980633796   
80 720 0.3523989388984687 139.8019961168385 0.030970655227758655 3.0974899535431782e-02 0.031014168699920866 0.031115114527595467   
81 729 0.30664450754916195 133.1399426152838 0.030970655227758655 3.0975500864951624e-02 0.031015585902093183 0.03107850128018114   
82 738 0.308769970498718 141.65898391491882 0.030970655227758655 3.0974784354560046e-02 0.03104246614335151 0.0311920166689927   
83 747 0.2887287348353089 158.8929912404493 0.030970655227758655 3.0972869361443247e-02 0.030982023921750482 0.031069178387120776   
84 756 0.24922915621235192 169.43140691025064 0.030970233569490056 3.0970233569490056e-02 0.030984726081073923 0.031006817927617805   
85 765 0.2561325147741688 176.48586638331327 0.030970233569490056 3.0974174340923900e-02 0.030979869422458485 0.030992308549975603   
86 774 0.25969916769768 198.28767315017961 0.030969641572782074 3.0969641572782074e-02 0.03097881787478933 0.031021886284744837   
87 783 0.2570933848327316 215.2247986861415 0.030969641572782074 3.0972924773332702e-02 0.030982679746476553 0.030991131404587986   
88 792 0.24555671099740733 225.49897757822288 0.030969641572782074 3.0970785682847817e-02 0.030982535224381366 0.031012111785785345   
89 801 0.23900178841603809 237.90427943356082 0.030969641572782074 3.0970548975890320e-02 0.030978103283352116 0.030997680249261958   
90 810 0.2671792006788502 264.02004089584 0.030969641572782074 3.0970687639700303e-02 0.030976097492515862 0.03098589157074328   
91 819 0.24796429906018472 301.3372559885294 0.030969641572782074 3.0971641731894539e-02 0.030973857016948787 0.03098545338989064   
92 828 0.2507601068158399 313.60834950744686 0.030969641572782074 3.0969669255467149e-02 0.030977581384764554 0.03098308504247397   
93 837 0.2935499968155363 344.42181827834776 0.030969641572782074 3.0969908515694273e-02 0.030971806911248713 0.03098824520704171   
94 846 0.3076946686083765 361.1296449548644 0.030969641572782074 3.0970463393316564e-02 0.030976152913232156 0.030987529456093874   
95 855 0.2752172170102801 364.7829489962164 0.030969641572782074 3.0970028284935065e-02 0.03097315962682331 0.03098126275745346   
96 864 0.2988797143594083 370.1557396841194 0.030969641572782074 3.0970961457399200e-02 0.030977944507633588 0.03099310655016189   
97 873 0.3056302122016108 433.99213475297324 0.030969641572782074 3.0969705332994032e-02 0.03097625223426584 0.03098263083047397   
98 882 0.32033072653578054 426.28357482568293 0.030969641572782074 3.0969990566657592e-02 0.030973507820648373 0.03098390127707051   
99 891 0.2999317380601721 468.32480932079136 0.030969641572782074 3.0970158374800591e-02 0.030972714985219866 0.030977631218241857   
100 900 0.27694621167626504 470.6349009442679 0.030969641572782074 3.0969807038857971e-02 0.0309733535654236 0.03097755052069559   
101 909 0.26225817539175195 473.68684889624967 0.030969641572782074 3.0969697991358361e-02 0.03097471838169951 0.030978644518178937   
102 918 0.23201748352500684 501.4830222638726 0.030969641572782074 3.0969690953312243e-02 0.030970584524401906 0.030978056220756195   
103 927 0.2120236520566971 529.0327662977421 0.030969641572782074 3.0970087958444321e-02 0.03097134412891321 0.030973542581724245   
104 936 0.20572772698590827 629.6021629314248 0.030969600438698168 3.0969600438698168e-02 0.03097049057322425 0.03097261956047131   
105 945 0.183038909228611 619.8673522339943 0.030969586516379887 3.0969586516379887e-02 0.030970003193827783 0.03097331803736334   
106 954 0.16330683151902817 665.8618632161035 0.0309695645760644 3.0969564576064399e-02 0.030970152652756655 0.03097103215236737   
107 963 0.15457112658360359 709.3120208401989 0.030969564573480855 3.0969564573480855e-02 0.030970124395367952 0.0309713874403574   
108 972 0.1598071019922388 789.2850802208983 0.030969564573480855 3.0969574990252147e-02 0.030970022183149152 0.03097034166954345   
109 981 0.15829634874007167 904.3072424573485 0.030969564573480855 3.0969613716679920e-02 0.030969861151271257 0.030970339699112857   
110 990 0.1451551453746538 1097.602713965275 0.030969564573480855 3.0969584394731041e-02 0.03096992990726903 0.030971240929284268   
111 999 0.141140766255074 1197.1999851076516 0.030969564573480855 3.0969604657126375e-02 0.03096976724690987 0.03097002067238623   
112 1008 0.12799792487894784 1249.0305628363742 0.030969564573480855 3.0969567536132194e-02 0.030969767875079532 0.03097049317755814   
113 1017 0.1211814006242207 1187.075621417646 0.030969564573480855 3.0969565037669906e-02 0.03096969758233648 0.030969955393392857   
114 1026 0.10337319336366789 1206.7351064095787 0.030969564573480855 3.0969567015501250e-02 0.030969634629758973 0.030970024676958023   
115 1035 0.09398585909455599 1327.4102677631802 0.030969564573480855 3.0969585523737488e-02 0.03096960946884352 0.030969779907410316   
116 1044 0.08527504167755924 1402.3378586492572 0.030969564573480855 3.0969569698251397e-02 0.030969619730065123 0.030969700636937523   
117 1053 0.0780916951629934 1527.3299732973173 0.03096956303682639 3.0969563036826391e-02 0.030969585240251778 0.030969629293446384   
118 1062 0.07255875344401888 1675.4135555100424 0.03096956303682639 3.0969568408552795e-02 0.030969574654698837 0.030969624347714202   
119 1071 0.0604064036856815 1899.2206223156245 0.030969553465207415 3.0969553465207415e-02 0.030969577205693877 0.030969594551699463   
120 1080 0.053385306030914265 2017.0863875438718 0.030969551498684675 3.0969551498684675e-02 0.030969573444509606 0.03096959111162612   
121 1089 0.050260863046031654 2073.153926098292 0.030969551498684675 3.0969561624016081e-02 0.03096956496350362 0.030969594440493502   
122 1098 0.04966459546083201 1961.570939831448 0.030969550731775722 3.0969550731775722e-02 0.03096956552061119 0.0309695762012709   
123 1107 0.04961828884157931 2204.7818974493616 0.030969550731775722 3.0969559327830146e-02 0.030969571216066437 0.03096958561889427   
124 1116 0.04769446915869109 2214.2138591441285 0.030969550731775722 3.0969554699811823e-02 0.030969568947061328 0.030969577008317387   
125 1125 0.042996497730121104 2245.4369125028666 0.030969550731775722 3.0969554990389052e-02 0.030969564209643075 0.030969569879114475   
126 1134 0.0408852352118538 2473.0670797966864 0.030969550731775722 3.0969558331501505e-02 0.03096956226738797 0.030969569146818143   
127 1143 0.03818887861146323 2509.1669699152103 0.030969550731775722 3.0969555750624191e-02 0.03096956310157329 0.03096957541428286   
128 1152 0.03411300945566462 2688.950425630357 0.030969550731775722 3.0969551279364800e-02 0.03096956000872603 0.03096957147531194   
129 1161 0.031757827317485894 2685.7770961597935 0.030969550731775722 3.0969558286131980e-02 0.0309695623390491 0.03096956726404746   
130 1170 0.03394113892839106 2626.8351439259195 0.030969550731775722 3.0969556435687318e-02 0.03096955993359203 0.030969569403242535   
131 1179 0.0295219569311863 2680.539960359262 0.030969550231511968 3.0969550231511968e-02 0.03096955844622267 0.030969562249005374   
132 1188 0.028199259444488124 2642.630355414004 0.030969550231511968 3.0969554363625827e-02 0.030969560746371205 0.03096956497685925   
133 1197 0.030654078480271896 2702.90462136848 0.030969546070860242 3.0969546070860242e-02 0.030969559490125913 0.030969560220219575   
134 1206 0.02919761258509839 2910.006968635603 0.030969546070860242 3.0969546417520026e-02 0.030969560226457565 0.03096956636398073   
135 1215 0.029698561044319324 2881.0154140294817 0.030969546070860242 3.0969548026913409e-02 0.030969558236471413 0.03096956064476471   
136 1224 0.02992973829732307 3070.7320451946457 0.030969546070860242 3.0969550226765546e-02 0.030969559051209773 0.030969562393990152   
137 1233 0.02691705199619484 3289.468064866088 0.030969546070860242 3.0969549184357098e-02 0.030969558493515008 0.030969561543764075   
138 1242 0.0227903804211425 3569.070484988999 0.030969546070860242 3.0969551245306523e-02 0.030969560507813767 0.030969609636263818   
139 1251 0.02285011427844596 3598.7381300554666 0.030969544502541243 3.0969544502541243e-02 0.030969556834631144 0.03096956031486586   
140 1260 0.02438627317423908 3423.5599646424835 0.030969544502541243 3.0969549723600633e-02 0.03096955935030792 0.03096956406671997   
141 1269 0.020224567391907464 3394.0808428011737 0.030969544502541243 3.0969548614599007e-02 0.03096955900372305 0.030969575691621235   
142 1278 0.019353415223891616 3380.610414502128 0.03096954424756051 3.0969544247560508e-02 0.03096955921517051 0.030969570694784704   
143 1287 0.018172400341302696 3332.2338214091087 0.03096954424756051 3.0969549661065431e-02 0.030969555729156127 0.03096955952193268   
144 1296 0.01771275850763201 3283.548542358451 0.03096954424756051 3.0969548758159562e-02 0.030969559303739583 0.03096956127476244   
145 1305 0.017484433299893937 3279.483185668468 0.03096954424756051 3.0969553642026665e-02 0.03096955892379687 0.030969560301780483   
146 1314 0.02032219338352116 3369.561601333882 0.03096954424756051 3.0969554724562434e-02 0.030969559174333427 0.030969561301123924   
147 1323 0.021796325411231762 3500.6778640760613 0.03096954424756051 3.0969557667817803e-02 0.03096956027245243 0.030969564042804303   
148 1332 0.023215780685461828 3245.8309192929764 0.03096954424756051 3.0969554842068932e-02 0.0309695589722748 0.03096956061080923   
149 1341 0.023972310588063327 3396.6857110484334 0.03096954424756051 3.0969554675530347e-02 0.030969559483766385 0.030969575267811078   
150 1350 0.024854123751480425 3112.575692985678 0.03096954424756051 3.0969554887509222e-02 0.0309695595980196 0.030969560923513845   
151 1359 0.026917328953307795 3212.3866846789197 0.03096954424756051 3.0969554681035110e-02 0.03096955910099164 0.030969563499611878   
152 1368 0.030659000747872023 3164.3014530986825 0.03096954424756051 3.0969551236907866e-02 0.03096955914940545 0.030969577388371524   
153 1377 0.03135876683321709 3311.340588985033 0.03096954424756051 3.0969552554167029e-02 0.030969559057167632 0.030969561014749788   
154 1386 0.02790829392206807 3489.4060185686444 0.03096954424756051 3.0969550534867080e-02 0.03096955989568648 0.030969562840831535   
155 1395 0.025619886620230063 3420.6620123138396 0.03096954424756051 3.0969555709789588e-02 0.030969559964985165 0.030969574723454234   
156 1404 0.02269246933780112 3452.5274086722125 0.03096954424756051 3.0969550232697818e-02 0.030969557786162807 0.030969560988984658   
157 1413 0.025207059478365546 3429.714576514549 0.03096954424756051 3.0969552864750609e-02 0.03096955969852644 0.03096956202153932   
158 1422 0.023337028176307766 3348.851309650932 0.03096954424756051 3.0969556009409430e-02 0.03096956113431177 0.03096956260964007   
159 1431 0.02564618332160975 3153.137485186144 0.03096954424756051 3.0969555202681191e-02 0.030969559524663418 0.03096956028602514   
160 1440 0.0252472636100754 3209.611371355181 0.03096954424756051 3.0969549510230364e-02 0.030969558675315784 0.03096956011559353   
161 1449 0.02857869027143077 3148.93003836338 0.03096954424756051 3.0969551524333748e-02 0.03096955514674956 0.030969559059694188   
162 1458 0.028815853324587595 3025.1609251989744 0.03096954424756051 3.0969549138406122e-02 0.030969558673022615 0.03096956254316864   
163 1467 0.032511125745491455 2983.388998411061 0.03096954424756051 3.0969549477565809e-02 0.030969554543878498 0.030969560220768824   
164 1476 0.03520206641112269 3400.359500973652 0.03096954424756051 3.0969549961108622e-02 0.030969559379048172 0.030969562127133896   
165 1485 0.033612707720274186 3904.217872367186 0.03096954424756051 3.0969549098352769e-02 0.030969556498084513 0.030969561295194004   
166 1494 0.03472271503327314 4197.882587024814 0.03096954424756051 3.0969550041549245e-02 0.030969559286127202 0.030969562478530326   
167 1503 0.0327081145216162 4374.732881864994 0.03096954424756051 3.0969547890017882e-02 0.030969550432666523 0.0309695597746499   
168 1512 0.03525963312747038 4671.8027422870655 0.03096954424756051 3.0969548429055659e-02 0.030969550855047788 0.030969559668922134   
169 1521 0.03512410774498016 4398.690972975885 0.03096954424756051 3.0969548060637619e-02 0.030969550647510096 0.030969560072657113   
170 1530 0.031110699941864602 4556.372462693237 0.03096954424756051 3.0969548121443067e-02 0.030969551569620467 0.03096955986552602   
171 1539 0.025409427218760536 4686.073022997747 0.03096954424756051 3.0969548357610868e-02 0.03096955892500146 0.030969561189266668   
172 1548 0.022883470757260313 4978.521154831847 0.03096954424756051 3.0969549182731509e-02 0.030969550353610015 0.030969559702607473   
173 1557 0.025710596965327837 5217.025429985242 0.03096954424756051 3.0969547820088539e-02 0.030969550484650197 0.030969559173863365   
174 1566 0.025854410504057266 5102.005175062284 0.03096954424756051 3.0969547416171361e-02 0.030969553343952076 0.030969560287056632   
175 1575 0.023459230825682253 4857.361416928787 0.03096954424756051 3.0969547405235914e-02 0.030969550139256383 0.03096955960748473   
176 1584 0.021092168150106543 4873.733447008559 0.03096954424756051 3.0969547946535864e-02 0.030969549999499205 0.030969559233654645   
177 1593 0.017840683752556197 4915.970284205556 0.03096954424756051 3.0969547781107418e-02 0.03096955898477826 0.030969561137606925   
178 1602 0.017543609710354475 4594.386470136917 0.03096954424756051 3.0969547961749017e-02 0.030969549682511425 0.030969559451017883   
179 1611 0.01674842160324618 4430.929619676548 0.03096954424756051 3.0969548078654045e-02 0.030969559076412086 0.030969559959088337   
180 1620 0.015888392277740793 4911.178648865156 0.03096954424756051 3.0969548234656072e-02 0.030969548966626168 0.030969559459637322   
181 1629 0.015168812246477505 4713.396205687611 0.03096954424756051 3.0969548590162502e-02 0.030969558927742627 0.03096955944182998   
182 1638 0.015117854940316432 4717.318823919542 0.03096954424756051 3.0969547912239114e-02 0.03096954874363648 0.030969559001029396   
183 1647 0.016094980684837865 4410.139020015821 0.03096954424756051 3.0969547846295600e-02 0.03096954865206776 0.030969550469885934   
184 1656 0.01600102713033274 4001.568888401375 0.03096954424756051 3.0969547971986248e-02 0.03096954835858025 0.03096955917493652   
185 1665 0.015451888561243793 3956.767293066659 0.03096954424756051 3.0969547435496559e-02 0.03096954821689735 0.030969558931792984   
186 1674 0.018011983609612366 3543.504974881302 0.03096954424756051 3.0969547553483905e-02 0.030969547968043784 0.03096955909290076   
187 1683 0.01945319720578479 2718.7990388275143 0.03096954424756051 3.0969547388063075e-02 0.03096954789234766 0.03096955903353776   
188 1692 0.019076293979888005 2464.008492665688 0.03096954424756051 3.0969547413560099e-02 0.030969549078524446 0.030969550840746277   
189 1701 0.018471099417562767 2259.361782965033 0.03096954424756051 3.0969547412858490e-02 0.030969548732821362 0.03096955927046386   
190 1710 0.021241753868469933 2173.8745042825285 0.03096954424756051 3.0969547580984285e-02 0.03096954956046023 0.0309695672593181   
191 1719 0.018174070610809456 2135.0934103365043 0.03096954424756051 3.0969547497273712e-02 0.03096954816598104 0.03096955964402021   
192 1728 0.01687085294320666 2112.805879195493 0.03096954424756051 3.0969547534368019e-02 0.030969547930821715 0.030969549756133426   
193 1737 0.014121514393041169 1904.6297382995342 0.03096954424756051 3.0969547541771548e-02 0.030969549910206912 0.030969559231124964   
194 1746 0.013332287625225266 1911.551528223628 0.03096954424756051 3.0969547324730042e-02 0.030969547531186328 0.03096955927551809   
195 1755 0.012091715783493629 1966.825750180659 0.03096954424756051 3.0969547451161351e-02 0.030969547667079274 0.03096954958676389   
196 1764 0.010627615075837286 1846.4541210268292 0.03096954424756051 3.0969547248177264e-02 0.030969547481459306 0.03096954864063929   
197 1773 0.00927406831317866 1901.4366308073618 0.03096954424756051 3.0969547344841395e-02 0.0309695474666529 0.030969549446567223   
198 1782 0.007875772916487531 1811.8830183734194 0.03096954424756051 3.0969547312803457e-02 0.030969547496105393 0.030969549455063333   
199 1791 0.007074098897853638 1815.7246372519157 0.03096954424756051 3.0969547274523675e-02 0.030969547465298217 0.030969548781732734   
200 1800 0.006682711626123526 1806.1836231083137 0.03096954424756051 3.0969547327228720e-02 0.03096954741727849 0.03096954947945642   
201 1809 0.006424908855002072 1797.1926832522317 0.03096954424756051 3.0969547342916039e-02 0.03096954739673707 0.03096954866447472   
202 1818 0.006384441878267834 1778.8737438674905 0.03096954424756051 3.0969547287957828e-02 0.030969547361153572 0.0309695486597006   
203 1827 0.006822120709047885 1695.5681331218127 0.03096954424756051 3.0969547257132281e-02 0.03096954735758521 0.030969548611166544   
204 1836 0.0075639728851586725 1766.3203114250036 0.03096954424756051 3.0969547286727014e-02 0.03096954733449195 0.03096954947716402   
205 1845 0.007311131200505235 1869.007635456993 0.03096954424756051 3.0969547356495108e-02 0.030969547406604923 0.0309695486222971   
206 1854 0.006289016245731787 2004.738429466174 0.03096954424756051 3.0969547274640515e-02 0.030969547355550433 0.03096954745578984   
207 1863 0.006009158991055404 2020.743751179309 0.03096954424756051 3.0969547252508361e-02 0.030969547306630745 0.03096954948647905   
208 1872 0.005892859478164489 1829.7103811500606 0.03096954424756051 3.0969547267808064e-02 0.030969547295865294 0.030969549430708846   
209 1881 0.006263574635365663 1837.0100599593945 0.03096954424756051 3.0969547238944621e-02 0.03096954730999072 0.030969548670883258   
210 1890 0.006387028244028031 1720.5249861538525 0.03096954424756051 3.0969547253677669e-02 0.03096954729866133 0.03096954864298558   
211 1899 0.005860140464839621 1812.4606925420194 0.03096954424756051 3.0969547229277559e-02 0.03096954730404088 0.030969548651118724   
212 1908 0.005447297408229448 1782.8340392862126 0.03096954424756051 3.0969547255288572e-02 0.0309695473690843 0.030969548651974765   
213 1917 0.005207762786239516 1755.6986893813591 0.03096954424756051 3.0969547257101458e-02 0.030969547306640966 0.030969548649636143   
214 1926 0.00497402626213411 1797.6842515534659 0.03096954424756051 3.0969547244600295e-02 0.030969547298066887 0.030969548662077174   
215 1935 0.004685066088433227 1892.2511326321726 0.03096954424756051 3.0969547246729696e-02 0.030969547300752756 0.030969548644058993   
216 1944 0.0046928440705993 1762.9557461868226 0.03096954424756051 3.0969547239966030e-02 0.030969547334815974 0.030969548660359558   
217 1953 0.004188645620426499 1710.9316888761116 0.03096954424756051 3.0969547250788088e-02 0.03096954859944088 0.03096954937298814   
218 1962 0.003698730566851907 1691.0808087965613 0.03096954424756051 3.0969547256890499e-02 0.03096954728924151 0.03096954863585624   
219 1971 0.0030668374752074777 1782.002110277301 0.03096954424756051 3.0969547239101457e-02 0.030969547264592022 0.030969547280906357   
220 1980 0.0027046285425399888 1886.9332256224998 0.03096954424756051 3.0969547244043050e-02 0.030969547266744973 0.030969548615778875   
221 1989 0.0023477777576110907 1957.6452361351458 0.03096954424756051 3.0969547229305491e-02 0.03096954726140381 0.03096954727320074   
222 1998 0.002103872093976573 1937.70697921109 0.03096954424756051 3.0969547234253381e-02 0.030969547250822824 0.030969547264423324   
223 2007 0.002035289911211335 1975.0721744258337 0.03096954424756051 3.0969547220265594e-02 0.030969547254953895 0.030969548634023326   
224 2016 0.002159244141726488 2191.449419080137 0.03096954424756051 3.0969547233508334e-02 0.03096954725030578 0.030969548635750212   
225 2025 0.0022920713888911538 2111.0774667553733 0.03096954424756051 3.0969547236558981e-02 0.030969547252569327 0.030969548625776354   
226 2034 0.002258166013984344 2179.9528830244067 0.03096954424756051 3.0969547236983135e-02 0.030969547255096905 0.03096954862258393   
227 2043 0.0020228291722518576 2025.2135325167685 0.03096954424756051 3.0969547236797478e-02 0.03096954724608713 0.030969548619077775   
228 2052 0.0017787021811873343 1922.11194008938 0.03096954424756051 3.0969547225899424e-02 0.030969547242618033 0.030969548606503004   
229 2061 0.001705862809164559 2044.1409697358738 0.03096954424756051 3.0969547224111105e-02 0.03096954724607117 0.030969548608257784   
230 2070 0.0013303867025327588 1948.106549173663 0.03096954424756051 3.0969547233088791e-02 0.030969547245245328 0.03096954861850282   
231 2079 0.0013629358188773167 1908.3639889723981 0.03096954424756051 3.0969547226180730e-02 0.030969547240390857 0.030969548609458466   
232 2088 0.0012341114252804168 1939.3658489948175 0.03096954424756051 3.0969547234778794e-02 0.03096954724167769 0.030969548630008767   
233 2097 0.0011656278209200776 1901.7089944053023 0.03096954424756051 3.0969547224406094e-02 0.030969547237306064 0.03096954861534774   
234 2106 0.0010637421099369737 1726.8172949207135 0.03096954424756051 3.0969547234184599e-02 0.030969547239739905 0.030969548607611308   
235 2115 0.0009942294976912059 1627.7724137874845 0.03096954424756051 3.0969547228497929e-02 0.03096954723699464 0.030969547251315392   
236 2124 0.0009836919706295905 1585.5001116867031 0.03096954424756051 3.0969547222591588e-02 0.030969547240926276 0.0309695486152899   
237 2133 0.0008546204887830118 1749.811440155559 0.03096954424756051 3.0969547229518436e-02 0.030969547234907715 0.030969547244970898   
238 2142 0.0008310174208020191 1749.0297641397808 0.03096954424756051 3.0969547224231900e-02 0.030969547232847686 0.030969548615576024   
239 2151 0.000797317656432346 1778.9169302441953 0.03096954424756051 3.0969547221155067e-02 0.03096954723824508 0.030969548616080804   
240 2160 0.0007727908765631395 1766.1140256871374 0.03096954424756051 3.0969547228503334e-02 0.030969547237450257 0.03096954861062188   
241 2169 0.0007178205786755837 1670.3053128968068 0.03096954424756051 3.0969547228848093e-02 0.030969547232355753 0.03096954861586677   
242 2178 0.0006659782098330928 1634.4963343114343 0.03096954424756051 3.0969547215015415e-02 0.030969547232354414 0.030969548609346732   
243 2187 0.0006864389144985388 1729.132851597345 0.03096954424756051 3.0969547222575628e-02 0.030969547238803664 0.03096954861396699   
244 2196 0.0007197778954900049 1639.2542612240409 0.03096954424756051 3.0969547226289463e-02 0.030969547230192997 0.030969547244454696   
245 2205 0.000709815086333166 1746.6174524655708 0.03096954424756051 3.0969547231078504e-02 0.030969547238083157 0.030969548598918525   
246 2214 0.0007585953469724711 1626.351898607654 0.03096954424756051 3.0969547221635266e-02 0.030969547232994103 0.030969547246410833   
247 2223 0.0008250851501130614 1608.8728319505526 0.03096954424756051 3.0969547225432773e-02 0.030969547229806355 0.03096954724698852   
248 2232 0.0007979399054676043 1562.1242968466854 0.03096954424756051 3.0969547227954246e-02 0.0309695472329263 0.030969548607678105   
249 2241 0.0007742240795560769 1660.4847125501306 0.03096954424756051 3.0969547234350744e-02 0.030969547238734577 0.030969548604912415   
250 2250 0.0008269200365725542 1370.2215115744625 0.03096954424756051 3.0969547223811268e-02 0.03096954724759346 0.030969548611741962   
251 2259 0.0008527192546100244 1246.643815062425 0.03096954424756051 3.0969547222618833e-02 0.03096954722653336 0.030969547255116   
252 2268 0.0009670211071399756 1259.1255139831553 0.03096954424756051 3.0969547224386572e-02 0.03096954723409679 0.030969547251447946   
253 2277 0.0010581874961518717 1134.5748600748504 0.03096954424756051 3.0969547221421697e-02 0.030969547238177565 0.030969548609443346   
254 2286 0.0010814306159922873 1098.488610171951 0.03096954424756051 3.0969547230234915e-02 0.030969547240285545 0.03096954861447547   
255 2295 0.0012729678177406658 1154.9673086863916 0.03096954424756051 3.0969547224268708e-02 0.03096954723379083 0.030969547243019157   
256 2304 0.001390206726797884 1230.5258002958763 0.03096954424756051 3.0969547236829646e-02 0.030969547239524397 0.030969547247594254   
257 2313 0.0012419218758065566 1445.8127048395074 0.03096954424756051 3.0969547225401711e-02 0.030969547242988095 0.030969547251221204   
258 2322 0.0010667967527603621 1488.7743444656796 0.03096954424756051 3.0969547229571709e-02 0.03096954723618351 0.0309695486145026   
259 2331 0.0011102230601507477 1478.8156564022754 0.03096954424756051 3.0969547228580016e-02 0.030969547234406085 0.030969547250651663   
260 2340 0.0011038475968713918 1678.4008054232572 0.03096954424756051 3.0969547222375278e-02 0.030969547238409518 0.030969547243002066   
261 2349 0.0009619296524033528 1612.720577951203 0.03096954424756051 3.0969547232294684e-02 0.03096954724185804 0.03096954861195418   
262 2358 0.0008582076711688223 1654.4220666106385 0.03096954424756051 3.0969547221308354e-02 0.03096954723869301 0.030969548602739146   
263 2367 0.0007954892504041534 1764.1650285373676 0.03096954424756051 3.0969547230225554e-02 0.030969547236072485 0.030969547248818226   
264 2376 0.0008679016958644848 1858.2453098549804 0.03096954424756051 3.0969547224519847e-02 0.03096954723137142 0.030969547240041997   
265 2385 0.0008433503468076874 1967.9677653563626 0.03096954424756051 3.0969547232139228e-02 0.03096954723774294 0.03096954724561165   
266 2394 0.0008596060302995538 1986.7093208696383 0.03096954424756051 3.0969547223166458e-02 0.03096954723620808 0.030969547245211025   
267 2403 0.0008044777373574037 2028.9831063571637 0.03096954424756051 3.0969547226925506e-02 0.03096954724102464 0.030969548608710575   
268 2412 0.0008382422784406952 2036.055722666134 0.03096954424756051 3.0969547218082025e-02 0.03096954722856123 0.03096954724574233   
269 2421 0.0008847190718079251 2349.327447956225 0.03096954424756051 3.0969547221808259e-02 0.030969547234833812 0.030969547251281638   
270 2430 0.0008982885756325022 2527.357116776497 0.03096954424756051 3.0969547222628572e-02 0.03096954723768623 0.030969548612955766   
271 2439 0.0007779940586243436 2238.111193808884 0.03096954424756051 3.0969547234824299e-02 0.03096954723842994 0.03096954861458901   
272 2448 0.0008327979308500813 2295.8250089076573 0.03096954424756051 3.0969547217831617e-02 0.030969547231458807 0.03096954723965808   
273 2457 0.0008547808725967794 2287.1831003239163 0.03096954424756051 3.0969547223975966e-02 0.030969547237610452 0.030969548609464454   
274 2466 0.0008029048274054044 2321.6581556554784 0.03096954424756051 3.0969547229155556e-02 0.03096954723402621 0.03096954724326622   
275 2475 0.000733490063914835 2357.7188437134278 0.03096954424756051 3.0969547227666042e-02 0.030969547232863253 0.030969547252347643   
276 2484 0.0006904903181699373 2402.646144578555 0.03096954424756051 3.0969547225150849e-02 0.030969547231743486 0.03096954723517363   
277 2493 0.0006728279382121066 2305.5435445200496 0.03096954424756051 3.0969547212747171e-02 0.030969547233212262 0.030969547245958552   
278 2502 0.0007216740188921623 2274.616398417871 0.03096954424756051 3.0969547217530591e-02 0.030969547233923207 0.03096954860848816   
279 2511 0.0007995071484168419 2220.083803532335 0.03096954424756051 3.0969547223161982e-02 0.030969547241371465 0.030969548611645088   
280 2520 0.000845327810885824 1881.0902156251107 0.03096954424756051 3.0969547226296839e-02 0.030969547258714945 0.030969548613636967   
281 2529 0.0008504060599985314 1852.5803504697815 0.03096954424756051 3.0969547218250564e-02 0.030969547238868352 0.030969548611706466   
282 2538 0.0008476300444896723 2005.80568114897 0.03096954424756051 3.0969547224884226e-02 0.030969547240802774 0.030969548619129282   
283 2547 0.0008244819622069101 1731.668235074618 0.03096954424756051 3.0969547214998790e-02 0.030969547239246217 0.0309695472543111   
284 2556 0.0007301503663774933 1825.0743472454658 0.03096954424756051 3.0969547214835108e-02 0.03096954722779541 0.030969547247395302   
285 2565 0.0007026068482686981 1794.0587705732175 0.03096954424756051 3.0969547224537868e-02 0.03096954723619915 0.030969547248526567   
286 2574 0.0006727208643423016 1666.437324080754 0.03096954424756051 3.0969547222092435e-02 0.030969547231026157 0.03096954861047758   
287 2583 0.0006620637279933339 1705.2187657183504 0.03096954424756051 3.0969547224169010e-02 0.03096954723685056 0.030969548616934704   
288 2592 0.0008008473814649688 1713.0695641660375 0.03096954424756051 3.0969547220859740e-02 0.030969547242809967 0.03096954860443564   
289 2601 0.0007681160151402491 1820.1091189435756 0.03096954424756051 3.0969547220680377e-02 0.030969547238342388 0.030969548604432944   
290 2610 0.0007291879630996875 2016.8623550647533 0.03096954424756051 3.0969547218773284e-02 0.0309695472247689 0.030969548605472033   
291 2619 0.0006855402960024606 1941.6270609007963 0.03096954424756051 3.0969547217121564e-02 0.03096954723208953 0.030969548606091257   
292 2628 0.0007548129910966578 2044.9314112766176 0.03096954424756051 3.0969547222176839e-02 0.030969547234586278 0.030969547247518634   
293 2637 0.0006997088467770009 1979.9209652925192 0.03096954424756051 3.0969547220750935e-02 0.03096954723207886 0.0309695472471547   
294 2646 0.0006702731793009946 1981.353498492315 0.03096954424756051 3.0969547218008989e-02 0.030969547231945546 0.030969547246375094   
295 2655 0.0006758888930603895 2010.7045373119277 0.03096954424756051 3.0969547213249623e-02 0.030969547234085258 0.03096954861969786   
296 2664 0.0006759223384105234 1886.7456851728218 0.03096954424756051 3.0969547223524990e-02 0.030969547234865863 0.030969548607956525   
297 2673 0.0006590867360334235 1862.5260807634495 0.03096954424756051 3.0969547223224522e-02 0.030969547232477808 0.030969547241175573   
298 2682 0.0005632651481259739 1844.6819205567044 0.03096954424756051 3.0969547226243600e-02 0.030969547233788284 0.030969548608607855   
299 2691 0.0004714986895949878 1861.660239073585 0.03096954424756051 3.0969547210587936e-02 0.030969547232834155 0.030969547245763417   
300 2700 0.00042880523889829127 1751.9089874268232 0.03096954424756051 3.0969547222871208e-02 0.030969547237703118 0.03096954861033411   
301 2709 0.0004244184994729003 1725.3876552334639 0.03096954424756051 3.0969547214535143e-02 0.03096954723274861 0.030969548613044153   
302 2718 0.0004427890443789052 1808.1143054647312 0.03096954424756051 3.0969547226253290e-02 0.03096954723460956 0.03096954860535767   
303 2727 0.00039876316864437207 1607.224817068602 0.03096954424756051 3.0969547221109891e-02 0.0309695472302131 0.03096954724571838   
304 2736 0.00039705178922871086 1531.2855344905058 0.03096954424756051 3.0969547225779298e-02 0.030969547235495016 0.03096954860062293   
305 2745 0.00037613335438781907 1584.2094073717462 0.03096954424756051 3.0969547218589008e-02 0.030969547228038827 0.030969547241448805   
306 2754 0.00038120492702246823 1752.8468879556156 0.03096954424756051 3.0969547213536230e-02 0.03096954723329798 0.03096954724126493   
307 2763 0.00035543188772352443 1858.4946187509531 0.03096954424756051 3.0969547213254064e-02 0.0309695472301289 0.030969547252571318   
308 2772 0.00033095650722406877 1839.7161314546263 0.03096954424756051 3.0969547213239263e-02 0.030969547229761356 0.030969547244958616   
309 2781 0.00033779222618291816 1758.457883405211 0.03096954424756051 3.0969547218377268e-02 0.030969547231295656 0.03096954723643108   
310 2790 0.0002696374899598646 1664.343258989586 0.03096954424756051 3.0969547226896391e-02 0.030969547234887745 0.03096954724216455   
311 2799 0.00027250122183451926 1730.2091237030556 0.03096954424756051 3.0969547220747462e-02 0.03096954723066123 0.030969547243222782   
312 2808 0.00024390281590558837 1751.5190413948135 0.03096954424756051 3.0969547218496846e-02 0.030969547224462966 0.03096954724577007   
313 2817 0.00023966958241831987 1732.633728206234 0.03096954424756051 3.0969547222735299e-02 0.03096954722813976 0.030969547236944388   
314 2826 0.00023227608340424592 2000.5183248470235 0.03096954424756051 3.0969547218967115e-02 0.030969547227062667 0.03096954724408319   
315 2835 0.00022967178037347423 2067.944541395447 0.03096954424756051 3.0969547222179736e-02 0.030969547232391335 0.0309695472343609   
316 2844 0.0002304033160113193 2244.4572787981992 0.03096954424756051 3.0969547222171590e-02 0.030969547234824257 0.030969547245248773   
317 2853 0.00024219760559464234 2200.42291849652 0.03096954424756051 3.0969547221857536e-02 0.030969547233234935 0.03096954724370195   
318 2862 0.0002702119939962383 2202.074937345161 0.03096954424756051 3.0969547218576320e-02 0.030969547231677715 0.030969547239526024   
319 2871 0.000292948139868655 2293.014518019266 0.03096954424756051 3.0969547211597902e-02 0.030969547231129067 0.030969547253089695   
320 2880 0.0003289542361607785 2180.4342591721747 0.03096954424756051 3.0969547223045124e-02 0.03096954723653027 0.03096954724110325   
321 2889 0.0003070943164788504 2241.8933723850273 0.03096954424756051 3.0969547222168284e-02 0.030969547232208045 0.030969547245085015   
322 2898 0.0003024777139047929 2254.3123258550618 0.03096954424756051 3.0969547223766981e-02 0.030969547235111698 0.030969547249981744   
323 2907 0.00029222770058081194 2144.4549594011037 0.03096954424756051 3.0969547220416799e-02 0.03096954723062588 0.030969547250422273   
324 2916 0.00026845936740474793 2154.6462758325843 0.03096954424756051 3.0969547227001237e-02 0.03096954723970363 0.030969547249273977   
325 2925 0.00022976564936297557 2361.0173603588246 0.03096954424756051 3.0969547220603324e-02 0.03096954723072504 0.030969547244214756   
326 2934 0.00021326909061126936 2254.7801907731687 0.03096954424756051 3.0969547222621983e-02 0.030969547233631673 0.030969547237783817   
327 2943 0.00021546457240019984 2123.0164971734803 0.03096954424756051 3.0969547222512415e-02 0.030969547228621774 0.030969547245170197   
328 2952 0.00023198909734411112 2157.5784758720497 0.03096954424756051 3.0969547220747282e-02 0.030969547235963575 0.030969547253483554   
329 2961 0.00022318695539781186 2451.247651885999 0.03096954424756051 3.0969547222489239e-02 0.030969547233768165 0.030969547261762577   
330 2970 0.00024015742713424476 2487.198557646777 0.03096954424756051 3.0969547223067748e-02 0.030969547229185084 0.030969547244937938   
331 2979 0.0002203463009859429 2638.881882522913 0.03096954424756051 3.0969547225029769e-02 0.030969547230719034 0.030969547239118895   
332 2988 0.00020499587181358888 2565.6100677430236 0.03096954424756051 3.0969547219317124e-02 0.03096954723353672 0.03096954725003098   
333 2997 0.00018741467416746405 2392.392846461444 0.03096954424756051 3.0969547228792735e-02 0.030969547235823704 0.03096954725143953   
334 3006 0.0002143361390189658 2479.1854876288403 0.03096954424756051 3.0969547225306628e-02 0.030969547236209448 0.03096954724141541   
335 3015 0.00023058788931667115 2509.1103399374715 0.03096954424756051 3.0969547222028906e-02 0.030969547232670577 0.03096954724457206   
336 3024 0.0002359129975375125 2430.071063567425 0.03096954424756051 3.0969547217689426e-02 0.030969547231172272 0.030969547240232802   
337 3033 0.0002265498640319372 2323.5507350911885 0.03096954424756051 3.0969547221492658e-02 0.030969547233983916 0.030969547248863645   
338 3042 0.00022124239562430455 2361.1920708088173 0.03096954424756051 3.0969547210125587e-02 0.030969547238663964 0.030969547250503802   
339 3051 0.00019888582396413113 2394.7007426471096 0.03096954424756051 3.0969547227145042e-02 0.03096954723849599 0.030969547244009618   
340 3060 0.00020846712586145228 2346.287832781203 0.03096954424756051 3.0969547228406301e-02 0.030969547234691176 0.030969547241785692   
341 3069 0.0002486767898009446 2640.85121911089 0.03096954424756051 3.0969547219809969e-02 0.030969547239406967 0.030969547248039415   
342 3078 0.0002414869587053633 3123.9219746175804 0.03096954424756051 3.0969547224980125e-02 0.030969547239036787 0.030969547254156283   
343 3087 0.00023246167775542039 3005.9977952850445 0.03096954424756051 3.0969547221966948e-02 0.03096954723217782 0.03096954724549432   
344 3096 0.00021510878239491338 3015.835020971665 0.03096954424756051 3.0969547224351003e-02 0.03096954723349638 0.03096954724866162   
345 3105 0.00020789606749983862 3095.3223337233476 0.03096954424756051 3.0969547228122923e-02 0.030969547235580906 0.030969547242016716   
346 3114 0.00020951273463798531 3086.1732967342436 0.03096954424756051 3.0969547217600275e-02 0.030969547230000862 0.030969547243186252   
347 3123 0.00022220880446077084 3181.1781691072897 0.03096954424756051 3.0969547227249917e-02 0.030969547231929347 0.030969547242299587   
348 3132 0.0002088368612575904 3532.623249166366 0.03096954424756051 3.0969547219867482e-02 0.03096954723454557 0.03096954724657305   
349 3141 0.00019655624277181247 3648.773581831352 0.03096954424756051 3.0969547215253742e-02 0.03096954723514348 0.030969547245501255   
350 3150 0.00019147847203146334 3638.3221698244006 0.03096954424756051 3.0969547225084867e-02 0.030969547230802284 0.03096954724761285   
351 3159 0.00017010814201974517 3712.0711429889698 0.03096954424756051 3.0969547223654151e-02 0.030969547234544616 0.030969547239932924   
352 3168 0.00016334066112423478 3685.8259976099803 0.03096954424756051 3.0969547223125914e-02 0.030969547234340963 0.030969547251501448   
353 3177 0.00016976872954311374 3738.5902517301183 0.03096954424756051 3.0969547226371279e-02 0.03096954723608384 0.030969547246452848   
354 3186 0.0001504731249499931 3719.491925428895 0.03096954424756051 3.0969547224168007e-02 0.03096954723563603 0.03096954724245536   
355 3195 0.0001460177022578928 3885.2953653216323 0.03096954424756051 3.0969547222901440e-02 0.030969547230678074 0.03096954724097561   
356 3204 0.00013110405855540157 3999.504635508512 0.03096954424756051 3.0969547220317941e-02 0.030969547233087622 0.030969547249483313   
357 3213 0.00010780673495667206 3935.637530978323 0.03096954424756051 3.0969547223889640e-02 0.030969547235146506 0.030969547244171707   
358 3222 9.951024512263526e-05 3970.991959578485 0.03096954424756051 3.0969547216433177e-02 0.030969547230963585 0.03096954724774772   
359 3231 0.0001010841958899962 4179.992498646897 0.03096954424756051 3.0969547229027707e-02 0.030969547236263193 0.030969547242348204   
360 3240 9.755249157395547e-05 4077.9087314960534 0.03096954424756051 3.0969547229103490e-02 0.03096954723306818 0.03096954725034328   
361 3249 0.0001256422215221565 4350.774430874273 0.03096954424756051 3.0969547218597307e-02 0.030969547232143773 0.03096954724678173   
362 3258 0.00014787188069955663 3807.702243379719 0.03096954424756051 3.0969547222482765e-02 0.030969547232132626 0.030969547255277705   
363 3267 0.00013593325952906192 3800.2066594937473 0.03096954424756051 3.0969547221661696e-02 0.03096954723449903 0.030969547250522138   
364 3276 0.00014047072078382522 3707.761090114828 0.03096954424756051 3.0969547223515279e-02 0.030969547232720798 0.030969547246887594   
365 3285 0.0001363406996790414 3934.7414440269467 0.03096954424756051 3.0969547214533742e-02 0.030969547234943412 0.030969547246954828   
366 3294 0.00012986276367742074 4401.401217428379 0.03096954424756051 3.0969547219089115e-02 0.030969547233668817 0.03096954724865499   
367 3303 0.00012012281574816132 4938.740199810466 0.03096954424756051 3.0969547225670919e-02 0.030969547229291808 0.030969547235440827   
368 3312 0.00012478938886889375 4738.218976391129 0.03096954424756051 3.0969547217700868e-02 0.030969547232532712 0.0309695472396448   
369 3321 0.0001312503476405569 4945.359188320073 0.03096954424756051 3.0969547225015288e-02 0.030969547233863602 0.030969547245384338   
370 3330 0.0001659886910895569 4818.718107192654 0.03096954424756051 3.0969547226531186e-02 0.030969547235880295 0.03096954724320036   
371 3339 0.0001850229895061071 4818.863377346683 0.03096954424756051 3.0969547216421374e-02 0.030969547231587985 0.03096954723926428   
372 3348 0.00020465481082620405 4557.571780694855 0.03096954424756051 3.0969547221682821e-02 0.030969547227884135 0.0309695472413912   
373 3357 0.000184361963222431 5110.693997445995 0.03096954424756051 3.0969547216429347e-02 0.030969547226610203 0.0309695472454687   
374 3366 0.00018300021784885137 4862.167283888446 0.03096954424756051 3.0969547231095896e-02 0.030969547235559693 0.030969547238480884   
375 3375 0.00019806717490024184 4687.843763216699 0.03096954424756051 3.0969547224775636e-02 0.03096954723229789 0.03096954723790298   
376 3384 0.00024820735428504153 5054.969506261115 0.03096954424756051 3.0969547226197713e-02 0.030969547229310782 0.030969547235511437   
377 3393 0.00025374272067542184 5162.627691003196 0.03096954424756051 3.0969547228169018e-02 0.030969547232595287 0.03096954724351556   
378 3402 0.0002571444089284496 5186.524463347893 0.03096954424756051 3.0969547227458781e-02 0.030969547231586424 0.030969547240622897   
379 3411 0.00031330289635903057 4895.516712809395 0.03096954424756051 3.0969547211530113e-02 0.03096954722848433 0.03096954724944309   
380 3420 0.0003021850478792422 5827.276493638322 0.03096954424756051 3.0969547217570649e-02 0.030969547238591248 0.030969547241152917   
381 3429 0.00031139543704777195 5977.834886089017 0.03096954424756051 3.0969547222409379e-02 0.0309695472311943 0.030969547242062464   
382 3438 0.00031245635136088664 5901.10197389626 0.03096954424756051 3.0969547220955174e-02 0.030969547234631155 0.03096954725001265   
383 3447 0.0002932237581219946 5384.128215041338 0.03096954424756051 3.0969547224477801e-02 0.03096954723386396 0.03096954725327129   
384 3456 0.0002996404713813824 5273.195593092828 0.03096954424756051 3.0969547223382455e-02 0.030969547234774627 0.030969547249750366   
385 3465 0.00033043712410487643 5103.79588375153 0.03096954424756051 3.0969547221934166e-02 0.030969547229137074 0.030969547242614838   
386 3474 0.0003582207366170909 4733.903308835254 0.03096954424756051 3.0969547228481661e-02 0.030969547236685373 0.030969547247975217   
387 3483 0.00037971268174181603 4775.770259285169 0.03096954424756051 3.0969547226103074e-02 0.030969547238049903 0.030969547242929104   
388 3492 0.0004883022064684022 5059.828978238242 0.03096954424756051 3.0969547219260703e-02 0.030969547231425806 0.030969547241578008   
389 3501 0.000563477143462153 4972.321049199801 0.03096954424756051 3.0969547225621428e-02 0.03096954723688131 0.030969547241177814   
390 3510 0.0004953088402098403 5036.319928215554 0.03096954424756051 3.0969547225608143e-02 0.0309695472340314 0.03096954724705631   
391 3519 0.000500442006052534 4708.819150040332 0.03096954424756051 3.0969547222019656e-02 0.03096954723225654 0.030969547246783947   
392 3528 0.0005259651261437917 4652.354980063515 0.03096954424756051 3.0969547228170809e-02 0.030969547232913147 0.030969547239499285   
393 3537 0.0004666719987620351 4391.912505193374 0.03096954424756051 3.0969547219296074e-02 0.030969547232634714 0.030969547242939908   
394 3546 0.0004298131105063918 4228.320375771043 0.03096954424756051 3.0969547223031076e-02 0.030969547233133946 0.03096954724658612   
395 3555 0.0004212041240903105 3906.0213733914097 0.03096954424756051 3.0969547226823393e-02 0.0309695472328238 0.030969547239619633   
396 3564 0.0003631055331354199 3895.0929629805714 0.03096954424756051 3.0969547215060678e-02 0.030969547234733566 0.03096954725228774   
397 3573 0.00036963772115928347 3794.9982688735504 0.03096954424756051 3.0969547214137798e-02 0.03096954722672625 0.030969547242980084   
398 3582 0.0003944734241094154 3557.022487390801 0.03096954424756051 3.0969547224550989e-02 0.03096954723554401 0.03096954724858993   
399 3591 0.0004424795540023162 3287.9131454621593 0.03096954424756051 3.0969547219771350e-02 0.030969547232453674 0.030969547238488555   
400 3600 0.0004495896492952312 3126.5306563259087 0.03096954424756051 3.0969547220401992e-02 0.03096954723411999 0.03096954725225554   
401 3609 0.0004380546724852911 3021.4336333236406 0.03096954424756051 3.0969547220030393e-02 0.030969547238697392 0.030969547253514747   
402 3618 0.0004129081025725633 3372.3983105351485 0.03096954424756051 3.0969547218847971e-02 0.03096954723350465 0.0309695472452919   
403 3627 0.0004295557718689721 3842.536381473487 0.03096954424756051 3.0969547227730307e-02 0.030969547231650907 0.030969547243567527   
404 3636 0.000415858024974865 3511.361964787218 0.03096954424756051 3.0969547225690359e-02 0.030969547234086677 0.030969547243945395   
405 3645 0.00039384747051024243 3445.0479067560264 0.03096954424756051 3.0969547227236164e-02 0.030969547236308355 0.030969547241953346   
406 3654 0.0003667381110685553 3423.358180123404 0.03096954424756051 3.0969547222395540e-02 0.030969547231044395 0.030969547243902894   
407 3663 0.000323619125358324 3680.8666529813217 0.03096954424756051 3.0969547225899518e-02 0.03096954723133581 0.030969547244389974   
408 3672 0.00033559671491645065 3554.959869325555 0.03096954424756051 3.0969547218072060e-02 0.03096954723430001 0.03096954724462529   
409 3681 0.0003369260781388375 3788.2083122748195 0.03096954424756051 3.0969547227099353e-02 0.030969547232408558 0.030969547248763708   
410 3690 0.00032778446484065893 3843.563437580677 0.03096954424756051 3.0969547224273711e-02 0.030969547233827333 0.030969547239727453   
411 3699 0.0003817984380605838 4082.0172236274275 0.03096954424756051 3.0969547225880308e-02 0.0309695472323221 0.03096954724261044   
412 3708 0.00045323470997103417 4615.5872402814575 0.03096954424756051 3.0969547219652754e-02 0.03096954723382078 0.03096954725116897   
413 3717 0.00041362435514347563 5621.0012634112645 0.03096954424756051 3.0969547217132722e-02 0.03096954723166635 0.030969547239061885   
414 3726 0.00037538325132682217 5722.899939164564 0.03096954424756051 3.0969547224592879e-02 0.030969547228742705 0.030969547243416332   
415 3735 0.00035435409992564667 5801.3253285493265 0.03096954424756051 3.0969547213110356e-02 0.030969547236267984 0.03096954724509602   
416 3744 0.00032419698560812437 5748.487971242036 0.03096954424756051 3.0969547221500988e-02 0.030969547233432617 0.03096954725050662   
417 3753 0.00031598170655148855 5518.235776794122 0.03096954424756051 3.0969547221622748e-02 0.030969547236387337 0.030969547242305245   
418 3762 0.00032334864532572254 5804.662759227307 0.03096954424756051 3.0969547220669812e-02 0.030969547224981644 0.030969547243560585   
419 3771 0.0003150266267574987 6191.193205087488 0.03096954424756051 3.0969547223285130e-02 0.030969547232541174 0.030969547238208803   
420 3780 0.00030491279566166715 5978.492215984646 0.03096954424756051 3.0969547221930911e-02 0.030969547232928475 0.030969547252533248   
421 3789 0.00035341891610895886 5880.226679063314 0.03096954424756051 3.0969547226435683e-02 0.030969547230700833 0.0309695472366451   
422 3798 0.00031551026730569496 6181.051023652685 0.03096954424756051 3.0969547229271029e-02 0.030969547232896955 0.03096954724857986   
423 3807 0.0003164930551801882 6298.2154967968145 0.03096954424756051 3.0969547226992009e-02 0.030969547233849964 0.030969547242680657   
424 3816 0.0002965167500620298 6099.934244883032 0.03096954424756051 3.0969547223371256e-02 0.03096954722901805 0.03096954724255743   
425 3825 0.00032093011546508577 6226.155882815578 0.03096954424756051 3.0969547223021896e-02 0.03096954723120577 0.030969547243187838   
426 3834 0.0002713665046095811 6890.333427032013 0.03096954424756051 3.0969547219670233e-02 0.030969547232290697 0.03096954724867236   
427 3843 0.00023902630077933922 7664.114962194295 0.03096954424756051 3.0969547224254285e-02 0.030969547233982056 0.030969547242756267   
428 3852 0.00023810154770728334 8071.584312202331 0.03096954424756051 3.0969547223202432e-02 0.030969547230559866 0.03096954724047154   
429 3861 0.00023049214819217232 7427.299825945888 0.03096954424756051 3.0969547218934333e-02 0.030969547235655908 0.030969547249994796   
430 3870 0.00022106939551421836 7384.610430772829 0.03096954424756051 3.0969547221272480e-02 0.030969547236340413 0.030969547246997867   
431 3879 0.00021759285824767525 8173.708659308191 0.03096954424756051 3.0969547225218549e-02 0.030969547239265725 0.03096954724796374   
432 3888 0.00022080031002675928 8672.03167495259 0.03096954424756051 3.0969547223219634e-02 0.0309695472296663 0.030969547244807192   
433 3897 0.0002096959142753478 8029.481626642567 0.03096954424756051 3.0969547228882444e-02 0.030969547233086703 0.03096954724655539   
434 3906 0.0002066453924481268 8315.842149673439 0.03096954424756051 3.0969547218768632e-02 0.0309695472346775 0.030969547248982387   
435 3915 0.0002030842029699677 8058.924212523162 0.03096954424756051 3.0969547221721207e-02 0.030969547235254816 0.03096954724658317   
436 3924 0.00022780809069478187 7536.248433233032 0.03096954424756051 3.0969547221281139e-02 0.030969547236731346 0.03096954725118107   
437 3933 0.00022765900984862426 7798.614012332946 0.03096954424756051 3.0969547224724951e-02 0.0309695472350727 0.030969547247646827   
438 3942 0.00022394515242056366 7649.374790628664 0.03096954424756051 3.0969547226736376e-02 0.030969547234241005 0.03096954724722671   
439 3951 0.0002054395668440966 8195.048744939071 0.03096954424756051 3.0969547227906562e-02 0.030969547234529306 0.030969547243669363   
440 3960 0.00019733092649348155 8078.231294355619 0.03096954424756051 3.0969547217055433e-02 0.03096954723160221 0.030969547244202988   
441 3969 0.00019737985712223207 8376.286098513117 0.03096954424756051 3.0969547223054963e-02 0.030969547238207384 0.030969547252761027   
442 3978 0.00018541280867255934 8229.706156374074 0.03096954424756051 3.0969547225986729e-02 0.030969547236260324 0.030969547247938156   
443 3987 0.00017710753467499565 8257.931396085527 0.03096954424756051 3.0969547228819602e-02 0.03096954724190164 0.03096954725523583   
444 3996 0.00019053518740950342 8203.639871694873 0.03096954424756051 3.0969547223031517e-02 0.030969547233814728 0.03096954723874072   
445 4005 0.00019501987923406337 8655.12499532792 0.03096954424756051 3.0969547225209115e-02 0.030969547234610838 0.030969547248454524   
446 4014 0.00020039055056994277 8868.556566966927 0.03096954424756051 3.0969547228620161e-02 0.030969547237475085 0.030969547245610945   
447 4023 0.00022037786339585704 8629.98150707861 0.03096954424756051 3.0969547216849903e-02 0.03096954723240573 0.03096954723738902   
448 4032 0.0002514495346673122 8005.0869077281595 0.03096954424756051 3.0969547226022114e-02 0.030969547230687157 0.03096954723881355   
449 4041 0.00029657835136058877 8075.38239173356 0.03096954424756051 3.0969547220025262e-02 0.03096954723130653 0.030969547246367215   
450 4050 0.00030194402702415495 8948.347720271935 0.03096954424756051 3.0969547216392786e-02 0.03096954723501624 0.03096954724639213   
451 4059 0.00033352950927805 9016.879121586375 0.03096954424756051 3.0969547224308697e-02 0.030969547233825313 0.030969547238824186   
452 4068 0.0003466284837152337 9380.630163476686 0.03096954424756051 3.0969547210697286e-02 0.030969547229475394 0.030969547238848722   
453 4077 0.0003670759142659188 10757.702578758079 0.03096954424756051 3.0969547226773586e-02 0.0309695472390566 0.03096954725300769   
454 4086 0.0003975734619904502 10403.135254525165 0.03096954424756051 3.0969547224888011e-02 0.03096954723348393 0.030969547244659404   
455 4095 0.0003709835368198069 11792.206237568736 0.03096954424756051 3.0969547221190385e-02 0.030969547227507686 0.03096954723559458   
456 4104 0.00031991502616488806 11705.449442194782 0.03096954424756051 3.0969547221148603e-02 0.03096954723359996 0.030969547248600727   
457 4113 0.00029305681418873437 11773.355425266964 0.03096954424756051 3.0969547222028170e-02 0.030969547232158088 0.030969547241544028   
458 4122 0.0003007096373025595 13035.252134333843 0.03096954424756051 3.0969547207915386e-02 0.030969547231992096 0.030969547237558313   
459 4131 0.00026365535298816974 13079.607139622813 0.03096954424756051 3.0969547221056014e-02 0.030969547230614923 0.03096954723350426   
460 4140 0.000279100710497912 13893.808006670799 0.03096954424756051 3.0969547221751624e-02 0.030969547241481966 0.0309695472506164   
461 4149 0.00034387124298954937 13849.274903460411 0.03096954424756051 3.0969547223525736e-02 0.03096954723566843 0.03096954724040136   
462 4158 0.0003826130325097227 11807.217830054034 0.03096954424756051 3.0969547228354037e-02 0.030969547235035248 0.03096954724553323   
463 4167 0.00034870132248631243 10741.390391167353 0.03096954424756051 3.0969547207379652e-02 0.030969547226547645 0.030969547237669703   
464 4176 0.00036569906921266667 10234.146437737567 0.03096954424756051 3.0969547217968289e-02 0.0309695472363502 0.030969547243355468   
465 4185 0.0003423309208542655 9587.49471728205 0.03096954424756051 3.0969547222835684e-02 0.030969547230638883 0.030969547244755972   
466 4194 0.00033093443253103655 9181.59179022975 0.03096954424756051 3.0969547213447666e-02 0.03096954723760997 0.03096954724685284   
467 4203 0.00033608843045138137 8565.8353752968 0.03096954424756051 3.0969547222505490e-02 0.03096954722934777 0.030969547241327222   
468 4212 0.00035328583912636345 9878.29288759914 0.03096954424756051 3.0969547225268384e-02 0.030969547232221666 0.030969547237912   
469 4221 0.0003706750196282787 10978.311969808148 0.03096954424756051 3.0969547225750529e-02 0.030969547234140908 0.030969547237444713   
470 4230 0.0003858908940137272 10738.948115857605 0.03096954424756051 3.0969547224083772e-02 0.03096954723519553 0.030969547244809038   
471 4239 0.00042563334828778384 10387.134644430353 0.03096954424756051 3.0969547217691427e-02 0.03096954723473476 0.030969547249101448   
472 4248 0.0004724182239880026 9940.070809351171 0.03096954424756051 3.0969547220074917e-02 0.030969547231694046 0.030969547247565083   
473 4257 0.0005371664429162568 10111.967986331443 0.03096954424756051 3.0969547220493280e-02 0.03096954723486406 0.030969547248353015   
474 4266 0.0005460304337281789 10273.73886067121 0.03096954424756051 3.0969547219216294e-02 0.030969547237668604 0.03096954724905903   
475 4275 0.0005453579350244716 9526.84896086931 0.03096954424756051 3.0969547219507211e-02 0.0309695472368599 0.03096954724412042   
476 4284 0.00047010077994017726 10090.471032989652 0.03096954424756051 3.0969547222243411e-02 0.030969547234669773 0.030969547241104393   
477 4293 0.00041073648942806885 9761.936128289319 0.03096954424756051 3.0969547224344508e-02 0.030969547232757716 0.030969547249435583   
478 4302 0.0004039158339453137 9608.438831331343 0.03096954424756051 3.0969547226946479e-02 0.03096954723509828 0.030969547243336008   
479 4311 0.0003709066477266576 9315.900116635345 0.03096954424756051 3.0969547230578785e-02 0.03096954723832866 0.03096954725009038   
480 4320 0.00031314235935704697 8880.75797979403 0.03096954424756051 3.0969547221532535e-02 0.030969547236249596 0.030969547241297326   
481 4329 0.0002903976221569874 8991.638767720133 0.03096954424756051 3.0969547222638848e-02 0.030969547229693778 0.03096954724057134   
482 4338 0.0002860177951121354 8966.967501381374 0.03096954424756051 3.0969547220815886e-02 0.03096954723951551 0.0309695472480852   
483 4347 0.00025885925481921636 9282.492640647082 0.03096954424756051 3.0969547223053950e-02 0.0309695472385982 0.030969547241478327   
484 4356 0.00026927788100262703 9258.049675856224 0.03096954424756051 3.0969547221127783e-02 0.030969547231544377 0.030969547237634544   
485 4365 0.00026580179004625555 9441.589242569913 0.03096954424756051 3.0969547226026017e-02 0.030969547233838535 0.030969547241761354   
486 4374 0.0002591878859038251 10293.945533033368 0.03096954424756051 3.0969547219147870e-02 0.030969547233773726 0.030969547245289133   
487 4383 0.00028242489444779315 10141.104954976236 0.03096954424756051 3.0969547220548694e-02 0.030969547227560183 0.03096954724321622   
488 4392 0.0003123619573353767 10392.6493763073 0.03096954424756051 3.0969547225997828e-02 0.030969547230710333 0.030969547237372677   
489 4401 0.00034979125230742356 10075.122431002077 0.03096954424756051 3.0969547228586785e-02 0.030969547235004686 0.030969547250516438   
490 4410 0.00036587338936358647 10237.260663837673 0.03096954424756051 3.0969547222044133e-02 0.030969547229357533 0.030969547244048243   
491 4419 0.0003648810851059659 11196.032746902321 0.03096954424756051 3.0969547224057127e-02 0.030969547233867967 0.030969547242757783   
492 4428 0.00036844364205224235 10986.78152009792 0.03096954424756051 3.0969547224532906e-02 0.030969547235988996 0.0309695472407261   
493 4437 0.00031862711466161016 11793.459700560219 0.03096954424756051 3.0969547232789552e-02 0.030969547236513916 0.030969547239869652   
494 4446 0.00027342405944924336 13021.94611264846 0.03096954424756051 3.0969547219113588e-02 0.030969547231601086 0.030969547242731224   
495 4455 0.0002473619825450925 13884.323998140182 0.03096954424756051 3.0969547225839278e-02 0.030969547235381163 0.03096954723960298   
496 4464 0.0002285310720479754 14943.388426923431 0.03096954424756051 3.0969547228526711e-02 0.030969547235296095 0.03096954724460127   
497 4473 0.00022500466453719058 15475.004548859324 0.03096954424756051 3.0969547224273419e-02 0.03096954723287105 0.03096954724203979   
498 4482 0.0002040765223777386 16790.818280550076 0.03096954424756051 3.0969547226423831e-02 0.03096954722853593 0.030969547240465824   
499 4491 0.00019864305916083682 16134.654731760029 0.03096954424756051 3.0969547224932999e-02 0.030969547228310437 0.030969547254775458   
500 4500 0.0002180203704459299 16638.018105911262 0.03096954424756051 3.0969547223791860e-02 0.030969547232379494 0.030969547241746165   
501 4509 0.00019865106956416925 16498.555845989675 0.03096954424756051 3.0969547216276854e-02 0.03096954723252346 0.030969547245094577   
502 4518 0.00020746507329327783 16504.354818132164 0.03096954424756051 3.0969547221929052e-02 0.030969547229955586 0.03096954724305095   
503 4527 0.00024287780153261465 15991.374413152726 0.03096954424756051 3.0969547220416137e-02 0.030969547234211036 0.030969547249941668   
504 4536 0.000302335689470072 15811.439896906802 0.03096954424756051 3.0969547224607607e-02 0.030969547233569848 0.03096954725296932   
505 4545 0.00036275937843659796 16091.65268817223 0.03096954424756051 3.0969547221234388e-02 0.030969547232292262 0.030969547255254894   
506 4554 0.000372214786966972 17381.49871033403 0.03096954424756051 3.0969547225583201e-02 0.030969547232462747 0.0309695472416209   
507 4563 0.0003820735213211616 17970.276020134508 0.03096954424756051 3.0969547233822718e-02 0.030969547236562665 0.030969547250332997   
508 4572 0.000386489590870913 19400.05918176262 0.03096954424756051 3.0969547226635814e-02 0.030969547243876613 0.03096954724864426   
509 4581 0.0004433207576286986 20597.94224726416 0.03096954424756051 3.0969547223498227e-02 0.030969547236468886 0.030969547242442032   
510 4590 0.00042169995785340953 21665.26164054278 0.03096954424756051 3.0969547216796893e-02 0.030969547238122952 0.03096954725079361   
511 4599 0.00041038679620710925 21217.263515039893 0.03096954424756051 3.0969547222057640e-02 0.03096954723101825 0.030969547238830084   
512 4608 0.00041138474698932103 22145.036829605917 0.03096954424756051 3.0969547233270452e-02 0.0309695472411003 0.030969547256219917   
513 4617 0.0003976703423399442 20905.519304607562 0.03096954424756051 3.0969547228658471e-02 0.03096954724311033 0.030969547246615457   
514 4626 0.00037336709022004307 19411.02656298386 0.03096954424756051 3.0969547214200858e-02 0.030969547233596354 0.030969547253933246   
515 4635 0.0003602331880407052 18967.565548445436 0.03096954424756051 3.0969547219516037e-02 0.030969547233598186 0.030969547236664705   
516 4644 0.000352388993897481 20502.28631092079 0.03096954424756051 3.0969547228408941e-02 0.03096954723157359 0.030969547249993425   
517 4653 0.00035494857955754096 20915.50874966183 0.03096954424756051 3.0969547221198282e-02 0.03096954723550339 0.03096954724273864   
518 4662 0.0003258422007903744 21771.21987618285 0.03096954424756051 3.0969547230248289e-02 0.03096954723274905 0.03096954724398673   
519 4671 0.00033808673083959666 21971.93252235191 0.03096954424756051 3.0969547220139233e-02 0.03096954723544395 0.030969547250267192   
520 4680 0.00035069931855785316 21013.740823163793 0.03096954424756051 3.0969547218381320e-02 0.030969547235937037 0.03096954724658903   
521 4689 0.00032806050918498847 20952.006595214196 0.03096954424756051 3.0969547224787709e-02 0.03096954723169121 0.03096954724459108   
522 4698 0.00035460895055581696 23195.118029718516 0.03096954424756051 3.0969547226496728e-02 0.03096954723260297 0.030969547250102092   
523 4707 0.0003563153934424992 24125.105442001633 0.03096954424756051 3.0969547228458547e-02 0.03096954723599915 0.0309695472457702   
524 4716 0.0003533509775841041 24672.47609413217 0.03096954424756051 3.0969547231782583e-02 0.030969547236822072 0.03096954724499812   
525 4725 0.0003428430427660961 23641.089051225994 0.03096954424756051 3.0969547220558617e-02 0.030969547232304644 0.030969547244845304   
526 4734 0.00036405067529339514 26090.70301427093 0.03096954424756051 3.0969547223287718e-02 0.030969547232391856 0.030969547243694995   
527 4743 0.0003925776955043844 27691.04507077304 0.03096954424756051 3.0969547220939819e-02 0.030969547234584716 0.03096954724131967   
528 4752 0.00037352244611232313 35056.602007663576 0.03096954424756051 3.0969547221303000e-02 0.030969547230103613 0.030969547244149936   
529 4761 0.00032488700111597786 37010.95011771388 0.03096954424756051 3.0969547214663398e-02 0.030969547232461512 0.03096954724268017   
530 4770 0.0003223133791570661 35388.507019931014 0.03096954424756051 3.0969547222748996e-02 0.030969547232203493 0.03096954724174627   
531 4779 0.00033705022120664884 39876.937536366 0.03096954424756051 3.0969547220299709e-02 0.03096954723396182 0.030969547250936005   
532 4788 0.00032169154377520366 39335.3504412189 0.03096954424756051 3.0969547221906150e-02 0.030969547239592887 0.030969547250693095   
533 4797 0.00031538080146902513 38822.68299122387 0.03096954424756051 3.0969547215583964e-02 0.030969547233278088 0.030969547250773916   
534 4806 0.00027784842984636583 39063.070767013516 0.03096954424756051 3.0969547214561129e-02 0.030969547231263574 0.03096954724296207   
535 4815 0.00028993717335396447 41255.82424033722 0.03096954424756051 3.0969547224662778e-02 0.03096954723339578 0.030969547247381084   
536 4824 0.0002578820117491097 41643.14722109375 0.03096954424756051 3.0969547232982137e-02 0.030969547238144348 0.030969547245844657   
537 4833 0.0002580866536009842 38198.29124187425 0.03096954424756051 3.0969547220679693e-02 0.030969547231300097 0.03096954724565548   
538 4842 0.0002286835930300223 39052.55409689488 0.03096954424756051 3.0969547223264886e-02 0.030969547233857687 0.03096954725282423   
539 4851 0.00018565689966260762 39773.55857125967 0.03096954424756051 3.0969547225952312e-02 0.0309695472385113 0.030969547251551943   
540 4860 0.00016903707252307408 41500.122008112325 0.03096954424756051 3.0969547224188307e-02 0.03096954723438341 0.030969547246220485   
541 4869 0.00016488123649662612 40288.40241289938 0.03096954424756051 3.0969547223845942e-02 0.0309695472287157 0.030969547240226557   
542 4878 0.00018702778951036373 40567.66626960646 0.03096954424756051 3.0969547226289015e-02 0.03096954723315238 0.03096954724675458   
543 4887 0.00020592177789144394 35655.72141940055 0.03096954424756051 3.0969547223817468e-02 0.030969547234966924 0.030969547247597443   
544 4896 0.0002009253080286053 39673.12018528711 0.03096954424756051 3.0969547221802219e-02 0.030969547234349037 0.030969547243045216   
545 4905 0.00019600361176059326 41808.53956692591 0.03096954424756051 3.0969547210712316e-02 0.03096954723374326 0.030969547242353294   
546 4914 0.0002063508674364999 42676.92645253386 0.03096954424756051 3.0969547226833909e-02 0.03096954723281027 0.030969547240490773   
547 4923 0.00020721284607127646 43326.55517426303 0.03096954424756051 3.0969547227767194e-02 0.030969547236783655 0.030969547250844536   
548 4932 0.00017970899045129817 40908.06675145213 0.03096954424756051 3.0969547224803072e-02 0.03096954723751995 0.030969547252216883   
549 4941 0.00017499985696073277 45395.06679305408 0.03096954424756051 3.0969547214568013e-02 0.030969547231263828 0.030969547242567848   
550 4950 0.00017080583193903933 43680.01642691858 0.03096954424756051 3.0969547217238148e-02 0.03096954723392367 0.030969547239655882   
551 4959 0.00015865000876884956 43740.36497561848 0.03096954424756051 3.0969547222223989e-02 0.030969547228981643 0.030969547251132743   
552 4968 0.00016033037592264382 44882.767104173174 0.03096954424756051 3.0969547228042450e-02 0.030969547234265624 0.030969547242204323   
553 4977 0.0001597353196025344 43702.54594541188 0.03096954424756051 3.0969547227377825e-02 0.030969547232893 0.03096954724940811   
554 4986 0.00016784253686844024 43364.93394235699 0.03096954424756051 3.0969547227765775e-02 0.03096954723305806 0.030969547250342924   
555 4995 0.00015554167772611476 43125.31278448251 0.03096954424756051 3.0969547229195069e-02 0.030969547236819123 0.0309695472429218   
556 5004 0.0001600710512780741 44583.30575955861 0.03096954424756051 3.0969547223928379e-02 0.03096954723313925 0.030969547248529353   
557 5013 0.00015239302155672197 43007.34590379481 0.03096954424756051 3.0969547212099054e-02 0.030969547227393188 0.030969547245893368   
558 5022 0.00016486633040061762 42841.08974008174 0.03096954424756051 3.0969547224631976e-02 0.03096954723641168 0.03096954724661735   
559 5031 0.0001665695364051791 41528.67855095118 0.03096954424756051 3.0969547219809618e-02 0.030969547235258632 0.030969547242840633   
560 5040 0.00016950810231903269 43557.7576380978 0.03096954424756051 3.0969547219969130e-02 0.030969547233681113 0.030969547238500476   
561 5049 0.00015423672813400942 43350.88470760339 0.03096954424756051 3.0969547225370039e-02 0.030969547238094686 0.030969547250524188   
562 5058 0.0001826700863952998 46346.84588820797 0.03096954424756051 3.0969547224190243e-02 0.030969547232265564 0.030969547246512054   
563 5067 0.00019274911675856848 54455.52863371279 0.03096954424756051 3.0969547218900023e-02 0.03096954723080276 0.030969547244825802   
564 5076 0.00018981673255150395 54091.34189264519 0.03096954424756051 3.0969547222541586e-02 0.0309695472299079 0.03096954723801006   
565 5085 0.00019668771061609488 57587.63166809256 0.03096954424756051 3.0969547218288519e-02 0.03096954723661886 0.03096954724762041   
566 5094 0.00020575882752030508 54959.12610045035 0.03096954424756051 3.0969547227509903e-02 0.030969547237143912 0.0309695472429398   
567 5103 0.00020871430178724697 58189.081353838796 0.03096954424756051 3.0969547230517352e-02 0.030969547233979888 0.0309695472418761   
568 5112 0.00022584962754881613 62944.0502178009 0.03096954424756051 3.0969547218344249e-02 0.030969547233592697 0.030969547249250776   
569 5121 0.0002541472840784359 72539.29494634818 0.03096954424756051 3.0969547221576514e-02 0.03096954723575362 0.030969547246400303   
570 5130 0.0002735842412222591 70730.34562946954 0.03096954424756051 3.0969547222113793e-02 0.030969547243522754 0.03096954724922845   
571 5139 0.0003006316744648639 85478.81633670999 0.03096954424756051 3.0969547215828341e-02 0.03096954723576628 0.030969547245477673   
572 5148 0.00031753402329916556 94982.4566126864 0.03096954424756051 3.0969547223815799e-02 0.030969547237263233 0.030969547242195847   
573 5157 0.00031264598778604785 105281.86376651944 0.03096954424756051 3.0969547223209208e-02 0.030969547228823422 0.030969547237494746   
574 5166 0.0002763436634147906 108096.33063337626 0.03096954424756051 3.0969547223186150e-02 0.030969547234169007 0.03096954724280381   
575 5175 0.0002796417631392647 109112.46729837793 0.03096954424756051 3.0969547227667638e-02 0.030969547236051984 0.030969547254985057   
576 5184 0.00024562626120404937 109490.9002836816 0.03096954424756051 3.0969547225560338e-02 0.03096954723825481 0.03096954724475265   
577 5193 0.00022538503838847012 113168.72721490756 0.03096954424756051 3.0969547226979394e-02 0.030969547237580643 0.03096954725541601   
578 5202 0.0002393166479143457 123522.25095804875 0.03096954424756051 3.0969547226416500e-02 0.03096954723278089 0.03096954724558535   
579 5211 0.00023946705075293684 127937.88474324871 0.03096954424756051 3.0969547227211514e-02 0.030969547235730886 0.030969547254162406   
580 5220 0.0002979342757227398 134023.76254404284 0.03096954424756051 3.0969547219198958e-02 0.030969547237115952 0.030969547247212424   
581 5229 0.00033641178105985877 151593.79438340978 0.03096954424756051 3.0969547224490915e-02 0.03096954723405893 0.03096954724699047   
582 5238 0.0003791861713318575 142979.0204747523 0.03096954424756051 3.0969547223006759e-02 0.030969547233523017 0.03096954725259683   
583 5247 0.0004212798254993344 123410.34487935844 0.03096954424756051 3.0969547229822904e-02 0.03096954723421154 0.03096954725062213   
584 5256 0.0004287517788762403 119513.01915684581 0.03096954424756051 3.0969547219813761e-02 0.03096954722984886 0.030969547238103242   
585 5265 0.0003587533520200631 124554.455246816 0.03096954424756051 3.0969547230724148e-02 0.030969547237540945 0.030969547249593044   
586 5274 0.00037715173260594145 127920.6953004308 0.03096954424756051 3.0969547229347572e-02 0.030969547234590326 0.030969547246958527   
587 5283 0.0003700665098446224 141676.68360730595 0.03096954424756051 3.0969547221847728e-02 0.030969547240409824 0.0309695472418617   
588 5292 0.0003445568816386137 125563.68398378306 0.03096954424756051 3.0969547233704719e-02 0.030969547240321693 0.030969547247488623   
589 5301 0.0003381984349187217 138291.8309747486 0.03096954424756051 3.0969547226621576e-02 0.03096954723606241 0.03096954724743119   
590 5310 0.00034395848254267206 121113.76267306156 0.03096954424756051 3.0969547225424898e-02 0.030969547234070843 0.03096954725148042   
591 5319 0.0003544162731251707 118835.32076098649 0.03096954424756051 3.0969547227883049e-02 0.03096954723906124 0.030969547255229983   
592 5328 0.0003836749529841078 112725.19536162727 0.03096954424756051 3.0969547227377121e-02 0.030969547238578227 0.03096954724536163   
593 5337 0.00035176495986338974 111261.5418245009 0.03096954424756051 3.0969547229613127e-02 0.0309695472349413 0.03096954725330738   
594 5346 0.0003549320737303004 107663.71636217264 0.03096954424756051 3.0969547226410259e-02 0.03096954723140889 0.030969547244292316   
595 5355 0.000374291906846014 104784.6718246856 0.03096954424756051 3.0969547225952909e-02 0.03096954723655286 0.030969547252740162   
596 5364 0.00035149968148040056 102755.57272723067 0.03096954424756051 3.0969547223598674e-02 0.03096954723763789 0.030969547245678578   
597 5373 0.0003278300763453545 97263.55705601984 0.03096954424756051 3.0969547220927814e-02 0.03096954723637607 0.03096954724662393   
598 5382 0.00029804396337665564 104645.67526385018 0.03096954424756051 3.0969547224008472e-02 0.03096954723535707 0.030969547252342407   
599 5391 0.00031295100640655503 107705.29048794674 0.03096954424756051 3.0969547225333689e-02 0.030969547236792485 0.03096954724188308   
600 5400 0.0002925055496621296 119805.77056351678 0.03096954424756051 3.0969547223748145e-02 0.030969547232752227 0.030969547238270514   
601 5409 0.00029520654541384577 129136.36363982287 0.03096954424756051 3.0969547217105303e-02 0.030969547236922038 0.030969547243957368   
602 5418 0.00027350306212743544 129774.89672823 0.03096954424756051 3.0969547214910558e-02 0.030969547233688204 0.030969547245871955   
603 5427 0.00031080406488551404 129312.6451188739 0.03096954424756051 3.0969547223961801e-02 0.030969547233891444 0.030969547242020796   
604 5436 0.0003583214414462647 124190.47432046726 0.03096954424756051 3.0969547222544084e-02 0.03096954724024554 0.03096954724972025   
605 5445 0.0003772189143352062 135374.04917754818 0.03096954424756051 3.0969547227925436e-02 0.030969547235454843 0.03096954724625895   
606 5454 0.0004044646843461739 139492.51451211813 0.03096954424756051 3.0969547232951970e-02 0.03096954723774772 0.030969547247007227   
607 5463 0.00042566379919910057 142712.19806781816 0.03096954424756051 3.0969547227153966e-02 0.030969547239720834 0.03096954724967818   
608 5472 0.0004730979565409532 137854.56070714025 0.03096954424756051 3.0969547229671719e-02 0.030969547235716426 0.03096954724889864   
609 5481 0.0005088237408013474 147444.2061582627 0.03096954424756051 3.0969547234516295e-02 0.03096954724033667 0.030969547253283276   
610 5490 0.0005982692603142167 160665.34912062582 0.03096954424756051 3.0969547233198693e-02 0.030969547241126338 0.030969547249532863   
611 5499 0.0006452683504514431 133013.42375891405 0.03096954424756051 3.0969547227699571e-02 0.03096954723440684 0.030969547243528146   
612 5508 0.0006151979116671437 125007.39120944681 0.03096954424756051 3.0969547229681371e-02 0.03096954723703184 0.030969547246449968   
613 5517 0.0005897955582606259 127737.57877289834 0.03096954424756051 3.0969547233073741e-02 0.030969547241047495 0.03096954725013361   
614 5526 0.0006199873005690773 141898.6980764791 0.03096954424756051 3.0969547226263945e-02 0.03096954724113997 0.03096954724892456   
615 5535 0.0006460023554295999 142669.3040757685 0.03096954424756051 3.0969547220859799e-02 0.030969547235539685 0.030969547248553955   
