% # columns="iteration, evaluation, min max(neg(.)) min(pos(.)) max correlation, correlation matrix principal axes lengths  (sorted square roots of eigenvalues of correlation matrix)", seed=456055, Thu Nov 30 11:03:12 2023
1 9 -0.08755732132179281 -0.04368635845488724 0.05257146205006855 0.12409699015325049 0.9026398481840906 0.9541890951072941 0.9794179813442128 0.9974439538577087 1.0211162219807008 1.1304565950042988
2 18 -0.08755732132179281 -0.04368635845488724 0.05257146205006855 0.12409699015325049 0.9026398481840906 0.9541890951072941 0.9794179813442128 0.9974439538577087 1.0211162219807008 1.1304565950042988
3 27 -0.08755732132179281 -0.04368635845488724 0.05257146205006855 0.12409699015325049 0.9026398481840906 0.9541890951072941 0.9794179813442128 0.9974439538577087 1.0211162219807008 1.1304565950042988
4 36 -0.08755732132179281 -0.04368635845488724 0.05257146205006855 0.12409699015325049 0.9026398481840906 0.9541890951072941 0.9794179813442128 0.9974439538577087 1.0211162219807008 1.1304565950042988
5 45 -0.08755732132179281 -0.04368635845488724 0.05257146205006855 0.12409699015325049 0.9026398481840906 0.9541890951072941 0.9794179813442128 0.9974439538577087 1.0211162219807008 1.1304565950042988
6 54 -0.08755732132179281 -0.04368635845488724 0.05257146205006855 0.12409699015325049 0.9026398481840906 0.9541890951072941 0.9794179813442128 0.9974439538577087 1.0211162219807008 1.1304565950042988
7 63 -0.42340913356262705 -0.12243676512310196 0.1411718695035959 0.2968123549581693 0.7137399742235178 0.84421691931647 0.9021431212401176 0.9863303318939197 1.0601558268579783 1.3664673176843511
8 72 -0.42340913356262705 -0.12243676512310196 0.1411718695035959 0.2968123549581693 0.7137399742235178 0.84421691931647 0.9021431212401176 0.9863303318939197 1.0601558268579783 1.3664673176843511
9 81 -0.42340913356262705 -0.12243676512310196 0.1411718695035959 0.2968123549581693 0.7137399742235178 0.84421691931647 0.9021431212401176 0.9863303318939197 1.0601558268579783 1.3664673176843511
10 90 -0.42340913356262705 -0.12243676512310196 0.1411718695035959 0.2968123549581693 0.7137399742235178 0.84421691931647 0.9021431212401176 0.9863303318939197 1.0601558268579783 1.3664673176843511
11 99 -0.42340913356262705 -0.12243676512310196 0.1411718695035959 0.2968123549581693 0.7137399742235178 0.84421691931647 0.9021431212401176 0.9863303318939197 1.0601558268579783 1.3664673176843511
12 108 -0.42340913356262705 -0.12243676512310196 0.1411718695035959 0.2968123549581693 0.7137399742235178 0.84421691931647 0.9021431212401176 0.9863303318939197 1.0601558268579783 1.3664673176843511
13 117 -0.43882253767969637 -0.1836089593900892 0.20593499686632571 0.4076117134561293 0.6433821053537757 0.7539521899488442 0.8376356299239763 0.9621245092103464 1.1338364393913103 1.4507630649933618
14 126 -0.43882253767969637 -0.1836089593900892 0.20593499686632571 0.4076117134561293 0.6433821053537757 0.7539521899488442 0.8376356299239763 0.9621245092103464 1.1338364393913103 1.4507630649933618
15 135 -0.43882253767969637 -0.1836089593900892 0.20593499686632571 0.4076117134561293 0.6433821053537757 0.7539521899488442 0.8376356299239763 0.9621245092103464 1.1338364393913103 1.4507630649933618
16 144 -0.43882253767969637 -0.1836089593900892 0.20593499686632571 0.4076117134561293 0.6433821053537757 0.7539521899488442 0.8376356299239763 0.9621245092103464 1.1338364393913103 1.4507630649933618
17 153 -0.43882253767969637 -0.1836089593900892 0.20593499686632571 0.4076117134561293 0.6433821053537757 0.7539521899488442 0.8376356299239763 0.9621245092103464 1.1338364393913103 1.4507630649933618
18 162 -0.43882253767969637 -0.1836089593900892 0.20593499686632571 0.4076117134561293 0.6433821053537757 0.7539521899488442 0.8376356299239763 0.9621245092103464 1.1338364393913103 1.4507630649933618
19 171 -0.41945434101562235 -0.2115210302494663 0.21665168547410366 0.3698111486629105 0.5914173906220873 0.7490777578219768 0.808309539657903 1.014015241338111 1.2123155209417034 1.3920516653206698
20 180 -0.41945434101562235 -0.2115210302494663 0.21665168547410366 0.3698111486629105 0.5914173906220873 0.7490777578219768 0.808309539657903 1.014015241338111 1.2123155209417034 1.3920516653206698
21 189 -0.41945434101562235 -0.2115210302494663 0.21665168547410366 0.3698111486629105 0.5914173906220873 0.7490777578219768 0.808309539657903 1.014015241338111 1.2123155209417034 1.3920516653206698
22 198 -0.41945434101562235 -0.2115210302494663 0.21665168547410366 0.3698111486629105 0.5914173906220873 0.7490777578219768 0.808309539657903 1.014015241338111 1.2123155209417034 1.3920516653206698
23 207 -0.41945434101562235 -0.2115210302494663 0.21665168547410366 0.3698111486629105 0.5914173906220873 0.7490777578219768 0.808309539657903 1.014015241338111 1.2123155209417034 1.3920516653206698
24 216 -0.41945434101562235 -0.2115210302494663 0.21665168547410366 0.3698111486629105 0.5914173906220873 0.7490777578219768 0.808309539657903 1.014015241338111 1.2123155209417034 1.3920516653206698
25 225 -0.6539304724403525 -0.3156805207994918 0.24713013358869307 0.4140234722376957 0.46130059884235214 0.5720645698000125 0.8251735033215188 0.9528003109340949 1.232186326147345 1.5339234009697826
26 234 -0.6539304724403525 -0.3156805207994918 0.24713013358869307 0.4140234722376957 0.46130059884235214 0.5720645698000125 0.8251735033215188 0.9528003109340949 1.232186326147345 1.5339234009697826
27 243 -0.6539304724403525 -0.3156805207994918 0.24713013358869307 0.4140234722376957 0.46130059884235214 0.5720645698000125 0.8251735033215188 0.9528003109340949 1.232186326147345 1.5339234009697826
28 252 -0.6539304724403525 -0.3156805207994918 0.24713013358869307 0.4140234722376957 0.46130059884235214 0.5720645698000125 0.8251735033215188 0.9528003109340949 1.232186326147345 1.5339234009697826
29 261 -0.6539304724403525 -0.3156805207994918 0.24713013358869307 0.4140234722376957 0.46130059884235214 0.5720645698000125 0.8251735033215188 0.9528003109340949 1.232186326147345 1.5339234009697826
30 270 -0.6539304724403525 -0.3156805207994918 0.24713013358869307 0.4140234722376957 0.46130059884235214 0.5720645698000125 0.8251735033215188 0.9528003109340949 1.232186326147345 1.5339234009697826
31 279 -0.758304942516477 -0.4020899027949606 0.2761876622587268 0.637150122333811 0.3999071408025071 0.493384627350791 0.750417698829403 0.7619634341516859 1.305120448722789 1.6581892246827754
32 288 -0.758304942516477 -0.4020899027949606 0.2761876622587268 0.637150122333811 0.3999071408025071 0.493384627350791 0.750417698829403 0.7619634341516859 1.305120448722789 1.6581892246827754
33 297 -0.758304942516477 -0.4020899027949606 0.2761876622587268 0.637150122333811 0.3999071408025071 0.493384627350791 0.750417698829403 0.7619634341516859 1.305120448722789 1.6581892246827754
34 306 -0.758304942516477 -0.4020899027949606 0.2761876622587268 0.637150122333811 0.3999071408025071 0.493384627350791 0.750417698829403 0.7619634341516859 1.305120448722789 1.6581892246827754
35 315 -0.758304942516477 -0.4020899027949606 0.2761876622587268 0.637150122333811 0.3999071408025071 0.493384627350791 0.750417698829403 0.7619634341516859 1.305120448722789 1.6581892246827754
36 324 -0.758304942516477 -0.4020899027949606 0.2761876622587268 0.637150122333811 0.3999071408025071 0.493384627350791 0.750417698829403 0.7619634341516859 1.305120448722789 1.6581892246827754
37 333 -0.7903150235790355 -0.37492831256145054 0.21671071599740283 0.7202964255707153 0.4214520558679307 0.4806849429174904 0.7182707560589632 0.846100615704304 1.2673216904389915 1.6593422649638152
38 342 -0.7903150235790355 -0.37492831256145054 0.21671071599740283 0.7202964255707153 0.4214520558679307 0.4806849429174904 0.7182707560589632 0.846100615704304 1.2673216904389915 1.6593422649638152
39 351 -0.7903150235790355 -0.37492831256145054 0.21671071599740283 0.7202964255707153 0.4214520558679307 0.4806849429174904 0.7182707560589632 0.846100615704304 1.2673216904389915 1.6593422649638152
40 360 -0.7903150235790355 -0.37492831256145054 0.21671071599740283 0.7202964255707153 0.4214520558679307 0.4806849429174904 0.7182707560589632 0.846100615704304 1.2673216904389915 1.6593422649638152
41 369 -0.7903150235790355 -0.37492831256145054 0.21671071599740283 0.7202964255707153 0.4214520558679307 0.4806849429174904 0.7182707560589632 0.846100615704304 1.2673216904389915 1.6593422649638152
42 378 -0.7903150235790355 -0.37492831256145054 0.21671071599740283 0.7202964255707153 0.4214520558679307 0.4806849429174904 0.7182707560589632 0.846100615704304 1.2673216904389915 1.6593422649638152
43 387 -0.8413665284112943 -0.37100158549831286 0.19661300416282756 0.7520273241981558 0.31788687902668783 0.48168423183098574 0.7261711995639624 0.8097162694162809 1.3176871560852945 1.657607837699355
44 396 -0.8413665284112943 -0.37100158549831286 0.19661300416282756 0.7520273241981558 0.31788687902668783 0.48168423183098574 0.7261711995639624 0.8097162694162809 1.3176871560852945 1.657607837699355
45 405 -0.8413665284112943 -0.37100158549831286 0.19661300416282756 0.7520273241981558 0.31788687902668783 0.48168423183098574 0.7261711995639624 0.8097162694162809 1.3176871560852945 1.657607837699355
46 414 -0.8413665284112943 -0.37100158549831286 0.19661300416282756 0.7520273241981558 0.31788687902668783 0.48168423183098574 0.7261711995639624 0.8097162694162809 1.3176871560852945 1.657607837699355
47 423 -0.8413665284112943 -0.37100158549831286 0.19661300416282756 0.7520273241981558 0.31788687902668783 0.48168423183098574 0.7261711995639624 0.8097162694162809 1.3176871560852945 1.657607837699355
48 432 -0.8413665284112943 -0.37100158549831286 0.19661300416282756 0.7520273241981558 0.31788687902668783 0.48168423183098574 0.7261711995639624 0.8097162694162809 1.3176871560852945 1.657607837699355
49 441 -0.9075396122849206 -0.2462883157566804 0.14847536885441132 0.8082143851893582 0.21636692857687576 0.4033460269111503 0.757571109104637 0.8853991396371659 1.2856400337202107 1.6672676499797001
50 450 -0.9075396122849206 -0.2462883157566804 0.14847536885441132 0.8082143851893582 0.21636692857687576 0.4033460269111503 0.757571109104637 0.8853991396371659 1.2856400337202107 1.6672676499797001
51 459 -0.9075396122849206 -0.2462883157566804 0.14847536885441132 0.8082143851893582 0.21636692857687576 0.4033460269111503 0.757571109104637 0.8853991396371659 1.2856400337202107 1.6672676499797001
52 468 -0.9075396122849206 -0.2462883157566804 0.14847536885441132 0.8082143851893582 0.21636692857687576 0.4033460269111503 0.757571109104637 0.8853991396371659 1.2856400337202107 1.6672676499797001
53 477 -0.9075396122849206 -0.2462883157566804 0.14847536885441132 0.8082143851893582 0.21636692857687576 0.4033460269111503 0.757571109104637 0.8853991396371659 1.2856400337202107 1.6672676499797001
54 486 -0.9075396122849206 -0.2462883157566804 0.14847536885441132 0.8082143851893582 0.21636692857687576 0.4033460269111503 0.757571109104637 0.8853991396371659 1.2856400337202107 1.6672676499797001
55 495 -0.9475534298394626 -0.24236045510122495 0.16771227133607697 0.8654559728952282 0.16670686649447752 0.34260174642084384 0.7663463593954855 0.9692897135657731 1.1794938337844956 1.713714640392093
56 504 -0.9475534298394626 -0.24236045510122495 0.16771227133607697 0.8654559728952282 0.16670686649447752 0.34260174642084384 0.7663463593954855 0.9692897135657731 1.1794938337844956 1.713714640392093
57 513 -0.9475534298394626 -0.24236045510122495 0.16771227133607697 0.8654559728952282 0.16670686649447752 0.34260174642084384 0.7663463593954855 0.9692897135657731 1.1794938337844956 1.713714640392093
58 522 -0.9475534298394626 -0.24236045510122495 0.16771227133607697 0.8654559728952282 0.16670686649447752 0.34260174642084384 0.7663463593954855 0.9692897135657731 1.1794938337844956 1.713714640392093
59 531 -0.9475534298394626 -0.24236045510122495 0.16771227133607697 0.8654559728952282 0.16670686649447752 0.34260174642084384 0.7663463593954855 0.9692897135657731 1.1794938337844956 1.713714640392093
60 540 -0.9475534298394626 -0.24236045510122495 0.16771227133607697 0.8654559728952282 0.16670686649447752 0.34260174642084384 0.7663463593954855 0.9692897135657731 1.1794938337844956 1.713714640392093
61 549 -0.9727623575633599 -0.14688163497541917 0.11720715107107228 0.929596735352747 0.11323562527824432 0.2473665284815847 0.8108518484159629 1.0150601180637286 1.1086491347736074 1.7346633178681716
62 558 -0.9727623575633599 -0.14688163497541917 0.11720715107107228 0.929596735352747 0.11323562527824432 0.2473665284815847 0.8108518484159629 1.0150601180637286 1.1086491347736074 1.7346633178681716
63 567 -0.9727623575633599 -0.14688163497541917 0.11720715107107228 0.929596735352747 0.11323562527824432 0.2473665284815847 0.8108518484159629 1.0150601180637286 1.1086491347736074 1.7346633178681716
64 576 -0.9727623575633599 -0.14688163497541917 0.11720715107107228 0.929596735352747 0.11323562527824432 0.2473665284815847 0.8108518484159629 1.0150601180637286 1.1086491347736074 1.7346633178681716
65 585 -0.9727623575633599 -0.14688163497541917 0.11720715107107228 0.929596735352747 0.11323562527824432 0.2473665284815847 0.8108518484159629 1.0150601180637286 1.1086491347736074 1.7346633178681716
66 594 -0.9727623575633599 -0.14688163497541917 0.11720715107107228 0.929596735352747 0.11323562527824432 0.2473665284815847 0.8108518484159629 1.0150601180637286 1.1086491347736074 1.7346633178681716
67 603 -0.9870814570368192 -0.1764787529656756 0.18590617746295757 0.9449332938222812 0.08281513888588782 0.22495171702920436 0.802290640931101 0.9206531883833816 1.1759583519839936 1.7516814112074972
68 612 -0.9870814570368192 -0.1764787529656756 0.18590617746295757 0.9449332938222812 0.08281513888588782 0.22495171702920436 0.802290640931101 0.9206531883833816 1.1759583519839936 1.7516814112074972
69 621 -0.9870814570368192 -0.1764787529656756 0.18590617746295757 0.9449332938222812 0.08281513888588782 0.22495171702920436 0.802290640931101 0.9206531883833816 1.1759583519839936 1.7516814112074972
70 630 -0.9870814570368192 -0.1764787529656756 0.18590617746295757 0.9449332938222812 0.08281513888588782 0.22495171702920436 0.802290640931101 0.9206531883833816 1.1759583519839936 1.7516814112074972
71 639 -0.9870814570368192 -0.1764787529656756 0.18590617746295757 0.9449332938222812 0.08281513888588782 0.22495171702920436 0.802290640931101 0.9206531883833816 1.1759583519839936 1.7516814112074972
72 648 -0.9870814570368192 -0.1764787529656756 0.18590617746295757 0.9449332938222812 0.08281513888588782 0.22495171702920436 0.802290640931101 0.9206531883833816 1.1759583519839936 1.7516814112074972
73 657 -0.9951643293538199 -0.3089200153743793 0.20514499001948278 0.9697448708579437 0.05499646104861499 0.17218759661593594 0.7108882167232112 0.9090591925814194 1.1906154133449809 1.7938815696852526
74 666 -0.9951643293538199 -0.3089200153743793 0.20514499001948278 0.9697448708579437 0.05499646104861499 0.17218759661593594 0.7108882167232112 0.9090591925814194 1.1906154133449809 1.7938815696852526
75 675 -0.9951643293538199 -0.3089200153743793 0.20514499001948278 0.9697448708579437 0.05499646104861499 0.17218759661593594 0.7108882167232112 0.9090591925814194 1.1906154133449809 1.7938815696852526
76 684 -0.9951643293538199 -0.3089200153743793 0.20514499001948278 0.9697448708579437 0.05499646104861499 0.17218759661593594 0.7108882167232112 0.9090591925814194 1.1906154133449809 1.7938815696852526
77 693 -0.9951643293538199 -0.3089200153743793 0.20514499001948278 0.9697448708579437 0.05499646104861499 0.17218759661593594 0.7108882167232112 0.9090591925814194 1.1906154133449809 1.7938815696852526
78 702 -0.9951643293538199 -0.3089200153743793 0.20514499001948278 0.9697448708579437 0.05499646104861499 0.17218759661593594 0.7108882167232112 0.9090591925814194 1.1906154133449809 1.7938815696852526
79 711 -0.9985090000631316 -0.4303275857611799 0.18947782061204327 0.9825207621225327 0.0347182904790494 0.14526104911830057 0.7397384124812794 0.7925743040359259 1.204644856601842 1.830611288903146
80 720 -0.9985090000631316 -0.4303275857611799 0.18947782061204327 0.9825207621225327 0.0347182904790494 0.14526104911830057 0.7397384124812794 0.7925743040359259 1.204644856601842 1.830611288903146
81 729 -0.9985090000631316 -0.4303275857611799 0.18947782061204327 0.9825207621225327 0.0347182904790494 0.14526104911830057 0.7397384124812794 0.7925743040359259 1.204644856601842 1.830611288903146
82 738 -0.9985090000631316 -0.4303275857611799 0.18947782061204327 0.9825207621225327 0.0347182904790494 0.14526104911830057 0.7397384124812794 0.7925743040359259 1.204644856601842 1.830611288903146
83 747 -0.9985090000631316 -0.4303275857611799 0.18947782061204327 0.9825207621225327 0.0347182904790494 0.14526104911830057 0.7397384124812794 0.7925743040359259 1.204644856601842 1.830611288903146
84 756 -0.9985090000631316 -0.4303275857611799 0.18947782061204327 0.9825207621225327 0.0347182904790494 0.14526104911830057 0.7397384124812794 0.7925743040359259 1.204644856601842 1.830611288903146
85 765 -0.9992707574940228 -0.3985780804240354 0.27570629146646564 0.9902546914176302 0.024218607581150027 0.10245515064075193 0.7092840161468259 0.8612189924373878 1.1775720964627305 1.8323368659419972
86 774 -0.9992707574940228 -0.3985780804240354 0.27570629146646564 0.9902546914176302 0.024218607581150027 0.10245515064075193 0.7092840161468259 0.8612189924373878 1.1775720964627305 1.8323368659419972
87 783 -0.9992707574940228 -0.3985780804240354 0.27570629146646564 0.9902546914176302 0.024218607581150027 0.10245515064075193 0.7092840161468259 0.8612189924373878 1.1775720964627305 1.8323368659419972
88 792 -0.9992707574940228 -0.3985780804240354 0.27570629146646564 0.9902546914176302 0.024218607581150027 0.10245515064075193 0.7092840161468259 0.8612189924373878 1.1775720964627305 1.8323368659419972
89 801 -0.9992707574940228 -0.3985780804240354 0.27570629146646564 0.9902546914176302 0.024218607581150027 0.10245515064075193 0.7092840161468259 0.8612189924373878 1.1775720964627305 1.8323368659419972
90 810 -0.9992707574940228 -0.3985780804240354 0.27570629146646564 0.9902546914176302 0.024218607581150027 0.10245515064075193 0.7092840161468259 0.8612189924373878 1.1775720964627305 1.8323368659419972
91 819 -0.999671000636991 -0.5440288662367626 0.17207983877554367 0.9958530414521716 0.01472219104380021 0.06738703274367683 0.5948479396817192 0.7834733428572543 1.1950448033467684 1.897217861130147
92 828 -0.999671000636991 -0.5440288662367626 0.17207983877554367 0.9958530414521716 0.01472219104380021 0.06738703274367683 0.5948479396817192 0.7834733428572543 1.1950448033467684 1.897217861130147
93 837 -0.999671000636991 -0.5440288662367626 0.17207983877554367 0.9958530414521716 0.01472219104380021 0.06738703274367683 0.5948479396817192 0.7834733428572543 1.1950448033467684 1.897217861130147
94 846 -0.999671000636991 -0.5440288662367626 0.17207983877554367 0.9958530414521716 0.01472219104380021 0.06738703274367683 0.5948479396817192 0.7834733428572543 1.1950448033467684 1.897217861130147
95 855 -0.999671000636991 -0.5440288662367626 0.17207983877554367 0.9958530414521716 0.01472219104380021 0.06738703274367683 0.5948479396817192 0.7834733428572543 1.1950448033467684 1.897217861130147
96 864 -0.999671000636991 -0.5440288662367626 0.17207983877554367 0.9958530414521716 0.01472219104380021 0.06738703274367683 0.5948479396817192 0.7834733428572543 1.1950448033467684 1.897217861130147
97 873 -0.9998677175227837 -0.5662784861160242 0.27615786919280194 0.998065798423083 0.00985301920247152 0.042895954618081586 0.6651424624487108 0.7029663256076082 1.1806436283282509 1.9150893785114327
98 882 -0.9998677175227837 -0.5662784861160242 0.27615786919280194 0.998065798423083 0.00985301920247152 0.042895954618081586 0.6651424624487108 0.7029663256076082 1.1806436283282509 1.9150893785114327
99 891 -0.9998677175227837 -0.5662784861160242 0.27615786919280194 0.998065798423083 0.00985301920247152 0.042895954618081586 0.6651424624487108 0.7029663256076082 1.1806436283282509 1.9150893785114327
100 900 -0.9998677175227837 -0.5662784861160242 0.27615786919280194 0.998065798423083 0.00985301920247152 0.042895954618081586 0.6651424624487108 0.7029663256076082 1.1806436283282509 1.9150893785114327
101 909 -0.9998677175227837 -0.5662784861160242 0.27615786919280194 0.998065798423083 0.00985301920247152 0.042895954618081586 0.6651424624487108 0.7029663256076082 1.1806436283282509 1.9150893785114327
102 918 -0.9998677175227837 -0.5662784861160242 0.27615786919280194 0.998065798423083 0.00985301920247152 0.042895954618081586 0.6651424624487108 0.7029663256076082 1.1806436283282509 1.9150893785114327
103 927 -0.9999546255543535 -0.5843612666420546 0.2352318166148431 0.9993082945581159 0.005332576092276212 0.025440195213751553 0.6085525809241717 0.8848798913314277 1.0837347353355418 1.9161144844958298
104 936 -0.9999546255543535 -0.5843612666420546 0.2352318166148431 0.9993082945581159 0.005332576092276212 0.025440195213751553 0.6085525809241717 0.8848798913314277 1.0837347353355418 1.9161144844958298
105 945 -0.9999546255543535 -0.5843612666420546 0.2352318166148431 0.9993082945581159 0.005332576092276212 0.025440195213751553 0.6085525809241717 0.8848798913314277 1.0837347353355418 1.9161144844958298
106 954 -0.9999546255543535 -0.5843612666420546 0.2352318166148431 0.9993082945581159 0.005332576092276212 0.025440195213751553 0.6085525809241717 0.8848798913314277 1.0837347353355418 1.9161144844958298
107 963 -0.9999546255543535 -0.5843612666420546 0.2352318166148431 0.9993082945581159 0.005332576092276212 0.025440195213751553 0.6085525809241717 0.8848798913314277 1.0837347353355418 1.9161144844958298
108 972 -0.9999546255543535 -0.5843612666420546 0.2352318166148431 0.9993082945581159 0.005332576092276212 0.025440195213751553 0.6085525809241717 0.8848798913314277 1.0837347353355418 1.9161144844958298
109 981 -0.9999681721521352 -0.5398902537102532 0.16311569748406252 0.9995338503090208 0.004377133678672069 0.020671086250604796 0.5463180221574657 0.9738873700932288 1.0890174392633591 1.8885641564196607
110 990 -0.9999681721521352 -0.5398902537102532 0.16311569748406252 0.9995338503090208 0.004377133678672069 0.020671086250604796 0.5463180221574657 0.9738873700932288 1.0890174392633591 1.8885641564196607
111 999 -0.9999681721521352 -0.5398902537102532 0.16311569748406252 0.9995338503090208 0.004377133678672069 0.020671086250604796 0.5463180221574657 0.9738873700932288 1.0890174392633591 1.8885641564196607
112 1008 -0.9999681721521352 -0.5398902537102532 0.16311569748406252 0.9995338503090208 0.004377133678672069 0.020671086250604796 0.5463180221574657 0.9738873700932288 1.0890174392633591 1.8885641564196607
113 1017 -0.9999681721521352 -0.5398902537102532 0.16311569748406252 0.9995338503090208 0.004377133678672069 0.020671086250604796 0.5463180221574657 0.9738873700932288 1.0890174392633591 1.8885641564196607
114 1026 -0.9999681721521352 -0.5398902537102532 0.16311569748406252 0.9995338503090208 0.004377133678672069 0.020671086250604796 0.5463180221574657 0.9738873700932288 1.0890174392633591 1.8885641564196607
115 1035 -0.9999765412715248 -0.5348525734039417 0.18735615647215764 0.9995630981179122 0.003759415810957041 0.019002446993729504 0.6033667658019504 0.9779006445396586 1.0308324266655944 1.9017539686485074
116 1044 -0.9999765412715248 -0.5348525734039417 0.18735615647215764 0.9995630981179122 0.003759415810957041 0.019002446993729504 0.6033667658019504 0.9779006445396586 1.0308324266655944 1.9017539686485074
117 1053 -0.9999765412715248 -0.5348525734039417 0.18735615647215764 0.9995630981179122 0.003759415810957041 0.019002446993729504 0.6033667658019504 0.9779006445396586 1.0308324266655944 1.9017539686485074
118 1062 -0.9999765412715248 -0.5348525734039417 0.18735615647215764 0.9995630981179122 0.003759415810957041 0.019002446993729504 0.6033667658019504 0.9779006445396586 1.0308324266655944 1.9017539686485074
119 1071 -0.9999765412715248 -0.5348525734039417 0.18735615647215764 0.9995630981179122 0.003759415810957041 0.019002446993729504 0.6033667658019504 0.9779006445396586 1.0308324266655944 1.9017539686485074
120 1080 -0.9999765412715248 -0.5348525734039417 0.18735615647215764 0.9995630981179122 0.003759415810957041 0.019002446993729504 0.6033667658019504 0.9779006445396586 1.0308324266655944 1.9017539686485074
121 1089 -0.9999867346403221 -0.5282583223961905 0.1528844271870225 0.9997399872074109 0.0027609392347727906 0.013054417347333374 0.4179992200071375 0.99932436352432 1.1321589864873822 1.8827281952683084
122 1098 -0.9999867346403221 -0.5282583223961905 0.1528844271870225 0.9997399872074109 0.0027609392347727906 0.013054417347333374 0.4179992200071375 0.99932436352432 1.1321589864873822 1.8827281952683084
123 1107 -0.9999867346403221 -0.5282583223961905 0.1528844271870225 0.9997399872074109 0.0027609392347727906 0.013054417347333374 0.4179992200071375 0.99932436352432 1.1321589864873822 1.8827281952683084
124 1116 -0.9999867346403221 -0.5282583223961905 0.1528844271870225 0.9997399872074109 0.0027609392347727906 0.013054417347333374 0.4179992200071375 0.99932436352432 1.1321589864873822 1.8827281952683084
125 1125 -0.9999867346403221 -0.5282583223961905 0.1528844271870225 0.9997399872074109 0.0027609392347727906 0.013054417347333374 0.4179992200071375 0.99932436352432 1.1321589864873822 1.8827281952683084
126 1134 -0.9999867346403221 -0.5282583223961905 0.1528844271870225 0.9997399872074109 0.0027609392347727906 0.013054417347333374 0.4179992200071375 0.99932436352432 1.1321589864873822 1.8827281952683084
127 1143 -0.9999890013210329 -0.5707988604892101 0.1305617406704501 0.9998474998005162 0.002512995157694241 0.011057791781549775 0.3492009025577188 1.0161553399042007 1.1437412770592073 1.8807483500150357
128 1152 -0.9999890013210329 -0.5707988604892101 0.1305617406704501 0.9998474998005162 0.002512995157694241 0.011057791781549775 0.3492009025577188 1.0161553399042007 1.1437412770592073 1.8807483500150357
129 1161 -0.9999890013210329 -0.5707988604892101 0.1305617406704501 0.9998474998005162 0.002512995157694241 0.011057791781549775 0.3492009025577188 1.0161553399042007 1.1437412770592073 1.8807483500150357
130 1170 -0.9999890013210329 -0.5707988604892101 0.1305617406704501 0.9998474998005162 0.002512995157694241 0.011057791781549775 0.3492009025577188 1.0161553399042007 1.1437412770592073 1.8807483500150357
131 1179 -0.9999890013210329 -0.5707988604892101 0.1305617406704501 0.9998474998005162 0.002512995157694241 0.011057791781549775 0.3492009025577188 1.0161553399042007 1.1437412770592073 1.8807483500150357
132 1188 -0.9999890013210329 -0.5707988604892101 0.1305617406704501 0.9998474998005162 0.002512995157694241 0.011057791781549775 0.3492009025577188 1.0161553399042007 1.1437412770592073 1.8807483500150357
133 1197 -0.9999907523570521 -0.6316501033760322 0.05695063417119587 0.999885166089963 0.0022936775856714216 0.010490185064573176 0.2882643561162668 1.0199573314769 1.091510004760632 1.9196565597854431
134 1206 -0.9999907523570521 -0.6316501033760322 0.05695063417119587 0.999885166089963 0.0022936775856714216 0.010490185064573176 0.2882643561162668 1.0199573314769 1.091510004760632 1.9196565597854431
135 1215 -0.9999907523570521 -0.6316501033760322 0.05695063417119587 0.999885166089963 0.0022936775856714216 0.010490185064573176 0.2882643561162668 1.0199573314769 1.091510004760632 1.9196565597854431
136 1224 -0.9999907523570521 -0.6316501033760322 0.05695063417119587 0.999885166089963 0.0022936775856714216 0.010490185064573176 0.2882643561162668 1.0199573314769 1.091510004760632 1.9196565597854431
137 1233 -0.9999907523570521 -0.6316501033760322 0.05695063417119587 0.999885166089963 0.0022936775856714216 0.010490185064573176 0.2882643561162668 1.0199573314769 1.091510004760632 1.9196565597854431
138 1242 -0.9999907523570521 -0.6316501033760322 0.05695063417119587 0.999885166089963 0.0022936775856714216 0.010490185064573176 0.2882643561162668 1.0199573314769 1.091510004760632 1.9196565597854431
139 1251 -0.9999927149161548 -0.6554201550096646 0.23742769162409552 0.9999243151729178 0.001932211568787428 0.008913240596888231 0.33407538825695704 0.9271079512998504 1.1195625163332938 1.9430288403210942
140 1260 -0.9999927149161548 -0.6554201550096646 0.23742769162409552 0.9999243151729178 0.001932211568787428 0.008913240596888231 0.33407538825695704 0.9271079512998504 1.1195625163332938 1.9430288403210942
141 1269 -0.9999927149161548 -0.6554201550096646 0.23742769162409552 0.9999243151729178 0.001932211568787428 0.008913240596888231 0.33407538825695704 0.9271079512998504 1.1195625163332938 1.9430288403210942
142 1278 -0.9999927149161548 -0.6554201550096646 0.23742769162409552 0.9999243151729178 0.001932211568787428 0.008913240596888231 0.33407538825695704 0.9271079512998504 1.1195625163332938 1.9430288403210942
143 1287 -0.9999927149161548 -0.6554201550096646 0.23742769162409552 0.9999243151729178 0.001932211568787428 0.008913240596888231 0.33407538825695704 0.9271079512998504 1.1195625163332938 1.9430288403210942
144 1296 -0.9999927149161548 -0.6554201550096646 0.23742769162409552 0.9999243151729178 0.001932211568787428 0.008913240596888231 0.33407538825695704 0.9271079512998504 1.1195625163332938 1.9430288403210942
145 1305 -0.9999930552419738 -0.679702119041723 0.23423846933359704 0.9999180838636224 0.002159670611692889 0.009295115310467015 0.3192997729966403 0.920191493289328 1.0996303993823497 1.9601064236542562
146 1314 -0.9999930552419738 -0.679702119041723 0.23423846933359704 0.9999180838636224 0.002159670611692889 0.009295115310467015 0.3192997729966403 0.920191493289328 1.0996303993823497 1.9601064236542562
147 1323 -0.9999930552419738 -0.679702119041723 0.23423846933359704 0.9999180838636224 0.002159670611692889 0.009295115310467015 0.3192997729966403 0.920191493289328 1.0996303993823497 1.9601064236542562
148 1332 -0.9999930552419738 -0.679702119041723 0.23423846933359704 0.9999180838636224 0.002159670611692889 0.009295115310467015 0.3192997729966403 0.920191493289328 1.0996303993823497 1.9601064236542562
149 1341 -0.9999930552419738 -0.679702119041723 0.23423846933359704 0.9999180838636224 0.002159670611692889 0.009295115310467015 0.3192997729966403 0.920191493289328 1.0996303993823497 1.9601064236542562
150 1350 -0.9999930552419738 -0.679702119041723 0.23423846933359704 0.9999180838636224 0.002159670611692889 0.009295115310467015 0.3192997729966403 0.920191493289328 1.0996303993823497 1.9601064236542562
151 1359 -0.9999926094064714 -0.7016118323960544 0.185800255079488 0.9999246135457901 0.0021821884622951386 0.008416757250283085 0.23670754747272443 0.8931849684987995 1.1168802508798663 1.9745108382742995
152 1368 -0.9999926094064714 -0.7016118323960544 0.185800255079488 0.9999246135457901 0.0021821884622951386 0.008416757250283085 0.23670754747272443 0.8931849684987995 1.1168802508798663 1.9745108382742995
153 1377 -0.9999926094064714 -0.7016118323960544 0.185800255079488 0.9999246135457901 0.0021821884622951386 0.008416757250283085 0.23670754747272443 0.8931849684987995 1.1168802508798663 1.9745108382742995
154 1386 -0.9999926094064714 -0.7016118323960544 0.185800255079488 0.9999246135457901 0.0021821884622951386 0.008416757250283085 0.23670754747272443 0.8931849684987995 1.1168802508798663 1.9745108382742995
155 1395 -0.9999926094064714 -0.7016118323960544 0.185800255079488 0.9999246135457901 0.0021821884622951386 0.008416757250283085 0.23670754747272443 0.8931849684987995 1.1168802508798663 1.9745108382742995
156 1404 -0.9999926094064714 -0.7016118323960544 0.185800255079488 0.9999246135457901 0.0021821884622951386 0.008416757250283085 0.23670754747272443 0.8931849684987995 1.1168802508798663 1.9745108382742995
157 1413 -0.9999911074791641 -0.6936789315390781 0.12296094363856444 0.9999355276567297 0.0022929779241356845 0.008089906848763935 0.23636952682366447 0.966391080243278 1.068929234855777 1.9666055306912593
158 1422 -0.9999911074791641 -0.6936789315390781 0.12296094363856444 0.9999355276567297 0.0022929779241356845 0.008089906848763935 0.23636952682366447 0.966391080243278 1.068929234855777 1.9666055306912593
159 1431 -0.9999911074791641 -0.6936789315390781 0.12296094363856444 0.9999355276567297 0.0022929779241356845 0.008089906848763935 0.23636952682366447 0.966391080243278 1.068929234855777 1.9666055306912593
160 1440 -0.9999911074791641 -0.6936789315390781 0.12296094363856444 0.9999355276567297 0.0022929779241356845 0.008089906848763935 0.23636952682366447 0.966391080243278 1.068929234855777 1.9666055306912593
161 1449 -0.9999911074791641 -0.6936789315390781 0.12296094363856444 0.9999355276567297 0.0022929779241356845 0.008089906848763935 0.23636952682366447 0.966391080243278 1.068929234855777 1.9666055306912593
162 1458 -0.9999911074791641 -0.6936789315390781 0.12296094363856444 0.9999355276567297 0.0022929779241356845 0.008089906848763935 0.23636952682366447 0.966391080243278 1.068929234855777 1.9666055306912593
163 1467 -0.9999914284544378 -0.7163253838661114 0.13259370049722213 0.9999479664626296 0.0021440523402175026 0.007067459389868959 0.2163585733925653 0.9749523348929702 1.0545254380873932 1.9724549340581154
164 1476 -0.9999914284544378 -0.7163253838661114 0.13259370049722213 0.9999479664626296 0.0021440523402175026 0.007067459389868959 0.2163585733925653 0.9749523348929702 1.0545254380873932 1.9724549340581154
165 1485 -0.9999914284544378 -0.7163253838661114 0.13259370049722213 0.9999479664626296 0.0021440523402175026 0.007067459389868959 0.2163585733925653 0.9749523348929702 1.0545254380873932 1.9724549340581154
166 1494 -0.9999914284544378 -0.7163253838661114 0.13259370049722213 0.9999479664626296 0.0021440523402175026 0.007067459389868959 0.2163585733925653 0.9749523348929702 1.0545254380873932 1.9724549340581154
167 1503 -0.9999914284544378 -0.7163253838661114 0.13259370049722213 0.9999479664626296 0.0021440523402175026 0.007067459389868959 0.2163585733925653 0.9749523348929702 1.0545254380873932 1.9724549340581154
168 1512 -0.9999914284544378 -0.7163253838661114 0.13259370049722213 0.9999479664626296 0.0021440523402175026 0.007067459389868959 0.2163585733925653 0.9749523348929702 1.0545254380873932 1.9724549340581154
169 1521 -0.9999894849275993 -0.6873668464836744 0.22125419021444626 0.999934178409899 0.002281427881091821 0.007520622030053226 0.1934586002325011 0.8971360360541053 1.1517992241784074 1.9572985171716477
170 1530 -0.9999894849275993 -0.6873668464836744 0.22125419021444626 0.999934178409899 0.002281427881091821 0.007520622030053226 0.1934586002325011 0.8971360360541053 1.1517992241784074 1.9572985171716477
171 1539 -0.9999894849275993 -0.6873668464836744 0.22125419021444626 0.999934178409899 0.002281427881091821 0.007520622030053226 0.1934586002325011 0.8971360360541053 1.1517992241784074 1.9572985171716477
172 1548 -0.9999894849275993 -0.6873668464836744 0.22125419021444626 0.999934178409899 0.002281427881091821 0.007520622030053226 0.1934586002325011 0.8971360360541053 1.1517992241784074 1.9572985171716477
173 1557 -0.9999894849275993 -0.6873668464836744 0.22125419021444626 0.999934178409899 0.002281427881091821 0.007520622030053226 0.1934586002325011 0.8971360360541053 1.1517992241784074 1.9572985171716477
174 1566 -0.9999894849275993 -0.6873668464836744 0.22125419021444626 0.999934178409899 0.002281427881091821 0.007520622030053226 0.1934586002325011 0.8971360360541053 1.1517992241784074 1.9572985171716477
175 1575 -0.9999863798731401 -0.6811500045195004 0.19842293607756198 0.9999226475817813 0.0021501499189609933 0.007425003700307423 0.15359831194072807 0.8965076709498286 1.1461533843476366 1.9644221084636848
176 1584 -0.9999863798731401 -0.6811500045195004 0.19842293607756198 0.9999226475817813 0.0021501499189609933 0.007425003700307423 0.15359831194072807 0.8965076709498286 1.1461533843476366 1.9644221084636848
177 1593 -0.9999863798731401 -0.6811500045195004 0.19842293607756198 0.9999226475817813 0.0021501499189609933 0.007425003700307423 0.15359831194072807 0.8965076709498286 1.1461533843476366 1.9644221084636848
178 1602 -0.9999863798731401 -0.6811500045195004 0.19842293607756198 0.9999226475817813 0.0021501499189609933 0.007425003700307423 0.15359831194072807 0.8965076709498286 1.1461533843476366 1.9644221084636848
179 1611 -0.9999863798731401 -0.6811500045195004 0.19842293607756198 0.9999226475817813 0.0021501499189609933 0.007425003700307423 0.15359831194072807 0.8965076709498286 1.1461533843476366 1.9644221084636848
180 1620 -0.9999863798731401 -0.6811500045195004 0.19842293607756198 0.9999226475817813 0.0021501499189609933 0.007425003700307423 0.15359831194072807 0.8965076709498286 1.1461533843476366 1.9644221084636848
181 1629 -0.999982986583139 -0.7015275879310521 0.24199592180773072 0.9999448451115148 0.002172216489149872 0.00573367652914098 0.16242352523811904 0.7621283807428245 1.24568822946849 1.959847486695887
182 1638 -0.999982986583139 -0.7015275879310521 0.24199592180773072 0.9999448451115148 0.002172216489149872 0.00573367652914098 0.16242352523811904 0.7621283807428245 1.24568822946849 1.959847486695887
183 1647 -0.999982986583139 -0.7015275879310521 0.24199592180773072 0.9999448451115148 0.002172216489149872 0.00573367652914098 0.16242352523811904 0.7621283807428245 1.24568822946849 1.959847486695887
184 1656 -0.999982986583139 -0.7015275879310521 0.24199592180773072 0.9999448451115148 0.002172216489149872 0.00573367652914098 0.16242352523811904 0.7621283807428245 1.24568822946849 1.959847486695887
185 1665 -0.999982986583139 -0.7015275879310521 0.24199592180773072 0.9999448451115148 0.002172216489149872 0.00573367652914098 0.16242352523811904 0.7621283807428245 1.24568822946849 1.959847486695887
186 1674 -0.999982986583139 -0.7015275879310521 0.24199592180773072 0.9999448451115148 0.002172216489149872 0.00573367652914098 0.16242352523811904 0.7621283807428245 1.24568822946849 1.959847486695887
187 1683 -0.9999793666625578 -0.6638223318762502 0.23565778705385365 0.9999340960636919 0.00221122525172172 0.005231352689603333 0.13070839996431444 0.8897246230393314 1.1722143837401227 1.953762163447991
188 1692 -0.9999793666625578 -0.6638223318762502 0.23565778705385365 0.9999340960636919 0.00221122525172172 0.005231352689603333 0.13070839996431444 0.8897246230393314 1.1722143837401227 1.953762163447991
189 1701 -0.9999793666625578 -0.6638223318762502 0.23565778705385365 0.9999340960636919 0.00221122525172172 0.005231352689603333 0.13070839996431444 0.8897246230393314 1.1722143837401227 1.953762163447991
190 1710 -0.9999793666625578 -0.6638223318762502 0.23565778705385365 0.9999340960636919 0.00221122525172172 0.005231352689603333 0.13070839996431444 0.8897246230393314 1.1722143837401227 1.953762163447991
191 1719 -0.9999793666625578 -0.6638223318762502 0.23565778705385365 0.9999340960636919 0.00221122525172172 0.005231352689603333 0.13070839996431444 0.8897246230393314 1.1722143837401227 1.953762163447991
192 1728 -0.9999793666625578 -0.6638223318762502 0.23565778705385365 0.9999340960636919 0.00221122525172172 0.005231352689603333 0.13070839996431444 0.8897246230393314 1.1722143837401227 1.953762163447991
193 1737 -0.9999756554038935 -0.708558215326035 0.3359984216569395 0.9999113866544027 0.002097986322719257 0.005837840618555446 0.13138260418925884 0.7947572669493742 1.2212381957853768 1.9645962142824125
194 1746 -0.9999756554038935 -0.708558215326035 0.3359984216569395 0.9999113866544027 0.002097986322719257 0.005837840618555446 0.13138260418925884 0.7947572669493742 1.2212381957853768 1.9645962142824125
195 1755 -0.9999756554038935 -0.708558215326035 0.3359984216569395 0.9999113866544027 0.002097986322719257 0.005837840618555446 0.13138260418925884 0.7947572669493742 1.2212381957853768 1.9645962142824125
196 1764 -0.9999756554038935 -0.708558215326035 0.3359984216569395 0.9999113866544027 0.002097986322719257 0.005837840618555446 0.13138260418925884 0.7947572669493742 1.2212381957853768 1.9645962142824125
197 1773 -0.9999756554038935 -0.708558215326035 0.3359984216569395 0.9999113866544027 0.002097986322719257 0.005837840618555446 0.13138260418925884 0.7947572669493742 1.2212381957853768 1.9645962142824125
198 1782 -0.9999756554038935 -0.708558215326035 0.3359984216569395 0.9999113866544027 0.002097986322719257 0.005837840618555446 0.13138260418925884 0.7947572669493742 1.2212381957853768 1.9645962142824125
199 1791 -0.9999673868887301 -0.7029952677365143 0.3037552274758827 0.9999083661328254 0.0024071224585766986 0.006115015450085591 0.14932599709469166 0.8157866814750759 1.2019320179282142 1.9665986050910553
200 1800 -0.9999673868887301 -0.7029952677365143 0.3037552274758827 0.9999083661328254 0.0024071224585766986 0.006115015450085591 0.14932599709469166 0.8157866814750759 1.2019320179282142 1.9665986050910553
201 1809 -0.9999673868887301 -0.7029952677365143 0.3037552274758827 0.9999083661328254 0.0024071224585766986 0.006115015450085591 0.14932599709469166 0.8157866814750759 1.2019320179282142 1.9665986050910553
202 1818 -0.9999673868887301 -0.7029952677365143 0.3037552274758827 0.9999083661328254 0.0024071224585766986 0.006115015450085591 0.14932599709469166 0.8157866814750759 1.2019320179282142 1.9665986050910553
203 1827 -0.9999673868887301 -0.7029952677365143 0.3037552274758827 0.9999083661328254 0.0024071224585766986 0.006115015450085591 0.14932599709469166 0.8157866814750759 1.2019320179282142 1.9665986050910553
204 1836 -0.9999673868887301 -0.7029952677365143 0.3037552274758827 0.9999083661328254 0.0024071224585766986 0.006115015450085591 0.14932599709469166 0.8157866814750759 1.2019320179282142 1.9665986050910553
205 1845 -0.9999617316251864 -0.688972944647962 0.2607298853273411 0.999903590548532 0.0024883151706981705 0.00589437570476057 0.14543125162745404 0.8584672998232423 1.1855263236543874 1.9586653738526751
206 1854 -0.9999617316251864 -0.688972944647962 0.2607298853273411 0.999903590548532 0.0024883151706981705 0.00589437570476057 0.14543125162745404 0.8584672998232423 1.1855263236543874 1.9586653738526751
207 1863 -0.9999617316251864 -0.688972944647962 0.2607298853273411 0.999903590548532 0.0024883151706981705 0.00589437570476057 0.14543125162745404 0.8584672998232423 1.1855263236543874 1.9586653738526751
208 1872 -0.9999617316251864 -0.688972944647962 0.2607298853273411 0.999903590548532 0.0024883151706981705 0.00589437570476057 0.14543125162745404 0.8584672998232423 1.1855263236543874 1.9586653738526751
209 1881 -0.9999617316251864 -0.688972944647962 0.2607298853273411 0.999903590548532 0.0024883151706981705 0.00589437570476057 0.14543125162745404 0.8584672998232423 1.1855263236543874 1.9586653738526751
210 1890 -0.9999617316251864 -0.688972944647962 0.2607298853273411 0.999903590548532 0.0024883151706981705 0.00589437570476057 0.14543125162745404 0.8584672998232423 1.1855263236543874 1.9586653738526751
211 1899 -0.9999541144477988 -0.6645552876390027 0.18993431901428426 0.9999221338025064 0.002618208922966713 0.006278271376288731 0.12251646862217873 0.903263389960945 1.154166670900837 1.9588154551526424
212 1908 -0.9999541144477988 -0.6645552876390027 0.18993431901428426 0.9999221338025064 0.002618208922966713 0.006278271376288731 0.12251646862217873 0.903263389960945 1.154166670900837 1.9588154551526424
213 1917 -0.9999541144477988 -0.6645552876390027 0.18993431901428426 0.9999221338025064 0.002618208922966713 0.006278271376288731 0.12251646862217873 0.903263389960945 1.154166670900837 1.9588154551526424
214 1926 -0.9999541144477988 -0.6645552876390027 0.18993431901428426 0.9999221338025064 0.002618208922966713 0.006278271376288731 0.12251646862217873 0.903263389960945 1.154166670900837 1.9588154551526424
215 1935 -0.9999541144477988 -0.6645552876390027 0.18993431901428426 0.9999221338025064 0.002618208922966713 0.006278271376288731 0.12251646862217873 0.903263389960945 1.154166670900837 1.9588154551526424
216 1944 -0.9999541144477988 -0.6645552876390027 0.18993431901428426 0.9999221338025064 0.002618208922966713 0.006278271376288731 0.12251646862217873 0.903263389960945 1.154166670900837 1.9588154551526424
217 1953 -0.9999681374756565 -0.7382217460510637 0.22129285191501452 0.9999108085525199 0.0025794144292818556 0.006272490622743213 0.14281637472444061 0.9500245411846141 1.054856285523919 1.9910522528629933
218 1962 -0.9999681374756565 -0.7382217460510637 0.22129285191501452 0.9999108085525199 0.0025794144292818556 0.006272490622743213 0.14281637472444061 0.9500245411846141 1.054856285523919 1.9910522528629933
219 1971 -0.9999681374756565 -0.7382217460510637 0.22129285191501452 0.9999108085525199 0.0025794144292818556 0.006272490622743213 0.14281637472444061 0.9500245411846141 1.054856285523919 1.9910522528629933
220 1980 -0.9999681374756565 -0.7382217460510637 0.22129285191501452 0.9999108085525199 0.0025794144292818556 0.006272490622743213 0.14281637472444061 0.9500245411846141 1.054856285523919 1.9910522528629933
221 1989 -0.9999681374756565 -0.7382217460510637 0.22129285191501452 0.9999108085525199 0.0025794144292818556 0.006272490622743213 0.14281637472444061 0.9500245411846141 1.054856285523919 1.9910522528629933
222 1998 -0.9999681374756565 -0.7382217460510637 0.22129285191501452 0.9999108085525199 0.0025794144292818556 0.006272490622743213 0.14281637472444061 0.9500245411846141 1.054856285523919 1.9910522528629933
223 2007 -0.9999734860820073 -0.7665989904686971 0.27164453366867747 0.9999306400430851 0.002660413269392102 0.006408106700837742 0.13605994573309463 0.9356837722791141 1.0269967936528719 2.0127625328530687
224 2016 -0.9999734860820073 -0.7665989904686971 0.27164453366867747 0.9999306400430851 0.002660413269392102 0.006408106700837742 0.13605994573309463 0.9356837722791141 1.0269967936528719 2.0127625328530687
225 2025 -0.9999734860820073 -0.7665989904686971 0.27164453366867747 0.9999306400430851 0.002660413269392102 0.006408106700837742 0.13605994573309463 0.9356837722791141 1.0269967936528719 2.0127625328530687
226 2034 -0.9999734860820073 -0.7665989904686971 0.27164453366867747 0.9999306400430851 0.002660413269392102 0.006408106700837742 0.13605994573309463 0.9356837722791141 1.0269967936528719 2.0127625328530687
227 2043 -0.9999734860820073 -0.7665989904686971 0.27164453366867747 0.9999306400430851 0.002660413269392102 0.006408106700837742 0.13605994573309463 0.9356837722791141 1.0269967936528719 2.0127625328530687
228 2052 -0.9999734860820073 -0.7665989904686971 0.27164453366867747 0.9999306400430851 0.002660413269392102 0.006408106700837742 0.13605994573309463 0.9356837722791141 1.0269967936528719 2.0127625328530687
229 2061 -0.9999532364003132 -0.7183617693681925 0.10529478392559652 0.9999484068445788 0.002793802763598302 0.005833400015045933 0.13482274025965812 0.9796488470738335 1.0588013527980857 1.97509716889046
230 2070 -0.9999532364003132 -0.7183617693681925 0.10529478392559652 0.9999484068445788 0.002793802763598302 0.005833400015045933 0.13482274025965812 0.9796488470738335 1.0588013527980857 1.97509716889046
231 2079 -0.9999532364003132 -0.7183617693681925 0.10529478392559652 0.9999484068445788 0.002793802763598302 0.005833400015045933 0.13482274025965812 0.9796488470738335 1.0588013527980857 1.97509716889046
232 2088 -0.9999532364003132 -0.7183617693681925 0.10529478392559652 0.9999484068445788 0.002793802763598302 0.005833400015045933 0.13482274025965812 0.9796488470738335 1.0588013527980857 1.97509716889046
233 2097 -0.9999532364003132 -0.7183617693681925 0.10529478392559652 0.9999484068445788 0.002793802763598302 0.005833400015045933 0.13482274025965812 0.9796488470738335 1.0588013527980857 1.97509716889046
234 2106 -0.9999532364003132 -0.7183617693681925 0.10529478392559652 0.9999484068445788 0.002793802763598302 0.005833400015045933 0.13482274025965812 0.9796488470738335 1.0588013527980857 1.97509716889046
235 2115 -0.9999751805535265 -0.7661080498590584 0.20918354404533002 0.9999492097281475 0.001709580295241604 0.004441684651806879 0.12913708512652927 0.8855546420128954 1.1027867411393746 1.9957342863202758
236 2124 -0.9999751805535265 -0.7661080498590584 0.20918354404533002 0.9999492097281475 0.001709580295241604 0.004441684651806879 0.12913708512652927 0.8855546420128954 1.1027867411393746 1.9957342863202758
237 2133 -0.9999751805535265 -0.7661080498590584 0.20918354404533002 0.9999492097281475 0.001709580295241604 0.004441684651806879 0.12913708512652927 0.8855546420128954 1.1027867411393746 1.9957342863202758
238 2142 -0.9999751805535265 -0.7661080498590584 0.20918354404533002 0.9999492097281475 0.001709580295241604 0.004441684651806879 0.12913708512652927 0.8855546420128954 1.1027867411393746 1.9957342863202758
239 2151 -0.9999751805535265 -0.7661080498590584 0.20918354404533002 0.9999492097281475 0.001709580295241604 0.004441684651806879 0.12913708512652927 0.8855546420128954 1.1027867411393746 1.9957342863202758
240 2160 -0.9999751805535265 -0.7661080498590584 0.20918354404533002 0.9999492097281475 0.001709580295241604 0.004441684651806879 0.12913708512652927 0.8855546420128954 1.1027867411393746 1.9957342863202758
241 2169 -0.9999743676882737 -0.7890632074072429 0.08830054830515115 0.9999389329754937 0.0015361712696241403 0.0044982307675078825 0.10822939114945339 0.8466619979497967 1.147927937266419 1.988388472371567
242 2178 -0.9999743676882737 -0.7890632074072429 0.08830054830515115 0.9999389329754937 0.0015361712696241403 0.0044982307675078825 0.10822939114945339 0.8466619979497967 1.147927937266419 1.988388472371567
243 2187 -0.9999743676882737 -0.7890632074072429 0.08830054830515115 0.9999389329754937 0.0015361712696241403 0.0044982307675078825 0.10822939114945339 0.8466619979497967 1.147927937266419 1.988388472371567
244 2196 -0.9999743676882737 -0.7890632074072429 0.08830054830515115 0.9999389329754937 0.0015361712696241403 0.0044982307675078825 0.10822939114945339 0.8466619979497967 1.147927937266419 1.988388472371567
245 2205 -0.9999743676882737 -0.7890632074072429 0.08830054830515115 0.9999389329754937 0.0015361712696241403 0.0044982307675078825 0.10822939114945339 0.8466619979497967 1.147927937266419 1.988388472371567
246 2214 -0.9999743676882737 -0.7890632074072429 0.08830054830515115 0.9999389329754937 0.0015361712696241403 0.0044982307675078825 0.10822939114945339 0.8466619979497967 1.147927937266419 1.988388472371567
247 2223 -0.9999676757763651 -0.8029178435254548 0.237613037584539 0.9999298959206916 0.0018792728868066684 0.004494832632655142 0.07543754462752848 0.7319264040684412 1.1711531827633554 2.0216254359312695
248 2232 -0.9999676757763651 -0.8029178435254548 0.237613037584539 0.9999298959206916 0.0018792728868066684 0.004494832632655142 0.07543754462752848 0.7319264040684412 1.1711531827633554 2.0216254359312695
249 2241 -0.9999676757763651 -0.8029178435254548 0.237613037584539 0.9999298959206916 0.0018792728868066684 0.004494832632655142 0.07543754462752848 0.7319264040684412 1.1711531827633554 2.0216254359312695
250 2250 -0.9999676757763651 -0.8029178435254548 0.237613037584539 0.9999298959206916 0.0018792728868066684 0.004494832632655142 0.07543754462752848 0.7319264040684412 1.1711531827633554 2.0216254359312695
251 2259 -0.9999676757763651 -0.8029178435254548 0.237613037584539 0.9999298959206916 0.0018792728868066684 0.004494832632655142 0.07543754462752848 0.7319264040684412 1.1711531827633554 2.0216254359312695
252 2268 -0.9999676757763651 -0.8029178435254548 0.237613037584539 0.9999298959206916 0.0018792728868066684 0.004494832632655142 0.07543754462752848 0.7319264040684412 1.1711531827633554 2.0216254359312695
253 2277 -0.9999538486919445 -0.783524965915542 0.25826180284473627 0.9998973042846346 0.003066396381424936 0.005302889394676543 0.07422855031636887 0.7864411976949386 1.1292082884565735 2.0250559208931387
254 2286 -0.9999538486919445 -0.783524965915542 0.25826180284473627 0.9998973042846346 0.003066396381424936 0.005302889394676543 0.07422855031636887 0.7864411976949386 1.1292082884565735 2.0250559208931387
255 2295 -0.9999538486919445 -0.783524965915542 0.25826180284473627 0.9998973042846346 0.003066396381424936 0.005302889394676543 0.07422855031636887 0.7864411976949386 1.1292082884565735 2.0250559208931387
256 2304 -0.9999538486919445 -0.783524965915542 0.25826180284473627 0.9998973042846346 0.003066396381424936 0.005302889394676543 0.07422855031636887 0.7864411976949386 1.1292082884565735 2.0250559208931387
257 2313 -0.9999538486919445 -0.783524965915542 0.25826180284473627 0.9998973042846346 0.003066396381424936 0.005302889394676543 0.07422855031636887 0.7864411976949386 1.1292082884565735 2.0250559208931387
258 2322 -0.9999538486919445 -0.783524965915542 0.25826180284473627 0.9998973042846346 0.003066396381424936 0.005302889394676543 0.07422855031636887 0.7864411976949386 1.1292082884565735 2.0250559208931387
259 2331 -0.9999382942286763 -0.7873869022694587 0.2603284517608853 0.9998982369376632 0.004467475859131521 0.006547026076365397 0.05947416548229722 0.8204866433934448 1.0997029179600164 2.0282640760000588
260 2340 -0.9999382942286763 -0.7873869022694587 0.2603284517608853 0.9998982369376632 0.004467475859131521 0.006547026076365397 0.05947416548229722 0.8204866433934448 1.0997029179600164 2.0282640760000588
261 2349 -0.9999382942286763 -0.7873869022694587 0.2603284517608853 0.9998982369376632 0.004467475859131521 0.006547026076365397 0.05947416548229722 0.8204866433934448 1.0997029179600164 2.0282640760000588
262 2358 -0.9999382942286763 -0.7873869022694587 0.2603284517608853 0.9998982369376632 0.004467475859131521 0.006547026076365397 0.05947416548229722 0.8204866433934448 1.0997029179600164 2.0282640760000588
263 2367 -0.9999382942286763 -0.7873869022694587 0.2603284517608853 0.9998982369376632 0.004467475859131521 0.006547026076365397 0.05947416548229722 0.8204866433934448 1.0997029179600164 2.0282640760000588
264 2376 -0.9999382942286763 -0.7873869022694587 0.2603284517608853 0.9998982369376632 0.004467475859131521 0.006547026076365397 0.05947416548229722 0.8204866433934448 1.0997029179600164 2.0282640760000588
265 2385 -0.9999162251815552 -0.7977183643522961 0.27987312493594596 0.9998989869821913 0.004710666903175169 0.0069175951920133075 0.06096170554824372 0.7334774426717433 1.1545197740576847 2.0310855617999577
266 2394 -0.9999162251815552 -0.7977183643522961 0.27987312493594596 0.9998989869821913 0.004710666903175169 0.0069175951920133075 0.06096170554824372 0.7334774426717433 1.1545197740576847 2.0310855617999577
267 2403 -0.9999162251815552 -0.7977183643522961 0.27987312493594596 0.9998989869821913 0.004710666903175169 0.0069175951920133075 0.06096170554824372 0.7334774426717433 1.1545197740576847 2.0310855617999577
268 2412 -0.9999162251815552 -0.7977183643522961 0.27987312493594596 0.9998989869821913 0.004710666903175169 0.0069175951920133075 0.06096170554824372 0.7334774426717433 1.1545197740576847 2.0310855617999577
269 2421 -0.9999162251815552 -0.7977183643522961 0.27987312493594596 0.9998989869821913 0.004710666903175169 0.0069175951920133075 0.06096170554824372 0.7334774426717433 1.1545197740576847 2.0310855617999577
270 2430 -0.9999162251815552 -0.7977183643522961 0.27987312493594596 0.9998989869821913 0.004710666903175169 0.0069175951920133075 0.06096170554824372 0.7334774426717433 1.1545197740576847 2.0310855617999577
271 2439 -0.9999136085553194 -0.7981310678921874 0.304659706924884 0.999946990852862 0.004654204187417122 0.007169880715435525 0.052073972918943945 0.7596002412372042 1.1152543226861844 2.0436316942591453
272 2448 -0.9999136085553194 -0.7981310678921874 0.304659706924884 0.999946990852862 0.004654204187417122 0.007169880715435525 0.052073972918943945 0.7596002412372042 1.1152543226861844 2.0436316942591453
273 2457 -0.9999136085553194 -0.7981310678921874 0.304659706924884 0.999946990852862 0.004654204187417122 0.007169880715435525 0.052073972918943945 0.7596002412372042 1.1152543226861844 2.0436316942591453
274 2466 -0.9999136085553194 -0.7981310678921874 0.304659706924884 0.999946990852862 0.004654204187417122 0.007169880715435525 0.052073972918943945 0.7596002412372042 1.1152543226861844 2.0436316942591453
275 2475 -0.9999136085553194 -0.7981310678921874 0.304659706924884 0.999946990852862 0.004654204187417122 0.007169880715435525 0.052073972918943945 0.7596002412372042 1.1152543226861844 2.0436316942591453
276 2484 -0.9999136085553194 -0.7981310678921874 0.304659706924884 0.999946990852862 0.004654204187417122 0.007169880715435525 0.052073972918943945 0.7596002412372042 1.1152543226861844 2.0436316942591453
277 2493 -0.9999116446365457 -0.8209182681028708 0.3677760880428519 0.9999652355479336 0.003287959565439733 0.008003463504005858 0.050328313831796916 0.7377097752143151 1.0757820818561405 2.072647918637218
278 2502 -0.9999116446365457 -0.8209182681028708 0.3677760880428519 0.9999652355479336 0.003287959565439733 0.008003463504005858 0.050328313831796916 0.7377097752143151 1.0757820818561405 2.072647918637218
279 2511 -0.9999116446365457 -0.8209182681028708 0.3677760880428519 0.9999652355479336 0.003287959565439733 0.008003463504005858 0.050328313831796916 0.7377097752143151 1.0757820818561405 2.072647918637218
280 2520 -0.9999116446365457 -0.8209182681028708 0.3677760880428519 0.9999652355479336 0.003287959565439733 0.008003463504005858 0.050328313831796916 0.7377097752143151 1.0757820818561405 2.072647918637218
281 2529 -0.9999116446365457 -0.8209182681028708 0.3677760880428519 0.9999652355479336 0.003287959565439733 0.008003463504005858 0.050328313831796916 0.7377097752143151 1.0757820818561405 2.072647918637218
282 2538 -0.9999116446365457 -0.8209182681028708 0.3677760880428519 0.9999652355479336 0.003287959565439733 0.008003463504005858 0.050328313831796916 0.7377097752143151 1.0757820818561405 2.072647918637218
283 2547 -0.9999214566647375 -0.8365632518434064 0.43968688733148364 0.9999814299851738 0.0022727536413210043 0.0064859336975033165 0.0492191388023294 0.8496387028000962 0.98758275005706 2.073722409129153
284 2556 -0.9999214566647375 -0.8365632518434064 0.43968688733148364 0.9999814299851738 0.0022727536413210043 0.0064859336975033165 0.0492191388023294 0.8496387028000962 0.98758275005706 2.073722409129153
285 2565 -0.9999214566647375 -0.8365632518434064 0.43968688733148364 0.9999814299851738 0.0022727536413210043 0.0064859336975033165 0.0492191388023294 0.8496387028000962 0.98758275005706 2.073722409129153
286 2574 -0.9999214566647375 -0.8365632518434064 0.43968688733148364 0.9999814299851738 0.0022727536413210043 0.0064859336975033165 0.0492191388023294 0.8496387028000962 0.98758275005706 2.073722409129153
287 2583 -0.9999214566647375 -0.8365632518434064 0.43968688733148364 0.9999814299851738 0.0022727536413210043 0.0064859336975033165 0.0492191388023294 0.8496387028000962 0.98758275005706 2.073722409129153
288 2592 -0.9999214566647375 -0.8365632518434064 0.43968688733148364 0.9999814299851738 0.0022727536413210043 0.0064859336975033165 0.0492191388023294 0.8496387028000962 0.98758275005706 2.073722409129153
289 2601 -0.999909443337175 -0.8492267534375576 0.43174311814910526 0.9999788809321005 0.0025004018367524874 0.006049393962427947 0.06563228847859574 0.7723854895809774 1.0638688761955513 2.0657330963315594
290 2610 -0.999909443337175 -0.8492267534375576 0.43174311814910526 0.9999788809321005 0.0025004018367524874 0.006049393962427947 0.06563228847859574 0.7723854895809774 1.0638688761955513 2.0657330963315594
291 2619 -0.999909443337175 -0.8492267534375576 0.43174311814910526 0.9999788809321005 0.0025004018367524874 0.006049393962427947 0.06563228847859574 0.7723854895809774 1.0638688761955513 2.0657330963315594
292 2628 -0.999909443337175 -0.8492267534375576 0.43174311814910526 0.9999788809321005 0.0025004018367524874 0.006049393962427947 0.06563228847859574 0.7723854895809774 1.0638688761955513 2.0657330963315594
293 2637 -0.999909443337175 -0.8492267534375576 0.43174311814910526 0.9999788809321005 0.0025004018367524874 0.006049393962427947 0.06563228847859574 0.7723854895809774 1.0638688761955513 2.0657330963315594
294 2646 -0.999909443337175 -0.8492267534375576 0.43174311814910526 0.9999788809321005 0.0025004018367524874 0.006049393962427947 0.06563228847859574 0.7723854895809774 1.0638688761955513 2.0657330963315594
295 2655 -0.9999326174723575 -0.8658748023131739 0.4820073241629302 0.9999768685662749 0.002568209493474663 0.004969129442919774 0.058871351743995805 0.7474049600114767 0.9845246033307662 2.1139063383184826
296 2664 -0.9999326174723575 -0.8658748023131739 0.4820073241629302 0.9999768685662749 0.002568209493474663 0.004969129442919774 0.058871351743995805 0.7474049600114767 0.9845246033307662 2.1139063383184826
297 2673 -0.9999326174723575 -0.8658748023131739 0.4820073241629302 0.9999768685662749 0.002568209493474663 0.004969129442919774 0.058871351743995805 0.7474049600114767 0.9845246033307662 2.1139063383184826
298 2682 -0.9999326174723575 -0.8658748023131739 0.4820073241629302 0.9999768685662749 0.002568209493474663 0.004969129442919774 0.058871351743995805 0.7474049600114767 0.9845246033307662 2.1139063383184826
299 2691 -0.9999326174723575 -0.8658748023131739 0.4820073241629302 0.9999768685662749 0.002568209493474663 0.004969129442919774 0.058871351743995805 0.7474049600114767 0.9845246033307662 2.1139063383184826
300 2700 -0.9999326174723575 -0.8658748023131739 0.4820073241629302 0.9999768685662749 0.002568209493474663 0.004969129442919774 0.058871351743995805 0.7474049600114767 0.9845246033307662 2.1139063383184826
301 2709 -0.999901989580768 -0.8618639138609988 0.4501449510297625 0.9999650265618992 0.0032340244912204595 0.00615200356437552 0.0636878051527875 0.7710662786856873 1.0062572861487469 2.0949459719426944
302 2718 -0.999901989580768 -0.8618639138609988 0.4501449510297625 0.9999650265618992 0.0032340244912204595 0.00615200356437552 0.0636878051527875 0.7710662786856873 1.0062572861487469 2.0949459719426944
303 2727 -0.999901989580768 -0.8618639138609988 0.4501449510297625 0.9999650265618992 0.0032340244912204595 0.00615200356437552 0.0636878051527875 0.7710662786856873 1.0062572861487469 2.0949459719426944
304 2736 -0.999901989580768 -0.8618639138609988 0.4501449510297625 0.9999650265618992 0.0032340244912204595 0.00615200356437552 0.0636878051527875 0.7710662786856873 1.0062572861487469 2.0949459719426944
305 2745 -0.999901989580768 -0.8618639138609988 0.4501449510297625 0.9999650265618992 0.0032340244912204595 0.00615200356437552 0.0636878051527875 0.7710662786856873 1.0062572861487469 2.0949459719426944
306 2754 -0.999901989580768 -0.8618639138609988 0.4501449510297625 0.9999650265618992 0.0032340244912204595 0.00615200356437552 0.0636878051527875 0.7710662786856873 1.0062572861487469 2.0949459719426944
307 2763 -0.9998842754341144 -0.8848758546305304 0.5338384183343963 0.9999620091371202 0.0026822188971080876 0.005812364262413246 0.062037165390939 0.7121122267905257 0.9800328146745221 2.1280371873748583
308 2772 -0.9998842754341144 -0.8848758546305304 0.5338384183343963 0.9999620091371202 0.0026822188971080876 0.005812364262413246 0.062037165390939 0.7121122267905257 0.9800328146745221 2.1280371873748583
309 2781 -0.9998842754341144 -0.8848758546305304 0.5338384183343963 0.9999620091371202 0.0026822188971080876 0.005812364262413246 0.062037165390939 0.7121122267905257 0.9800328146745221 2.1280371873748583
310 2790 -0.9998842754341144 -0.8848758546305304 0.5338384183343963 0.9999620091371202 0.0026822188971080876 0.005812364262413246 0.062037165390939 0.7121122267905257 0.9800328146745221 2.1280371873748583
311 2799 -0.9998842754341144 -0.8848758546305304 0.5338384183343963 0.9999620091371202 0.0026822188971080876 0.005812364262413246 0.062037165390939 0.7121122267905257 0.9800328146745221 2.1280371873748583
312 2808 -0.9998842754341144 -0.8848758546305304 0.5338384183343963 0.9999620091371202 0.0026822188971080876 0.005812364262413246 0.062037165390939 0.7121122267905257 0.9800328146745221 2.1280371873748583
313 2817 -0.9999023645687145 -0.9117896413289516 0.5970208878711835 0.9999722818679286 0.002459338156772303 0.005406586469640225 0.05171001988492669 0.6808257649182766 0.9467458867846743 2.153471452794724
314 2826 -0.9999023645687145 -0.9117896413289516 0.5970208878711835 0.9999722818679286 0.002459338156772303 0.005406586469640225 0.05171001988492669 0.6808257649182766 0.9467458867846743 2.153471452794724
315 2835 -0.9999023645687145 -0.9117896413289516 0.5970208878711835 0.9999722818679286 0.002459338156772303 0.005406586469640225 0.05171001988492669 0.6808257649182766 0.9467458867846743 2.153471452794724
316 2844 -0.9999023645687145 -0.9117896413289516 0.5970208878711835 0.9999722818679286 0.002459338156772303 0.005406586469640225 0.05171001988492669 0.6808257649182766 0.9467458867846743 2.153471452794724
317 2853 -0.9999023645687145 -0.9117896413289516 0.5970208878711835 0.9999722818679286 0.002459338156772303 0.005406586469640225 0.05171001988492669 0.6808257649182766 0.9467458867846743 2.153471452794724
318 2862 -0.9999023645687145 -0.9117896413289516 0.5970208878711835 0.9999722818679286 0.002459338156772303 0.005406586469640225 0.05171001988492669 0.6808257649182766 0.9467458867846743 2.153471452794724
319 2871 -0.9998904837544436 -0.9152985064417202 0.6207899803446602 0.9999688591633746 0.002789776545918045 0.0050719507977769135 0.05045715659335662 0.6647307786082907 0.9258403430343538 2.1675731173345203
320 2880 -0.9998904837544436 -0.9152985064417202 0.6207899803446602 0.9999688591633746 0.002789776545918045 0.0050719507977769135 0.05045715659335662 0.6647307786082907 0.9258403430343538 2.1675731173345203
321 2889 -0.9998904837544436 -0.9152985064417202 0.6207899803446602 0.9999688591633746 0.002789776545918045 0.0050719507977769135 0.05045715659335662 0.6647307786082907 0.9258403430343538 2.1675731173345203
322 2898 -0.9998904837544436 -0.9152985064417202 0.6207899803446602 0.9999688591633746 0.002789776545918045 0.0050719507977769135 0.05045715659335662 0.6647307786082907 0.9258403430343538 2.1675731173345203
323 2907 -0.9998904837544436 -0.9152985064417202 0.6207899803446602 0.9999688591633746 0.002789776545918045 0.0050719507977769135 0.05045715659335662 0.6647307786082907 0.9258403430343538 2.1675731173345203
324 2916 -0.9998904837544436 -0.9152985064417202 0.6207899803446602 0.9999688591633746 0.002789776545918045 0.0050719507977769135 0.05045715659335662 0.6647307786082907 0.9258403430343538 2.1675731173345203
325 2925 -0.9998908620999973 -0.9157172067624199 0.6392637658221416 0.9999716217464073 0.002723137464078416 0.00603136074638939 0.04407198810168404 0.6392834096308505 0.8945890205622888 2.1883877795159674
326 2934 -0.9998908620999973 -0.9157172067624199 0.6392637658221416 0.9999716217464073 0.002723137464078416 0.00603136074638939 0.04407198810168404 0.6392834096308505 0.8945890205622888 2.1883877795159674
327 2943 -0.9998908620999973 -0.9157172067624199 0.6392637658221416 0.9999716217464073 0.002723137464078416 0.00603136074638939 0.04407198810168404 0.6392834096308505 0.8945890205622888 2.1883877795159674
328 2952 -0.9998908620999973 -0.9157172067624199 0.6392637658221416 0.9999716217464073 0.002723137464078416 0.00603136074638939 0.04407198810168404 0.6392834096308505 0.8945890205622888 2.1883877795159674
329 2961 -0.9998908620999973 -0.9157172067624199 0.6392637658221416 0.9999716217464073 0.002723137464078416 0.00603136074638939 0.04407198810168404 0.6392834096308505 0.8945890205622888 2.1883877795159674
330 2970 -0.9998908620999973 -0.9157172067624199 0.6392637658221416 0.9999716217464073 0.002723137464078416 0.00603136074638939 0.04407198810168404 0.6392834096308505 0.8945890205622888 2.1883877795159674
331 2979 -0.9998359339516927 -0.8823402095354511 0.48968869785428026 0.9999543560326982 0.002692512471885611 0.006919446804833881 0.054677112983319516 0.734871386923548 1.0255349047649742 2.0988562334609933
332 2988 -0.9998359339516927 -0.8823402095354511 0.48968869785428026 0.9999543560326982 0.002692512471885611 0.006919446804833881 0.054677112983319516 0.734871386923548 1.0255349047649742 2.0988562334609933
333 2997 -0.9998359339516927 -0.8823402095354511 0.48968869785428026 0.9999543560326982 0.002692512471885611 0.006919446804833881 0.054677112983319516 0.734871386923548 1.0255349047649742 2.0988562334609933
334 3006 -0.9998359339516927 -0.8823402095354511 0.48968869785428026 0.9999543560326982 0.002692512471885611 0.006919446804833881 0.054677112983319516 0.734871386923548 1.0255349047649742 2.0988562334609933
335 3015 -0.9998359339516927 -0.8823402095354511 0.48968869785428026 0.9999543560326982 0.002692512471885611 0.006919446804833881 0.054677112983319516 0.734871386923548 1.0255349047649742 2.0988562334609933
336 3024 -0.9998359339516927 -0.8823402095354511 0.48968869785428026 0.9999543560326982 0.002692512471885611 0.006919446804833881 0.054677112983319516 0.734871386923548 1.0255349047649742 2.0988562334609933
337 3033 -0.9998601458650938 -0.8993693629248247 0.5431628496858182 0.9999526467377282 0.002472410717638964 0.00703902102280644 0.05502600610610931 0.6900523808584755 1.012500786742757 2.120279780250036
338 3042 -0.9998601458650938 -0.8993693629248247 0.5431628496858182 0.9999526467377282 0.002472410717638964 0.00703902102280644 0.05502600610610931 0.6900523808584755 1.012500786742757 2.120279780250036
339 3051 -0.9998601458650938 -0.8993693629248247 0.5431628496858182 0.9999526467377282 0.002472410717638964 0.00703902102280644 0.05502600610610931 0.6900523808584755 1.012500786742757 2.120279780250036
340 3060 -0.9998601458650938 -0.8993693629248247 0.5431628496858182 0.9999526467377282 0.002472410717638964 0.00703902102280644 0.05502600610610931 0.6900523808584755 1.012500786742757 2.120279780250036
341 3069 -0.9998601458650938 -0.8993693629248247 0.5431628496858182 0.9999526467377282 0.002472410717638964 0.00703902102280644 0.05502600610610931 0.6900523808584755 1.012500786742757 2.120279780250036
342 3078 -0.9998601458650938 -0.8993693629248247 0.5431628496858182 0.9999526467377282 0.002472410717638964 0.00703902102280644 0.05502600610610931 0.6900523808584755 1.012500786742757 2.120279780250036
343 3087 -0.9998212487465288 -0.9088516208297566 0.5560337688089512 0.9999310694416137 0.002624474581092006 0.007382499583537051 0.06783528577911976 0.678878137653043 1.0001224249606013 2.129369999352861
344 3096 -0.9998212487465288 -0.9088516208297566 0.5560337688089512 0.9999310694416137 0.002624474581092006 0.007382499583537051 0.06783528577911976 0.678878137653043 1.0001224249606013 2.129369999352861
345 3105 -0.9998212487465288 -0.9088516208297566 0.5560337688089512 0.9999310694416137 0.002624474581092006 0.007382499583537051 0.06783528577911976 0.678878137653043 1.0001224249606013 2.129369999352861
346 3114 -0.9998212487465288 -0.9088516208297566 0.5560337688089512 0.9999310694416137 0.002624474581092006 0.007382499583537051 0.06783528577911976 0.678878137653043 1.0001224249606013 2.129369999352861
347 3123 -0.9998212487465288 -0.9088516208297566 0.5560337688089512 0.9999310694416137 0.002624474581092006 0.007382499583537051 0.06783528577911976 0.678878137653043 1.0001224249606013 2.129369999352861
348 3132 -0.9998212487465288 -0.9088516208297566 0.5560337688089512 0.9999310694416137 0.002624474581092006 0.007382499583537051 0.06783528577911976 0.678878137653043 1.0001224249606013 2.129369999352861
349 3141 -0.9998784123205717 -0.8861139187968023 0.48086909308495446 0.9999351787011299 0.0026043316639795906 0.006405841842460603 0.05492023770527471 0.7672422611317522 0.9993527664783235 2.0998974524968657
350 3150 -0.9998784123205717 -0.8861139187968023 0.48086909308495446 0.9999351787011299 0.0026043316639795906 0.006405841842460603 0.05492023770527471 0.7672422611317522 0.9993527664783235 2.0998974524968657
351 3159 -0.9998784123205717 -0.8861139187968023 0.48086909308495446 0.9999351787011299 0.0026043316639795906 0.006405841842460603 0.05492023770527471 0.7672422611317522 0.9993527664783235 2.0998974524968657
352 3168 -0.9998784123205717 -0.8861139187968023 0.48086909308495446 0.9999351787011299 0.0026043316639795906 0.006405841842460603 0.05492023770527471 0.7672422611317522 0.9993527664783235 2.0998974524968657
353 3177 -0.9998784123205717 -0.8861139187968023 0.48086909308495446 0.9999351787011299 0.0026043316639795906 0.006405841842460603 0.05492023770527471 0.7672422611317522 0.9993527664783235 2.0998974524968657
354 3186 -0.9998784123205717 -0.8861139187968023 0.48086909308495446 0.9999351787011299 0.0026043316639795906 0.006405841842460603 0.05492023770527471 0.7672422611317522 0.9993527664783235 2.0998974524968657
355 3195 -0.9999005914834779 -0.8827130866586311 0.45886600756202506 0.9999398451753042 0.002223701890384815 0.004900679510835103 0.04942776824752145 0.7994059184653554 0.9936554985132542 2.0907240042658053
356 3204 -0.9999005914834779 -0.8827130866586311 0.45886600756202506 0.9999398451753042 0.002223701890384815 0.004900679510835103 0.04942776824752145 0.7994059184653554 0.9936554985132542 2.0907240042658053
357 3213 -0.9999005914834779 -0.8827130866586311 0.45886600756202506 0.9999398451753042 0.002223701890384815 0.004900679510835103 0.04942776824752145 0.7994059184653554 0.9936554985132542 2.0907240042658053
358 3222 -0.9999005914834779 -0.8827130866586311 0.45886600756202506 0.9999398451753042 0.002223701890384815 0.004900679510835103 0.04942776824752145 0.7994059184653554 0.9936554985132542 2.0907240042658053
359 3231 -0.9999005914834779 -0.8827130866586311 0.45886600756202506 0.9999398451753042 0.002223701890384815 0.004900679510835103 0.04942776824752145 0.7994059184653554 0.9936554985132542 2.0907240042658053
360 3240 -0.9999005914834779 -0.8827130866586311 0.45886600756202506 0.9999398451753042 0.002223701890384815 0.004900679510835103 0.04942776824752145 0.7994059184653554 0.9936554985132542 2.0907240042658053
361 3249 -0.9998266580586584 -0.9092001794232818 0.5505388754608072 0.9999372269419775 0.002494371640155315 0.005827138053775079 0.06782939901215966 0.6970167585454333 0.9982148032136003 2.1244043494951526
362 3258 -0.9998266580586584 -0.9092001794232818 0.5505388754608072 0.9999372269419775 0.002494371640155315 0.005827138053775079 0.06782939901215966 0.6970167585454333 0.9982148032136003 2.1244043494951526
363 3267 -0.9998266580586584 -0.9092001794232818 0.5505388754608072 0.9999372269419775 0.002494371640155315 0.005827138053775079 0.06782939901215966 0.6970167585454333 0.9982148032136003 2.1244043494951526
364 3276 -0.9998266580586584 -0.9092001794232818 0.5505388754608072 0.9999372269419775 0.002494371640155315 0.005827138053775079 0.06782939901215966 0.6970167585454333 0.9982148032136003 2.1244043494951526
365 3285 -0.9998266580586584 -0.9092001794232818 0.5505388754608072 0.9999372269419775 0.002494371640155315 0.005827138053775079 0.06782939901215966 0.6970167585454333 0.9982148032136003 2.1244043494951526
366 3294 -0.9998266580586584 -0.9092001794232818 0.5505388754608072 0.9999372269419775 0.002494371640155315 0.005827138053775079 0.06782939901215966 0.6970167585454333 0.9982148032136003 2.1244043494951526
367 3303 -0.9997834752005558 -0.9239265116810371 0.5918346750791794 0.9999187371522333 0.0028103119330996134 0.006748333184406114 0.07686907261649356 0.6277745515270045 1.0052697134161879 2.1422814062499715
368 3312 -0.9997834752005558 -0.9239265116810371 0.5918346750791794 0.9999187371522333 0.0028103119330996134 0.006748333184406114 0.07686907261649356 0.6277745515270045 1.0052697134161879 2.1422814062499715
369 3321 -0.9997834752005558 -0.9239265116810371 0.5918346750791794 0.9999187371522333 0.0028103119330996134 0.006748333184406114 0.07686907261649356 0.6277745515270045 1.0052697134161879 2.1422814062499715
370 3330 -0.9997834752005558 -0.9239265116810371 0.5918346750791794 0.9999187371522333 0.0028103119330996134 0.006748333184406114 0.07686907261649356 0.6277745515270045 1.0052697134161879 2.1422814062499715
371 3339 -0.9997834752005558 -0.9239265116810371 0.5918346750791794 0.9999187371522333 0.0028103119330996134 0.006748333184406114 0.07686907261649356 0.6277745515270045 1.0052697134161879 2.1422814062499715
372 3348 -0.9997834752005558 -0.9239265116810371 0.5918346750791794 0.9999187371522333 0.0028103119330996134 0.006748333184406114 0.07686907261649356 0.6277745515270045 1.0052697134161879 2.1422814062499715
373 3357 -0.99971724675796 -0.9141992366835838 0.5647969132377665 0.9998862833426966 0.002493893112304257 0.006810800144652522 0.08653923886846322 0.6587125584165288 1.0085021174341535 2.131074751891585
374 3366 -0.99971724675796 -0.9141992366835838 0.5647969132377665 0.9998862833426966 0.002493893112304257 0.006810800144652522 0.08653923886846322 0.6587125584165288 1.0085021174341535 2.131074751891585
375 3375 -0.99971724675796 -0.9141992366835838 0.5647969132377665 0.9998862833426966 0.002493893112304257 0.006810800144652522 0.08653923886846322 0.6587125584165288 1.0085021174341535 2.131074751891585
376 3384 -0.99971724675796 -0.9141992366835838 0.5647969132377665 0.9998862833426966 0.002493893112304257 0.006810800144652522 0.08653923886846322 0.6587125584165288 1.0085021174341535 2.131074751891585
377 3393 -0.99971724675796 -0.9141992366835838 0.5647969132377665 0.9998862833426966 0.002493893112304257 0.006810800144652522 0.08653923886846322 0.6587125584165288 1.0085021174341535 2.131074751891585
378 3402 -0.99971724675796 -0.9141992366835838 0.5647969132377665 0.9998862833426966 0.002493893112304257 0.006810800144652522 0.08653923886846322 0.6587125584165288 1.0085021174341535 2.131074751891585
379 3411 -0.9997359076191272 -0.8806334294071481 0.47461211699190503 0.9999067602869314 0.0023348397262020247 0.0060834709301034835 0.07653977075479118 0.7158707155475046 1.0561368605225034 2.0895461837118776
380 3420 -0.9997359076191272 -0.8806334294071481 0.47461211699190503 0.9999067602869314 0.0023348397262020247 0.0060834709301034835 0.07653977075479118 0.7158707155475046 1.0561368605225034 2.0895461837118776
381 3429 -0.9997359076191272 -0.8806334294071481 0.47461211699190503 0.9999067602869314 0.0023348397262020247 0.0060834709301034835 0.07653977075479118 0.7158707155475046 1.0561368605225034 2.0895461837118776
382 3438 -0.9997359076191272 -0.8806334294071481 0.47461211699190503 0.9999067602869314 0.0023348397262020247 0.0060834709301034835 0.07653977075479118 0.7158707155475046 1.0561368605225034 2.0895461837118776
383 3447 -0.9997359076191272 -0.8806334294071481 0.47461211699190503 0.9999067602869314 0.0023348397262020247 0.0060834709301034835 0.07653977075479118 0.7158707155475046 1.0561368605225034 2.0895461837118776
384 3456 -0.9997359076191272 -0.8806334294071481 0.47461211699190503 0.9999067602869314 0.0023348397262020247 0.0060834709301034835 0.07653977075479118 0.7158707155475046 1.0561368605225034 2.0895461837118776
385 3465 -0.9996214205486836 -0.9031099512462436 0.5625581584359444 0.9998985577271906 0.002438957702850979 0.005869630333702779 0.10159998389696193 0.695294615718538 0.9929801854821512 2.126074502643275
386 3474 -0.9996214205486836 -0.9031099512462436 0.5625581584359444 0.9998985577271906 0.002438957702850979 0.005869630333702779 0.10159998389696193 0.695294615718538 0.9929801854821512 2.126074502643275
387 3483 -0.9996214205486836 -0.9031099512462436 0.5625581584359444 0.9998985577271906 0.002438957702850979 0.005869630333702779 0.10159998389696193 0.695294615718538 0.9929801854821512 2.126074502643275
388 3492 -0.9996214205486836 -0.9031099512462436 0.5625581584359444 0.9998985577271906 0.002438957702850979 0.005869630333702779 0.10159998389696193 0.695294615718538 0.9929801854821512 2.126074502643275
389 3501 -0.9996214205486836 -0.9031099512462436 0.5625581584359444 0.9998985577271906 0.002438957702850979 0.005869630333702779 0.10159998389696193 0.695294615718538 0.9929801854821512 2.126074502643275
390 3510 -0.9996214205486836 -0.9031099512462436 0.5625581584359444 0.9998985577271906 0.002438957702850979 0.005869630333702779 0.10159998389696193 0.695294615718538 0.9929801854821512 2.126074502643275
391 3519 -0.999570220737664 -0.917221837418329 0.6147154361257245 0.9998907108574224 0.002251686796023474 0.005789167613430256 0.10895538440915029 0.6048766642108734 1.006684390175151 2.1468117987667155
392 3528 -0.999570220737664 -0.917221837418329 0.6147154361257245 0.9998907108574224 0.002251686796023474 0.005789167613430256 0.10895538440915029 0.6048766642108734 1.006684390175151 2.1468117987667155
393 3537 -0.999570220737664 -0.917221837418329 0.6147154361257245 0.9998907108574224 0.002251686796023474 0.005789167613430256 0.10895538440915029 0.6048766642108734 1.006684390175151 2.1468117987667155
394 3546 -0.999570220737664 -0.917221837418329 0.6147154361257245 0.9998907108574224 0.002251686796023474 0.005789167613430256 0.10895538440915029 0.6048766642108734 1.006684390175151 2.1468117987667155
395 3555 -0.999570220737664 -0.917221837418329 0.6147154361257245 0.9998907108574224 0.002251686796023474 0.005789167613430256 0.10895538440915029 0.6048766642108734 1.006684390175151 2.1468117987667155
396 3564 -0.999570220737664 -0.917221837418329 0.6147154361257245 0.9998907108574224 0.002251686796023474 0.005789167613430256 0.10895538440915029 0.6048766642108734 1.006684390175151 2.1468117987667155
397 3573 -0.9996724496427419 -0.9098242593203347 0.560279064566636 0.9998993169258124 0.002173415605825186 0.005384063657132529 0.08902796660659998 0.6687341518591261 1.0098871326379009 2.1271960235847303
398 3582 -0.9996724496427419 -0.9098242593203347 0.560279064566636 0.9998993169258124 0.002173415605825186 0.005384063657132529 0.08902796660659998 0.6687341518591261 1.0098871326379009 2.1271960235847303
399 3591 -0.9996724496427419 -0.9098242593203347 0.560279064566636 0.9998993169258124 0.002173415605825186 0.005384063657132529 0.08902796660659998 0.6687341518591261 1.0098871326379009 2.1271960235847303
400 3600 -0.9996724496427419 -0.9098242593203347 0.560279064566636 0.9998993169258124 0.002173415605825186 0.005384063657132529 0.08902796660659998 0.6687341518591261 1.0098871326379009 2.1271960235847303
401 3609 -0.9996724496427419 -0.9098242593203347 0.560279064566636 0.9998993169258124 0.002173415605825186 0.005384063657132529 0.08902796660659998 0.6687341518591261 1.0098871326379009 2.1271960235847303
402 3618 -0.9996724496427419 -0.9098242593203347 0.560279064566636 0.9998993169258124 0.002173415605825186 0.005384063657132529 0.08902796660659998 0.6687341518591261 1.0098871326379009 2.1271960235847303
403 3627 -0.9996699688618593 -0.9067618721696109 0.5516253982641149 0.9998698421959284 0.0022282905009029384 0.005910453424076639 0.08968823218094024 0.6746292524670243 1.0126642411531093 2.1239827279607533
404 3636 -0.9996699688618593 -0.9067618721696109 0.5516253982641149 0.9998698421959284 0.0022282905009029384 0.005910453424076639 0.08968823218094024 0.6746292524670243 1.0126642411531093 2.1239827279607533
405 3645 -0.9996699688618593 -0.9067618721696109 0.5516253982641149 0.9998698421959284 0.0022282905009029384 0.005910453424076639 0.08968823218094024 0.6746292524670243 1.0126642411531093 2.1239827279607533
406 3654 -0.9996699688618593 -0.9067618721696109 0.5516253982641149 0.9998698421959284 0.0022282905009029384 0.005910453424076639 0.08968823218094024 0.6746292524670243 1.0126642411531093 2.1239827279607533
407 3663 -0.9996699688618593 -0.9067618721696109 0.5516253982641149 0.9998698421959284 0.0022282905009029384 0.005910453424076639 0.08968823218094024 0.6746292524670243 1.0126642411531093 2.1239827279607533
408 3672 -0.9996699688618593 -0.9067618721696109 0.5516253982641149 0.9998698421959284 0.0022282905009029384 0.005910453424076639 0.08968823218094024 0.6746292524670243 1.0126642411531093 2.1239827279607533
409 3681 -0.99946373198939 -0.8719696172202285 0.4875870970125008 0.999785672085324 0.003173000929392857 0.009074660928108175 0.11451790467955142 0.7337338832454412 1.0414448623742754 2.088975925977544
410 3690 -0.99946373198939 -0.8719696172202285 0.4875870970125008 0.999785672085324 0.003173000929392857 0.009074660928108175 0.11451790467955142 0.7337338832454412 1.0414448623742754 2.088975925977544
411 3699 -0.99946373198939 -0.8719696172202285 0.4875870970125008 0.999785672085324 0.003173000929392857 0.009074660928108175 0.11451790467955142 0.7337338832454412 1.0414448623742754 2.088975925977544
412 3708 -0.99946373198939 -0.8719696172202285 0.4875870970125008 0.999785672085324 0.003173000929392857 0.009074660928108175 0.11451790467955142 0.7337338832454412 1.0414448623742754 2.088975925977544
413 3717 -0.99946373198939 -0.8719696172202285 0.4875870970125008 0.999785672085324 0.003173000929392857 0.009074660928108175 0.11451790467955142 0.7337338832454412 1.0414448623742754 2.088975925977544
414 3726 -0.99946373198939 -0.8719696172202285 0.4875870970125008 0.999785672085324 0.003173000929392857 0.009074660928108175 0.11451790467955142 0.7337338832454412 1.0414448623742754 2.088975925977544
415 3735 -0.9995428222034313 -0.8457975303464207 0.3728764304571398 0.9997278151955022 0.002421221431244074 0.012661411457445395 0.10710427917116055 0.8607562081146318 1.0121353775569866 2.055004434890497
416 3744 -0.9995428222034313 -0.8457975303464207 0.3728764304571398 0.9997278151955022 0.002421221431244074 0.012661411457445395 0.10710427917116055 0.8607562081146318 1.0121353775569866 2.055004434890497
417 3753 -0.9995428222034313 -0.8457975303464207 0.3728764304571398 0.9997278151955022 0.002421221431244074 0.012661411457445395 0.10710427917116055 0.8607562081146318 1.0121353775569866 2.055004434890497
418 3762 -0.9995428222034313 -0.8457975303464207 0.3728764304571398 0.9997278151955022 0.002421221431244074 0.012661411457445395 0.10710427917116055 0.8607562081146318 1.0121353775569866 2.055004434890497
419 3771 -0.9995428222034313 -0.8457975303464207 0.3728764304571398 0.9997278151955022 0.002421221431244074 0.012661411457445395 0.10710427917116055 0.8607562081146318 1.0121353775569866 2.055004434890497
420 3780 -0.9995428222034313 -0.8457975303464207 0.3728764304571398 0.9997278151955022 0.002421221431244074 0.012661411457445395 0.10710427917116055 0.8607562081146318 1.0121353775569866 2.055004434890497
421 3789 -0.999341501001366 -0.8311370384668283 0.4157500668350786 0.99974083664308 0.0024926185970474894 0.010954335018303172 0.11046749078528309 0.866053904331295 0.960146631047059 2.077435872550087
422 3798 -0.999341501001366 -0.8311370384668283 0.4157500668350786 0.99974083664308 0.0024926185970474894 0.010954335018303172 0.11046749078528309 0.866053904331295 0.960146631047059 2.077435872550087
423 3807 -0.999341501001366 -0.8311370384668283 0.4157500668350786 0.99974083664308 0.0024926185970474894 0.010954335018303172 0.11046749078528309 0.866053904331295 0.960146631047059 2.077435872550087
424 3816 -0.999341501001366 -0.8311370384668283 0.4157500668350786 0.99974083664308 0.0024926185970474894 0.010954335018303172 0.11046749078528309 0.866053904331295 0.960146631047059 2.077435872550087
425 3825 -0.999341501001366 -0.8311370384668283 0.4157500668350786 0.99974083664308 0.0024926185970474894 0.010954335018303172 0.11046749078528309 0.866053904331295 0.960146631047059 2.077435872550087
426 3834 -0.999341501001366 -0.8311370384668283 0.4157500668350786 0.99974083664308 0.0024926185970474894 0.010954335018303172 0.11046749078528309 0.866053904331295 0.960146631047059 2.077435872550087
427 3843 -0.9992121816039752 -0.8182844094534031 0.3573366837879035 0.9997094768253418 0.003039555294666695 0.011969989996756721 0.11779393040260419 0.8592089075511954 1.0402247175462551 2.0409959972018292
428 3852 -0.9992121816039752 -0.8182844094534031 0.3573366837879035 0.9997094768253418 0.003039555294666695 0.011969989996756721 0.11779393040260419 0.8592089075511954 1.0402247175462551 2.0409959972018292
429 3861 -0.9992121816039752 -0.8182844094534031 0.3573366837879035 0.9997094768253418 0.003039555294666695 0.011969989996756721 0.11779393040260419 0.8592089075511954 1.0402247175462551 2.0409959972018292
430 3870 -0.9992121816039752 -0.8182844094534031 0.3573366837879035 0.9997094768253418 0.003039555294666695 0.011969989996756721 0.11779393040260419 0.8592089075511954 1.0402247175462551 2.0409959972018292
431 3879 -0.9992121816039752 -0.8182844094534031 0.3573366837879035 0.9997094768253418 0.003039555294666695 0.011969989996756721 0.11779393040260419 0.8592089075511954 1.0402247175462551 2.0409959972018292
432 3888 -0.9992121816039752 -0.8182844094534031 0.3573366837879035 0.9997094768253418 0.003039555294666695 0.011969989996756721 0.11779393040260419 0.8592089075511954 1.0402247175462551 2.0409959972018292
433 3897 -0.9993584715808916 -0.8278342650186338 0.3869141232077167 0.9998043445325656 0.002958170490341109 0.00983369674264641 0.0922422959172367 0.8806129035219268 1.0086760355937088 2.04901914970292
434 3906 -0.9993584715808916 -0.8278342650186338 0.3869141232077167 0.9998043445325656 0.002958170490341109 0.00983369674264641 0.0922422959172367 0.8806129035219268 1.0086760355937088 2.04901914970292
435 3915 -0.9993584715808916 -0.8278342650186338 0.3869141232077167 0.9998043445325656 0.002958170490341109 0.00983369674264641 0.0922422959172367 0.8806129035219268 1.0086760355937088 2.04901914970292
436 3924 -0.9993584715808916 -0.8278342650186338 0.3869141232077167 0.9998043445325656 0.002958170490341109 0.00983369674264641 0.0922422959172367 0.8806129035219268 1.0086760355937088 2.04901914970292
437 3933 -0.9993584715808916 -0.8278342650186338 0.3869141232077167 0.9998043445325656 0.002958170490341109 0.00983369674264641 0.0922422959172367 0.8806129035219268 1.0086760355937088 2.04901914970292
438 3942 -0.9993584715808916 -0.8278342650186338 0.3869141232077167 0.9998043445325656 0.002958170490341109 0.00983369674264641 0.0922422959172367 0.8806129035219268 1.0086760355937088 2.04901914970292
439 3951 -0.9995536872188912 -0.7547971277459896 0.12119035720071873 0.9998621302400651 0.003086627842851398 0.008838152205458659 0.08097105935447452 0.9884136138786872 1.0213130938871093 1.993317370489502
440 3960 -0.9995536872188912 -0.7547971277459896 0.12119035720071873 0.9998621302400651 0.003086627842851398 0.008838152205458659 0.08097105935447452 0.9884136138786872 1.0213130938871093 1.993317370489502
441 3969 -0.9995536872188912 -0.7547971277459896 0.12119035720071873 0.9998621302400651 0.003086627842851398 0.008838152205458659 0.08097105935447452 0.9884136138786872 1.0213130938871093 1.993317370489502
442 3978 -0.9995536872188912 -0.7547971277459896 0.12119035720071873 0.9998621302400651 0.003086627842851398 0.008838152205458659 0.08097105935447452 0.9884136138786872 1.0213130938871093 1.993317370489502
443 3987 -0.9995536872188912 -0.7547971277459896 0.12119035720071873 0.9998621302400651 0.003086627842851398 0.008838152205458659 0.08097105935447452 0.9884136138786872 1.0213130938871093 1.993317370489502
444 3996 -0.9995536872188912 -0.7547971277459896 0.12119035720071873 0.9998621302400651 0.003086627842851398 0.008838152205458659 0.08097105935447452 0.9884136138786872 1.0213130938871093 1.993317370489502
445 4005 -0.9996141848796873 -0.7496270129267808 0.09648262376981397 0.9998962290611771 0.003174731358355846 0.009102921172049833 0.09005580033977058 0.9507756817425054 1.0551531377809928 1.9936084042685263
446 4014 -0.9996141848796873 -0.7496270129267808 0.09648262376981397 0.9998962290611771 0.003174731358355846 0.009102921172049833 0.09005580033977058 0.9507756817425054 1.0551531377809928 1.9936084042685263
447 4023 -0.9996141848796873 -0.7496270129267808 0.09648262376981397 0.9998962290611771 0.003174731358355846 0.009102921172049833 0.09005580033977058 0.9507756817425054 1.0551531377809928 1.9936084042685263
448 4032 -0.9996141848796873 -0.7496270129267808 0.09648262376981397 0.9998962290611771 0.003174731358355846 0.009102921172049833 0.09005580033977058 0.9507756817425054 1.0551531377809928 1.9936084042685263
449 4041 -0.9996141848796873 -0.7496270129267808 0.09648262376981397 0.9998962290611771 0.003174731358355846 0.009102921172049833 0.09005580033977058 0.9507756817425054 1.0551531377809928 1.9936084042685263
450 4050 -0.9996141848796873 -0.7496270129267808 0.09648262376981397 0.9998962290611771 0.003174731358355846 0.009102921172049833 0.09005580033977058 0.9507756817425054 1.0551531377809928 1.9936084042685263
451 4059 -0.9997036777177547 -0.7620494299009626 0.11876879115179348 0.9999132125827591 0.003133538033807942 0.009620166330290274 0.08261054533261575 0.8433800855441638 1.1351566564512086 1.9982999093632192
452 4068 -0.9997036777177547 -0.7620494299009626 0.11876879115179348 0.9999132125827591 0.003133538033807942 0.009620166330290274 0.08261054533261575 0.8433800855441638 1.1351566564512086 1.9982999093632192
