% # columns="iter, evals, sigma, 0, fitness, xbest" seed=456055, Thu Nov 30 11:03:12 2023, <python>{}</python>
1 9 1.897955091906362 0 0.21579552424128293 3.972348084050119 1.1213789447633153 -3.4727596265610527 0.020199734491074928 -1.1108780477048008 1.1383127429488895
2 18 2.036413903669607 0 0.1323395926189482 3.9890025930980837 -0.5666068903863521 -5.127992202844065 -2.46089531673738 -0.09968182049393898 -0.8728325542822917
3 27 2.5562130601066806 0 0.2675855684894757 7.0709072291604125 -1.8387030538188276 -7.060114249127418 -0.14751737637707518 -3.9355187898177624 0.20868451757372752
4 36 2.492987428162821 0 0.196120469605482 4.090293942141419 -1.4510634189931566 -2.4952983824113244 -1.534567302487776 -1.4824826292799318 -1.780984498145386
5 45 2.5974225461072535 0 0.09594908296121751 6.932401057717277 -4.026027179993261 -4.596670510932121 -2.4945358753043028 -0.32671224833015056 -4.82012336420947
6 54 2.6903011249451505 0 0.08836789807476164 9.422349700270573 -8.090599748063445 -2.70232114147169 -0.7784905309232483 0.35464443129573575 -6.619056282022294
7 63 2.85367932445972 0 0.07489382763969063 4.2523580201075895 -10.559445170456495 -0.717135446319638 3.4787728462513847 -0.07608670335908002 -4.499382427765043
8 72 3.2350424047427584 0 0.20280760962893443 8.950921064050096 -12.508478544189575 -1.313216187787434 5.079889868572814 -1.254312174886214 -6.693300081121872
9 81 3.1349423734047024 0 0.08918065406102335 6.05977982350083 -8.193780426129205 3.2296915983364163 2.869660545374272 -0.19013206457716536 -8.26426803762483
10 90 2.9179289615046775 0 0.09651751514497037 5.22892838746889 -4.831915022192124 1.6315333696046825 6.520634534027638 -0.288575986421578 -4.786958221007668
11 99 2.7058560502856546 0 0.07506813609751942 8.658006049195262 -4.351990465646916 2.6897276009548143 0.9797637299828139 -0.08285788188634124 -7.7433051040261915
12 108 2.5237987481933293 0 0.08869746790011217 4.942288125436249 -7.718359564053606 2.8825160876568594 1.6542846514958913 0.47667494718397313 -8.863800574456375
13 117 2.3412804691780686 0 0.09695289658940441 8.36468447078102 -8.267341770177117 0.3599336004402609 -2.279600178070568 -0.3202952199258259 -10.088898808497524
14 126 2.4375588714629255 0 0.06835523467091292 8.703820693683413 -4.847904019687691 4.5080515569032915 -1.4026558209106756 0.15568306558117206 -8.490145525968924
15 135 2.3890303099936854 0 0.06798588944144429 7.980052782212084 -11.502897198961364 3.625312087331893 0.269771105659816 0.12043453752127031 -13.467434262696147
16 144 2.583939326733537 0 0.06802427739347648 9.633116662688767 -11.284576401123804 3.7886443417204436 -1.828340756340836 0.08967149200228194 -15.238080095003975
17 153 2.662082741616087 0 0.06799269671839138 11.371400864615124 -9.342249147122418 4.301087890602671 -1.559635634646644 0.11034476054965255 -17.920151594488452
18 162 3.1278744469758744 0 0.10433398758697417 11.16160039697081 -5.404602787470653 4.706237681636015 -2.789594205707081 -0.38411094334015417 -21.129671153667076
19 171 3.5051985406553556 0 0.07095903933600109 13.475837974824831 -5.315590236783025 8.881025243358078 -0.9519769704723997 0.2160824740960064 -22.310875982084735
20 180 3.642414386427065 0 0.06876773217965382 10.003050018983146 -1.3786629350042778 7.620754894951366 4.8562083237342595 0.23350691132507204 -13.91997074668933
21 189 3.880753902374101 0 0.07381668073644221 7.055515075967472 -3.703583735553108 10.568017905918333 -1.3668245537820014 3.589828428221346 -13.722855490686161
22 198 3.859093958224899 0 0.2865782274236154 12.589829045336508 1.619528349579769 14.098312461471352 -1.4635029289682122 2.0006783155465597 -15.720386725641413
23 207 3.837014619553329 0 0.20859628894654872 9.13878693451513 -0.8843476688237565 8.866120794555659 6.9355374014547175 -0.10590293850933197 -18.535669542188835
24 216 3.441399965030318 0 0.07667268174677715 8.071726929696002 -6.793629547685024 11.763655404282298 0.11399309359336707 3.6142775765425244 -18.185545082161056
25 225 3.5954920864975604 0 0.0681513536001361 13.56378157720425 -7.478738159186632 13.94290029490323 0.7511583471545671 0.9761236335654617 -33.47274095420437
26 234 3.349789614112452 0 0.0976795363369362 15.109347542025379 -5.821643709719761 13.484460190974493 3.770873546761197 0.5821675342914552 -23.07154160976131
27 243 3.3007470702866253 0 0.06846077891285625 15.910060720848804 -8.407813292788383 12.241995895339215 -3.2366671042045003 0.08072292229501743 -28.85337808595804
28 252 3.289519995748416 0 0.06846200652392849 18.688481016143143 -3.0474535949602632 16.878442945705185 0.28478993703443123 0.32960359581953 -26.878696324818673
29 261 3.075094107931235 0 0.1836580574286529 14.133849091380366 -6.872943711221318 17.13206349886842 -0.36097305172038086 1.9899900018441208 -25.70994126080791
30 270 2.8533541016686685 0 0.06946473096732073 13.492522774210467 -8.576898913869956 15.179219027508937 -0.8382851704227914 2.033524259018576 -23.554567064420816
31 279 2.7858005502042724 0 0.07553563193756212 11.292307609764128 -3.9501609304556533 12.741270460085465 -2.0917602994190974 1.643886478360837 -24.34668955957548
32 288 2.4263589175222964 0 0.08173392666093805 11.67501971032056 -6.358048462541742 10.834309147288208 0.11327284645253721 0.6751097190361056 -19.930144942638513
33 297 2.318629373495257 0 0.069139334550838 12.610087337913722 -4.448970889829197 11.837244013696056 -3.493863693272562 0.5659267468939319 -25.360341048319732
34 306 2.3391782642067294 0 0.06810233838149944 14.727054902663676 -6.31321293211253 13.203098282632531 -3.057109342638441 0.27672273813501114 -29.293900009141268
35 315 2.6779420687425457 0 0.06855436246738583 10.208436766533882 -7.109882350527667 10.742391788626541 -4.275822665459382 1.0491465977515995 -29.26733564702676
36 324 2.957903882832674 0 0.06903805384887157 12.432830995887482 -1.7136847199521155 11.809403561696943 -0.8415995306414992 0.8713582632767699 -24.42666144556114
37 333 3.0043286985669564 0 0.06797989486810166 8.847089932461753 -2.83313482226899 8.36100399319181 0.7834454265674164 0.6837567259655445 -24.153023328154237
38 342 2.5084934236552696 0 0.06966197943825388 10.361807570192816 -2.2311624698312995 7.38662724461412 -2.602315312834646 0.09032146325598556 -20.912249283459737
39 351 2.189624589597694 0 0.08235138993014271 9.145012098427907 -4.096770990519016 7.118524366340103 -3.1495739816018333 0.45164333774059073 -24.703471459564085
40 360 2.295290474298768 0 0.06947853504089826 9.76371612816277 -0.25398369832882395 8.154672816453793 -3.8892981263770503 0.8638859692515513 -24.501941118212255
41 369 2.1121310984269503 0 0.06799886964776299 10.069545083317353 -1.759646986350662 7.586690464559174 -2.0972996739476875 0.2562667902603133 -24.6113546486273
42 378 1.8174168296911073 0 0.06826870277669304 11.537516069450007 -2.2967424143170656 9.046329505663934 -3.591669493266475 0.25299396374837757 -28.85937210173175
43 387 1.7886679947956887 0 0.0679753203891886 9.932233090006225 -5.272182084551299 10.846975561997574 -3.1340454919912566 1.3721362778870456 -27.72300249183554
44 396 1.8247224553927501 0 0.06854666378052457 11.980459920214487 -1.8651262487652294 10.817074349181292 -3.9387249475328687 0.49508231481216247 -31.668172782717445
45 405 1.727920383677988 0 0.06896278876919251 11.439861016955039 -5.157391214234608 11.126067673279378 -2.265908184872634 0.5962067412284697 -29.708363384457865
46 414 1.5403031546155261 0 0.06816474645915543 11.695762779784852 -4.81878476646953 10.652965227643923 -2.937421018229493 0.4410729779420454 -30.85036999530367
47 423 1.3809290581192455 0 0.06852247113020885 11.226355978234219 -4.280546928922284 9.694002207147657 -5.506380147248551 0.260609723152241 -30.106163881341484
48 432 1.2445818891590554 0 0.06805055744238199 12.047029602400706 -4.200006796013223 11.580479973645797 -2.8704094508479847 0.6342351554834424 -29.977563066946544
49 441 1.1859597665112844 0 0.06800355929445415 12.557560938894827 -3.086753632752944 11.332801330526124 -4.504538563890889 0.4207075425031013 -30.858852385211787
50 450 1.0139256505146643 0 0.06798618515471981 11.197778145766007 -4.215653824276701 9.890300632303623 -2.5358506580794593 0.36301137185354504 -28.75386294622911
51 459 0.9206629277180299 0 0.0679804232325649 12.51041954121285 -4.772420405200648 11.946900376799649 -2.9364835759863666 0.5624186315551567 -31.516991136869972
52 468 0.8882834676447252 0 0.06818346105212628 13.22094647417424 -4.606440809293977 12.583198810845897 -2.4012050870834307 0.5714751401536089 -31.797174279980148
53 477 0.8852355124521709 0 0.06815562922428986 12.551091235716704 -5.994811132409003 11.98919210198626 -2.347637849000988 0.5835883562025999 -32.0218219474758
54 486 0.98510369817043 0 0.06805524147689165 11.509098814876468 -6.36871965349537 11.08680502854249 -1.9071443588496533 0.5903657157363855 -28.905260801118107
55 495 0.9635569191928106 0 0.06802338603847057 11.88874870165792 -5.42168997547872 11.841106081463726 -2.628720227459021 0.7955082302045937 -30.773898790754757
56 504 1.0168180728795908 0 0.06798329280069831 11.797159303571457 -5.4625503414097825 10.101035980332579 -2.508234848290007 0.27854020153859027 -28.526911371788998
57 513 1.110962844239296 0 0.0684349788167544 10.448712867016585 -6.809803085982791 9.619021048334364 -2.8551978045016018 0.5071729281965067 -27.138148938856798
58 522 1.1599220365729552 0 0.06800267474084688 13.768560789056513 -7.4211641561723045 12.872395087698006 -4.297425654462576 0.4547543856314975 -31.514210743620005
59 531 1.169828476501502 0 0.06797511835002747 13.584530261257315 -6.130009913150674 12.395566596933062 -5.138636806673941 0.3692603990907202 -29.315121089239845
60 540 1.2221422336724086 0 0.06798147380596697 11.614233009467178 -4.710583889356921 9.96865610144403 -5.295151359295642 0.279693981339144 -28.943189825999728
61 549 1.074785676469506 0 0.06799894615765853 11.432556759887994 -5.750220052482442 11.292785437060267 -3.69410732363075 0.7243286894999925 -29.42015214940576
62 558 1.1780267053998559 0 0.06800504274594088 12.82637259873852 -7.632043012225885 12.48638851147962 -1.7920342600324286 0.6506101026118515 -32.25142100925775
63 567 1.2114339821437483 0 0.06797514848832147 13.52844808060919 -4.575949053927604 12.365969358120608 -3.4977229499563656 0.3859447288376232 -32.274937716814094
64 576 1.206227564507213 0 0.06798818165570192 13.137999629416894 -5.090939421484654 12.0447890813434 -2.2147225556250882 0.39056822324068563 -32.403438174992964
65 585 1.1438949595330694 0 0.0679895955445786 14.250549538339648 -5.2541234087849915 13.56492920629789 -2.587068923152674 0.5255523662991843 -32.50407730408212
66 594 1.094478775307612 0 0.06797687802521102 13.719977489747492 -6.242083192415437 13.244021765510317 -1.6903505204730054 0.585360624131493 -34.860495326341166
67 603 1.044463844970245 0 0.06797758650041485 12.513916184858607 -5.410246608007242 12.121632591724017 -1.3728599916919815 0.629456296501431 -32.713043322482186
68 612 1.0492087169173516 0 0.06799981997583429 13.559635784640935 -4.243974448549058 12.924315634995084 -1.0547607012388527 0.5410022371020952 -34.21455913463047
69 621 1.0489297787231262 0 0.06797576448400686 15.205947282197197 -4.903801025355625 14.179770337201566 -0.9158114618581708 0.4188735941344627 -35.526236796081214
70 630 0.9690991124688976 0 0.06797592283497755 14.473389780208018 -6.1736325526008295 13.620739658126888 -1.719584315033853 0.4611090707951375 -34.17021778803659
71 639 0.9126492838922105 0 0.06798973169436597 14.95731716327302 -5.53782255155054 14.335006533593123 -0.323450928710995 0.5453500076074465 -37.349496807745446
72 648 0.8273014703098098 0 0.06797541772961965 14.055284267448831 -5.517547349390196 13.418148183238735 0.17715390158953093 0.533707164855142 -36.69526196123977
73 657 0.756522289079605 0 0.0679751108659757 13.69351623428236 -5.39319968383116 12.973865751540641 -0.7160757700135554 0.5054326196212203 -35.438065440311746
74 666 0.7582813408860588 0 0.06797525497783816 13.813974417646518 -5.778996622146512 13.17785603064761 -1.1111422214959168 0.530534719337193 -36.03743557763672
75 675 0.6463161616997738 0 0.067975759189975 14.152751276690665 -5.388249092224155 13.295254413823454 -1.182436553796503 0.4599369577357317 -35.51599126433011
76 684 0.5955505557468258 0 0.0679843438706674 14.129225405658886 -5.000730078106393 13.576217002274982 -1.2852582364949456 0.5739833139065408 -35.79882308178945
77 693 0.5978202458275342 0 0.06797538669670813 14.841618416134907 -5.484693315709666 14.21253005781411 -1.0894598305881493 0.5345689345947012 -34.84601158207693
78 702 0.6223065086947362 0 0.06797572718444403 15.082007024058328 -5.758972123615358 14.18788972900445 -0.6945319909302061 0.44695844486625974 -36.338529915044695
79 711 0.6556340768769832 0 0.06797567831822605 15.354390929823117 -5.882563915969059 14.499620153850502 -1.0648491471433015 0.4612370048665632 -35.470031963409504
80 720 0.6489899182237576 0 0.06797549410985812 14.520473272567648 -6.25859301945647 13.918362517239135 -0.8567794449074799 0.5424862914153288 -34.955927077751106
81 729 0.5837083648235323 0 0.06797665464060833 15.431044217000313 -5.958218004268424 14.711134657401933 0.40950871987598614 0.504478778923437 -36.113975005915094
82 738 0.5779619482161874 0 0.06797534276711098 14.98191591347811 -6.519384274520675 14.065272188076264 -1.3259912891940793 0.4405442922304254 -34.474357399373424
83 747 0.5321315338766104 0 0.06797510850512282 14.867426495326503 -6.626815059802981 13.918125955159523 -1.4790623473398492 0.4301998166157083 -34.13294101556353
84 756 0.5027755079988275 0 0.06797512417782588 14.192703872162857 -6.421419634686181 13.413786927043077 -0.09514822174261717 0.48106517789250475 -34.434078509129925
85 765 0.46728108451743705 0 0.06797530403302822 15.411056232779003 -6.226097996102501 14.401335738857167 -0.7336116819262692 0.4152834200120273 -34.232716006765834
86 774 0.420027564925591 0 0.06797511822087088 15.093530474433734 -6.24260248767479 14.296282236856399 -1.025668566830663 0.4762915358379328 -34.323361262660626
87 783 0.39866341234280805 0 0.06797513624473082 15.670594665736767 -6.830719166816151 14.886037479203669 -0.824518961525397 0.4783372140726513 -34.764513168031364
88 792 0.3480031706751883 0 0.06797517298926287 14.51147473554776 -6.294025719718185 13.750618125318223 -0.9733530268125002 0.4869162074059429 -34.10595370009648
89 801 0.34195149908878586 0 0.06797510867343011 15.077660846136876 -6.454740068250663 14.471771771666987 -0.7219638486070236 0.5393681862468863 -34.73893844752846
90 810 0.3194937774196285 0 0.0679751442400514 14.726158258692942 -6.365448936114214 14.06699752686169 -0.7557084198975175 0.520558457567113 -34.55007745858582
91 819 0.28787214121659976 0 0.06797520921203024 14.760692962244025 -6.319129530413766 13.984833119505616 -1.1743590443538825 0.481929790331925 -34.46245404765299
92 828 0.2308881501689991 0 0.06797523430018355 14.865317154576308 -6.463084562060254 14.070059802029961 -0.9561105844777348 0.4768112934538774 -34.31439437409613
93 837 0.2103481418312348 0 0.06797510822415934 14.884183910011204 -6.584158205039931 14.161042179749716 -0.9234867940040999 0.49882812384500147 -34.418375000727885
94 846 0.20253265552456898 0 0.06797511945560156 14.563954418145142 -6.500703256194321 13.866985527642536 -0.9662896307214115 0.5080098781849892 -34.480487979987196
95 855 0.18170890809883625 0 0.06797512839329814 14.492246176982508 -6.392287659606775 13.810636993274326 -1.0386717799900846 0.5135312842046196 -34.43513333784231
96 864 0.15194788342836818 0 0.06797511973174584 14.712184751769676 -6.41104170472211 13.992915641945515 -0.8669977729327019 0.5003845649726895 -34.629231231462214
97 873 0.13205938508589637 0 0.06797510689439712 14.62177402618406 -6.431990006767499 13.960248643362046 -0.9134832866327522 0.5199138163439515 -34.69535686837931
98 882 0.13009222385979707 0 0.06797510926019276 14.760158390092354 -6.523206367464983 14.028404300356629 -1.0364326054169943 0.4960819016114451 -34.58026550580985
99 891 0.11969457640725546 0 0.06797510334676914 14.78228345145879 -6.552136658324319 14.0741447053566 -1.057543256497714 0.5039038827387619 -34.617711849016544
100 900 0.1289716692226046 0 0.06797510639372077 14.891453747033278 -6.583094998199991 14.151050698936787 -1.0895406591051846 0.4932824781713677 -34.712966497578165
101 909 0.11531455031065178 0 0.06797510419199725 14.775843830900273 -6.524052567095283 14.015912082731749 -1.1260463952052815 0.4869892698989129 -34.50192447677611
102 918 0.10749206407564783 0 0.06797510681693847 14.967524957401658 -6.575614706122959 14.219806767719934 -1.0330526286878923 0.49089114503487274 -34.52729212619299
103 927 0.08970254832722159 0 0.06797510645039366 14.947371507919863 -6.579772974929717 14.209431471594518 -1.0407319657959955 0.4940948566346062 -34.57202588103394
104 936 0.07967207279027955 0 0.06797510699890835 14.850135881788287 -6.543104205953739 14.097325100535903 -1.0605742326944012 0.48941211904706255 -34.47865818037271
105 945 0.09016177455543396 0 0.06797510662578482 14.885862722377741 -6.6279304457794534 14.120917653708933 -1.0737697455785258 0.48531603486739033 -34.35767023692106
106 954 0.0893171415239251 0 0.06797510492089742 14.822272429702064 -6.571065242667701 14.105052977426576 -0.998510999586099 0.5009095740855474 -34.505368115512944
107 963 0.08412449841557396 0 0.06797510655695474 14.876362024522592 -6.553295306986512 14.157996224637326 -1.038549464511282 0.5005752954887203 -34.49281551701562
108 972 0.08088672836086544 0 0.06797510458582373 14.81424305373916 -6.526618378442797 14.088405675362702 -1.006141570993323 0.49813250769743483 -34.417891071505956
109 981 0.08279274848116536 0 0.06797510562383617 14.824083359034887 -6.640303633438928 14.107794923171944 -0.9936163273598688 0.5010848352305072 -34.32168145241504
110 990 0.0866501394370128 0 0.067975105524019 14.764798892522585 -6.636158806687998 14.029755247751892 -1.0001332932806832 0.4949654832064139 -34.17483885864936
111 999 0.09634159454089179 0 0.06797510348345977 14.796684753511817 -6.610975208943945 14.052207141759144 -1.042519497038099 0.4919039633756812 -34.1167193068961
112 1008 0.09048393951168764 0 0.06797510371943066 14.737500451446683 -6.57599118223835 14.015196432784416 -1.0333139221157397 0.4992256981525506 -34.34471915434216
113 1017 0.09050063658683122 0 0.06797510174634346 14.743451796921073 -6.6256069659216275 14.012194492187154 -1.086462183957672 0.4961746819265267 -34.0320585583844
114 1026 0.08569686679124854 0 0.06797510314442193 14.73620763856952 -6.580287253353195 13.994034782873685 -1.1086385009539925 0.4927292648038239 -34.13539357591472
115 1035 0.085445965896453 0 0.06797510436468641 14.77482862724391 -6.595094405789838 14.065259542737921 -0.9750582630790576 0.5034388405225115 -34.0829098906279
116 1044 0.07704233395014988 0 0.06797510450104827 14.695786615992851 -6.5697087624116035 13.967099869411367 -1.0077265967445221 0.49716372375534484 -34.0229925170578
117 1053 0.08121421518753076 0 0.06797510265325007 14.828737370551998 -6.621339142075557 14.096272520693281 -0.9664535967265846 0.495747306293883 -34.157192172003356
118 1062 0.06661550064701188 0 0.06797510403592973 14.73862457714784 -6.587881403001114 14.015336024342474 -1.0307120516349282 0.49889204342714877 -34.001028557336625
119 1071 0.06540168077544942 0 0.06797510219351521 14.815651440843043 -6.619932772107426 14.065527701942246 -1.0809665606662624 0.4900542885641585 -33.98954662248631
120 1080 0.07394586290927363 0 0.06797510137720926 14.807864596188717 -6.683030429308143 14.056975706530531 -1.1383918936047996 0.48961236242506667 -33.859288357525706
121 1089 0.0835942560225242 0 0.06797510106844004 14.776871310914242 -6.712285564494814 14.037493993153136 -1.1276042198383494 0.4932681582989616 -33.77463495223997
122 1098 0.09704323882236944 0 0.0679751031709989 14.77783065753075 -6.664616824969137 14.054913793351824 -1.1170288621792845 0.4989062713631361 -33.85059551123149
123 1107 0.09556061612930167 0 0.06797510084898276 14.82349144929428 -6.702716571589215 14.086177127721271 -1.164392509119523 0.49399054157700156 -33.80345070721641
124 1116 0.09985857753981536 0 0.06797510156856751 14.816149322200607 -6.7515235443232395 14.106478399549722 -1.158370143400797 0.5029292261024638 -33.7496742016471
125 1125 0.09666102125901385 0 0.06797510231786083 14.798090630346508 -6.737786580454401 14.057558354978744 -1.1471565164432014 0.4928275393860987 -33.57776054586925
126 1134 0.0865568212329694 0 0.067975101812797 14.76022757603548 -6.684594362699566 14.02857629030576 -1.0877128184639209 0.49588974444350686 -33.8068634454404
127 1143 0.08869482760251682 0 0.06797510198811932 14.632292162295451 -6.795737978270178 13.909674925438411 -1.1959617952157648 0.4986550305215812 -33.337080225639376
128 1152 0.08484546962864381 0 0.06797510053375545 14.630404423653511 -6.747042284366074 13.929631678115792 -1.1277649783991213 0.5059649089417455 -33.39143086474378
129 1161 0.08774967952853148 0 0.06797510137529764 14.755080534040195 -6.718854019632628 14.043275371440235 -1.190879968918053 0.5023332816776876 -33.63180889628395
130 1170 0.07862784229027597 0 0.0679751013614109 14.780512926510808 -6.711763884608168 14.06449498207064 -1.1993522179012865 0.5009624112380612 -33.790913028403565
131 1179 0.07179711414702349 0 0.06797510177516396 14.723900867104488 -6.718793259615456 13.99530706266069 -1.2040578023458002 0.4968234435423231 -33.72806090059822
132 1188 0.06281911177174443 0 0.06797510139136735 14.715333535121102 -6.7342454751125596 13.99212260064629 -1.1792810991171236 0.49854678897146887 -33.581928989409874
133 1197 0.061241964242494805 0 0.06797510062648209 14.73292791433135 -6.666941715947993 14.011302211384546 -1.1309157001006902 0.4992308280458674 -33.810431579246455
134 1206 0.05888328331227381 0 0.06797510082787742 14.723762974370056 -6.643283097377806 14.006917887343562 -1.1373053858276476 0.5008067662341386 -33.71241986432945
135 1215 0.051131018319213684 0 0.06797510053572998 14.767734534933153 -6.715098658679079 14.046505700797955 -1.1398357567957842 0.49925461493371415 -33.72446671072223
136 1224 0.04606119847200937 0 0.06797510045347223 14.786324496315888 -6.687550003284141 14.06957293751671 -1.1322884128172812 0.5007672356256262 -33.81605435603675
137 1233 0.038677327344524934 0 0.06797510060760534 14.749093366555444 -6.711037584457381 14.034124651710826 -1.1267559130203055 0.5013070917509798 -33.7228043540454
138 1242 0.033377797621103385 0 0.06797509991220049 14.74847681148507 -6.681962356623153 14.031938696507167 -1.1250674136250296 0.5008644296332188 -33.791884473793516
139 1251 0.03814777167350977 0 0.06797509992814971 14.773732938411008 -6.685339847141823 14.068318555391661 -1.1266772795053894 0.5045255578565967 -33.82197745368667
140 1260 0.03704801194366328 0 0.06797510013469454 14.74922473440016 -6.676080794009746 14.040843726571882 -1.1350910929085594 0.5035653895400718 -33.78309007444475
141 1269 0.03769655590289147 0 0.06797510009011395 14.761636209924513 -6.658032944911526 14.051926174767958 -1.134397438220065 0.5031959649258656 -33.82804212594442
142 1278 0.032981800002918144 0 0.06797509983122109 14.761584601027426 -6.686493360571709 14.052306127392399 -1.1262452385928725 0.5032613721900028 -33.76422916528148
143 1287 0.031447510351230806 0 0.06797509984420756 14.762427265937896 -6.6937016734996115 14.061190915942424 -1.1268122721951972 0.5059251659597022 -33.783241577891175
144 1296 0.03108114398648209 0 0.06797509987673146 14.758904399513945 -6.7040278549352035 14.055013749433467 -1.1253121921657494 0.5050195562648249 -33.71454038310907
145 1305 0.03639771813684875 0 0.06797509986702725 14.76512845837596 -6.725683313180812 14.05958698712705 -1.1270693572877886 0.5044322094521428 -33.74866270088783
146 1314 0.034153077411449025 0 0.06797510038005355 14.774189347417693 -6.713668518056954 14.068187627074973 -1.1285364655463475 0.5042825641853504 -33.76015046513127
147 1323 0.03620567969210501 0 0.06797509996522136 14.777383555959291 -6.737971312746145 14.070553497295862 -1.1259240434272373 0.5039819493372989 -33.72994660274299
148 1332 0.03556372537418834 0 0.06797509971942925 14.79190488546691 -6.745811427067706 14.08644444630761 -1.132026551495815 0.5044022425219499 -33.75519356971858
149 1341 0.03747648665102754 0 0.06797510008975904 14.785856632496193 -6.7710221951772676 14.074219945889856 -1.1334843289587295 0.5023327682880017 -33.717300207731135
150 1350 0.03674408568835906 0 0.06797509977864262 14.794102917343029 -6.750095345100849 14.08273580251973 -1.1295150196733932 0.5024422388862514 -33.74940960840608
151 1359 0.03247097983051601 0 0.06797509979829637 14.788720344511313 -6.73449742771842 14.076835090064652 -1.1326530086648174 0.5023054739817252 -33.72871613993811
152 1368 0.030858166088790197 0 0.06797509995120175 14.789483021316027 -6.71230379488739 14.077679582158924 -1.1260791043855696 0.5023624742597168 -33.843610232959136
153 1377 0.02877578226003499 0 0.06797509990365824 14.78994833400959 -6.76921763664628 14.084789761026638 -1.1274659311614212 0.5044503672159408 -33.76705886553231
154 1386 0.02859044397169259 0 0.06797509982398955 14.794367479130015 -6.727067284690815 14.08473764057464 -1.1324731851268626 0.5030450467034905 -33.820862865115494
155 1395 0.028750272568073873 0 0.06797509981747522 14.787782802931096 -6.7571832962320935 14.077829952404363 -1.1326662377872738 0.5028991425855338 -33.7667891675629
156 1404 0.024584772515836482 0 0.06797509976813937 14.786488047065912 -6.741505644559126 14.076738708269719 -1.1290501536782926 0.5029913454965003 -33.77410432417834
157 1413 0.023213543608898504 0 0.06797509977470484 14.79347722843286 -6.7720499679251995 14.08626179567799 -1.132274925139284 0.5037689293486189 -33.75884867152889
158 1422 0.020832223647676687 0 0.06797509983525339 14.794997703276906 -6.751872623635034 14.090733094754455 -1.1294388162561857 0.5047822526669389 -33.75308228451066
159 1431 0.018218346872871907 0 0.067975099816656 14.803851224332814 -6.755733900233803 14.09410956113559 -1.1299881364002267 0.5029680901511788 -33.76182771020909
160 1440 0.016869567881184374 0 0.0679750998434209 14.796290782863933 -6.751492135316319 14.090099515640118 -1.1290190581964261 0.5041524341273623 -33.7637771177559
161 1449 0.015891711941228855 0 0.06797509983789694 14.790145882328707 -6.737724298454645 14.080809350970183 -1.1287257685077792 0.5031458684129605 -33.764817162696005
162 1458 0.01622824809769931 0 0.06797509979797856 14.795136531303966 -6.748017369323185 14.082505964871121 -1.1322715313895337 0.5020409913879725 -33.76252649795942
163 1467 0.016821004485871396 0 0.06797509974469562 14.797586143724866 -6.730387831057322 14.089116330414527 -1.1319134208469004 0.5034474884269696 -33.80086380997868
164 1476 0.016248652576908648 0 0.06797509980381157 14.793691099303102 -6.721683664991952 14.08192338630936 -1.1299986538265914 0.5023769429840245 -33.786105885776365
165 1485 0.01667116495246796 0 0.06797509978802574 14.793023532085206 -6.712879696591671 14.081171030334925 -1.1301011336908064 0.5023653451977219 -33.80343544613224
166 1494 0.014848651583757734 0 0.06797509982422845 14.794534246785918 -6.733365110804541 14.087654225261414 -1.1292941185873753 0.5039619393519331 -33.79182323260769
167 1503 0.013808741339428958 0 0.06797509975932259 14.797824303395757 -6.713953350522139 14.08705716230434 -1.1305681358337003 0.5027122499827876 -33.80661811689093
168 1512 0.012635384516496975 0 0.06797509979697515 14.794854291390626 -6.737010868699854 14.086165189180576 -1.1296117338127678 0.5033543041956006 -33.76929202974219
169 1521 0.012209101283750332 0 0.06797509980872765 14.791627802102553 -6.717718991748232 14.082058804277688 -1.1290209761744612 0.5031004665267187 -33.800764308051555
170 1530 0.012808929471556216 0 0.06797509977963445 14.78990437512813 -6.737725725789364 14.080018657571204 -1.1294361471779142 0.5029601712574534 -33.75026913883871
171 1539 0.011491765089413542 0 0.06797509978767316 14.78851718385384 -6.7315865559257535 14.079017825026112 -1.1292511191726151 0.503100918493878 -33.7776431749672
172 1548 0.011788589018889073 0 0.0679750998151751 14.796191292128754 -6.75030627288291 14.087406071215602 -1.1292665349164264 0.5032925467893385 -33.75351316848164
173 1557 0.012885157949326596 0 0.06797509977742146 14.795423548070241 -6.76445395874876 14.08735753082531 -1.1299740769686375 0.5034995803580223 -33.73943556482359
174 1566 0.014643096885448972 0 0.06797509977242448 14.79935721322415 -6.744522765146305 14.088907564571679 -1.1303228704585822 0.5027557211515782 -33.7855252843533
175 1575 0.015880962407715853 0 0.06797509973388811 14.803694193464501 -6.76025833017843 14.09285383882465 -1.1315744556070875 0.5025897909545978 -33.75031566561226
176 1584 0.017367927295603942 0 0.06797509971281651 14.798238832993874 -6.739938023431008 14.087846415973047 -1.1319667539261642 0.5027768357376691 -33.75837727618623
177 1593 0.015919783591715385 0 0.06797509972471398 14.796650924470473 -6.7395019180699105 14.088276082090834 -1.132037352885864 0.5034458383063211 -33.77590415686067
178 1602 0.01498553298688114 0 0.06797509970550453 14.800239274892244 -6.72920347822386 14.086912731012116 -1.1320307613403566 0.5018341147846308 -33.7972086890219
179 1611 0.014551339428705935 0 0.0679750997442107 14.8007784711204 -6.733774499856755 14.088603040944054 -1.1321497746787028 0.502201323579637 -33.796115597761975
180 1620 0.015513502861730677 0 0.06797509972069934 14.797753152312442 -6.714251128546588 14.081781586693007 -1.1307192328594662 0.5009880003302829 -33.81337503088787
181 1629 0.016089051699151945 0 0.06797509974022825 14.796337883585213 -6.719588827082468 14.08071279811593 -1.130341441555001 0.5010995838990258 -33.79285531165509
182 1638 0.016963460516314498 0 0.06797509973008807 14.799227662455268 -6.704719889405095 14.08091902881645 -1.130604909791644 0.5002445824859609 -33.82387888954446
183 1647 0.017702876237718972 0 0.06797509971225102 14.791855761271917 -6.6916161149293645 14.073865204896883 -1.1303579272024877 0.5003740022685136 -33.83411198826793
184 1656 0.01841488261953653 0 0.06797509968977533 14.79786659754824 -6.67815748473419 14.076707315293518 -1.1311018787380382 0.49936073284336335 -33.86731365819833
185 1665 0.0181795953793141 0 0.06797509971891848 14.79539334288002 -6.677925390002385 14.075345973637527 -1.1304365822101001 0.4997166187820042 -33.85600536907049
186 1674 0.01811330742494438 0 0.06797509971908161 14.797422685216285 -6.665038732971209 14.077760907889594 -1.13059945013561 0.4998764698889429 -33.89349974191008
187 1683 0.01810099258299489 0 0.0679750997434363 14.792218583523614 -6.652776947532759 14.07199508591492 -1.1295657547208753 0.49971831725839116 -33.903626803986604
188 1692 0.01981762334192738 0 0.06797509970713496 14.79401695832285 -6.636682191304997 14.0713338222439 -1.1303125434460013 0.49894690598320074 -33.92975197613479
189 1701 0.019791856919686948 0 0.06797509971821097 14.79148117723987 -6.628494648365697 14.068379326472886 -1.130854674004086 0.49882901249966977 -33.92968571076097
190 1710 0.019262980397954297 0 0.06797509973279797 14.796420491861532 -6.6098962220626625 14.07300900229823 -1.1309066854775032 0.49875218840929975 -33.980059729218155
191 1719 0.01765985396197585 0 0.0679750997162084 14.796534013631812 -6.6119195144523015 14.071803047773308 -1.1309266834060365 0.49831698996978047 -33.99246819796313
192 1728 0.01567775247007915 0 0.06797509970992843 14.79929364219969 -6.642434555218228 14.076872626768735 -1.130998047143942 0.499012400222975 -33.9398093857784
193 1737 0.015186906046637078 0 0.06797509969314333 14.803873004849326 -6.619206629641242 14.080439592364355 -1.132407231490859 0.4987255382728196 -33.98206345692574
194 1746 0.013481863478498049 0 0.06797509970157967 14.79665116577954 -6.616083903725454 14.072387635772717 -1.1313878569351015 0.49846447906477725 -33.96840482276224
195 1755 0.011071263323176749 0 0.06797509968526813 14.798843940451315 -6.625143672080041 14.075781965204499 -1.1315908055125117 0.4988398984715676 -33.96007809923157
196 1764 0.010038592487396643 0 0.06797509969200334 14.79861657241303 -6.6300921559156745 14.076245531701558 -1.1315405611710552 0.49905390569785835 -33.9523878020734
197 1773 0.010215697386697144 0 0.06797509969642845 14.795147203260642 -6.624706979726824 14.072806132548143 -1.131239286018012 0.49907998947014975 -33.957314813388095
198 1782 0.00957523971324701 0 0.06797509968280335 14.797566321374736 -6.637834886912561 14.07669044089247 -1.1313757576269727 0.4995334941028032 -33.94463094777826
199 1791 0.009532616094989675 0 0.06797509968996832 14.798529513426226 -6.632764705748571 14.077082697414637 -1.1314684403407556 0.4993531982705138 -33.95985381164786
200 1800 0.009907984271530812 0 0.06797509969827695 14.795029788252478 -6.642668818588186 14.074198324232697 -1.1308946040115821 0.4995354243838899 -33.93486861401001
201 1809 0.009596637556095697 0 0.06797509969446706 14.794794979347628 -6.6489692215331955 14.074358055628528 -1.1307956486594777 0.4996572277608786 -33.92510021351604
202 1818 0.00892253893819813 0 0.0679750996915777 14.799458791272444 -6.639780758168449 14.07779750868248 -1.131352422684541 0.4992701870199037 -33.94844844095133
203 1827 0.008153443083089794 0 0.06797509969509898 14.79590576708197 -6.62695641311829 14.07352464891273 -1.1311202488730756 0.4990606226770954 -33.9670168485138
204 1836 0.007320840429375 0 0.06797509968695675 14.797473849080408 -6.640064949651249 14.075503140518077 -1.1312639990667352 0.4991676649579657 -33.94553456692769
205 1845 0.007223320013614301 0 0.06797509968684046 14.797755258506381 -6.640146385893787 14.075465487954569 -1.1313996295012645 0.4990626454497641 -33.94425430619697
206 1854 0.006600521459107907 0 0.06797509968141807 14.798663414131456 -6.644161242634989 14.077351829118818 -1.1314547387813372 0.49937595081179187 -33.93829889586337
207 1863 0.006022395989249401 0 0.06797509967959253 14.798975432652947 -6.639519206734612 14.076957929653839 -1.131530532820462 0.4991535447837583 -33.94552888910926
208 1872 0.00529721475721578 0 0.06797509967964757 14.798619716877845 -6.641987416520228 14.07669207501668 -1.1314627992339297 0.499179010016789 -33.94455571029115
209 1881 0.0045945180588062235 0 0.06797509967885183 14.79843466123486 -6.647013830273507 14.077225931510824 -1.131430213289719 0.4994055165076663 -33.935782385042216
210 1890 0.0042388019363314815 0 0.0679750996798175 14.798530770069236 -6.64736579839112 14.076854118558938 -1.1313726257325354 0.49925093750112914 -33.933340936344905
211 1899 0.0044863780591194455 0 0.06797509967547538 14.799645681220364 -6.643920915634466 14.077401537431248 -1.1315458307561894 0.49907148354321157 -33.94181391725849
212 1908 0.004158785309164836 0 0.06797509967617618 14.799386294438685 -6.643689893042756 14.077311488237934 -1.1315621059132392 0.4991273412262034 -33.940294352606706
213 1917 0.0040496730162609 0 0.06797509967627226 14.79945837519851 -6.6448836923577845 14.077205407279433 -1.1315503696360818 0.49906644458711197 -33.93926105093971
214 1926 0.0034967480116060807 0 0.06797509967379856 14.799893208625909 -6.641597812116972 14.077346520452908 -1.1316217417110497 0.49897779063908293 -33.945004378495454
215 1935 0.003148289902807999 0 0.06797509967629978 14.799330254007565 -6.647560615390546 14.07725337797899 -1.1315338619869264 0.49911954111971213 -33.9332839849915
216 1944 0.003467409845751459 0 0.0679750996762171 14.799628487839156 -6.644527795633404 14.077562658884212 -1.131535297877078 0.49912974810949245 -33.93703933302415
217 1953 0.003828462760316671 0 0.06797509967601977 14.800949657714018 -6.643543126277989 14.078577787388891 -1.1316855924406735 0.49902973708572007 -33.941534121022414
218 1962 0.0035406791240592296 0 0.06797509967515947 14.8003604480173 -6.644462536969216 14.07802118532141 -1.1316214390894188 0.4990390312507983 -33.93787079413225
219 1971 0.003627771952382442 0 0.06797509967405727 14.79994285303588 -6.646037882282469 14.077553843341903 -1.1316015738856038 0.4990197247492572 -33.934036992865906
220 1980 0.0035728806793745055 0 0.06797509967487005 14.799935180011401 -6.6444857350436495 14.077659427832712 -1.1315746196923138 0.49906052195641426 -33.93629468734589
221 1989 0.0031355382209537178 0 0.06797509967552884 14.800059867249765 -6.643349671824082 14.077765865812477 -1.1315797455041343 0.49905724261392137 -33.938240469123656
222 1998 0.0030965330533396338 0 0.06797509967500431 14.799551664974967 -6.642414462460113 14.077205410561113 -1.1315764409060036 0.4990420073240331 -33.93751224366573
223 2007 0.0026473009172317623 0 0.06797509967407758 14.800167597398653 -6.644645878715767 14.077885633666003 -1.1316175649125755 0.499057913475859 -33.935921835500196
224 2016 0.0024149464839266182 0 0.06797509967315615 14.79996209128003 -6.643397933612073 14.077663953882492 -1.131621457385897 0.4990554081319077 -33.93955133935661
225 2025 0.002112847565257456 0 0.06797509967359715 14.799867582055594 -6.642915472406612 14.077474541810355 -1.1315920100675831 0.49902548807007424 -33.93858488802432
226 2034 0.002069968154050861 0 0.06797509967388683 14.800471340697861 -6.643092048312057 14.078080427083089 -1.131648062956849 0.49902598096197154 -33.94093604524685
227 2043 0.0021037417741237583 0 0.06797509967306956 14.800371171148573 -6.642365530159305 14.077824695610452 -1.1316464939225628 0.49897594603223067 -33.94109946606038
228 2052 0.0022097733033447594 0 0.0679750996727569 14.800157972878333 -6.644393274036967 14.077630273183837 -1.131625301777139 0.49897813759467274 -33.938029743574134
229 2061 0.0022993197072307984 0 0.06797509967180426 14.800459400892874 -6.643666591819768 14.077799716012796 -1.131659527610906 0.49893611465546883 -33.93951529136357
230 2070 0.0022502323158045383 0 0.06797509967108868 14.800763946046487 -6.642616545272838 14.077904230002403 -1.1316902082779103 0.498872684470444 -33.940729145750325
231 2079 0.0022959430210966855 0 0.06797509967044213 14.801033139321927 -6.6435264826144245 14.078180970538165 -1.1317349599627293 0.49887276582857193 -33.940484338343055
232 2088 0.00247342954826768 0 0.06797509966985962 14.801287713459647 -6.640894775475852 14.07816921467854 -1.1317745206513314 0.49879040011236525 -33.9445107152673
233 2097 0.002610661856094159 0 0.06797509966992342 14.801723691290531 -6.641312491664322 14.078603173154365 -1.131818075613429 0.498788990659114 -33.945295008490824
234 2106 0.0028956661927960507 0 0.06797509966854673 14.801858439115604 -6.642090560416253 14.078454030102726 -1.1318324339897674 0.49869377531388936 -33.94473970036585
235 2115 0.0032996611045209923 0 0.06797509966757623 14.80239921003814 -6.640703651406917 14.078639299113222 -1.131901400425526 0.49857939426011955 -33.94838877394669
236 2124 0.0034150085873510144 0 0.06797509966674561 14.802403869043681 -6.641431239042352 14.078462577113232 -1.1318800310201906 0.4985187914222752 -33.946550483374665
237 2133 0.003890577835671443 0 0.06797509966553188 14.803285601313558 -6.6409209077712426 14.078939245820182 -1.1319968336424129 0.4983859750090166 -33.94881452471516
238 2142 0.004543642703088222 0 0.06797509966441895 14.803472253868257 -6.643711967198884 14.078933224670225 -1.131973178801942 0.49831761525966234 -33.94428445884214
239 2151 0.005870483486752783 0 0.06797509966211007 14.803679005993562 -6.648424552212455 14.0793148117998 -1.1320105881913247 0.4983654668919171 -33.93643419002153
240 2160 0.007802529830488251 0 0.06797509965809742 14.8059417804705 -6.649110408325811 14.079860127485244 -1.1322361547389066 0.4977993630852707 -33.93866432544473
241 2169 0.008441935780306607 0 0.06797509965848493 14.80493010142867 -6.644970181313602 14.079708238921926 -1.132148263384555 0.49809185048496074 -33.94107590459558
242 2178 0.009575016721883291 0 0.06797509965493517 14.80620808337305 -6.652528033611916 14.080344623113179 -1.1322387888174683 0.4978655698283676 -33.92953996027902
243 2187 0.009479824731118188 0 0.06797509965726217 14.806199579447556 -6.648126248107192 14.079916542455539 -1.1323244042097105 0.4977362389133027 -33.94124641695888
244 2196 0.008988403303264489 0 0.06797509966025342 14.805148571708433 -6.656152481839019 14.079160527904166 -1.1321189163392933 0.4978167572070015 -33.925125717181565
245 2205 0.010365375311031398 0 0.06797509965634192 14.805815330059993 -6.662420404217988 14.07989212333988 -1.1321526748882518 0.4978263657737407 -33.91593283211623
246 2214 0.011872883232775638 0 0.06797509965715798 14.80682740157705 -6.655058719261114 14.079392937805286 -1.1323245130919 0.4973450338364366 -33.922109966637485
247 2223 0.011439838260895209 0 0.06797509965640136 14.80704091702353 -6.657456064685758 14.080852410869833 -1.1322194830151844 0.4977500767079527 -33.92243060303226
248 2232 0.010478385041795737 0 0.0679750996564778 14.805836398906475 -6.649759109091887 14.079797913520954 -1.1321828399517593 0.4978135608443575 -33.937380254518736
249 2241 0.009100606874423874 0 0.06797509965362616 14.806123920546044 -6.650791549980877 14.080130462622334 -1.132254011145108 0.4978269959522859 -33.93424479495086
250 2250 0.008045079032294112 0 0.06797509965272108 14.806285783918545 -6.644711934242395 14.079920350471552 -1.1322809265158222 0.4977181095773268 -33.947139251714766
251 2259 0.007845898034639818 0 0.06797509965623197 14.807132988404941 -6.652371416126146 14.080367141915188 -1.132319343420426 0.49757166883755294 -33.93159610763453
252 2268 0.007365997150843854 0 0.06797509965408213 14.806383839824637 -6.6543791647320205 14.07952870606407 -1.1322087732441752 0.4975392891155461 -33.92390480711347
253 2277 0.007261807404753885 0 0.06797509965192447 14.80711838706327 -6.660583371787721 14.080218134430291 -1.1322219045353636 0.49751267259610804 -33.91424864953942
254 2286 0.007304491589957118 0 0.067975099652372 14.80658853359403 -6.648977784526 14.079611395026888 -1.1322568040829641 0.49751081870161157 -33.93152420147394
255 2295 0.008240421334369011 0 0.06797509965198698 14.806791930601507 -6.643328118806371 14.079393020492496 -1.1323483601015103 0.4973836708252995 -33.94398541239556
256 2304 0.008205015591848552 0 0.0679750996521292 14.806833244759241 -6.649898760914208 14.079537137568872 -1.1322799638046053 0.49740442546950586 -33.93475970533989
257 2313 0.008472738096378234 0 0.06797509965159554 14.806073568370625 -6.633625866433983 14.07935604837032 -1.1323287344970119 0.4976286572662655 -33.9618935946665
258 2322 0.008853330395423827 0 0.06797509965377581 14.80608947008774 -6.639556087259676 14.079025634877453 -1.132256075628724 0.4975039551735355 -33.947465300673954
259 2331 0.008851347832150771 0 0.06797509965117274 14.806516254768706 -6.633435068297264 14.079108831991793 -1.1323429474413549 0.4974027056212819 -33.961972913979956
260 2340 0.010964120949574854 0 0.06797509965190564 14.807387997875063 -6.645803401718775 14.07886615814404 -1.132332564798079 0.49701310965012113 -33.93445558501779
261 2349 0.010941074814726266 0 0.06797509965049331 14.807458456365534 -6.641751476336966 14.078949587113563 -1.1323270299155013 0.49702524420243566 -33.938544737887085
262 2358 0.01086647633042043 0 0.06797509965076225 14.807736506834573 -6.6516018504456955 14.079443317397471 -1.1323187627810887 0.49707598568154715 -33.925284549728666
263 2367 0.010774611101219883 0 0.06797509965206008 14.807794496336237 -6.650778732368446 14.078730160499735 -1.1323283045168044 0.4968248756530677 -33.92717011009388
264 2376 0.010927188269980872 0 0.06797509965323942 14.807540820247139 -6.661664887696629 14.079381190291963 -1.1322880686405021 0.49709804434221067 -33.91297033884771
265 2385 0.00995311491809287 0 0.06797509965213835 14.807794217941874 -6.66177264298231 14.079512952237387 -1.132292170431293 0.49705784310144896 -33.91042688851499
266 2394 0.00966035106420699 0 0.06797509965043808 14.808190357363664 -6.656679903437909 14.07955695479423 -1.1323057040103548 0.49695345735133734 -33.91738524655549
267 2403 0.010008630619443645 0 0.06797509965079859 14.808028514944537 -6.646802691325843 14.078719867010511 -1.1322843500171258 0.4967541383742173 -33.93085759611474
268 2412 0.009542324128138853 0 0.06797509965015493 14.807974926998648 -6.654244280665264 14.079560989627645 -1.1323006620442742 0.4970284642015348 -33.926514572231994
269 2421 0.01104044642158249 0 0.06797509964765025 14.808690306448613 -6.643980283329433 14.079021491965609 -1.132349765860568 0.4966403888378435 -33.941460818452924
270 2430 0.01202294899889867 0 0.06797509964789544 14.80837388224702 -6.639255553369204 14.079393732537447 -1.1323575611648318 0.4968761831748697 -33.955666778531636
271 2439 0.0120182945787552 0 0.06797509964816142 14.808469824191652 -6.646797165792554 14.079139484751307 -1.1323043700357962 0.49674581082429115 -33.94017491177319
272 2448 0.01273358030942643 0 0.0679750996472937 14.80869129347583 -6.645325207909837 14.079242704282038 -1.1323028603904652 0.4967114410133862 -33.94236697466918
273 2457 0.012044989929678286 0 0.06797509964621948 14.809224569819033 -6.64586115585778 14.079330827661606 -1.132326746252844 0.4965636568203843 -33.94047313521337
274 2466 0.012054622449503505 0 0.06797509964524481 14.809150157525973 -6.636142537655493 14.07885761943773 -1.1323764953777173 0.49645372700593454 -33.948722738908174
275 2475 0.012665556183287336 0 0.06797509964484141 14.809457676254782 -6.627072368599623 14.078232694330875 -1.1324050588027152 0.49616812662892884 -33.96242835018128
276 2484 0.014594363980683218 0 0.0679750996442953 14.80929621212567 -6.61859008002079 14.077914068201379 -1.1324152892605988 0.49613562424310625 -33.97073471630596
277 2493 0.015137538917310008 0 0.06797509964401242 14.80903792957777 -6.608868877555418 14.077666481600371 -1.1324548362092062 0.496160281691507 -33.98775874356111
278 2502 0.014144390936634697 0 0.06797509964301379 14.809707595740987 -6.614068097616034 14.077682411974989 -1.1324463114281282 0.4959356520986586 -33.98068017350596
279 2511 0.013733001377932532 0 0.06797509964271387 14.810743253511683 -6.618718724420373 14.077069398190156 -1.1324753940487104 0.4953881280206057 -33.95562937215097
280 2520 0.01434897473404444 0 0.06797509964318096 14.810901924190771 -6.617933486699664 14.077206884818006 -1.1324445674339108 0.4953814160449297 -33.96033595674978
281 2529 0.016099094913174707 0 0.06797509963994311 14.811641836216525 -6.616394392803515 14.076976113631993 -1.132424247652021 0.49507011884480373 -33.957515808985825
282 2538 0.01613423667677003 0 0.06797509964078013 14.81155987638308 -6.615407015637285 14.077461910358625 -1.1324533421189107 0.4952565030685868 -33.966648371745876
283 2547 0.01619151858716319 0 0.06797509963911177 14.811512673711759 -6.603655249894748 14.07655887022093 -1.1325158653667398 0.4950043494711591 -33.97983039628455
284 2556 0.017737780835090627 0 0.06797509964003601 14.812510510984373 -6.623296802574671 14.077267950527554 -1.13240476737387 0.4948661686222696 -33.94249063743982
285 2565 0.018973234018413873 0 0.06797509963971578 14.813250351717246 -6.6182592633255055 14.07716949077358 -1.1324156212303074 0.4946063154840861 -33.9446094668924
286 2574 0.021404135035871904 0 0.06797509963842521 14.81286500344216 -6.617015715100425 14.076317811376923 -1.1324106799493983 0.49445872709184974 -33.94373030107669
287 2583 0.020024619040518072 0 0.06797509963879961 14.812575587621554 -6.623598911210519 14.076853840316042 -1.1324294275740454 0.49471167060080734 -33.934824104359855
288 2592 0.01817135369586213 0 0.06797509963829976 14.812832303366543 -6.593165961377717 14.075520795662236 -1.1324550141417913 0.49425949759384324 -33.980090859795084
289 2601 0.015695042170388956 0 0.06797509963743437 14.812716031285976 -6.614061077935713 14.076680448835557 -1.1324304859848857 0.4946303683012781 -33.954607910719716
290 2610 0.015651467663996912 0 0.06797509963781835 14.812956771411534 -6.619644908636886 14.077412510703764 -1.1324652257659023 0.49477804531751707 -33.948531170638276
291 2619 0.01586249509840757 0 0.06797509963551202 14.813351997800057 -6.616302254693313 14.076820722366739 -1.1324855107644003 0.4944649546487301 -33.94000871729115
292 2628 0.019329236654727307 0 0.06797509963253612 14.814906370740191 -6.6081042420835665 14.076060231538651 -1.132507724170878 0.4937297314488331 -33.94096642403097
293 2637 0.02639930094169701 0 0.06797509963153345 14.815605811720534 -6.5942734570111945 14.075391371813048 -1.1325608786590702 0.49331500881810375 -33.95447853011845
294 2646 0.028522872207841922 0 0.06797509963170326 14.815600829809144 -6.60660269316861 14.07537539210766 -1.1325058926385285 0.4932845567239169 -33.93868830797089
295 2655 0.02943273455060158 0 0.06797509963239746 14.814134502542567 -6.5872091147465275 14.07505631878407 -1.132600313375731 0.4937017513553621 -33.969771068488036
296 2664 0.030588598797998738 0 0.06797509963140774 14.81656776990311 -6.595238176419713 14.074430890691444 -1.1325706601260008 0.49268821591568845 -33.93461153027307
297 2673 0.028901920851378746 0 0.06797509963105053 14.815990113793982 -6.580302696260607 14.073927187263662 -1.132592669139349 0.4927459518647767 -33.95922802614198
298 2682 0.028965126812163438 0 0.06797509962783496 14.816685709628143 -6.590430069853194 14.074546834031498 -1.13260706867185 0.49270032600934577 -33.94328282072008
299 2691 0.030477472998270937 0 0.0679750996256584 14.817502794104051 -6.587758022108057 14.074260428378706 -1.1326066444958476 0.49235039425592486 -33.927946617784826
300 2700 0.031342599106544196 0 0.0679750996288869 14.816197398204075 -6.56958386897341 14.074507858702681 -1.1326810761475776 0.4928928971391515 -33.98987826478885
301 2709 0.030745948211047817 0 0.06797509962806228 14.81772409988325 -6.586209337541522 14.073863191018 -1.1325129881932507 0.49215353520365235 -33.933226797461444
302 2718 0.03274971297107454 0 0.06797509962818477 14.817249179194224 -6.576686107058744 14.073357124799928 -1.1325152541684829 0.4921646984415966 -33.94544031101262
303 2727 0.03446944445328553 0 0.0679750996275402 14.819770179952519 -6.60903962871068 14.07409428352045 -1.1324505689162059 0.49151813229435615 -33.864005456211046
304 2736 0.03832242451363215 0 0.06797509962683981 14.820377652307496 -6.599502955490483 14.073231315989748 -1.1324217823241225 0.49105883327473787 -33.88022644338607
305 2745 0.039783542813393365 0 0.06797509962537221 14.820451074126582 -6.58888697402085 14.073439512123272 -1.1325201587019942 0.4911278779156545 -33.88709433245441
306 2754 0.0376634012034627 0 0.06797509962439832 14.820341445684315 -6.583444067443098 14.07275046948649 -1.1324993591878065 0.49095268479091003 -33.89300499278717
307 2763 0.03928835164150515 0 0.0679750996244365 14.818858287291333 -6.558306761054158 14.07267558685198 -1.1326474568317522 0.491465468513309 -33.9453155755824
308 2772 0.03861663157421181 0 0.06797509962387638 14.819303014555956 -6.567666512337583 14.071618164712596 -1.1324903761934324 0.49095981679622075 -33.90112761136568
309 2781 0.036669741336798505 0 0.0679750996214902 14.820766501086645 -6.5717890975271525 14.071631396099951 -1.1325501348257248 0.49047981651115746 -33.88814884462975
310 2790 0.0378615103647418 0 0.06797509961977016 14.821441457924571 -6.564914809872164 14.071683206580175 -1.1325991204404047 0.4902960882964886 -33.88360345075753
311 2799 0.03904130493343873 0 0.06797509962233664 14.821036837328684 -6.5919056755764105 14.07235767089683 -1.132480483993033 0.4905821466064414 -33.86897319422397
312 2808 0.040783998379507046 0 0.06797509961753592 14.820806139345105 -6.565040988979939 14.072400398481351 -1.1327246433863505 0.4907331143103044 -33.88323500688307
313 2817 0.047735316549175295 0 0.0679750996191906 14.821986780773118 -6.558415646913306 14.07247787870229 -1.132758467572223 0.49039326519268867 -33.878407850527516
314 2826 0.0512012931000026 0 0.06797509961890957 14.823089763940144 -6.566970150013867 14.07173694016602 -1.1327039988345662 0.4897734816218058 -33.84503772030642
315 2835 0.05506456612963049 0 0.06797509961650264 14.825012351744327 -6.575285820272792 14.071700731876378 -1.1327505063445256 0.48912330765126194 -33.795612953324074
316 2844 0.05146406592019065 0 0.06797509961546438 14.825121655058794 -6.590725955266715 14.07211404173372 -1.1326145091873385 0.48918887889769846 -33.76159600479843
317 2853 0.055884281688089406 0 0.06797509961666558 14.822222177930518 -6.539456605692864 14.071231451128527 -1.1328036542623794 0.4899599764132285 -33.8464796945354
318 2862 0.049509414546372726 0 0.0679750996131836 14.824683605651828 -6.5825260795481295 14.07187267421216 -1.1326498573139923 0.48927268604287155 -33.77184308631923
319 2871 0.050784648187510176 0 0.0679750996164395 14.82361083521749 -6.561070579618137 14.06978757766938 -1.1325136682772603 0.48899758339235616 -33.793049670892024
320 2880 0.043697727219852885 0 0.06797509961284716 14.825897822608146 -6.577393556277777 14.07038563093503 -1.1325812150707621 0.4884142239497544 -33.733660524881536
321 2889 0.03813227540162048 0 0.06797509961356021 14.825121327443217 -6.5880563900723965 14.071224046075896 -1.132551199446503 0.4889111283176442 -33.759244520760056
322 2898 0.03468358443979219 0 0.0679750996148504 14.824246304844024 -6.576571302298383 14.070984591204736 -1.132623319472266 0.4891429540857728 -33.7895764602894
323 2907 0.03385099755481064 0 0.06797509961222117 14.82379708251763 -6.565951223485643 14.071484972444345 -1.1327778138107518 0.48947162192644217 -33.794394902436665
324 2916 0.03345865060017977 0 0.0679750996096975 14.824472029975007 -6.563515018317906 14.071591699656762 -1.1328092086927464 0.4892941460945416 -33.79494827211762
325 2925 0.03776749165883394 0 0.06797509960958545 14.82481747016797 -6.552618521163491 14.071210209945946 -1.1328480958082707 0.4890846800745841 -33.77669054668842
326 2934 0.03891541759482107 0 0.06797509960875556 14.825436538165354 -6.566752389655168 14.071211566775121 -1.132791211054383 0.4888538031765892 -33.77045409763812
327 2943 0.04296029539992767 0 0.06797509960956448 14.823998596812583 -6.531444449342411 14.06978118566259 -1.1328597814917323 0.4889372930910198 -33.82743134863963
328 2952 0.046401512438683894 0 0.06797509960769128 14.827152222126163 -6.569309946539105 14.070453184762465 -1.1327883132581436 0.48805178942524785 -33.72215121814928
329 2961 0.05381586688835114 0 0.06797509960627289 14.826592093218453 -6.529549821687249 14.069670934419259 -1.1329889101637147 0.48807123894142446 -33.735727888564895
330 2970 0.05858750691754067 0 0.06797509960313684 14.830408751468246 -6.575608340779802 14.07022537938294 -1.1328264839102877 0.48692072604841524 -33.63525848569719
331 2979 0.05654337256844207 0 0.0679750996051078 14.827480117415455 -6.550675223486416 14.069910935021499 -1.1328336930456586 0.48781872270818805 -33.69990530913837
332 2988 0.06231486403041072 0 0.06797509960315463 14.829892564674557 -6.589035299967176 14.070540287449358 -1.132693465374719 0.4871589952883703 -33.58492443133126
333 2997 0.059655861019178226 0 0.06797509960335504 14.829596211371 -6.556618518102971 14.069737905551682 -1.1328444607698862 0.4870674055984197 -33.65315173251436
334 3006 0.058340588202383685 0 0.06797509960215395 14.831526736330078 -6.576054948516729 14.069365403211744 -1.1327406791948127 0.48628551195708175 -33.57785569811444
335 3015 0.06096523727480429 0 0.0679750996002333 14.83053827214571 -6.5588512290135785 14.069206476080588 -1.1328067239007802 0.4865932170201147 -33.57589712796279
336 3024 0.0561166050161753 0 0.06797509960195984 14.831284773688113 -6.5454205493937945 14.069006871473222 -1.132980678959537 0.4863205121789083 -33.55610366690705
337 3033 0.056099332434263474 0 0.06797509959939853 14.833178743720017 -6.5908127257858045 14.069290381585612 -1.132740295109489 0.4857019830418839 -33.46651674294058
338 3042 0.05803278278332018 0 0.06797509959617452 14.831311535393713 -6.535304646723899 14.068280367573669 -1.1330019439526575 0.4861020095075883 -33.55077696169214
339 3051 0.06275655361224079 0 0.06797509959676405 14.833746845910412 -6.576615027411757 14.068479289305666 -1.1328159802589604 0.485294221258465 -33.412046775647724
340 3060 0.06634404469391703 0 0.06797509959530276 14.833251839135533 -6.53480423561284 14.06783318986978 -1.1329542050172603 0.48534463773266795 -33.46872217700721
341 3069 0.06985678671478925 0 0.06797509959309861 14.832816964361507 -6.5251406076145635 14.06683405053742 -1.1330596955061407 0.48518556754582476 -33.474290532522474
342 3078 0.07562952467060476 0 0.06797509959042593 14.835936818011083 -6.539972268642952 14.06688401065055 -1.1329322796730423 0.4841710555600531 -33.37294998182496
343 3087 0.0968705502341944 0 0.06797509959097163 14.839691951606158 -6.586761972858643 14.066990562816015 -1.1328311813323386 0.48290326374608217 -33.155742461839736
344 3096 0.09867567606327028 0 0.06797509959100302 14.83535922726393 -6.524343395845658 14.065228812270897 -1.1329205694803832 0.48386538135861396 -33.33378595615448
345 3105 0.09436620185370552 0 0.06797509959332718 14.838254662869852 -6.6064146152742795 14.067651391946695 -1.1326418306804604 0.48352892508172135 -33.21784752683079
346 3114 0.0876156871680542 0 0.067975099589152 14.837623729111668 -6.5696217689914835 14.067066861489344 -1.1329166693105148 0.48362550349508626 -33.29201203529866
347 3123 0.07768831114381494 0 0.0679750995890437 14.836871860885031 -6.549743574765736 14.06758998535734 -1.1329667642875874 0.48407764458596325 -33.30941569247754
348 3132 0.0835456088546748 0 0.06797509959126236 14.83816637641478 -6.544336927261669 14.067295286139526 -1.133001550005282 0.4835822032404813 -33.22245714945345
349 3141 0.0781455655873214 0 0.06797509959238247 14.837151492624372 -6.611346168013048 14.069060945115442 -1.132713070350028 0.4843192998334004 -33.24478757781466
350 3150 0.0675292470646173 0 0.06797509958603729 14.838151542112318 -6.557008627967008 14.067253580839743 -1.132946800606804 0.48354677117959005 -33.244582861471066
351 3159 0.060771235183666776 0 0.06797509958846905 14.8373632831113 -6.549948588057177 14.067198890132387 -1.132944837305946 0.48379749663562294 -33.27200335923825
352 3168 0.052164337961638906 0 0.06797509958419667 14.83817525092465 -6.548722695492448 14.066681877130387 -1.1329874931964317 0.4833768213905613 -33.22889476858381
353 3177 0.04298710619673163 0 0.06797509958577269 14.837917865392571 -6.549538111747696 14.066584534093947 -1.1329265948807197 0.483425537121068 -33.244752101346954
354 3186 0.04500111114441227 0 0.06797509958316626 14.839154393926123 -6.5364740828278896 14.065865083557878 -1.1330324646658183 0.48283192415999904 -33.182429711339594
355 3195 0.043464415209177945 0 0.06797509958415915 14.837944187764263 -6.523084199650189 14.065718478034057 -1.1330547196931693 0.48320185871449384 -33.244995983541116
356 3204 0.04760478119901519 0 0.0679750995821465 14.839635015942985 -6.531435999317958 14.065163045395611 -1.1330240120806774 0.48246909443004343 -33.16222793621189
357 3213 0.05143524639952321 0 0.06797509958171818 14.840276127828696 -6.548874218502219 14.065760568104253 -1.133020831411807 0.48241580548234 -33.11914961498895
358 3222 0.05458658225337549 0 0.06797509957957244 14.84014890530479 -6.534851510332565 14.065562512010318 -1.1330566387186372 0.4824260376535711 -33.125585866758655
359 3231 0.06135149684044452 0 0.06797509958009242 14.838639585024948 -6.507296226729343 14.06471807941781 -1.1331469576185387 0.482703153440788 -33.15096671355757
360 3240 0.06428771679587837 0 0.06797509957866103 14.839204304456079 -6.4925485256512125 14.063961542555953 -1.1331966584333657 0.4823170064075722 -33.13214333749768
361 3249 0.06146768584270001 0 0.06797509957868984 14.84083879718995 -6.517536150180614 14.064551844779514 -1.1331091908988642 0.48192619952306465 -33.064592366915385
362 3258 0.05860033136367876 0 0.0679750995786988 14.84156716966312 -6.543589657676326 14.065304192375452 -1.133034718499685 0.4818739179430936 -33.065350585544984
363 3267 0.057766093422582286 0 0.06797509957720443 14.841969224465409 -6.536666807190419 14.064840986739112 -1.133049902680602 0.4816165710103818 -33.033012157816245
364 3276 0.06281814635717906 0 0.06797509957743675 14.8405612649988 -6.482176756911911 14.063635784813393 -1.1333079240063186 0.48180768901116233 -33.08640629633973
365 3285 0.06470836685644811 0 0.06797509957430131 14.841787822906545 -6.501418990689359 14.063437188973165 -1.1332123893822597 0.4813133098648676 -32.99115724687702
366 3294 0.06745092557250398 0 0.06797509957584226 14.842383903073756 -6.503206652808214 14.06385895637312 -1.1332258529555572 0.4812509991501005 -33.00079713792504
367 3303 0.07799989613449042 0 0.06797509957276383 14.84143608868707 -6.475818662252921 14.062941780808439 -1.133327042424787 0.4813316488227098 -32.98352514770715
368 3312 0.09147264475984695 0 0.06797509957235763 14.845503880179374 -6.534729539242139 14.063928045901037 -1.1330770521818565 0.4802154476315634 -32.82921649125228
369 3321 0.08906537503472069 0 0.06797509957177661 14.844274192368212 -6.4989788116410345 14.063180320030986 -1.1332393984312925 0.48045134528282707 -32.860135371398435
370 3330 0.08654966015999555 0 0.06797509957635138 14.846172724090962 -6.586402715657304 14.065062284013472 -1.132882001163287 0.4802445558687222 -32.77203898570384
371 3339 0.08705192835545475 0 0.06797509957228104 14.84779616662686 -6.552802395126628 14.063788714772887 -1.1330259349541976 0.47940457750096016 -32.67595717488852
372 3348 0.09106458612552915 0 0.06797509956819228 14.848102547404082 -6.533692102499285 14.063226810279922 -1.1331217669694535 0.4791770502486239 -32.608055661698394
373 3357 0.09484401147061204 0 0.06797509956826718 14.843849761525021 -6.48512250864364 14.062455912676173 -1.1333370655576136 0.48039119934855024 -32.81133243383301
374 3366 0.08462678918119276 0 0.06797509956864096 14.847199600449635 -6.541850745691148 14.063598394643876 -1.1330923668651853 0.4795594434008733 -32.66131165943133
375 3375 0.07921228926150764 0 0.0679750995693132 14.847859691534616 -6.534212057206289 14.063348689654928 -1.1331563199230015 0.47928998100721687 -32.638565831861335
376 3384 0.07068777506915962 0 0.06797509956756112 14.84828190316299 -6.546285913659618 14.063246899861918 -1.1330520846108538 0.4790979606701116 -32.57836623544928
377 3393 0.06542157480917679 0 0.06797509956732285 14.84624684541215 -6.504681635830511 14.062382926849134 -1.1332393400676015 0.47956313366989334 -32.70574359869306
378 3402 0.057044133167042314 0 0.06797509956781597 14.845891175457226 -6.509640641981706 14.062779905529675 -1.1332349287607948 0.47979225842005657 -32.73671907677402
379 3411 0.05603046275446479 0 0.0679750995662342 14.848229151210017 -6.526917492691216 14.062775794915405 -1.133195420034905 0.47901070497519743 -32.57751885095119
380 3420 0.0579791749134306 0 0.06797509956408421 14.848416334173434 -6.522390484962491 14.062467853746018 -1.133197085595124 0.4788670674003897 -32.54786712068681
381 3429 0.05961296858335781 0 0.06797509956480978 14.847613671666755 -6.507185934847868 14.062068611048167 -1.1332332696028915 0.4790282768293858 -32.58666805558463
382 3438 0.061926074017853314 0 0.06797509956368697 14.847686467801749 -6.495578197505145 14.06186410407485 -1.1333062553331192 0.4789696014544203 -32.561732198387254
383 3447 0.054133558724475034 0 0.06797509956491586 14.84631413436536 -6.494498736979292 14.062090526171092 -1.133314347653852 0.479476213528231 -32.66192367420423
384 3456 0.051773565164055776 0 0.06797509956388713 14.846458521976109 -6.483231000673329 14.061714478387632 -1.1333540775961937 0.4793393598137574 -32.6292905749469
385 3465 0.050938753375234035 0 0.06797509956363706 14.847446070128521 -6.484241770345966 14.061315396106497 -1.1333468088849459 0.47889802786443364 -32.552973506700454
386 3474 0.0451114149326527 0 0.06797509956361392 14.847671111953893 -6.502805173330272 14.061931148834233 -1.1332614996394552 0.4789783673598213 -32.57130029430122
387 3483 0.04427802345626526 0 0.06797509956238987 14.8482413846812 -6.491814973732454 14.061277558265736 -1.1333106438253004 0.47861836777006844 -32.51701623338402
388 3492 0.04549763555805323 0 0.06797509956160583 14.847555926847017 -6.477907665597901 14.06099419815742 -1.1333751279314108 0.4787791242116199 -32.52404610898086
389 3501 0.04530819576931866 0 0.06797509956205997 14.847727282746503 -6.4809650296282975 14.061027682350101 -1.1333846505439542 0.4787277855162571 -32.52447059736168
390 3510 0.0483453023239896 0 0.06797509956040784 14.848973211753908 -6.495085598876862 14.061300387924268 -1.1333322224599625 0.4783888813459888 -32.43444395642175
391 3519 0.0592417610457561 0 0.06797509956030731 14.849928926623036 -6.501136510573831 14.06104745070241 -1.13332433476866 0.4779938488905132 -32.350621187835614
392 3528 0.06615623546496806 0 0.0679750995594322 14.850148808354755 -6.499171486716839 14.060890549695271 -1.1332994771804754 0.4778809942960362 -32.325117160516605
393 3537 0.06871030531081913 0 0.06797509955963613 14.848753263530314 -6.477389782288255 14.06073631943924 -1.1333962018788182 0.4783241452375885 -32.42034398487231
394 3546 0.06330313655998984 0 0.06797509955878758 14.84923078619112 -6.480058290122378 14.06052911746184 -1.133394814884878 0.47810253420585863 -32.380056080173944
395 3555 0.06214055386877605 0 0.06797509955815852 14.849088709464922 -6.467468279008819 14.060148789252812 -1.1334361944973421 0.4780574620494512 -32.362968860588836
396 3564 0.06518162049985024 0 0.06797509955806999 14.848917064017167 -6.454080514786279 14.059436288709183 -1.1334764916041289 0.4779196023527623 -32.342247819028785
397 3573 0.06222038207798983 0 0.06797509955722175 14.849194215023717 -6.462224242880784 14.059852324982426 -1.1334610304162889 0.4779438937798023 -32.32357691146206
398 3582 0.05996511788880896 0 0.06797509955810535 14.85068709717896 -6.4691412265431545 14.059632347818022 -1.1334395848463041 0.4773869241514703 -32.21157324512741
399 3591 0.058550688384097715 0 0.0679750995573567 14.85027496364811 -6.482347499477647 14.060244490185145 -1.1333774778578325 0.4776796389616595 -32.268287608747926
400 3600 0.06513004059723171 0 0.0679750995561142 14.85086591458198 -6.464504013186201 14.059170325768383 -1.133447175240834 0.47719883828385584 -32.18510463663044
401 3609 0.06950389874813287 0 0.06797509955643302 14.850911711563805 -6.457066616666722 14.058893706398965 -1.1334930650850563 0.477115118367108 -32.18022703174747
402 3618 0.07477522391874213 0 0.06797509955496486 14.850148422200022 -6.456429931261959 14.059317847716626 -1.133515055450307 0.4774913552968494 -32.22328606525382
403 3627 0.07680733353054069 0 0.06797509955423992 14.851022000035629 -6.457135663424337 14.059022912755028 -1.1335264534045653 0.47712227685452946 -32.14707760728029
404 3636 0.07623192487635812 0 0.06797509955377362 14.850409183424238 -6.454400827418094 14.059329609712456 -1.133538810455938 0.47741828126396013 -32.212152136394415
405 3645 0.07068269803412086 0 0.06797509955556347 14.850859004886427 -6.458146377122799 14.059069185252019 -1.1335222908863718 0.477184518676696 -32.18655430812899
406 3654 0.06928668205536757 0 0.06797509955398032 14.850564772184848 -6.444116185616849 14.058680774915675 -1.1335686572473214 0.477190372951117 -32.17962561028176
407 3663 0.07339461670227362 0 0.06797509955366765 14.85085967326861 -6.452271172546476 14.059019755486656 -1.1335320352618043 0.477184450008989 -32.193044232363654
408 3672 0.0780428973031573 0 0.0679750995524862 14.850420768125081 -6.4347304466377695 14.058362233765235 -1.1336484372863924 0.4771603536318172 -32.16080124572469
409 3681 0.07385307343243167 0 0.06797509955316672 14.850591648396568 -6.44541430361849 14.058826370281686 -1.133589445325443 0.47722500532513773 -32.19587198115664
410 3690 0.07943842559735795 0 0.0679750995516101 14.85237017820468 -6.446451663036095 14.058224993957843 -1.1336146972669616 0.47647667813317107 -32.00945521757233
411 3699 0.09121600849087491 0 0.06797509955071383 14.852154359342636 -6.441014340760593 14.058101515964307 -1.1336381560369557 0.4765212446955709 -32.029542107037706
412 3708 0.09059843689448184 0 0.06797509955004406 14.852349811013013 -6.436112758218987 14.058001390086512 -1.1336503033140215 0.47643814588500727 -31.997144145562526
413 3717 0.09851526942478456 0 0.06797509954675444 14.853956271224414 -6.438048805388738 14.057583504434678 -1.1336471194320292 0.47580113234759835 -31.826982001865115
414 3726 0.10835980866535497 0 0.06797509954818794 14.853230527280477 -6.434704908084205 14.057774369227634 -1.1336494200370812 0.47609795185590686 -31.892071480011097
415 3735 0.11938765174925507 0 0.06797509954616503 14.855741905107468 -6.457590861978194 14.05772760787184 -1.1335706442211582 0.4752392785836815 -31.747935406927184
416 3744 0.12008626717173815 0 0.06797509954551662 14.854808965253788 -6.444651905508269 14.057560274998176 -1.133627356076702 0.47551307398727627 -31.77403042582408
417 3753 0.11802522945543606 0 0.06797509954408505 14.856836321085693 -6.454638283008297 14.057183534773364 -1.1336039024419562 0.4747389026248443 -31.576841590746987
418 3762 0.11204214116466794 0 0.06797509954515144 14.856021520651652 -6.456871759025746 14.057506784940257 -1.1335662417887085 0.47508733288632177 -31.672365826093625
419 3771 0.10325163143775429 0 0.06797509954568134 14.855342018502448 -6.4456492760900055 14.05714640898011 -1.1336133170361922 0.47521329132316753 -31.68265521782112
420 3780 0.11229594110971867 0 0.06797509954227345 14.857341425837939 -6.446111597508554 14.056527225857423 -1.133607748120157 0.4743962338946383 -31.47824107363256
421 3789 0.11363074581321315 0 0.06797509954301731 14.857280601473978 -6.4571302719876265 14.057185990011154 -1.1335751490488728 0.47459278208671074 -31.56297634537574
422 3798 0.1092164222137957 0 0.06797509954318454 14.857103193299814 -6.453041203049174 14.057244756056646 -1.1336042247663407 0.4746771304677969 -31.591611892320596
423 3807 0.10190402756772067 0 0.06797509954172212 14.858553067645078 -6.44759014317085 14.056555897801754 -1.1336194996066404 0.4740235633142957 -31.404657205107764
424 3816 0.09636543526397165 0 0.06797509954122075 14.859666472921983 -6.451943676836659 14.056503415681657 -1.133626393943834 0.4736485484909234 -31.295157827187015
425 3825 0.09794093107315918 0 0.06797509954123794 14.858640193522447 -6.449422895531392 14.05662237192868 -1.133629570772269 0.4740148739594669 -31.409547428937906
426 3834 0.09385208977264092 0 0.06797509954132967 14.8598175471697 -6.445446341219086 14.056046226689276 -1.1336367561631686 0.47347487528223975 -31.22985094229672
427 3843 0.09151853841028586 0 0.06797509954011412 14.857447962592417 -6.428380975367346 14.056184398830132 -1.1337272970752175 0.4743009817005919 -31.429170013929344
428 3852 0.10429129885087705 0 0.06797509953878832 14.859353042596114 -6.438537485523313 14.055616088017056 -1.1336628060643423 0.4735039633998612 -31.208794555546827
429 3861 0.11049441222424915 0 0.06797509953930612 14.85856963275172 -6.432912881088996 14.055513984176615 -1.1336651280942391 0.47373119293461224 -31.281389447245147
430 3870 0.11448474313524229 0 0.06797509953726424 14.859459573425713 -6.421389857966125 14.055177853024555 -1.1337535643308343 0.47337945017396293 -31.19112130882777
431 3879 0.10581392303284669 0 0.06797509953785016 14.859062138478805 -6.43066951974041 14.055418503903669 -1.1336955643263513 0.4735551499038662 -31.228014017001573
432 3888 0.1126265441099534 0 0.06797509953625397 14.860508163259691 -6.42531105445009 14.05468484310199 -1.1337263265902353 0.4728883497255184 -31.034956894636327
433 3897 0.1195821737815528 0 0.06797509953655331 14.860182945020886 -6.430384544205693 14.054885380409685 -1.133697244506323 0.4730418778740979 -31.076717181465405
434 3906 0.10781337736606844 0 0.06797509953607539 14.860232643624654 -6.432162595904023 14.05509844176845 -1.133709219506934 0.47308805517299185 -31.094022706139114
435 3915 0.0964103792803669 0 0.06797509953547555 14.86048232468058 -6.430510409626478 14.054951012640363 -1.1337036617072012 0.47296816622158533 -31.039664581366704
436 3924 0.10086419989567946 0 0.06797509953682815 14.860180201730023 -6.430737281929746 14.055446904365194 -1.1337317925165464 0.47321580089558773 -31.073517805263926
437 3933 0.10425926522936167 0 0.06797509953746096 14.859598457001868 -6.439697210373493 14.055698334830778 -1.1336865528460682 0.47345199696859075 -31.149875345639444
438 3942 0.09511559400080771 0 0.06797509953641973 14.8600822531151 -6.43017471519742 14.055199458371494 -1.1337124729841617 0.473170153575904 -31.08181851088111
439 3951 0.10172367912780857 0 0.06797509953708264 14.86045143089103 -6.438603983523223 14.055051956640037 -1.1336320153839168 0.47298819127538483 -31.025796908766626
440 3960 0.0966945141382356 0 0.06797509953746439 14.860045834550684 -6.432431493084754 14.055082193762267 -1.1336653994417798 0.4731389033617519 -31.064450321279157
441 3969 0.08804143781478804 0 0.06797509953625902 14.859921835481432 -6.423750779359881 14.054738491249212 -1.1337206582806276 0.4730943397478737 -31.055465953322873
442 3978 0.08959816429969106 0 0.06797509953610636 14.860044777385813 -6.425984566732823 14.05475659767257 -1.1337001636602002 0.47305521860673777 -31.08545773412076
443 3987 0.08293078847707304 0 0.06797509953625322 14.859688573556367 -6.423673137762073 14.054974228252195 -1.1337426446622787 0.4732380399993463 -31.08650444488279
444 3996 0.08857253528073972 0 0.06797509953646716 14.85983053992454 -6.429696241680931 14.055225473109722 -1.133726873743415 0.4732567249249564 -31.117895512114536
445 4005 0.09211261386712136 0 0.06797509953593059 14.859794812031172 -6.428416710549391 14.055215003570678 -1.1337364787118762 0.4732692563476587 -31.126845820572647
446 4014 0.1022655241528594 0 0.06797509953535655 14.86018448735705 -6.42276429977634 14.05474339180555 -1.1337669413565807 0.4730147851849947 -31.01897873696516
447 4023 0.09937109002605958 0 0.067975099535689 14.860400786559007 -6.422039751247988 14.054534069545236 -1.1337329576630213 0.47288381889016945 -31.00166338708499
448 4032 0.09392265310862971 0 0.06797509953547566 14.860505150824071 -6.42592540035011 14.054655237547319 -1.1337625330848369 0.47287982073335794 -30.983937599257924
449 4041 0.10313576486317659 0 0.06797509953592305 14.860505839655602 -6.422628151465433 14.054328378800072 -1.1337745521846911 0.4727862332885832 -30.927713135154324
450 4050 0.09179785545241745 0 0.06797509953520789 14.860205154931013 -6.4225044845849535 14.054766132421513 -1.1337786851057479 0.4730159372936307 -31.01425658068751
451 4059 0.08293377094133324 0 0.06797509953598158 14.860525411719763 -6.4253676637201895 14.054375792924155 -1.1337598674740281 0.47278884971662566 -30.94949175455385
452 4068 0.08651931996333159 0 0.06797509953542542 14.860498017346732 -6.425660072750919 14.054606313994775 -1.1337533267251843 0.4728690032837884 -31.00258871474527
