% # columns="iteration, evaluation, sigma, max axis length,  min axis length, all principal axes lengths  (sorted square roots of eigenvalues of C)", seed=504155, Fri Dec  1 12:24:19 2023
1 9 1.9661432368542893 1.0000416675347343 1.0 1.0 1.0000083333680556 1.0000166668055563 1.0000250003125026 1.0000333338888951 1.0000416675347343
2 18 2.030116034882295 1.0975658320976103 0.9097038253767112 0.9097038253767112 0.9505441652022328 0.9721820811018244 1.0017954821715789 1.0415269005198293 1.0975658320976103
3 27 2.24606735988307 1.1728069318524186 0.8353769843666089 0.8353769843666089 0.8986946896405965 0.9555988873464143 1.0335777220814208 1.040084671859294 1.1728069318524186
4 36 2.340174827327243 1.2958936366112441 0.7762758769749599 0.7762758769749599 0.8954709328822072 0.9624801268056027 0.9824276204526434 1.0618984278154602 1.2958936366112441
5 45 2.6894354473923037 1.3938197560863197 0.7733205037353236 0.7733205037353236 0.8508582809050672 0.9504358955727713 0.9765391547388339 1.0780145690903884 1.3938197560863197
6 54 2.8110909176040817 1.4990723296631685 0.7134914820590322 0.7134914820590322 0.8423016450748911 0.9523192717750729 0.965670740318135 1.192463426967179 1.4990723296631685
7 63 2.913266029019164 1.5641360254975982 0.7070067721540566 0.7070067721540566 0.8213191995275338 0.9531834442663589 0.9660283346262855 1.1658557222836619 1.5641360254975982
8 72 2.983659912296277 1.5737488890689892 0.6463264765672704 0.6463264765672704 0.8285233719447042 0.9040060771003385 1.0120886850963093 1.1699812309871447 1.5737488890689892
9 81 2.7800073883472782 1.7083172262617252 0.6253706018520255 0.6253706018520255 0.7625881761707504 0.8888789124094176 1.0224193019617787 1.118590446637109 1.7083172262617252
10 90 2.633765348840699 1.7115782100514658 0.5792838118075457 0.5792838118075457 0.7504409874745734 0.8535254502379203 1.00171083821988 1.1003379583980315 1.7115782100514658
11 99 2.5029518366963903 1.68841349952943 0.5924310511846903 0.5924310511846903 0.6925873641676412 0.8265218242686809 1.0390073681383816 1.0708754841111208 1.68841349952943
12 108 2.7009839961268085 1.686923218263917 0.5433348133457582 0.5433348133457582 0.6758950215476027 0.7875508421527574 1.0496145162082715 1.089013042844572 1.686923218263917
13 117 2.7764520867449574 1.6638368183410563 0.49966147818220136 0.49966147818220136 0.6872837154566229 0.7732223474533182 1.0470897628832219 1.1945305726644326 1.6638368183410563
14 126 2.72670977072022 1.6897843172632012 0.4564980769785102 0.4564980769785102 0.6845448215532013 0.8077432155491885 1.0699050626246487 1.1805514240862012 1.6897843172632012
15 135 2.539226692828662 1.799059791051535 0.45330396121053157 0.45330396121053157 0.660311315792013 0.778725629369045 1.0788000241868425 1.1912518142253623 1.799059791051535
16 144 2.3996082212350576 1.8040269913478675 0.4443535118748182 0.4443535118748182 0.6205873932104085 0.8191546689447529 1.0072424310719428 1.189621849987789 1.8040269913478675
17 153 2.4879957320319837 1.8440641319289421 0.4455528615232521 0.4455528615232521 0.6251115099070039 0.812355141445675 0.9296332466740928 1.1950378897997327 1.8440641319289421
18 162 2.1951748561752686 1.8249472513612568 0.40036573298868483 0.40036573298868483 0.6609553534535269 0.8014004365652863 0.9828078363649277 1.1505302036717449 1.8249472513612568
19 171 1.9900916460255154 1.7053500775679544 0.3905500845311022 0.3905500845311022 0.6198972326617475 0.8028360306371162 0.9758492943004697 1.1595769848499466 1.7053500775679544
20 180 2.019577010030966 1.7407327180694214 0.3783305803692546 0.3783305803692546 0.5931449224850943 0.8003368850331585 0.9328976512227333 1.119239934474338 1.7407327180694214
21 189 1.973311507377871 1.891099435273467 0.3623312213583739 0.3623312213583739 0.577870288759945 0.7741620329910002 0.9555094069186988 1.128902029636003 1.891099435273467
22 198 1.8489499052709297 1.8826592351312084 0.3574195097021669 0.3574195097021669 0.5391058178795946 0.7966110428616028 0.9819104293457849 1.1088993210233224 1.8826592351312084
23 207 1.8982082732233345 1.863715028101589 0.3516026806835141 0.3516026806835141 0.5448463647891582 0.761350930308022 1.022798091587601 1.059267535690377 1.863715028101589
24 216 1.7237678992520866 1.7601810805745752 0.3209413921239934 0.3209413921239934 0.5381799163202167 0.7652171645365176 0.9947691607315818 1.1743674930764711 1.7601810805745752
25 225 1.6117040000623888 1.7367010875205429 0.3072745505883605 0.3072745505883605 0.526592376749329 0.7269109069494698 0.9540965986006329 1.1578920905645376 1.7367010875205429
26 234 1.6197609320132542 1.7632868129014991 0.28107299408530484 0.28107299408530484 0.522406422624875 0.695239044741231 0.9447868364402273 1.1456157223469148 1.7632868129014991
27 243 1.4520376497614964 1.7281499438584833 0.25773099374685665 0.25773099374685665 0.5508514261975975 0.6623340227636968 1.0035247536378418 1.1652642858662328 1.7281499438584833
28 252 1.1878799277932057 1.6278693327514466 0.24258688977156756 0.24258688977156756 0.5461359054077736 0.6649528524568671 1.0055064659046729 1.129577462560105 1.6278693327514466
29 261 1.0635763473729285 1.5778595503992145 0.22546320452705504 0.22546320452705504 0.5372310218493035 0.6552102369756303 1.0019623695177755 1.0920327353249322 1.5778595503992145
30 270 1.136385577754816 1.5293649506553095 0.20990380535470637 0.20990380535470637 0.5357280552587514 0.6579118214727964 1.0195778029197164 1.0431041472547387 1.5293649506553095
31 279 1.0996980540456425 1.6217682663311812 0.18867499392219145 0.18867499392219145 0.5724427909539198 0.6296345887419649 1.0215810993866126 1.0780304236808789 1.6217682663311812
32 288 0.9704235399072395 1.5837707230579376 0.1792260002673696 0.1792260002673696 0.5681429737349928 0.6090339608732563 1.0279320926932032 1.0831187845859085 1.5837707230579376
33 297 0.8552515818716222 1.5845636888882604 0.16807568860742222 0.16807568860742222 0.544211988213204 0.593294270843439 1.0151498720453844 1.0761828601800736 1.5845636888882604
34 306 0.8131548660429412 1.585119298799355 0.1654435056582655 0.1654435056582655 0.529782549678907 0.5969424857700899 0.9032706995013907 1.080895688435382 1.585119298799355
35 315 0.7409678736468277 1.6883955668724104 0.1576724283783737 0.1576724283783737 0.5290789175453381 0.5693344988498403 0.894045985018419 1.0711530234088458 1.6883955668724104
36 324 0.7332435594964397 1.647759655160804 0.1442460132028539 0.1442460132028539 0.5380493088904865 0.5530420551599485 0.900473494375183 1.0528774641238507 1.647759655160804
37 333 0.6685713056997515 1.634111786245601 0.14463929113993357 0.14463929113993357 0.535673435322041 0.5947820999767555 0.8415749350438556 1.0504136371848982 1.634111786245601
38 342 0.5955620132942419 1.7353428386104834 0.13304595280150697 0.13304595280150697 0.5273565341939567 0.5727836045212895 0.8384224500883429 1.0341469724270393 1.7353428386104834
39 351 0.5380881317894397 1.7250520580272362 0.12888493433145604 0.12888493433145604 0.471280409199684 0.5715210340312816 0.8141064974509727 1.0222691686034642 1.7250520580272362
40 360 0.46168399820764533 1.6728163889166288 0.12182437884938375 0.12182437884938375 0.47468000010818684 0.5655246619844487 0.756656744998719 1.058206564668386 1.6728163889166288
41 369 0.46960496015513176 1.6709767040050907 0.11734894180066549 0.11734894180066549 0.4562502482347972 0.5394282044267201 0.7314996204946902 1.0277081497435852 1.6709767040050907
42 378 0.42399652264722115 1.606496227166501 0.11775844246138435 0.11775844246138435 0.4482027308014078 0.5784124003729625 0.6870136787053256 1.0142801724396544 1.606496227166501
43 387 0.3851699453977069 1.6416355966986964 0.10924494490563902 0.10924494490563902 0.41770984934610106 0.5811328522474765 0.6706846278108822 1.003042543224391 1.6416355966986964
44 396 0.4020247953628325 1.6468179987590947 0.10812296180046845 0.10812296180046845 0.4062621797250472 0.5407230425190473 0.6495472115608223 0.9741266294120563 1.6468179987590947
45 405 0.3634111271652979 1.7069276176293893 0.09758983410916715 0.09758983410916715 0.41121721547463763 0.5422835261161627 0.6804287693373856 0.9580324926525546 1.7069276176293893
46 414 0.3469525727627581 1.7530553268727718 0.09041538914854767 0.09041538914854767 0.393455941881027 0.5238050433497425 0.6789736541309567 0.9505675451625988 1.7530553268727718
47 423 0.31518248247455133 1.6684647566480133 0.08380789094669329 0.08380789094669329 0.39831034736575416 0.5192708496574825 0.6537701843111164 0.9709690559619861 1.6684647566480133
48 432 0.2992186623478039 1.6686811536001394 0.07442764818614739 0.07442764818614739 0.38654024357927863 0.5290883988820457 0.6554928128028717 0.9458730232559353 1.6686811536001394
49 441 0.2678924740747839 1.6502100467356118 0.06783331167150042 0.06783331167150042 0.39783887152713615 0.5165131886282347 0.6985952630727837 0.9253658557967142 1.6502100467356118
50 450 0.23652971979464135 1.6183117136700937 0.06438412189504254 0.06438412189504254 0.36914060353584827 0.5182968367511446 0.6955018720718333 0.9090324434743208 1.6183117136700937
51 459 0.21271382623418203 1.6186214552858889 0.057988871801944196 0.057988871801944196 0.3600086118771308 0.49886378126621705 0.6969117745069877 0.9016967228373314 1.6186214552858889
52 468 0.20256681562514556 1.5917661191576222 0.05466255344428627 0.05466255344428627 0.3565575449786751 0.503732167013827 0.689717408959229 0.8664551372687327 1.5917661191576222
53 477 0.203914926496566 1.5847211749297871 0.046712545256600395 0.046712545256600395 0.34609413092290886 0.5185793471120519 0.6786349681157987 0.8954504928072522 1.5847211749297871
54 486 0.21351995711976407 1.5213215356480625 0.044468909014962844 0.044468909014962844 0.3464383859100071 0.5729759272597247 0.6670248661209464 0.8208578821394088 1.5213215356480625
55 495 0.2508493337125693 1.4450024336470175 0.041891333558451406 0.041891333558451406 0.3422422619397756 0.5549775591850472 0.7832755321901771 0.8279734287886301 1.4450024336470175
56 504 0.22589780230825657 1.2912192840495391 0.04050174697286518 0.04050174697286518 0.35182256914400545 0.5740351033363694 0.7812690905666718 1.0466833704682024 1.2912192840495391
57 513 0.2409979688658721 1.2799806861571965 0.036493508832206714 0.036493508832206714 0.33871551978467845 0.5717707529087052 0.7641985760741464 1.0426035683323518 1.2799806861571965
58 522 0.23525999774770778 1.3087159871877707 0.03466342563585308 0.03466342563585308 0.32068788492203343 0.657357127690791 0.7593922590536654 0.9877578420780087 1.3087159871877707
59 531 0.2591979476735309 1.2968146728992294 0.030775712872112965 0.030775712872112965 0.3223359218242534 0.6810050105742307 0.7182609806437448 1.0132166596890555 1.2968146728992294
60 540 0.25249677068515214 1.3335879736631295 0.02911015750921483 0.02911015750921483 0.31535986932679755 0.6821532244261169 0.7432047204251673 1.050123010065988 1.3335879736631295
61 549 0.2898836887142231 1.3581110902467504 0.028280943322147943 0.028280943322147943 0.30294614185435326 0.6872682606013469 0.7144440409413491 1.0477343407196775 1.3581110902467504
62 558 0.3617332734569657 1.6358696760327036 0.02737650422083762 0.02737650422083762 0.2962099144910748 0.6573891860618867 0.7096839689319965 0.9849939622176831 1.6358696760327036
63 567 0.3897940496631119 1.7075532558406323 0.026389950407730105 0.026389950407730105 0.29108892927062746 0.638116721883622 0.7186529078364445 1.0017102065276364 1.7075532558406323
64 576 0.34983353680198215 1.706168789089138 0.0254301537055271 0.0254301537055271 0.27842883574888544 0.648369068098146 0.6966121442602422 0.9774765253582964 1.706168789089138
65 585 0.33892146116897165 1.708331062187167 0.024617920703503268 0.024617920703503268 0.2813829059393267 0.6164700236340527 0.6845246393119961 0.9497778551538938 1.708331062187167
66 594 0.33919400343795575 1.7012206632991973 0.023377664303179287 0.023377664303179287 0.277801822449789 0.6098590644213632 0.6660662915373491 0.9689271014924639 1.7012206632991973
67 603 0.34373513220920426 1.6896855031017985 0.022427533113289887 0.022427533113289887 0.2689780711832413 0.6299741968002751 0.7005278481078795 0.9615053479662656 1.6896855031017985
68 612 0.3295288057516665 1.68471372180983 0.02077597100673102 0.02077597100673102 0.25289098752976946 0.638773391958276 0.7653175974272489 0.9332367227289221 1.68471372180983
69 621 0.29208632439049537 1.7086543411356836 0.020083778769445917 0.020083778769445917 0.24848610895460385 0.6124758340011128 0.754642708193182 0.9477783076687011 1.7086543411356836
70 630 0.281422663023567 1.6656032005824604 0.01963909405063041 0.01963909405063041 0.25107007877355875 0.626390315392442 0.6906576005071325 0.96167381550833 1.6656032005824604
71 639 0.3039934347897788 1.6847641168043008 0.019202743553086956 0.019202743553086956 0.2416008177035861 0.6073158962654869 0.7032171237404773 0.9063468649029465 1.6847641168043008
72 648 0.32024476145765773 1.8077142873710772 0.018575795507166613 0.018575795507166613 0.23075354640932916 0.6113711217290637 0.6830892836822859 0.9295517089149868 1.8077142873710772
73 657 0.32390784831846964 1.8437644333718597 0.017301181490988533 0.017301181490988533 0.2230345418001945 0.6441215739928321 0.6801250992879444 1.0234421978710977 1.8437644333718597
74 666 0.2732065960739851 1.7827311086785684 0.016145425885242017 0.016145425885242017 0.21417023275277522 0.6481382973672487 0.7080794049191669 1.029613157847261 1.7827311086785684
75 675 0.2553290813778273 1.7925170322615442 0.01512692876112177 0.01512692876112177 0.2192856369224847 0.6428053731562826 0.6892929754501949 0.9832597119912141 1.7925170322615442
76 684 0.25471177513787413 1.82638518249653 0.014114796400755573 0.014114796400755573 0.21651492107610598 0.6292312607388473 0.6968986494241093 0.9870414153354621 1.82638518249653
77 693 0.26492877493198524 1.8087509591327722 0.013462436918283084 0.013462436918283084 0.217391584650684 0.6167991411166259 0.7099892813539341 0.9524145845844361 1.8087509591327722
78 702 0.25970840557605335 1.9217175716817443 0.013117031214486314 0.013117031214486314 0.21777580864950774 0.6195173258539904 0.7071076473537826 0.9582544920552473 1.9217175716817443
79 711 0.24212483005876642 1.9192707492447172 0.01213538999954379 0.01213538999954379 0.22465212871253573 0.6140610191044455 0.6922261307453133 0.9371503787416499 1.9192707492447172
80 720 0.24981130965553275 1.8726752910568574 0.011456382234351628 0.011456382234351628 0.22433901032822437 0.6048411185292876 0.6779987815085624 0.9156964038736379 1.8726752910568574
81 729 0.22373596818484356 1.8566399070014326 0.010596149190415283 0.010596149190415283 0.22839652743378638 0.5983679502942696 0.704992686882792 0.9096575163583924 1.8566399070014326
82 738 0.20059404727012067 1.8320492469101486 0.0101500066996105 0.0101500066996105 0.2178338768883333 0.5739065841146698 0.7218217621259249 0.8952842177030202 1.8320492469101486
83 747 0.20567526571003325 1.7705874215395545 0.009714716784025754 0.009714716784025754 0.21448813908330147 0.554890223660301 0.7378992561734079 0.8720367204041815 1.7705874215395545
84 756 0.1836965584270875 1.745719950516885 0.009719350671346069 0.009719350671346069 0.20178417346803904 0.5757143793055048 0.7529569453721453 0.8743729362362491 1.745719950516885
85 765 0.17026426658272947 1.7876579320454342 0.009559002844566254 0.009559002844566254 0.1930402728012661 0.5825340386868579 0.687616367741742 0.8845638068914489 1.7876579320454342
86 774 0.16622728545939747 1.7668657454801742 0.00937415658222601 0.00937415658222601 0.19891875289046698 0.5225502459599233 0.6761112212722242 0.8998140781604443 1.7668657454801742
87 783 0.17454187972448934 1.7601948075034322 0.0086158410238175 0.0086158410238175 0.19948519112536559 0.5148166016950252 0.7018941452564236 0.8612386074259183 1.7601948075034322
88 792 0.17270287011634486 1.891190961449929 0.0078218242945729 0.0078218242945729 0.19967407518963365 0.505711374353737 0.6950886396259807 0.8691183267443463 1.891190961449929
89 801 0.17979520286622425 2.1526515376517366 0.0077277131364905955 0.0077277131364905955 0.18608461632555148 0.4641606490183543 0.712119920358091 0.8639730579011372 2.1526515376517366
90 810 0.17798630105186086 2.0708315096581433 0.007326559327199592 0.007326559327199592 0.19042912538363058 0.4980961093531143 0.6895572877652218 0.8767888708392695 2.0708315096581433
91 819 0.15358975320344426 2.2258519109398187 0.006150863152969579 0.006150863152969579 0.1887810504978023 0.5020755872210637 0.6871297315520127 0.8830246587165317 2.2258519109398187
92 828 0.13651653061425392 2.130515365509197 0.005628406372649576 0.005628406372649576 0.18473486547071832 0.4935098421862159 0.6884732307674104 0.8700600436956535 2.130515365509197
93 837 0.13089506326273 2.1704146846267474 0.00540629656542297 0.00540629656542297 0.1746304074291884 0.47705586298018665 0.6627218361258649 0.8572928392948713 2.1704146846267474
94 846 0.11774313595579725 2.1553424400412657 0.0051665477645945245 0.0051665477645945245 0.18690004382939324 0.47949575803181116 0.6507315202440526 0.8110237241390514 2.1553424400412657
95 855 0.1070266778031301 2.1617260336436566 0.004882905084473925 0.004882905084473925 0.1918853988640259 0.44283038455183193 0.627696255055039 0.778015932125135 2.1617260336436566
96 864 0.10708491597002506 2.11364086450492 0.004216507401061579 0.004216507401061579 0.19037169745762175 0.4322141465552872 0.6477992338239317 0.7973102829580292 2.11364086450492
97 873 0.10284057514279826 2.1731519158484174 0.004184507297450876 0.004184507297450876 0.18511513760564585 0.4169496401642548 0.657434891675841 0.7888275757838917 2.1731519158484174
98 882 0.09279420179747823 2.3200266078357985 0.00394209690027977 0.00394209690027977 0.18507359737706222 0.3985713819446758 0.6630287099321803 0.8050713122538886 2.3200266078357985
99 891 0.09380712253150593 2.251411346499995 0.003723733885525282 0.003723733885525282 0.1848328601535418 0.38402906465678194 0.6579666073373577 0.8078911774481866 2.251411346499995
100 900 0.09096770553898671 2.3699919087364942 0.003415942175890808 0.003415942175890808 0.1926850056642325 0.3712056378326232 0.6421772154984958 0.8495758277679667 2.3699919087364942
101 909 0.08244318522042139 2.48936643753083 0.0031117165845654013 0.0031117165845654013 0.18807113752458715 0.3792516218144039 0.6529717486278934 0.8215680749258424 2.48936643753083
102 918 0.06884234590179507 2.5645482435302793 0.0026720417347791485 0.0026720417347791485 0.18316075316146097 0.37915615867020364 0.6596957968121857 0.8472329731982509 2.5645482435302793
103 927 0.0663102744566567 2.4969537100438743 0.00264524324359385 0.00264524324359385 0.17857817220320313 0.3654728195453442 0.6420996152195075 0.792947536470019 2.4969537100438743
104 936 0.06690968052885815 2.5111954072359777 0.0024173247754650682 0.0024173247754650682 0.17344991168672177 0.3571008131047701 0.6521109300633571 0.8203631448151871 2.5111954072359777
105 945 0.07411395421983856 2.588652315927501 0.002207206590797284 0.002207206590797284 0.16441823265589148 0.3500947439650741 0.6570526281830111 0.9043206022250337 2.588652315927501
106 954 0.06718400717625486 2.626859490552832 0.002078656111356426 0.002078656111356426 0.16492143291423195 0.3393009408099206 0.6725755937357697 0.9464051881677558 2.626859490552832
107 963 0.06565679503394599 2.6465462444170846 0.0019696243232789814 0.0019696243232789814 0.1621777705501046 0.33572631608055337 0.6351065647160197 0.9083059823395943 2.6465462444170846
108 972 0.0594551915835747 2.5470242153397304 0.0019290620103657374 0.0019290620103657374 0.15606856530704752 0.33439950741440094 0.6333802817411495 0.9583121170336022 2.5470242153397304
109 981 0.0617696940550692 2.594073008945575 0.0017681906793452246 0.0017681906793452246 0.14878528186544868 0.3244516694506006 0.6256033924347049 0.9833887297942968 2.594073008945575
110 990 0.0593357966922542 2.5800707794737754 0.0016597169267256765 0.0016597169267256765 0.14856130022476757 0.31985113046335856 0.6516408301583635 1.0257853207550658 2.5800707794737754
111 999 0.052420990683387465 2.525329459934404 0.0015558331307778323 0.0015558331307778323 0.14222295935377832 0.3204753242081305 0.6521961088877095 1.0288813420918799 2.525329459934404
112 1008 0.04906194713967083 2.512210442838832 0.001364024319133712 0.001364024319133712 0.15473037844271528 0.31303990881718713 0.636339225104576 1.0316814070455331 2.512210442838832
113 1017 0.043500848063323966 2.474552474752467 0.0013176463661932279 0.0013176463661932279 0.15448531444498154 0.30719378011066095 0.6298902779477622 1.04017022245735 2.474552474752467
114 1026 0.039888071443930265 2.570657301938549 0.0012203761231713152 0.0012203761231713152 0.15343416721478173 0.2887416178877082 0.5962031313244359 1.0763932112255294 2.570657301938549
115 1035 0.033594984879920985 2.5868361257971637 0.0011740090464704008 0.0011740090464704008 0.14247339574020362 0.28923403316846213 0.5887544496050894 1.0808477240873668 2.5868361257971637
116 1044 0.031091789641966832 2.481851080174261 0.0011335908734188126 0.0011335908734188126 0.1373101767943981 0.2885549059787419 0.5969693366921693 0.9835717848331633 2.481851080174261
117 1053 0.03163526736960556 2.4915738465423747 0.0010877845634320402 0.0010877845634320402 0.12896304383117865 0.29501975461816643 0.5904495149903807 0.9672969819236636 2.4915738465423747
118 1062 0.02995822641231351 2.539624191657292 0.0009965804735252433 0.0009965804735252433 0.12721254143761587 0.29678092948024787 0.5810735854766722 1.0129124920198385 2.539624191657292
119 1071 0.03062377928501126 2.588154098681912 0.0009472639812061974 0.0009472639812061974 0.12402304554794052 0.2867652513581948 0.5579508051878267 1.027707754594068 2.588154098681912
120 1080 0.030242332123956262 2.665393109910103 0.0008452065840528737 0.0008452065840528737 0.12482217540323749 0.28360822778678496 0.5435705794459166 1.0448415305058238 2.665393109910103
121 1089 0.030387129824992372 2.595585136774508 0.000781802911753586 0.000781802911753586 0.12701808305260376 0.28862223477212123 0.5720664853940033 0.9852491030456255 2.595585136774508
122 1098 0.027956163105088392 2.5736272940306946 0.000747189529861265 0.000747189529861265 0.12393202039436464 0.29226146694957866 0.5949237887186752 0.948270751673818 2.5736272940306946
123 1107 0.029342938344070528 2.5710970309874583 0.0007484390464495842 0.0007484390464495842 0.12357156491456754 0.27864893575999006 0.5588861727651783 0.9337274397474787 2.5710970309874583
124 1116 0.0264833909335753 2.7500205673132117 0.0006632911173855636 0.0006632911173855636 0.12934717079510125 0.28054811766323545 0.5291271270302194 0.9578539519611527 2.7500205673132117
125 1125 0.02423434486525281 2.622402443351863 0.0007020081032237558 0.0007020081032237558 0.12476567755178465 0.2750685184728545 0.5331806768162314 0.928671790105751 2.622402443351863
126 1134 0.02214188645378582 2.6990210066386586 0.0006571608205970064 0.0006571608205970064 0.12186758806188794 0.2581967928314922 0.5487546121682643 0.9220235116036292 2.6990210066386586
127 1143 0.021356191772766396 2.639539805139782 0.0006104402119791528 0.0006104402119791528 0.12671916511921438 0.25415193283173193 0.5424267992522526 0.8804737370436709 2.639539805139782
128 1152 0.01952371596420527 2.61001652425522 0.0006010053004771196 0.0006010053004771196 0.1303016152925202 0.2502109999543998 0.5380477997651206 0.8136211523889169 2.61001652425522
129 1161 0.018829474366550285 2.6550901255539467 0.0005945107426485016 0.0005945107426485016 0.12511342835821876 0.23549341611434105 0.5179457459552131 0.8083086074289503 2.6550901255539467
130 1170 0.0168747296626206 2.725458554545434 0.0005827811509849463 0.0005827811509849463 0.12144250753373272 0.23204309238986526 0.510655719938963 0.8056890129536726 2.725458554545434
131 1179 0.016072426540414998 2.6514734568593257 0.0005669215629041512 0.0005669215629041512 0.11783050010273635 0.21819199105714365 0.5244254927180916 0.789687120353166 2.6514734568593257
132 1188 0.015921186776511883 2.6368470375519983 0.0005274411855970918 0.0005274411855970918 0.1177065825071675 0.20688543885499494 0.500355864273065 0.8283418426690098 2.6368470375519983
133 1197 0.01571587726557442 2.7040399241272612 0.0005198063722925149 0.0005198063722925149 0.10402345000639958 0.2055904818324483 0.5492598425243238 0.8518504889908364 2.7040399241272612
134 1206 0.01747621708045221 2.687675060189149 0.0005044767550444561 0.0005044767550444561 0.10216146583816456 0.20423975903676891 0.5463145268606251 0.8636792670045607 2.687675060189149
135 1215 0.018106743853467132 2.6516087343590202 0.0005031374530345313 0.0005031374530345313 0.10160272506789506 0.2031231368946923 0.5985958698595641 0.8518343960834808 2.6516087343590202
136 1224 0.019607827881492106 2.58696393249662 0.0004942227813849037 0.0004942227813849037 0.10324741406327227 0.19491523981759484 0.5962697310742754 0.8292711428870952 2.58696393249662
137 1233 0.024638870086318633 2.8670700469626262 0.0004675603506409086 0.0004675603506409086 0.10455227379807448 0.2008768582952498 0.5926589771964695 0.7941894567330778 2.8670700469626262
138 1242 0.02364643119965056 2.7529182315809533 0.00047311889449134007 0.00047311889449134007 0.10473446611780349 0.2095535822635621 0.5963503276409969 0.8025579931220657 2.7529182315809533
139 1251 0.026978294351292436 2.688521098811167 0.0004603313505923711 0.0004603313505923711 0.10250046001780072 0.2032883466953551 0.5827146974545693 0.7876836702444983 2.688521098811167
140 1260 0.02432258633708435 2.8975894779038867 0.00044390485919773256 0.00044390485919773256 0.10541929420963152 0.20143959703361788 0.5458970964374051 0.7886759560683683 2.8975894779038867
141 1269 0.0230755335961666 2.8979954103315024 0.0004334079448640601 0.0004334079448640601 0.10550596452249549 0.19426210979053996 0.551987052251827 0.7457265742179945 2.8979954103315024
142 1278 0.02362226731499695 2.7274270648395103 0.0004616430580664772 0.0004616430580664772 0.1031893492913679 0.19544194787084507 0.5422733070827661 0.7221855658927592 2.7274270648395103
143 1287 0.02186990742075572 2.815002172754291 0.00046732294893769404 0.00046732294893769404 0.10082295314881852 0.18828142228157427 0.5357716142014675 0.7124629610071525 2.815002172754291
144 1296 0.022500891371714064 2.7986608011329355 0.0004608130625591376 0.0004608130625591376 0.10037718503514252 0.1862884628909555 0.5282698411089944 0.6540148809361458 2.7986608011329355
145 1305 0.022009696013930956 2.707327943479908 0.00048073178871319174 0.00048073178871319174 0.10724618708535641 0.1830975211277525 0.4970457493318374 0.661510171716296 2.707327943479908
146 1314 0.023215300276383265 3.067368070316274 0.0004707087270797943 0.0004707087270797943 0.10629251001728873 0.17091863534978088 0.48210303738129545 0.6458779319491728 3.067368070316274
147 1323 0.022273035471695027 3.0840334003567325 0.00045383649192276586 0.00045383649192276586 0.10546019102333908 0.1716384465084463 0.5000460461932089 0.6492928525136337 3.0840334003567325
148 1332 0.02321268437701701 3.1264962717061864 0.0004467410961006018 0.0004467410961006018 0.10546142925398605 0.16749786806623856 0.48917319927096625 0.6429435692614566 3.1264962717061864
149 1341 0.023127793306359563 2.9998619850615316 0.00043531111506164274 0.00043531111506164274 0.10957126050561741 0.16437880197568547 0.4858012820355998 0.6509007958518218 2.9998619850615316
150 1350 0.02430528710006254 3.1897378028398804 0.00042836851759613456 0.00042836851759613456 0.10704805652874315 0.1565469021717124 0.4876808239186597 0.6560763647306811 3.1897378028398804
151 1359 0.022561439071118457 3.547182227838611 0.0004188266450337433 0.0004188266450337433 0.10411345896285666 0.15860317141216682 0.45708252465062865 0.6444694707014447 3.547182227838611
152 1368 0.021816390998979772 3.443834208362668 0.0004130350695074549 0.0004130350695074549 0.10519508299563247 0.1502680277451693 0.4260956128248083 0.6593573601916104 3.443834208362668
153 1377 0.0218861798160463 3.4423014165604195 0.0004092932519075758 0.0004092932519075758 0.10645806591052534 0.1565134526717255 0.43052496728639505 0.6154640625774824 3.4423014165604195
154 1386 0.022673501159072747 3.4553958178248823 0.0004026489233574235 0.0004026489233574235 0.1057235454455997 0.1548825394388545 0.4028855385812208 0.6288670581230252 3.4553958178248823
155 1395 0.020707234138989554 3.2707661513174915 0.00037797885369854204 0.00037797885369854204 0.10585055478674288 0.15238460948531787 0.4070818121298119 0.6697681185549809 3.2707661513174915
156 1404 0.01978443161517217 3.239683489415299 0.0003539092084684903 0.0003539092084684903 0.10301042104451652 0.14867002743460203 0.40553917064054146 0.6841308244276765 3.239683489415299
157 1413 0.024380758187031663 3.2202829220725313 0.0003234758932547988 0.0003234758932547988 0.10634347231954831 0.1495806462695039 0.39411753892030316 0.7029108975953821 3.2202829220725313
158 1422 0.02913002715033405 3.1287444214146767 0.00031195696431713385 0.00031195696431713385 0.10983555438336731 0.16833630946753994 0.3925463173070367 0.6892971699511502 3.1287444214146767
159 1431 0.030270822128911315 2.98640881096494 0.0003165094681624075 0.0003165094681624075 0.10852251933275542 0.16776556686049485 0.4227887231158405 0.6863070360077544 2.98640881096494
160 1440 0.030415557816538673 2.8307728578169344 0.000304799765557839 0.000304799765557839 0.10727082039063265 0.1730389701988141 0.4105734533174867 0.6843773024792151 2.8307728578169344
161 1449 0.029271766822469243 2.823486334717662 0.0003145184660912729 0.0003145184660912729 0.10391080454560057 0.1631584626252315 0.4420223746689502 0.6936891228705081 2.823486334717662
162 1458 0.029631543162504558 2.5732104163181817 0.00031741837321055055 0.00031741837321055055 0.10388689954659058 0.156942387812984 0.44266076236427465 0.6877217656317695 2.5732104163181817
163 1467 0.026968106692758426 2.4810678823036376 0.0003196647175779383 0.0003196647175779383 0.10600550201099963 0.15361318008129715 0.4365039802423704 0.6761332118235702 2.4810678823036376
164 1476 0.02624275498784241 2.386741407793566 0.0003098773471134752 0.0003098773471134752 0.1032697686396628 0.15118971483415966 0.4338449789615214 0.6379040196326602 2.386741407793566
165 1485 0.026807480305703575 2.4247881716473945 0.00031293893642179993 0.00031293893642179993 0.09954384076096624 0.14536298594773436 0.4352182354966387 0.6089076855265096 2.4247881716473945
166 1494 0.024887229145597822 2.4260519711792314 0.0003156438201794222 0.0003156438201794222 0.0963184384650823 0.14517531815171963 0.43604008013399465 0.5971758195748015 2.4260519711792314
167 1503 0.023670292508327067 2.4617794975623677 0.0003009171999427631 0.0003009171999427631 0.0962343298522234 0.14268682846521605 0.43408670002475025 0.5605613454887592 2.4617794975623677
168 1512 0.02043670327375979 2.2708625963753515 0.0002948068730046771 0.0002948068730046771 0.10021997305951652 0.14230623420993366 0.4206293887567527 0.5758715158653342 2.2708625963753515
169 1521 0.019292692466281996 2.235711185722756 0.00028497225550678276 0.00028497225550678276 0.0986852311489513 0.12885310681123224 0.4167658251441841 0.5688027811625834 2.235711185722756
170 1530 0.020816543619722995 2.236228440938409 0.00027988357714988174 0.00027988357714988174 0.105089184268386 0.12358522958084506 0.41903504873522474 0.5603448927910993 2.236228440938409
171 1539 0.021591966202199477 2.1646895635639876 0.0002846954671455524 0.0002846954671455524 0.106994950441041 0.13072671299084915 0.40558161909554397 0.5540069447945536 2.1646895635639876
172 1548 0.02392678707484076 2.1589123545061013 0.00027470540347079023 0.00027470540347079023 0.10964726297238435 0.12607310555265144 0.41142572462002575 0.5701345318467765 2.1589123545061013
173 1557 0.024156619298259192 2.162185615409486 0.0002597662198223254 0.0002597662198223254 0.11691074623858541 0.12866212930713253 0.4048802628120354 0.5525609787108959 2.162185615409486
174 1566 0.022828448594812426 2.2115044873776597 0.00026209132687984903 0.00026209132687984903 0.11157580971190328 0.12158278577403621 0.4019251336724769 0.5503716966367524 2.2115044873776597
175 1575 0.022637334615531874 2.193881361682369 0.00025877053536856834 0.00025877053536856834 0.11182655013266687 0.12013777915093696 0.39298031010847373 0.5313841433547619 2.193881361682369
176 1584 0.022466523331760642 2.162670759114874 0.0002570919284459023 0.0002570919284459023 0.10568044026591977 0.1239377076984714 0.36894937530872096 0.5675355761697073 2.162670759114874
177 1593 0.02301974411506506 2.004878042120967 0.000253008091867431 0.000253008091867431 0.1019703320794153 0.1279663283982409 0.40508303004648794 0.5506734636348309 2.004878042120967
178 1602 0.0239789511427405 1.9438592360542772 0.0002868038605044815 0.0002868038605044815 0.09664722317004781 0.12818536521304452 0.4148195856461924 0.5572414583648333 1.9438592360542772
179 1611 0.01946374008352124 1.9291760151649184 0.000267430594831599 0.000267430594831599 0.09318766671786305 0.13593189055705876 0.4023500128964945 0.5587620101192877 1.9291760151649184
180 1620 0.019062863156909436 1.9311448554045716 0.0002596788630709753 0.0002596788630709753 0.09563270155551853 0.13707474846683543 0.40419312867291035 0.5124098718773635 1.9311448554045716
181 1629 0.018645501944549416 1.9028421418586567 0.00026418823798114423 0.00026418823798114423 0.0976419837124108 0.13360163205513592 0.3695778131690609 0.51100961937659 1.9028421418586567
182 1638 0.01510377251457071 1.9522947913108055 0.00024044753519358468 0.00024044753519358468 0.09993316426463 0.1328357586317831 0.3592694059833394 0.5134013678057388 1.9522947913108055
183 1647 0.014142695839592576 1.965382959732318 0.00022200129176770013 0.00022200129176770013 0.0950891136020025 0.1345609560880849 0.3455866700284582 0.5056440843685862 1.965382959732318
184 1656 0.014566678204270697 1.952985908519803 0.0002168666423195645 0.0002168666423195645 0.09391721722420507 0.12514628926222704 0.34277964989861703 0.5269633339326256 1.952985908519803
185 1665 0.015536743449842195 1.9504620648349313 0.00024594455007463493 0.00024594455007463493 0.08964020321124538 0.12394064773667308 0.3195914743532042 0.5106809643547858 1.9504620648349313
186 1674 0.016831752068372598 1.908429279105825 0.000245189046605559 0.000245189046605559 0.09669604840543292 0.12068024579437363 0.3218176248689213 0.49588311170417504 1.908429279105825
187 1683 0.014416597482661634 1.8803713844253636 0.0002444454637875243 0.0002444454637875243 0.10919316092517528 0.11440415064116588 0.3246585211383608 0.4529524302691996 1.8803713844253636
188 1692 0.013282779478787487 1.9169240540352335 0.00023514632573474575 0.00023514632573474575 0.10106512537411351 0.11131172043576862 0.32231704785906345 0.4659549173780857 1.9169240540352335
189 1701 0.013399957161659475 1.910028552890533 0.00022644855704837457 0.00022644855704837457 0.09272577420403506 0.11114697734416122 0.32092384609300384 0.4669246748635117 1.910028552890533
190 1710 0.014191155597655226 1.979214380481906 0.00022541003348912727 0.00022541003348912727 0.09545436200233584 0.1110989851714394 0.3118318890274897 0.45627646137977734 1.979214380481906
191 1719 0.01623418986470185 1.9084634041437576 0.00022267745577843616 0.00022267745577843616 0.10399750309049524 0.11295709906467681 0.29202745770062805 0.45080258199646533 1.9084634041437576
192 1728 0.01713449858517798 1.88301843118653 0.00023535155154225505 0.00023535155154225505 0.10267917679645672 0.11940736224472127 0.2901216307583231 0.4454351676970612 1.88301843118653
193 1737 0.01827801648917398 1.8277019406058115 0.00022214631815029983 0.00022214631815029983 0.1048557909809013 0.11803910570354767 0.2915420066490754 0.43560132301159854 1.8277019406058115
194 1746 0.01906352207658049 1.7445147035055961 0.00022116137561172092 0.00022116137561172092 0.10268091516652499 0.12804436484751136 0.3022796492135694 0.40102289220155485 1.7445147035055961
195 1755 0.01839224225229842 1.812359107306256 0.00021199710770150454 0.00021199710770150454 0.09296536530158821 0.13364371412363557 0.3048821949200078 0.40383163344070655 1.812359107306256
196 1764 0.016999275940936538 1.7681068838286764 0.00020994031869471543 0.00020994031869471543 0.09298540091303961 0.12963219157723954 0.2966822357269042 0.412629519568287 1.7681068838286764
197 1773 0.014398002339101715 1.6803032714897184 0.00020486874788024594 0.00020486874788024594 0.09461054816246829 0.12455764624364919 0.29532648246789495 0.42118457630565764 1.6803032714897184
198 1782 0.01362809867151821 1.6450202253194737 0.00020938240510385742 0.00020938240510385742 0.09000911394994514 0.12373095703846011 0.29515264404614117 0.4121048067106792 1.6450202253194737
199 1791 0.013611815771368765 1.5765021069145309 0.00020440257630238194 0.00020440257630238194 0.08854401747732843 0.12270994633580405 0.2860378338146979 0.4127682644474101 1.5765021069145309
200 1800 0.01439062623377615 1.5424288058093008 0.00018726538071005342 0.00018726538071005342 0.09792535199303405 0.11916761862127627 0.27478794239222887 0.41758034285758544 1.5424288058093008
201 1809 0.01428385608569618 1.5801923405180252 0.00018820935559090348 0.00018820935559090348 0.09836467936483292 0.12101420955674008 0.2739324566933081 0.4050368418471286 1.5801923405180252
202 1818 0.014417796137576211 1.5942011125071867 0.0001906925640428678 0.0001906925640428678 0.09730898773096827 0.11973916404446608 0.2573375108867717 0.37951614469567363 1.5942011125071867
203 1827 0.01507633557222456 1.476829148647893 0.0001900960822747156 0.0001900960822747156 0.1016098218496213 0.12972175674852007 0.2557607061547406 0.35448867626747543 1.476829148647893
204 1836 0.014742437894481687 1.466919286089744 0.00019200076272538673 0.00019200076272538673 0.10242371149718245 0.1319312520147509 0.2527242154801849 0.3423931099476783 1.466919286089744
205 1845 0.014897595224947643 1.4293946709605492 0.00018097507687113337 0.00018097507687113337 0.10291148177927557 0.13327799253443026 0.2520160475286192 0.3288212812803539 1.4293946709605492
206 1854 0.014478818933163447 1.4506758494751115 0.00018207111802827754 0.00018207111802827754 0.09556836919652059 0.13869294265008078 0.2504919001642695 0.3137736812421503 1.4506758494751115
207 1863 0.01455260709537801 1.4645724620053435 0.00018968012227778315 0.00018968012227778315 0.09483129338320459 0.1292864607203913 0.23910279636735124 0.310512428346082 1.4645724620053435
208 1872 0.013970153147744378 1.531938917897797 0.00018872381974759222 0.00018872381974759222 0.09008615433695148 0.12940306131169702 0.2260553607720494 0.30468908431733943 1.531938917897797
209 1881 0.013153451601949105 1.4524343311028718 0.00020095766699899925 0.00020095766699899925 0.08945888205324783 0.12567250275777467 0.23282465553598988 0.28704798276615495 1.4524343311028718
210 1890 0.013354854250683867 1.3924603460848344 0.00019856482251965406 0.00019856482251965406 0.09127448003399696 0.12297537491158786 0.2161614286277344 0.27684509501645105 1.3924603460848344
211 1899 0.01212751497327217 1.5012384541009687 0.0002067868184123988 0.0002067868184123988 0.08889888259903185 0.11524388753055821 0.2011985249382056 0.26616649079886073 1.5012384541009687
212 1908 0.012347553556254337 1.4881036326707284 0.00019703937466914698 0.00019703937466914698 0.08391460992925623 0.11330303377264941 0.2052378213006432 0.2648586744861586 1.4881036326707284
213 1917 0.011607149385704243 1.4164077005699318 0.00019287773952822508 0.00019287773952822508 0.0802088083629986 0.11299992065870916 0.21249203651362847 0.2719960169861022 1.4164077005699318
214 1926 0.011157087475385215 1.3414414057368484 0.00019592506191757527 0.00019592506191757527 0.07692031429784717 0.11188913528669255 0.2048211851871903 0.2742432840879496 1.3414414057368484
215 1935 0.010307999843368642 1.3941096346065276 0.00017929555639482084 0.00017929555639482084 0.0764686511900694 0.11118174737663382 0.2040695346814116 0.2708190819183542 1.3941096346065276
216 1944 0.009841515475598694 1.3325659417558058 0.0001670921646120928 0.0001670921646120928 0.07354702040412207 0.11116109137377111 0.20355644284770683 0.27151680189843996 1.3325659417558058
217 1953 0.009536016045021706 1.292028279139438 0.0001650190855432817 0.0001650190855432817 0.07515347183580831 0.10692531375020124 0.19450780816604632 0.2723278861889483 1.292028279139438
218 1962 0.008914207932028758 1.2685080905958923 0.00016081489217137474 0.00016081489217137474 0.0744911544074088 0.10806816204264014 0.18967503425370924 0.26087372052801067 1.2685080905958923
219 1971 0.008535989411850414 1.2665216900937055 0.00015915120033192255 0.00015915120033192255 0.07381218600643703 0.10936441786059597 0.17546361039486608 0.25039910101430557 1.2665216900937055
220 1980 0.007976713023051078 1.2948166221301276 0.00015150105084516953 0.00015150105084516953 0.06628199005507976 0.10907007870059338 0.18497566305545804 0.2524431352329083 1.2948166221301276
221 1989 0.007155688579962021 1.3043398537856912 0.0001534769612710501 0.0001534769612710501 0.06246205077140268 0.11385660433851337 0.16913972882834633 0.24536612226810958 1.3043398537856912
222 1998 0.006355065811041235 1.2944860809362475 0.00015054127234240548 0.00015054127234240548 0.06071702592714109 0.113861314624635 0.16862491962308568 0.2484122728342125 1.2944860809362475
223 2007 0.005621123058218982 1.2980906714446263 0.00014790988488091366 0.00014790988488091366 0.06234638519114311 0.11144979707144825 0.1658005123348069 0.23986617464758195 1.2980906714446263
224 2016 0.006059687419600262 1.310531428636217 0.00013232690885040424 0.00013232690885040424 0.06267677786799371 0.11057046307849284 0.16633768801640092 0.23122228673035236 1.310531428636217
225 2025 0.006512735562727389 1.4424085267734859 0.0001317640370894382 0.0001317640370894382 0.05983934874669463 0.10810622865512831 0.16777373317358818 0.2358675408703315 1.4424085267734859
226 2034 0.007378220561291076 1.5786479919266236 0.0001385401223121299 0.0001385401223121299 0.059354482388377816 0.10245760635266762 0.158498628064141 0.23390199866930877 1.5786479919266236
227 2043 0.007464366490972274 1.817784454192126 0.00013722998055995848 0.00013722998055995848 0.051746427577218944 0.10428774774902437 0.15267765349996734 0.23569083586445297 1.817784454192126
228 2052 0.00706670927097764 1.8925187478049799 0.00013364283825955604 0.00013364283825955604 0.050249165899290134 0.10488956238784038 0.1431969732956504 0.2393202434106558 1.8925187478049799
229 2061 0.007044808280900665 1.87578951017236 0.00013902783477208583 0.00013902783477208583 0.047136232849679015 0.10325313141033825 0.13425953355037254 0.24033350998704753 1.87578951017236
230 2070 0.00553037272964613 1.9520958373851622 0.00013941769323556742 0.00013941769323556742 0.04682880330584354 0.10183802384787463 0.12621017980082758 0.2384340243806829 1.9520958373851622
231 2079 0.0048954302792653445 1.814760513197242 0.00014392970963747037 0.00014392970963747037 0.04495620435440651 0.10145889872666963 0.12361850362162471 0.22151925816072132 1.814760513197242
232 2088 0.0040042866497677744 1.7852654754135022 0.0001461366036271948 0.0001461366036271948 0.04205087559991119 0.09736802921077768 0.11726276251951291 0.22780146679408517 1.7852654754135022
233 2097 0.0038974861796341963 1.777912909087915 0.00013576933608686395 0.00013576933608686395 0.040988912135151316 0.09560739333973395 0.10945515555043807 0.23039252462755455 1.777912909087915
234 2106 0.0032359206561644632 1.7182210757725378 0.00013603389400367708 0.00013603389400367708 0.041070546323128 0.09773467402136443 0.10434137048656969 0.22830728314026624 1.7182210757725378
235 2115 0.0032255766475135367 1.7051103693922212 0.00013144485502634176 0.00013144485502634176 0.040618628966861095 0.08810244172334633 0.1021747680568042 0.2373018302253405 1.7051103693922212
236 2124 0.003517408528142446 1.695168986431093 0.00013288527231190928 0.00013288527231190928 0.04154451861177159 0.07823452427234871 0.10573250525450986 0.24662198218630982 1.695168986431093
237 2133 0.0032041277333042253 1.790722254156373 0.00013217624942538718 0.00013217624942538718 0.04026307808284897 0.07922320265030808 0.10357490697942477 0.2381553704186519 1.790722254156373
238 2142 0.003351553846838346 1.6812614637546703 0.0001313562190135087 0.0001313562190135087 0.03904842902030616 0.07592352365690917 0.102291777040683 0.22692793160052338 1.6812614637546703
239 2151 0.002858797406778313 1.6790412362477223 0.0001299552076983934 0.0001299552076983934 0.03849587366031298 0.0689697364364995 0.10244346088382784 0.2418296909317992 1.6790412362477223
240 2160 0.0025040661563924664 1.6241750189801742 0.0001270867328704307 0.0001270867328704307 0.0389850237041741 0.06326014697725126 0.10285449589532365 0.23809889116511085 1.6241750189801742
241 2169 0.0021502312293711794 1.5534974025003943 0.00012515302545929794 0.00012515302545929794 0.0389030966920521 0.059333033903041274 0.10303370508807984 0.2298783131287646 1.5534974025003943
242 2178 0.0019352247339714226 1.5409919468662507 0.00011742688925301526 0.00011742688925301526 0.03759137544108536 0.05535073222899073 0.10379807689851542 0.22663030907923717 1.5409919468662507
243 2187 0.0021970049728600688 1.4958117158434112 0.00011448793594220627 0.00011448793594220627 0.03564665217395089 0.05480991368216485 0.10449554642158797 0.22501757039298154 1.4958117158434112
244 2196 0.0026337542731634292 1.7055016034022965 0.00011097571290165444 0.00011097571290165444 0.035053278301576306 0.053578323544579934 0.10377322901713239 0.24226941893637055 1.7055016034022965
245 2205 0.0035702166919178474 1.9024919858566687 0.0001021542078068022 0.0001021542078068022 0.0354137902317527 0.05206841504362127 0.10509804622942343 0.2428717494578355 1.9024919858566687
246 2214 0.0040911649290692196 2.203839921883418 9.941697141992273e-05 9.941697141992273e-05 0.03487515574202592 0.05191208359740349 0.10725265219531609 0.23167198410565457 2.203839921883418
247 2223 0.0037930968717398788 2.0980808371514907 0.00010007934516098871 0.00010007934516098871 0.03333784059873407 0.05256645235390206 0.10594567814626557 0.23300878572451553 2.0980808371514907
248 2232 0.003940885796045157 1.85425297929523 0.00010003323523851718 0.00010003323523851718 0.0329093584345684 0.05373890510039177 0.10635792939380795 0.2315499285058404 1.85425297929523
249 2241 0.0038969411379237272 1.7456758647198753 9.660638726380898e-05 9.660638726380898e-05 0.03359912707803001 0.05717457533897906 0.10750851954456772 0.24405823325247403 1.7456758647198753
250 2250 0.0039286388716979715 1.694800787526733 9.466935659118492e-05 9.466935659118492e-05 0.03234690531641415 0.05715296838725814 0.1094430627350326 0.24173542163896178 1.694800787526733
251 2259 0.004174667812518532 1.6728943484750245 9.601312751368062e-05 9.601312751368062e-05 0.03264898511745834 0.057966448526868324 0.1087059143755305 0.2369183171992723 1.6728943484750245
252 2268 0.0039290310888781205 1.6268203079814163 9.465654413696644e-05 9.465654413696644e-05 0.03274504609706298 0.057183282196317235 0.11059365660070043 0.2493759000599038 1.6268203079814163
253 2277 0.0038962924170724655 1.5851768434712268 9.158637805481147e-05 9.158637805481147e-05 0.032545090646010105 0.05408543605199808 0.11327459213530633 0.24085862831379953 1.5851768434712268
254 2286 0.003532720883671751 1.5539178343906548 9.00715336230325e-05 9.00715336230325e-05 0.032896721150952817 0.05273962453797758 0.11023793904774086 0.23676318469608731 1.5539178343906548
255 2295 0.0033166337016837357 1.4874468511407914 8.814306969388461e-05 8.814306969388461e-05 0.03277814750628243 0.05017273603755238 0.11619101227963737 0.22689286715833656 1.4874468511407914
256 2304 0.002790576165893884 1.4138335445020909 8.932790274919288e-05 8.932790274919288e-05 0.0327656197358882 0.049866495214923146 0.11008706064972637 0.22379324675783022 1.4138335445020909
257 2313 0.002615900030644243 1.3647062214887642 9.187492622338776e-05 9.187492622338776e-05 0.029434163575214587 0.04714134355417322 0.11089272101020096 0.22027783141290444 1.3647062214887642
258 2322 0.0023660861321021624 1.3644498970081 9.106969947452215e-05 9.106969947452215e-05 0.027551404925165064 0.0461438015157211 0.10750356661794154 0.22329394067974465 1.3644498970081
259 2331 0.002190194508280043 1.3631203798889746 8.700739774839518e-05 8.700739774839518e-05 0.026681926106057078 0.04471339516284902 0.10368427427203317 0.22471144491857312 1.3631203798889746
260 2340 0.0020483365067381297 1.3338494431441539 8.908411465713206e-05 8.908411465713206e-05 0.026356033901087907 0.04179203334612978 0.10138620358146204 0.21608687325843548 1.3338494431441539
261 2349 0.001780213627947205 1.2939117686634405 8.844014511568036e-05 8.844014511568036e-05 0.02507674283026892 0.04052840482254756 0.10045828937887394 0.2161979592253977 1.2939117686634405
262 2358 0.0016289004635464696 1.2592941975295475 8.184658466488004e-05 8.184658466488004e-05 0.0245053320321165 0.040468255652677615 0.09656693055877154 0.2132289307333836 1.2592941975295475
263 2367 0.0015015127622939964 1.28401851503937 7.992079255736604e-05 7.992079255736604e-05 0.024894150259448168 0.039402889876964865 0.09621965101810959 0.1992628210344453 1.28401851503937
264 2376 0.0014130241423524759 1.2859163968210328 7.832580504081078e-05 7.832580504081078e-05 0.024422106334005055 0.03665757877019193 0.098177612408516 0.1967600899804293 1.2859163968210328
265 2385 0.001359341105762273 1.2785743193824513 7.716431905173263e-05 7.716431905173263e-05 0.024086634359353102 0.035753973196666976 0.0937347775699555 0.20649989319206583 1.2785743193824513
266 2394 0.0014319393272405028 1.1879507093606947 7.437048396555968e-05 7.437048396555968e-05 0.023996079776887582 0.032803046853668145 0.10735796833251945 0.2116961197027247 1.1879507093606947
267 2403 0.001367609937644977 1.190297239041543 6.980645096912564e-05 6.980645096912564e-05 0.025030030425202805 0.03284037885984132 0.1141468451076521 0.1989985707032553 1.190297239041543
268 2412 0.001255929420952714 1.141534310398255 7.098533312858491e-05 7.098533312858491e-05 0.024525619794810622 0.03120105935714934 0.11607195305565823 0.1961661616803453 1.141534310398255
269 2421 0.001212284948122711 1.1123029951370964 7.266596525678697e-05 7.266596525678697e-05 0.02216992681878982 0.031217251187671557 0.1137017845376237 0.19431991161395384 1.1123029951370964
