% # columns="iteration, evaluation, sigma, max axis length,  min axis length, all principal axes lengths  (sorted square roots of eigenvalues of C)", seed=583025, Fri Dec  1 12:26:23 2023
1 9 1.9635469047935592 1.0000416675347343 1.0 1.0 1.0000083333680556 1.0000166668055563 1.0000250003125026 1.0000333338888951 1.0000416675347343
2 18 2.0682159541961154 1.1417314941658143 0.9082930924782011 0.9082930924782011 0.9339377270228293 0.9555578552189681 1.0108443562265592 1.0147220678853326 1.1417314941658143
3 27 2.032315738525207 1.259126598378811 0.866923136660696 0.866923136660696 0.8959477078952532 0.9699288169186219 0.9867483923721232 1.0193159691326394 1.259126598378811
4 36 1.8460143322510576 1.272158633535753 0.8544449891323993 0.8544449891323993 0.9188419829348585 0.9589069108338709 0.9988677042347892 1.0724062753541093 1.272158633535753
5 45 1.7823436686933953 1.275094585380855 0.7991975251566684 0.7991975251566684 0.8969549899725984 0.9632793129796421 1.0006948400626674 1.0854308093002278 1.275094585380855
6 54 1.946636252619581 1.2902934237877095 0.7830820393744321 0.7830820393744321 0.7994460805589396 0.9488189900718066 1.0165187052816602 1.1141171886165202 1.2902934237877095
7 63 1.9571194404685204 1.384948244358305 0.7348775352233059 0.7348775352233059 0.8064198756289835 0.9444752066401376 0.9874015843674311 1.1341539207943523 1.384948244358305
8 72 2.1145532673008343 1.3982862421552114 0.7193542601227525 0.7193542601227525 0.804460797899787 0.9330642812149966 1.0042693682632264 1.1122072302826165 1.3982862421552114
9 81 2.494869622915663 1.3658865872204962 0.7083455900081271 0.7083455900081271 0.9019714413156739 0.9261815629269634 0.9640124353993298 1.0787897092720773 1.3658865872204962
10 90 2.596137596179607 1.4674284804869056 0.6737408469303916 0.6737408469303916 0.8123067011437373 0.9255060881185321 1.0569270334572949 1.155421066600552 1.4674284804869056
11 99 2.901966918009217 1.4737058429142598 0.6298634586061284 0.6298634586061284 0.7535540679990824 0.9227388865917155 1.1538871230118084 1.1963749391930079 1.4737058429142598
12 108 2.8601813168303942 1.5809606069974216 0.5807303509031003 0.5807303509031003 0.7306559458668914 0.8981457363679103 1.112603416675935 1.3512172196695298 1.5809606069974216
13 117 2.9545012237304094 1.5784661211470967 0.5158715286573432 0.5158715286573432 0.7017260660846689 0.9417630482766027 1.22648006205176 1.353239748437691 1.5784661211470967
14 126 2.6640429101893077 1.6943963741423709 0.4871175090487287 0.4871175090487287 0.675493823864704 0.9385019880585573 1.287922318033417 1.375489987382878 1.6943963741423709
15 135 2.4548353725126852 1.7564519347244405 0.44007634573575916 0.44007634573575916 0.6643777569740902 0.8998066919813692 1.2547595915930088 1.3840716557632713 1.7564519347244405
16 144 2.46535321717209 1.7557386120950582 0.4189112852792148 0.4189112852792148 0.6704635964258024 0.8817406671731688 1.18140672841305 1.4128514579945761 1.7557386120950582
17 153 2.3223191865729764 1.76274732500528 0.4082837679637951 0.4082837679637951 0.6839064444154059 0.8922317646083745 1.1906582906763419 1.3930858030460456 1.76274732500528
18 162 2.1508508975947445 1.7577191532080796 0.38924218713967806 0.38924218713967806 0.6602431636982478 0.8710418850185045 1.1626063170422334 1.3985688939667098 1.7577191532080796
19 171 2.0466636497834654 1.7580721050638923 0.3727993420578481 0.3727993420578481 0.6604584429777188 0.8927605203971914 1.1213099789402463 1.3602506698907553 1.7580721050638923
20 180 2.00327116529067 1.7169821315459266 0.35606481977827226 0.35606481977827226 0.6737862223179708 0.8810900858920935 1.0473886027717447 1.3805715667066623 1.7169821315459266
21 189 2.007783049396731 1.7799705703900337 0.35517583006996506 0.35517583006996506 0.6391029714341114 0.8739348753351404 0.9768015653247476 1.348317302896553 1.7799705703900337
22 198 2.119463366973624 1.7796939672348921 0.35110448467875716 0.35110448467875716 0.5804466110313531 0.8867186104833211 0.9990299435763524 1.363992107494911 1.7796939672348921
23 207 2.350425766823542 1.811527301931637 0.34190334294864066 0.34190334294864066 0.5696770111916477 0.8509708670665679 0.9835846803037951 1.4175948082709626 1.811527301931637
24 216 2.39615085431076 1.785767051027884 0.3174409739566736 0.3174409739566736 0.6242142452868905 0.9481659492682701 0.9577245905258936 1.3834448239459036 1.785767051027884
25 225 2.6121632497530225 1.807083468766387 0.2829934748597539 0.2829934748597539 0.6226362311184782 0.9385587801764428 0.995580217524461 1.4913467235489757 1.807083468766387
26 234 2.6593525739380754 1.888637113809818 0.2651553570728722 0.2651553570728722 0.6324309020111424 0.9031366249300617 1.0240450069126381 1.577303675660324 1.888637113809818
27 243 2.352789528175242 1.853502860265447 0.25354384487485465 0.25354384487485465 0.6636222883462893 0.8803747400434409 1.0152978033615745 1.581054179653207 1.853502860265447
28 252 2.4348819191111577 1.7666231254563198 0.2229324527372278 0.2229324527372278 0.6574371507566228 0.9074751977504093 1.0229561157411093 1.559246848574334 1.7666231254563198
29 261 2.327009585941003 1.7603136282051677 0.19976009182893284 0.19976009182893284 0.6596252459650187 0.9172768925359691 1.099343313439957 1.5906896619721282 1.7603136282051677
30 270 2.05009735539944 1.767266820673333 0.18753792254926924 0.18753792254926924 0.6378642595129065 0.8881679162760939 1.0833980327733554 1.6263060965316185 1.767266820673333
31 279 2.0465805821024015 1.7927621505384688 0.1787947107304084 0.1787947107304084 0.598160713859131 0.8847073980681431 1.0625156832593954 1.605861959190675 1.7927621505384688
32 288 2.024286407615634 1.7047911726599023 0.1664032077398251 0.1664032077398251 0.571008533985006 0.9868924938508687 1.0591766942704786 1.657033388851741 1.7047911726599023
33 297 1.7190778778049252 1.8518521737789468 0.16567731119287524 0.16567731119287524 0.5374216900366676 0.9563887106242434 1.0418550014576218 1.6055261604018456 1.8518521737789468
34 306 1.5181418963072764 1.8654385462944525 0.15654609980883913 0.15654609980883913 0.5008266952277911 0.9130896502669599 1.049393265050656 1.614828331990438 1.8654385462944525
35 315 1.3171543726299257 1.9053754654455575 0.14899307228229322 0.14899307228229322 0.4838291493607456 0.8968127596289749 1.005999619545308 1.5654185573002561 1.9053754654455575
36 324 1.2012128210108746 1.8766278748060283 0.13557093944091833 0.13557093944091833 0.45752531524726175 0.8760431065165266 1.0168651084494862 1.554043933504116 1.8766278748060283
37 333 1.2721476493665382 1.8560575906448198 0.12373031553303508 0.12373031553303508 0.4473218246783223 0.8959631762246542 1.0003914039038022 1.5115864999837398 1.8560575906448198
38 342 1.4034832853189065 1.940577549508894 0.11257946279393832 0.11257946279393832 0.4462674519014883 0.913387980033883 1.0107703616827834 1.492730180302007 1.940577549508894
39 351 1.4613222805950001 1.9595452655114465 0.10553534231488192 0.10553534231488192 0.42480760463028777 0.9734917321629002 1.046310687641422 1.4752796093457547 1.9595452655114465
40 360 1.3825906109002022 2.038521419749432 0.10151680694020669 0.10151680694020669 0.372549369949938 0.990891981487909 1.0844538527348762 1.491487559438592 2.038521419749432
41 369 1.4899211998533484 2.043392131700531 0.09452629398469803 0.09452629398469803 0.35205106421325927 0.9793849080979694 1.09180457924918 1.474160667190376 2.043392131700531
42 378 1.6166809147588452 2.07695889672694 0.09298497825208679 0.09298497825208679 0.341822615877215 0.9655087706048028 1.1804386521894246 1.4493675949328968 2.07695889672694
43 387 1.720949900164394 2.2073977051220726 0.08885124503875552 0.08885124503875552 0.3346504475569138 0.966268435171574 1.1708154894468465 1.49922937286 2.2073977051220726
44 396 1.7442845157050062 2.268302933407155 0.08887023837123781 0.08887023837123781 0.32753558854910836 0.9422183340833892 1.115136276525932 1.5089084403931075 2.268302933407155
45 405 1.8642401426404687 2.404593755081246 0.08461720163176469 0.08461720163176469 0.3151872178223631 0.917695773505077 1.0654876140196992 1.4933922295078104 2.404593755081246
46 414 1.711598922536874 2.450574249866859 0.08223856851286786 0.08223856851286786 0.31585039851187563 0.8901622543870686 1.0903982999443216 1.465715680193253 2.450574249866859
47 423 1.7281648851266187 2.756025151414394 0.07505696009247413 0.07505696009247413 0.31196483659070756 0.863083306969693 1.0714831491611194 1.4010004891140446 2.756025151414394
48 432 1.7113227242026037 2.8968051797457908 0.07292446443056136 0.07292446443056136 0.3126500026230109 0.8506146084193313 1.0099405300007689 1.388118776671099 2.8968051797457908
49 441 1.7855593564755603 2.860670381152095 0.06845126646627868 0.06845126646627868 0.30250400589971904 0.8903006994315162 1.020003793389518 1.3534363000129541 2.860670381152095
50 450 1.7986067793001401 3.0054106858005234 0.06882664933898168 0.06882664933898168 0.2740237870379078 0.872233218148272 0.9546716822456746 1.4008069222497301 3.0054106858005234
51 459 1.6330294316360978 2.939074097070898 0.06655310584423885 0.06655310584423885 0.2743676950525455 0.7947262654438068 0.9459130173002382 1.5062704008412062 2.939074097070898
52 468 1.4416295005683184 2.9372783135895744 0.06258140424441586 0.06258140424441586 0.2734576219696963 0.7427916721375416 0.9267589116849999 1.5439282728566641 2.9372783135895744
53 477 1.354227963068357 2.9343956751909115 0.06317826870723975 0.06317826870723975 0.2629853598534877 0.7140091378778249 0.9001427434542558 1.5294637145553582 2.9343956751909115
54 486 1.2789988414029803 2.7400974343693205 0.06312950488797578 0.06312950488797578 0.26162083405987396 0.6733641230898042 0.9081310682903043 1.5443687807487918 2.7400974343693205
55 495 1.2310802941271406 2.747696149728036 0.05535440546487374 0.05535440546487374 0.2572175489339793 0.6522922815323359 0.9099904427857669 1.5674816771862348 2.747696149728036
56 504 1.0123967039974238 2.7505535586929217 0.05354565018919546 0.05354565018919546 0.23659656560874856 0.6059489709716762 0.9203668519296179 1.6770571308750644 2.7505535586929217
57 513 0.886267915038737 2.6293860559116555 0.05429665146479549 0.05429665146479549 0.21467630535801982 0.588670319322358 0.9279183852739297 1.6397735269675366 2.6293860559116555
58 522 0.8282649274676926 2.6863706197862456 0.05128674871852545 0.05128674871852545 0.20441547338645658 0.5618739259889814 0.9242182127833043 1.6135108233905986 2.6863706197862456
59 531 0.8022461902574574 2.7421301662898774 0.050623202513397386 0.050623202513397386 0.1966780828494795 0.5133673118146501 0.9189956379246716 1.6142589652071364 2.7421301662898774
60 540 0.6828841670432898 2.773086910889553 0.049608260561651296 0.049608260561651296 0.19830202590990187 0.49264727007725545 0.8737884866181209 1.6037175276992734 2.773086910889553
61 549 0.6547817708782155 2.6243500566184785 0.04893245224982973 0.04893245224982973 0.19496826927385283 0.4630071287977071 0.855969776380959 1.5852932569567768 2.6243500566184785
62 558 0.6422484895676402 2.550873590937647 0.049199080559925425 0.049199080559925425 0.1930448664135212 0.4603544102335768 0.8679129063681509 1.5573983956753634 2.550873590937647
63 567 0.5307596853160301 2.533795237250732 0.049529380326314765 0.049529380326314765 0.18394683557278352 0.423523354482286 0.9296007529205643 1.5970275746200386 2.533795237250732
64 576 0.4986887266284256 2.5333148627790005 0.047160199513134764 0.047160199513134764 0.16601978281941068 0.41357287909874646 0.908419807516353 1.6153257310045304 2.5333148627790005
65 585 0.4542096387693149 2.6317488255925507 0.047069191201094714 0.047069191201094714 0.16003330986142983 0.41667007247801113 0.8549042396715947 1.520779095520641 2.6317488255925507
66 594 0.4597138220178771 2.6752959388378077 0.04359003437392103 0.04359003437392103 0.15521278381734468 0.3928485873426915 0.863166917660347 1.5352599594615592 2.6752959388378077
67 603 0.4119078500778492 2.7771242393604476 0.039427497347963865 0.039427497347963865 0.15324887499645876 0.37675180353241483 0.8671627883436263 1.5712308068854342 2.7771242393604476
68 612 0.39196120216955466 2.8028849168598025 0.038095484995790595 0.038095484995790595 0.1496219698953535 0.3397071878733077 0.8617798565757473 1.5582079586519009 2.8028849168598025
69 621 0.34538582805652496 2.906449264462552 0.036389393347999704 0.036389393347999704 0.14191067224149229 0.33243432172662135 0.8559979344957058 1.546684526047052 2.906449264462552
70 630 0.3072664854182868 2.951039854600848 0.03594924815147201 0.03594924815147201 0.13662560533488863 0.32306187016694105 0.8242699621503532 1.4233888670434516 2.951039854600848
71 639 0.26408494208391176 2.97033768539219 0.03446672406307422 0.03446672406307422 0.13395805330044064 0.31057899436621694 0.8140649127888515 1.423687138435518 2.97033768539219
72 648 0.24434323341130204 2.8117522186048034 0.03205707831236509 0.03205707831236509 0.13308815167034457 0.3045607588600683 0.7847317819386974 1.459914964608297 2.8117522186048034
73 657 0.2299983012428092 2.7916557911068556 0.030588603635108458 0.030588603635108458 0.12511010071107992 0.30071259784674925 0.7566793605698899 1.4527272845874528 2.7916557911068556
74 666 0.21082231307326504 2.8054067811125876 0.029910818685464923 0.029910818685464923 0.11275454190356748 0.2847648691626053 0.7606901929470727 1.5352369675842574 2.8054067811125876
75 675 0.1846242195487924 2.7944893364662047 0.02617368916809956 0.02617368916809956 0.10711994909757075 0.281822446537805 0.750827141310161 1.5652714535714303 2.7944893364662047
76 684 0.1766801078110975 2.600933751326908 0.02543840153428534 0.02543840153428534 0.1026875605939748 0.27067893004395877 0.7845226332854073 1.5777306513200426 2.600933751326908
77 693 0.16155799496127662 2.5804636551966635 0.02566432114426752 0.02566432114426752 0.10340755262934252 0.2506166573643631 0.7746816227760503 1.5378606721617472 2.5804636551966635
78 702 0.13594177422244097 2.410441950796302 0.02696838879894821 0.02696838879894821 0.10047440783903767 0.23580590333919396 0.7689716114453489 1.5262696502560948 2.410441950796302
79 711 0.12114111956272816 2.3846514883732044 0.026416014777126483 0.026416014777126483 0.08934559997952982 0.23383298547275405 0.7316982190740455 1.5195944523815827 2.3846514883732044
80 720 0.10998596831704566 2.3777306700950764 0.024554051727270758 0.024554051727270758 0.08715112147112772 0.2297795984742017 0.732594302877733 1.5524307797431403 2.3777306700950764
81 729 0.10692864410220794 2.382786178343428 0.02223083418814372 0.02223083418814372 0.09024254964209645 0.218511412260606 0.7133907097883906 1.5743455183829522 2.382786178343428
82 738 0.10388610591901948 2.209106526930507 0.0219785265337538 0.0219785265337538 0.08792274919732142 0.2132165544946363 0.7376461211002925 1.571231686748835 2.209106526930507
83 747 0.09069716408032671 2.205642779887119 0.02079658819889823 0.02079658819889823 0.08823257743201787 0.19913401209420178 0.7689531271238986 1.544690282674883 2.205642779887119
84 756 0.0840080373844181 2.1372927979778087 0.02025430773462252 0.02025430773462252 0.08785120396767876 0.1943549327591341 0.733908450481987 1.495083916163064 2.1372927979778087
85 765 0.07953155661406208 2.184769352516531 0.019013677254455276 0.019013677254455276 0.08589382720573376 0.19181669264202553 0.7336631178809266 1.459649651696477 2.184769352516531
86 774 0.07441691068352987 2.1569662803491667 0.018726372034491387 0.018726372034491387 0.08257774414159351 0.18586162252615232 0.7419055203260018 1.4002181079868479 2.1569662803491667
87 783 0.07314254512083446 2.2274160312843354 0.0175766952245401 0.0175766952245401 0.08135938129309124 0.18009816646842733 0.7098717629773618 1.3554480947242804 2.2274160312843354
88 792 0.07557485800843523 2.3568535612724273 0.017351826185136615 0.017351826185136615 0.080141718472113 0.1519256450060568 0.7211464972865199 1.3179765693655596 2.3568535612724273
89 801 0.08647854333017327 2.453075021295399 0.016573550702359236 0.016573550702359236 0.07494225501787151 0.14003571985251909 0.7237016395665662 1.380399621070854 2.453075021295399
90 810 0.10373019816769122 2.7578033947345357 0.015796212557171844 0.015796212557171844 0.07549773236701561 0.13459498887056057 0.6962542418404343 1.3522477690690002 2.7578033947345357
91 819 0.13070554681759874 2.9538398707537277 0.014052041436059984 0.014052041436059984 0.07425219657672749 0.13384039521763652 0.7952916026579665 1.3300592945167462 2.9538398707537277
92 828 0.16366358754081534 3.0596851014876516 0.013697857596542677 0.013697857596542677 0.07193736170628326 0.1347359354656102 0.800979362291572 1.3473174978148685 3.0596851014876516
93 837 0.21321152959257972 3.060332615336345 0.013710510983311898 0.013710510983311898 0.06547450978400977 0.1352831444849008 0.8064488292177556 1.3614809132900412 3.060332615336345
94 846 0.25662708213238655 2.9973250244925396 0.013913530607938677 0.013913530607938677 0.06492881930537792 0.12343457071688749 0.8285596131301726 1.3637991441378117 2.9973250244925396
95 855 0.34511394861981315 3.2503776553147996 0.013558138484489989 0.013558138484489989 0.06683162793619735 0.11918105350306679 0.7916273186815473 1.3917601473867998 3.2503776553147996
96 864 0.43349658793959317 3.033266384389804 0.012820416134252695 0.012820416134252695 0.0686223983561403 0.12407347770802267 0.8167655284587786 1.4810657614748608 3.033266384389804
97 873 0.4672137274907382 2.990243079380456 0.01295570502577546 0.01295570502577546 0.0676634573474433 0.12904885974594585 0.7683050957445371 1.479781746864046 2.990243079380456
98 882 0.5912448918070514 2.8700581063358332 0.01272233324912312 0.01272233324912312 0.06795119013586833 0.12965709865628766 0.7455168160081823 1.4257935173459457 2.8700581063358332
99 891 0.6570711214440095 2.94745547058282 0.012691316830054195 0.012691316830054195 0.0658912300789936 0.12941254612518371 0.7386735763118405 1.4959310801775996 2.94745547058282
100 900 0.7634615885676681 2.791733534593259 0.012474712666768658 0.012474712666768658 0.06777760959226205 0.12491180495440407 0.7599537343269629 1.5501315723230038 2.791733534593259
101 909 0.7866446584022619 2.8184107368391587 0.01227105522244639 0.01227105522244639 0.07057810245837057 0.12003183787643698 0.7452645704045855 1.5745336789611706 2.8184107368391587
102 918 0.9219230646932921 2.7751965475374454 0.011771866934732892 0.011771866934732892 0.07182904964754719 0.12141928808540345 0.698175586512751 1.5332989418708742 2.7751965475374454
103 927 1.0647022750247945 2.6131119128019105 0.011775921359022157 0.011775921359022157 0.07548569276951574 0.12165242146508759 0.683790137659483 1.6319870031256274 2.6131119128019105
104 936 1.1225253052082254 2.8212012015961307 0.011350315222180466 0.011350315222180466 0.07653595077741322 0.12140022674915091 0.7007568700495468 1.4739706167374613 2.8212012015961307
105 945 1.0714611959880123 2.809425826861156 0.011028034525756356 0.011028034525756356 0.0768653355146971 0.11299155378985057 0.7133184615445065 1.4333672532320076 2.809425826861156
106 954 1.1885953803243137 2.8380612603790785 0.010796849204290396 0.010796849204290396 0.07571424567955425 0.10709126540508622 0.6838909234246648 1.4195582476323891 2.8380612603790785
107 963 1.129207235379914 2.801900902432174 0.010960890894470741 0.010960890894470741 0.07588369629285527 0.10409523865682432 0.666933985504949 1.477662687384205 2.801900902432174
108 972 1.015923641240308 2.8022875340845137 0.010937196889914612 0.010937196889914612 0.07748387630013785 0.09904159340857999 0.6260272487083614 1.4483067536902274 2.8022875340845137
109 981 0.9427579831260248 2.724747054602851 0.010417795661902816 0.010417795661902816 0.07295130167999139 0.09754879552470193 0.6135036559539662 1.4275018904801489 2.724747054602851
110 990 0.9603138059802465 2.6462934413401245 0.010271354934831186 0.010271354934831186 0.07396931417265311 0.09687227670009309 0.5621732026343333 1.3890585400524498 2.6462934413401245
111 999 0.9603802350655345 2.5656275032162883 0.010205890540504279 0.010205890540504279 0.07161502438928467 0.10032129525847117 0.5201202579144775 1.4107584705036056 2.5656275032162883
112 1008 0.9703265870671988 2.5052079204883815 0.00980324227044184 0.00980324227044184 0.07102957754541388 0.09952013473152839 0.5213211056493834 1.3796811434711973 2.5052079204883815
113 1017 0.9670257968728495 2.438006340115075 0.009628910243932864 0.009628910243932864 0.06524253985306915 0.10435880513780588 0.49902009014684096 1.4179875982629384 2.438006340115075
114 1026 1.132213299020735 2.376448415910515 0.009260234009350186 0.009260234009350186 0.06515843364824114 0.10363373271369457 0.4757337248640013 1.4035232090289445 2.376448415910515
115 1035 1.3491830844181698 2.4478837425429996 0.008999471970478023 0.008999471970478023 0.06579161779009547 0.10569511106921506 0.48318338549658624 1.3899217877212187 2.4478837425429996
116 1044 1.2728356801045544 2.3992052606756196 0.00904133740731447 0.00904133740731447 0.06416996863355513 0.10825335476657492 0.4940376879602075 1.3690813522420078 2.3992052606756196
117 1053 1.1304791357295916 2.3559317087872915 0.008961102965104063 0.008961102965104063 0.0621998577805153 0.10576870237440308 0.48298998656914055 1.2661375112247855 2.3559317087872915
118 1062 1.0880273262747089 2.3069238944768724 0.008857853723513857 0.008857853723513857 0.06377272525667267 0.10190747286449688 0.4427381873503884 1.2585263079385898 2.3069238944768724
119 1071 1.1465496922296554 2.3634837470447225 0.008894778578869876 0.008894778578869876 0.062437386800188746 0.10187622439527053 0.42426958941405524 1.2030888814833647 2.3634837470447225
120 1080 1.074892612062514 2.382423442631608 0.008699494228962993 0.008699494228962993 0.0583008350540897 0.1036344518394094 0.437869346502232 1.1792994792630487 2.382423442631608
121 1089 0.8877489713630676 2.42550885755424 0.008782025576924056 0.008782025576924056 0.05722630164463921 0.09974518057486549 0.4055671709283824 1.1873160299743213 2.42550885755424
122 1098 0.8762622927698233 2.41308278638417 0.008709940473288644 0.008709940473288644 0.05502735620748243 0.09457187668929953 0.38458832885423644 1.1796125993940771 2.41308278638417
123 1107 0.8633799904341769 2.4860403079058817 0.008261190507340494 0.008261190507340494 0.05601799495054322 0.0956225679443366 0.361930442724797 1.1642142457112687 2.4860403079058817
124 1116 0.8857973353895714 2.4454762760714384 0.007725337620643591 0.007725337620643591 0.05635064308485555 0.09481526069922366 0.34208549492220436 1.238628572519111 2.4454762760714384
125 1125 0.8312548323661912 2.5085218111751977 0.008073156840231428 0.008073156840231428 0.05453532943420226 0.0936982268277043 0.3255393226146516 1.1680629259468516 2.5085218111751977
126 1134 0.764129594311578 2.52935483581577 0.008341950232420004 0.008341950232420004 0.054472609324168024 0.08496278554722349 0.2938440138220491 1.1692592683711773 2.52935483581577
127 1143 0.7282721524343171 2.4684025820924167 0.008151401312500603 0.008151401312500603 0.05621479708972809 0.08520309816026288 0.27503018787348327 1.1350271387906163 2.4684025820924167
128 1152 0.7147143463721799 2.520752669118863 0.008139947347938738 0.008139947347938738 0.05445005555788711 0.08380866462826791 0.26442614257369584 1.155796502335028 2.520752669118863
129 1161 0.7136992346453973 2.5448576161337217 0.007721230757372954 0.007721230757372954 0.05247394698457472 0.08690919900325902 0.2570569212488305 1.1526362105650905 2.5448576161337217
130 1170 0.7283871571258503 2.561078819797841 0.007760603586867606 0.007760603586867606 0.052436993952071215 0.08650269193301864 0.2351785188233862 1.125890506366926 2.561078819797841
131 1179 0.6717896829340185 2.588645196953734 0.007833979634843452 0.007833979634843452 0.04845135795533533 0.08583019385070512 0.22797728992769514 1.1299100225872656 2.588645196953734
132 1188 0.7079615709828103 2.5138007567745553 0.0074646165998176585 0.0074646165998176585 0.048310288801766056 0.08355288664092314 0.22533812286902738 1.1161134499897836 2.5138007567745553
133 1197 0.8617669228481013 2.8199304808991235 0.007153893455795084 0.007153893455795084 0.049203968757269144 0.0781021852648714 0.22223908364286646 1.0848855424516424 2.8199304808991235
134 1206 0.8545420132712702 3.056419265031308 0.0068817819257536075 0.0068817819257536075 0.04807476102273493 0.07533708636435338 0.22501877596550438 1.097252190533744 3.056419265031308
135 1215 0.9668215493138796 3.0439268076764354 0.00682149137333195 0.00682149137333195 0.04349113886524939 0.07497144200700846 0.21957938681824282 1.0563576832225396 3.0439268076764354
136 1224 1.0974249862122432 3.096368651040605 0.006697100361601477 0.006697100361601477 0.04419755472724857 0.07195918567774984 0.22292461678405553 0.9965176134616326 3.096368651040605
137 1233 1.3846727653332165 3.2853407173834674 0.0062149872534571484 0.0062149872534571484 0.04524709583936536 0.0709112975280856 0.22330271305305738 0.9496831849915319 3.2853407173834674
138 1242 1.2846907610136558 3.2822638693514943 0.006564141176534023 0.006564141176534023 0.044389723617344265 0.06932365917750764 0.2133337378245629 0.9861997309565529 3.2822638693514943
139 1251 1.1460367397980598 3.2779874611259108 0.0063977207789487215 0.0063977207789487215 0.04346398052382374 0.06449142013164337 0.2069647443906522 0.9686747572548161 3.2779874611259108
140 1260 1.040592816407558 3.1978116263055294 0.006386446583617534 0.006386446583617534 0.042820400704171424 0.06482165744302258 0.19558386174469522 0.932089023285871 3.1978116263055294
141 1269 0.9681816534499906 3.1765108346262934 0.006259576504875708 0.006259576504875708 0.04135738412926728 0.06405218259736882 0.18363900900840818 0.9054477784299864 3.1765108346262934
142 1278 0.8968069845395845 3.0187609959384183 0.005982989823347183 0.005982989823347183 0.04076769643069312 0.06136702207725097 0.1852550319757547 0.9246501500292255 3.0187609959384183
143 1287 0.8866249777066515 3.0266718454382526 0.005459348814114433 0.005459348814114433 0.03995806591846971 0.05998697725833447 0.17491047460985018 0.9508832854667353 3.0266718454382526
144 1296 1.0031258095357394 3.008231801266419 0.005418329678083199 0.005418329678083199 0.03854579863330606 0.055948743247598874 0.18571323263227768 0.9493056467784253 3.008231801266419
145 1305 1.0672512153993503 2.8658654324260806 0.005310929741617862 0.005310929741617862 0.03420705987973579 0.05581876552011425 0.19471847423905997 1.091818428435896 2.8658654324260806
146 1314 0.9929865540551034 2.869941910761247 0.005120167594635376 0.005120167594635376 0.03292679561397064 0.054343753952171746 0.19155233518033649 1.2006075239771434 2.869941910761247
147 1323 0.8586492851126546 2.852211496916363 0.004695421000930171 0.004695421000930171 0.0315865167093599 0.05268022916025496 0.1936406040946746 1.224404361989489 2.852211496916363
148 1332 0.8180594848382935 2.837391637859389 0.0046141747865710925 0.0046141747865710925 0.03112189149967241 0.04836702426043525 0.18821567486839677 1.2520180385496795 2.837391637859389
149 1341 0.7787356136657728 2.856177380962297 0.004524311140246086 0.004524311140246086 0.031484793707998546 0.04362044510483023 0.1804928649060977 1.2896021671438491 2.856177380962297
150 1350 0.7179617426830076 2.7371536430175145 0.004451903199903536 0.004451903199903536 0.030887015926744147 0.04146477625418655 0.18848992487940824 1.2457549092977773 2.7371536430175145
151 1359 0.7201820504752606 2.769464579936789 0.004308493144901919 0.004308493144901919 0.029626170591871663 0.04132018999117636 0.1880302838411511 1.2286234652282608 2.769464579936789
152 1368 0.7743947208220944 2.7285735469300536 0.004386016539074842 0.004386016539074842 0.028627051693685405 0.03738409467638486 0.18731017088538052 1.2964972375398676 2.7285735469300536
153 1377 0.7907776209006724 2.7084302431228457 0.004473474942327171 0.004473474942327171 0.027121241136922502 0.037277866861228394 0.18492226871354164 1.366659614809521 2.7084302431228457
154 1386 0.6717003417531057 2.6483539953335673 0.0043967941538112 0.0043967941538112 0.026614802994760718 0.03422692942748375 0.18213013420916557 1.490400908305182 2.6483539953335673
155 1395 0.6327290780977963 2.6637140949963545 0.004379920529555457 0.004379920529555457 0.023996227012676362 0.03342394753298567 0.18112753476913554 1.4325547669921916 2.6637140949963545
156 1404 0.5906315387701895 2.668487303749703 0.004099073742701406 0.004099073742701406 0.02239135188961563 0.03318877015207163 0.182517164815747 1.4685233697826698 2.668487303749703
157 1413 0.48599686860496866 2.7878431710199423 0.0037515675452672974 0.0037515675452672974 0.02129676956480777 0.03284838315787067 0.17620780701609556 1.4509017235734478 2.7878431710199423
158 1422 0.4344727503862685 2.81915649293182 0.003466472166873047 0.003466472166873047 0.021026045750903527 0.03237993233647515 0.17553053737745386 1.4105498236761491 2.81915649293182
159 1431 0.4251144655129307 2.811810379616481 0.0031658587925837375 0.0031658587925837375 0.021094366778963772 0.03152935781232418 0.17507742328556383 1.4006879981247673 2.811810379616481
160 1440 0.41621090687189677 2.8634118907273214 0.0031063671979719245 0.0031063671979719245 0.02032700322581676 0.030465183693776026 0.17271804080530664 1.4230403876878948 2.8634118907273214
161 1449 0.4336409682991754 3.040030884037922 0.003122277235380295 0.003122277235380295 0.019924521590720272 0.02841022400426759 0.17392026603201766 1.3596917826461563 3.040030884037922
162 1458 0.3882738713056207 3.1689296643395855 0.0032153253191784387 0.0032153253191784387 0.018931675817559713 0.029304462193204078 0.17377559160468117 1.3329035409578474 3.1689296643395855
163 1467 0.42988141240976724 3.158778704693542 0.003072314839459235 0.003072314839459235 0.018884872600101407 0.02758461859532412 0.16561906734744158 1.3181713900992214 3.158778704693542
164 1476 0.38707932329623446 3.6015136907248353 0.0029062139668054126 0.0029062139668054126 0.018460475633735058 0.02679384119867318 0.16572159575866954 1.2909093393010664 3.6015136907248353
165 1485 0.36823554677658427 3.285003449016617 0.002942975036819577 0.002942975036819577 0.01844447107798539 0.02566414692862492 0.16588878408290147 1.3077423425684247 3.285003449016617
166 1494 0.36535560530380967 3.312666502635291 0.0029059885848165285 0.0029059885848165285 0.016654358897761318 0.025798762800516684 0.16722488304496125 1.3049234669848884 3.312666502635291
167 1503 0.33239603168233434 3.3464376463820558 0.0030080777493004546 0.0030080777493004546 0.015966173383620965 0.024263720699170904 0.16710167411619525 1.3121576841283655 3.3464376463820558
168 1512 0.3125089598949821 3.289728061819565 0.002869892163944894 0.002869892163944894 0.015969436406761912 0.023996104243600106 0.16467775452844433 1.2474037733939376 3.289728061819565
169 1521 0.34867993334603714 3.1120586062161397 0.002832804303669368 0.002832804303669368 0.015407490273021412 0.02306028888732404 0.17015484112512297 1.2199373697958846 3.1120586062161397
170 1530 0.35947912526517484 3.0493909362619545 0.0027003970047009694 0.0027003970047009694 0.01532453915647524 0.02256389296027675 0.2036611729536085 1.1670736921280962 3.0493909362619545
171 1539 0.3663230749232777 2.8304810332501664 0.0026057243574391623 0.0026057243574391623 0.01485852198806725 0.023316955554754406 0.20204200360679886 1.1558714480600463 2.8304810332501664
172 1548 0.38764033768293726 2.5070975285121766 0.0026414798609455657 0.0026414798609455657 0.014468139805246956 0.024467536442886465 0.21259685326353706 1.152212638631646 2.5070975285121766
173 1557 0.409523562355568 2.302283076589865 0.002763779390352062 0.002763779390352062 0.013722384048018945 0.026141316219037543 0.21184921206232624 1.0961659365947138 2.302283076589865
174 1566 0.43362405368428086 2.1522037195486297 0.002779674853871153 0.002779674853871153 0.013715017169860884 0.025449058672098186 0.21402986201900978 1.1075102914686912 2.1522037195486297
175 1575 0.41962245395681746 2.128240012536299 0.0027645077159289106 0.0027645077159289106 0.014112770304668116 0.024648357423968145 0.19743474011304127 1.1387938969583629 2.128240012536299
176 1584 0.38425772338604297 2.0466699825887695 0.0026639419869963167 0.0026639419869963167 0.013880955390744373 0.02507674331967192 0.18650053859899615 1.1802076610257959 2.0466699825887695
177 1593 0.3770520044894136 1.9595676232917956 0.0025608730949451854 0.0025608730949451854 0.01335426068550809 0.02428518337963154 0.1835837363132022 1.1939054555064912 1.9595676232917956
178 1602 0.3661951992054505 1.7307549216124307 0.0026035975585527262 0.0026035975585527262 0.013330808915605754 0.024021072753281483 0.19257993429961018 1.1918338484651876 1.7307549216124307
179 1611 0.3394254853376521 1.6323470127986528 0.0025654531123055556 0.0025654531123055556 0.013324835371870151 0.02541900769311531 0.18626389324702333 1.1797193213909443 1.6323470127986528
180 1620 0.32815998112967826 1.6338126110954432 0.0025713778295785505 0.0025713778295785505 0.012899005819946211 0.02400206412250726 0.1927771061856824 1.1149171998002236 1.6338126110954432
181 1629 0.2778954974376475 1.617304850916147 0.0023269446863775555 0.0023269446863775555 0.013789195349652193 0.024147593976935784 0.19154765134236135 1.101730052906813 1.617304850916147
182 1638 0.26618273115552377 1.530863763767709 0.0022772649335183128 0.0022772649335183128 0.013786398098725195 0.024359536185309075 0.18740122534766604 1.0874470619892853 1.530863763767709
183 1647 0.26956122524369824 1.4519107718259396 0.002251094761286639 0.002251094761286639 0.013486872914410185 0.023936579962072997 0.20135315057816489 1.0729472460413496 1.4519107718259396
184 1656 0.2763265708264599 1.339844701155784 0.0022517378004663613 0.0022517378004663613 0.013741695597821135 0.02418810404706262 0.20941153379986388 1.0670919633286367 1.339844701155784
185 1665 0.29547341767143537 1.3558533509513342 0.002241705089226051 0.002241705089226051 0.013668874222572699 0.024483393047210426 0.19370234565325878 1.1317739141763692 1.3558533509513342
186 1674 0.29701791227026864 1.314615080407638 0.0021694003031880083 0.0021694003031880083 0.014738707307790174 0.02403197866939119 0.18851026685270914 1.1361372115440693 1.314615080407638
187 1683 0.3195924216826209 1.2726527206056153 0.001967166388504022 0.001967166388504022 0.014648831427595294 0.02360233666528198 0.20361873870468566 1.130833121060294 1.2726527206056153
188 1692 0.3222954757297217 1.2766994252858455 0.0019360367472814576 0.0019360367472814576 0.013101635298135322 0.023920424294480262 0.2088533621261879 1.1961871903106167 1.2766994252858455
189 1701 0.3731490103429332 1.261093196873272 0.0019397832570839384 0.0019397832570839384 0.013153200102009332 0.023738272231039054 0.20625301052385703 1.1327122550870359 1.261093196873272
190 1710 0.34049972154416147 1.280134690436349 0.0019409675169271695 0.0019409675169271695 0.013950025521211813 0.023893513938680725 0.20741233652973387 1.0854643678303995 1.280134690436349
191 1719 0.3038622257396506 1.2845068703950258 0.00193150924337401 0.00193150924337401 0.013869739082070247 0.022824003669062544 0.20124188176050295 1.0383146905293754 1.2845068703950258
192 1728 0.2612038895798225 1.281590450368926 0.0018096265872499227 0.0018096265872499227 0.013845749724054893 0.022818625470628233 0.18488259392723183 1.001877384742506 1.281590450368926
193 1737 0.23290762797228068 1.2290562925598183 0.0018122124589331843 0.0018122124589331843 0.013490642166159559 0.02292713504200046 0.17101527607056546 0.999155916609536 1.2290562925598183
194 1746 0.2335526315273172 1.2440428371607 0.0018025143600903402 0.0018025143600903402 0.011821004169338683 0.02366175407524629 0.16825380687690822 0.967613038658047 1.2440428371607
195 1755 0.21373151556474831 1.2152432433867812 0.0018257503198191131 0.0018257503198191131 0.013320757138804106 0.023004743215376294 0.16449006669320423 0.9001011010308617 1.2152432433867812
196 1764 0.19270454593236783 1.2170720275274216 0.0018279594738747852 0.0018279594738747852 0.012983998741535566 0.023003022411632594 0.15037974811905266 0.8712136922943957 1.2170720275274216
197 1773 0.1784144346674122 1.1665922472658796 0.0018121126798228064 0.0018121126798228064 0.012866783548969437 0.022741984221902035 0.14863602450221433 0.8571171426467766 1.1665922472658796
198 1782 0.1787332744577926 1.1861659643205984 0.0018416017469216528 0.0018416017469216528 0.012883646421932555 0.0219944062934372 0.13190824079996122 0.8710314952152346 1.1861659643205984
199 1791 0.17589797159142145 1.2417970384756931 0.0018846645677958024 0.0018846645677958024 0.012828369096162482 0.02167337704486799 0.12569998724068368 0.8394354424924657 1.2417970384756931
200 1800 0.17463690458780753 1.2696281062938213 0.001720152726348794 0.001720152726348794 0.01250196027176725 0.021173441489970312 0.12278983799121268 0.8608806104104987 1.2696281062938213
201 1809 0.1748214408886523 1.2878961187637963 0.0016439137445690192 0.0016439137445690192 0.012356218915351443 0.021292005689272017 0.12437218469253751 0.8627680477493486 1.2878961187637963
202 1818 0.17468120693369504 1.2785380610358021 0.0015915592826656146 0.0015915592826656146 0.011914095979254264 0.021147269612411118 0.1360013349773567 0.852743598613911 1.2785380610358021
203 1827 0.1705695751922933 1.2761833437362946 0.001604775790960492 0.001604775790960492 0.011422583446074885 0.019212535751241367 0.14221254047501836 0.8086022167541081 1.2761833437362946
204 1836 0.1419257186218937 1.270661810962675 0.001542494373069632 0.001542494373069632 0.011109541502746664 0.018468326435219447 0.14406652327569514 0.8051792959700274 1.270661810962675
205 1845 0.12323963687652598 1.1889729206203667 0.0015064858825276993 0.0015064858825276993 0.011038267824731732 0.018339203589004288 0.14167983704972767 0.7853153856950416 1.1889729206203667
206 1854 0.11388401229719256 1.1802735389711427 0.0014237730056186396 0.0014237730056186396 0.010481790843337682 0.01818909018229406 0.1394179238153746 0.748674232257366 1.1802735389711427
207 1863 0.11044219538070824 1.2500990971035264 0.0014039360800835797 0.0014039360800835797 0.01013523511983607 0.016439209684071282 0.13711682652327326 0.7071988145729771 1.2500990971035264
208 1872 0.10123266423549161 1.19666979983953 0.0013808754495677209 0.0013808754495677209 0.010458184293708693 0.016055862179882745 0.1307086120708201 0.7294774998479348 1.19666979983953
209 1881 0.09453312609391964 1.1924138175521872 0.0013569134483723516 0.0013569134483723516 0.010277713671647738 0.015534960361419393 0.12828738706026063 0.7366791454453749 1.1924138175521872
210 1890 0.09892238035615085 1.14482507741753 0.0012904588797126929 0.0012904588797126929 0.01036728482316106 0.015150710480230246 0.12631616457530526 0.751074556731218 1.14482507741753
211 1899 0.09749100637254746 1.0599564688625436 0.0012667031047848135 0.0012667031047848135 0.01000236258352465 0.01502392214817751 0.13899751971405247 0.7679654100262592 1.0599564688625436
212 1908 0.08038603017043933 1.0502612554272326 0.0012099923025841912 0.0012099923025841912 0.00956785217027079 0.01554976556877144 0.13653826475051603 0.7539357259103855 1.0502612554272326
213 1917 0.09643142753793411 1.0164279967756904 0.0011473054359495017 0.0011473054359495017 0.009304203458636917 0.0152226532422165 0.1360637601356086 0.744406753966113 1.0164279967756904
214 1926 0.10082125713903262 1.0026299580702962 0.0011337955519825896 0.0011337955519825896 0.009495354079669135 0.014883304795830485 0.15724048905453264 0.7619171816609195 1.0026299580702962
215 1935 0.10054894631822102 1.1523400333124645 0.0010942700055741421 0.0010942700055741421 0.009387842299184783 0.01410415769769901 0.15674368455703955 0.7744487345187878 1.1523400333124645
216 1944 0.09893654811250192 1.1158741464496233 0.0010252513548229545 0.0010252513548229545 0.009761107996648042 0.01408923675819642 0.14978684435169465 0.7825992827341473 1.1158741464496233
217 1953 0.0898944905797929 1.1806599266571682 0.0010249671737370106 0.0010249671737370106 0.009110538541893245 0.014185542370129794 0.14877206630230969 0.7440611650910658 1.1806599266571682
218 1962 0.08866169882299124 1.1631196302213198 0.001018496529223836 0.001018496529223836 0.008842416461968419 0.01444318386723144 0.14121360871198574 0.745866881151438 1.1631196302213198
219 1971 0.0875779706456622 1.2323858469953224 0.0009743693701600354 0.0009743693701600354 0.008858473335696532 0.013640228685450307 0.13891566222529594 0.7431317214938686 1.2323858469953224
220 1980 0.09227584038066282 1.170415370819872 0.0010122742707014483 0.0010122742707014483 0.009239874702558033 0.013185783354089221 0.13230626936275125 0.7255128448232872 1.170415370819872
221 1989 0.1078302894229072 1.1362647352886133 0.0011218136898093816 0.0011218136898093816 0.009382127851420652 0.013246895427366326 0.1260929501645656 0.7062593150903 1.1362647352886133
222 1998 0.12028950022761822 1.0979250472219133 0.001226020111877839 0.001226020111877839 0.00937684927461959 0.013461830055936019 0.12622438257977137 0.6838099310928762 1.0979250472219133
223 2007 0.12273146277405055 1.1204319146647779 0.0012862546337479518 0.0012862546337479518 0.009107348744376265 0.013953499367611276 0.1195438241507215 0.6550622690489921 1.1204319146647779
224 2016 0.1332569785306963 1.0331047890728573 0.0013305657276058507 0.0013305657276058507 0.008629022199036976 0.013932023461856595 0.11984499397429763 0.6622902790767903 1.0331047890728573
225 2025 0.1386739092061469 1.0851322679699955 0.001338452558737766 0.001338452558737766 0.00854986685536153 0.014458880442764672 0.11419777035461598 0.650532198825592 1.0851322679699955
226 2034 0.12810379198222058 1.0410260643679863 0.0013571067341198837 0.0013571067341198837 0.008071803407514578 0.014961376048250657 0.11050882928217139 0.6732579849560502 1.0410260643679863
227 2043 0.12321092646809462 1.0388318414535525 0.001349703722219333 0.001349703722219333 0.00789464208523873 0.013919370618897116 0.11278789858680018 0.6915900424276968 1.0388318414535525
228 2052 0.12363824910953587 1.0699654843176067 0.0013936062626758578 0.0013936062626758578 0.007853307091184859 0.013652247455576085 0.10895402691313534 0.6652265527645391 1.0699654843176067
229 2061 0.12418251627332041 1.055885982128762 0.0013750844437593547 0.0013750844437593547 0.007236614048051816 0.01385430641304386 0.1148704417142493 0.6711596165734717 1.055885982128762
230 2070 0.11881905679565737 0.9911163522369622 0.001349376440423603 0.001349376440423603 0.007212727979681143 0.013754398701410315 0.11997201487232201 0.6619337835279943 0.9911163522369622
231 2079 0.11200700658502279 0.9535974037585558 0.0013066085027843043 0.0013066085027843043 0.007086111235244452 0.013343681486931828 0.11934799181591188 0.666157323056737 0.9535974037585558
232 2088 0.10603882363304469 0.9636231869319185 0.0012550818450919295 0.0012550818450919295 0.0066881670830667 0.013357129617198963 0.12005784086348088 0.6733513096299114 0.9636231869319185
233 2097 0.10671450683389477 0.9450323367450237 0.00132041316281041 0.00132041316281041 0.006710371218199415 0.013392292564528641 0.11563815161261418 0.6209372473190816 0.9450323367450237
234 2106 0.10822476718334156 0.8522570081476336 0.001267558162216048 0.001267558162216048 0.007233914160439127 0.013153939893189763 0.11966248278078306 0.6246178814402885 0.8522570081476336
235 2115 0.09830882208398987 0.8416149031023089 0.0012386884116696718 0.0012386884116696718 0.007041568014368158 0.013159797234307923 0.11015353907889656 0.6932055249529719 0.8416149031023089
236 2124 0.08331211297687066 0.8173041475196422 0.00120510072626124 0.00120510072626124 0.0068789249142981995 0.012302916507042475 0.10899566134240167 0.6830341583096181 0.8173041475196422
237 2133 0.08381488139634165 0.7653276517304272 0.001158816726082482 0.001158816726082482 0.00692600954049558 0.01253429506988775 0.10493567020558509 0.672919321849006 0.7653276517304272
238 2142 0.08612060053046561 0.7631666908004282 0.0011876637308391692 0.0011876637308391692 0.006994422764219161 0.012267969758428872 0.09505293356058347 0.6966826940939238 0.7631666908004282
239 2151 0.08645517204118647 0.7485473588450053 0.0011391895124725528 0.0011391895124725528 0.006668265325369522 0.012561966301420204 0.09582504217891012 0.6933618827095557 0.7485473588450053
240 2160 0.07449795968420062 0.7271692560844847 0.0010990393037042271 0.0010990393037042271 0.007043514331103997 0.01265760939931454 0.096730733657969 0.6690097702373522 0.7271692560844847
241 2169 0.06985506804059761 0.7346651031192083 0.0010769727342208948 0.0010769727342208948 0.007043161797286794 0.012266329110223123 0.0909887216816698 0.63867881102611 0.7346651031192083
242 2178 0.07841132541574071 0.7080193391473633 0.001096388023277415 0.001096388023277415 0.006711959503589026 0.011384399304385248 0.09145630528493554 0.6466405137150241 0.7080193391473633
243 2187 0.08636196726567807 0.7204385332184051 0.0010411243087289138 0.0010411243087289138 0.006794896417635946 0.011102125451655759 0.10238469757131219 0.6415222449213196 0.7204385332184051
244 2196 0.09579601391337202 0.6896596415861134 0.0010052976075656493 0.0010052976075656493 0.00705230569584082 0.012139773664710559 0.10290507614019331 0.6384990536763433 0.6896596415861134
245 2205 0.08961730252545333 0.6647750272598507 0.0010003919815009417 0.0010003919815009417 0.007295039983401968 0.011590605638590348 0.10483225128931978 0.6319282395151553 0.6647750272598507
246 2214 0.10405922747989238 0.6705715739217145 0.0009654160037705377 0.0009654160037705377 0.006953591311862226 0.011570098964641546 0.1047287529676597 0.5950538508548431 0.6705715739217145
247 2223 0.10346607604241857 0.6559884301647882 0.000936132482648904 0.000936132482648904 0.007412791694262849 0.013021442971818415 0.10153199547747636 0.595977388797185 0.6559884301647882
248 2232 0.1015486206506137 0.6808385792172468 0.0009550934062505073 0.0009550934062505073 0.007210914029149103 0.012862553556776507 0.09359033562236095 0.5744031975518903 0.6808385792172468
249 2241 0.10353366993637939 0.7356586398354504 0.0009537872640254107 0.0009537872640254107 0.007269707430845064 0.011845795009288913 0.09371739438446888 0.5644764389559981 0.7356586398354504
250 2250 0.10271183444876673 0.7182782747867015 0.0010353898085115397 0.0010353898085115397 0.007314815852031558 0.011635318617322891 0.09216463584755828 0.514705649887597 0.7182782747867015
251 2259 0.10779501855060307 0.7292697833898786 0.0010416904019003494 0.0010416904019003494 0.007104708082268357 0.0114925371782791 0.09015901212277479 0.48201260375373217 0.7292697833898786
252 2268 0.11586702027333731 0.7443246580982542 0.001048905510023413 0.001048905510023413 0.006981054336509879 0.011011331575579427 0.08744786598641979 0.5492096214696889 0.7443246580982542
253 2277 0.10839971290413085 0.7874426015055236 0.0010486250416156685 0.0010486250416156685 0.006886094709537586 0.010878542664127874 0.0871388276964834 0.525769012912212 0.7874426015055236
254 2286 0.10613826879801687 0.7997581867412326 0.0009480939167880936 0.0009480939167880936 0.006547515435512374 0.010694216172538892 0.08713702619816552 0.5369523225997525 0.7997581867412326
255 2295 0.09322569920425951 0.7944791649089633 0.0009932284052551175 0.0009932284052551175 0.006260218567884678 0.010474198636396757 0.08806897335796443 0.5115016443860164 0.7944791649089633
256 2304 0.08348787058666768 0.7459485909474783 0.0010075260357795995 0.0010075260357795995 0.006088994666378954 0.010154190850964296 0.08750884771295794 0.5211456179475241 0.7459485909474783
257 2313 0.08253177249228456 0.7284660463066556 0.000917275771182477 0.000917275771182477 0.00602861346226798 0.010026958042890569 0.08883713282132744 0.5313640821405909 0.7284660463066556
258 2322 0.08144562575963284 0.7238159431150022 0.0009420871702146005 0.0009420871702146005 0.006135325112601489 0.010444213583649182 0.08889965664726371 0.4964681889202455 0.7238159431150022
259 2331 0.07943133761198991 0.6825957449653064 0.0009134259155231525 0.0009134259155231525 0.0061074342705649395 0.010384436923871958 0.08885898991877575 0.49607382919639087 0.6825957449653064
260 2340 0.07608051973126954 0.6770105063167677 0.0008972107641893003 0.0008972107641893003 0.0059039722243374405 0.010219452492876605 0.09248344466222015 0.4821614678709909 0.6770105063167677
261 2349 0.07486600822825491 0.640698997466829 0.0009063370488870688 0.0009063370488870688 0.005895407676504965 0.010902718139937975 0.0909661710569252 0.45833095283419045 0.640698997466829
262 2358 0.07302033062156187 0.6223442097060503 0.0009069426691134195 0.0009069426691134195 0.0056244232517363695 0.010888982289452119 0.0873576842555761 0.4683584567430011 0.6223442097060503
263 2367 0.08697072731372558 0.619340406808129 0.0008700255911575497 0.0008700255911575497 0.00549133915350617 0.011043435274513186 0.08695260311633123 0.4570762195629396 0.619340406808129
264 2376 0.0855268301343796 0.6637481071719008 0.0008343057918130803 0.0008343057918130803 0.005327498600668658 0.01090001783326894 0.10118047981544506 0.4498967314068309 0.6637481071719008
265 2385 0.0876534686235022 0.6613449688912646 0.0007777687966639286 0.0007777687966639286 0.005293635645237739 0.010952882504902332 0.09791499415614889 0.4224365945698226 0.6613449688912646
266 2394 0.0917522786375207 0.644492428101441 0.0007870002937948105 0.0007870002937948105 0.005236049353795943 0.010904552872383417 0.09999278148693659 0.4179814463903686 0.644492428101441
267 2403 0.0788131123289939 0.6454156441289215 0.0007824394883655151 0.0007824394883655151 0.005420430927173841 0.010304761168100184 0.1002946233112389 0.4158501746494368 0.6454156441289215
268 2412 0.08034218505644161 0.6294358445898642 0.0007697617082070186 0.0007697617082070186 0.005238216649310099 0.010205118924432134 0.09924140890736946 0.4012135214534735 0.6294358445898642
269 2421 0.08711040641546147 0.6360804706288202 0.0007440119739716447 0.0007440119739716447 0.005378438059341403 0.009854927920909055 0.09822044460721377 0.42596597628502475 0.6360804706288202
270 2430 0.08206394138701988 0.6659879392804966 0.0006692545061075046 0.0006692545061075046 0.005376458324204013 0.010177752855313705 0.10035342589037925 0.42009776239538116 0.6659879392804966
271 2439 0.0772629117644066 0.6715416118545819 0.0006488664579511349 0.0006488664579511349 0.005167440553231832 0.010459879587800024 0.09726316499573691 0.42729077433507245 0.6715416118545819
272 2448 0.06601763039520364 0.6624098825734324 0.0006112208160781455 0.0006112208160781455 0.005202502852697295 0.010612779366984472 0.09525524553735132 0.4168842995150361 0.6624098825734324
273 2457 0.06619797939630595 0.6677006717344618 0.000611698166266998 0.000611698166266998 0.0051379478137013644 0.010648861416312388 0.09199073952303957 0.39249641679533787 0.6677006717344618
274 2466 0.0595207453170566 0.6248031308346071 0.0006390927875124596 0.0006390927875124596 0.005050271683838159 0.010974372019120274 0.09229285688009316 0.3817000292788328 0.6248031308346071
275 2475 0.06042492767227965 0.5757699865899625 0.0006685956837880839 0.0006685956837880839 0.005032927577078231 0.011328111053436372 0.09311656580798411 0.3499593117868764 0.5757699865899625
276 2484 0.05748977903207207 0.5797306412060782 0.0006657811910075246 0.0006657811910075246 0.004755173646669012 0.011273080830840576 0.08963149879617696 0.3639109490669566 0.5797306412060782
277 2493 0.05193361653494837 0.5505916336944987 0.00062366558595189 0.00062366558595189 0.004712996816860581 0.011427086591053577 0.08905882894210343 0.3728239859768508 0.5505916336944987
278 2502 0.05485828465301515 0.571307664835007 0.0006253683207699339 0.0006253683207699339 0.004427610875364069 0.010941538666171051 0.08540337726274363 0.3788227609686234 0.571307664835007
279 2511 0.04558183209776457 0.6098355422750826 0.0006167680452362804 0.0006167680452362804 0.0044209291335825275 0.011769173835292994 0.08435180033066923 0.3586056819104766 0.6098355422750826
280 2520 0.037874496164960025 0.616318541156773 0.0005844692813452648 0.0005844692813452648 0.004378478118218292 0.010802118063193304 0.08005996140681032 0.3591312545782796 0.616318541156773
281 2529 0.04126001571184155 0.6235549797899114 0.0005632412782792059 0.0005632412782792059 0.004235471152968082 0.010887759236880543 0.07676013390789299 0.35257430815729834 0.6235549797899114
282 2538 0.0377351746893121 0.6167279286430379 0.0005162920157715533 0.0005162920157715533 0.004472452091366733 0.010441772199662351 0.08018141085309981 0.38304823077536887 0.6167279286430379
283 2547 0.042070392459680785 0.6114273371405409 0.0005144899122236148 0.0005144899122236148 0.004314498716525845 0.010344009669360962 0.07522212114202353 0.3818493879880137 0.6114273371405409
284 2556 0.0396984668940387 0.677681037040091 0.0005197549348249148 0.0005197549348249148 0.004082180534198018 0.010253652804132733 0.07525956226150719 0.3909201776101054 0.677681037040091
285 2565 0.03952769063048013 0.6718217662332366 0.0005089467216108378 0.0005089467216108378 0.003957488084540477 0.010569574398241507 0.06980770435136324 0.39481858620141574 0.6718217662332366
286 2574 0.03896634261708216 0.6840265301814639 0.00048185693680903217 0.00048185693680903217 0.003952750956522942 0.010401548121866036 0.06807269397769576 0.39764908153633677 0.6840265301814639
287 2583 0.03704986223611295 0.6767102539939308 0.0004663798645000698 0.0004663798645000698 0.003994574159554168 0.010390434376754177 0.0660640736505189 0.3855364763063439 0.6767102539939308
288 2592 0.03618138472015654 0.691296437322466 0.0004430663602604614 0.0004430663602604614 0.0038308915835692913 0.010222104623831923 0.06555392130947388 0.4080539955162777 0.691296437322466
289 2601 0.03566310599404812 0.6775830300672675 0.00040752493933991313 0.00040752493933991313 0.0037971732811628474 0.010530053123322277 0.06551923761295257 0.43526269891153924 0.6775830300672675
290 2610 0.036396245604401155 0.6071320269150744 0.00040438354742336463 0.00040438354742336463 0.0038006574971921857 0.010824890718895731 0.0641787786763041 0.43559646511161254 0.6071320269150744
291 2619 0.036458084194724405 0.5850043868373007 0.0004012389192717569 0.0004012389192717569 0.0036052472188233854 0.011322911468129512 0.06657841022212803 0.43473461897778265 0.5850043868373007
292 2628 0.03578693700768129 0.6042087459692564 0.0003957418010211945 0.0003957418010211945 0.0037489534488947566 0.011524180749271355 0.06694068891203384 0.40796989018127017 0.6042087459692564
293 2637 0.03716180219859292 0.5950561834677544 0.0004042567656814309 0.0004042567656814309 0.0038274065336837255 0.011998994687509226 0.06369964873848552 0.37921508197047293 0.5950561834677544
294 2646 0.034298071175683426 0.6444025221680525 0.000397363146882715 0.000397363146882715 0.003780922753974391 0.012049870384412674 0.06164512479466338 0.3609221337931345 0.6444025221680525
295 2655 0.03184011758283333 0.6505955560497386 0.00039189306455416083 0.00039189306455416083 0.0036076510777430268 0.011842726469837736 0.06093961798059381 0.34852365715994515 0.6505955560497386
296 2664 0.0343158489209302 0.6119999299835391 0.0004092061151944697 0.0004092061151944697 0.003466444048324086 0.011988432268041235 0.06015625324137177 0.34164815859791653 0.6119999299835391
297 2673 0.03558724792805818 0.693297570522146 0.00041908985207992033 0.00041908985207992033 0.0031036666068608113 0.011955796204730683 0.0565485600093048 0.3535326191596708 0.693297570522146
298 2682 0.0360671395309175 0.6846468513619995 0.000418658938645113 0.000418658938645113 0.0030027695511299812 0.012354721559850535 0.05359930736282798 0.36181967702924983 0.6846468513619995
299 2691 0.042365196779833844 0.6668931880438123 0.00039260529866571876 0.00039260529866571876 0.0029246406714671254 0.011914032185727124 0.05646196756113194 0.36564363857603777 0.6668931880438123
300 2700 0.04203450734568364 0.7439127799945421 0.00040379563920233443 0.00040379563920233443 0.0026710449632597316 0.012242188537279146 0.06054704071755928 0.3502040061017674 0.7439127799945421
301 2709 0.037113193172593865 0.7389885349121662 0.0004087059478188983 0.0004087059478188983 0.002762052264058822 0.010423187086530922 0.061788391043340794 0.3535792124024754 0.7389885349121662
302 2718 0.035883990298380714 0.7311991582339316 0.0003992161579523178 0.0003992161579523178 0.002633538893589701 0.010381579541350345 0.06005606699768584 0.3449261153127118 0.7311991582339316
303 2727 0.03428932957275561 0.7525660199838083 0.0003959321688227525 0.0003959321688227525 0.0025896748546785755 0.009491933863809861 0.059057490914661497 0.3664132253319801 0.7525660199838083
304 2736 0.0344049170227345 0.7525149094595103 0.00037312917490933196 0.00037312917490933196 0.0023292160750598093 0.009212289624692366 0.06126031253792795 0.38260918416790973 0.7525149094595103
305 2745 0.036359170592507165 0.7287901731003052 0.00036010423180885204 0.00036010423180885204 0.0023673180669354773 0.00907753990281561 0.05854125495533523 0.3858234955688587 0.7287901731003052
306 2754 0.02944310910019327 0.7138466729780224 0.0003349622016471037 0.0003349622016471037 0.002559010390353396 0.009044187384135063 0.06205955981778439 0.3627775221167597 0.7138466729780224
307 2763 0.028907438387747137 0.6617953937303859 0.0003282531969112542 0.0003282531969112542 0.0025223307412612674 0.008936354402730867 0.062179621866888704 0.3579709026711552 0.6617953937303859
308 2772 0.026998071482758908 0.6999230479164636 0.00033219532750775516 0.00033219532750775516 0.002562539604463918 0.008722297140935887 0.056338893781935566 0.35851642338868644 0.6999230479164636
309 2781 0.02658093419637747 0.6699380435677926 0.00032292207459262576 0.00032292207459262576 0.002456917262936766 0.009116690848628834 0.05676797857673249 0.35423763022931165 0.6699380435677926
310 2790 0.029557272219738997 0.6667204659242926 0.00030324985355240395 0.00030324985355240395 0.00230443669219859 0.009226327052999554 0.05560492881011857 0.35856605685923154 0.6667204659242926
311 2799 0.03433838007182994 0.7090220881165119 0.0003032336254368163 0.0003032336254368163 0.0023911859844357197 0.008824582868547795 0.05203231253336979 0.3817765658020464 0.7090220881165119
312 2808 0.03519272542460615 0.7633362870065102 0.0002942470911789888 0.0002942470911789888 0.002421757140635507 0.008768264055837452 0.050933360134293094 0.3989039601339078 0.7633362870065102
313 2817 0.0326622442046721 0.7881738441074977 0.0002755922816340008 0.0002755922816340008 0.002374052207631855 0.008474661653493214 0.05106274936713328 0.39116498849263415 0.7881738441074977
314 2826 0.03273921874851385 0.7919526920263481 0.0002786437234519997 0.0002786437234519997 0.0022806715076007164 0.008076647885678967 0.048717338070151044 0.39706824218977366 0.7919526920263481
315 2835 0.03267561296865959 0.7903050021350632 0.0002770967579147112 0.0002770967579147112 0.0022497114894596735 0.008107140616350712 0.04671155158707517 0.39622510534751565 0.7903050021350632
316 2844 0.031207410240211737 0.770664571192764 0.00027190516297067327 0.00027190516297067327 0.002148617316882306 0.008095681746053766 0.04808821637411803 0.40423423072000286 0.770664571192764
317 2853 0.03352254011749864 0.7855368284719811 0.000253452942578295 0.000253452942578295 0.002052852119023919 0.008105767771871029 0.04697627209023263 0.40569785206589765 0.7855368284719811
318 2862 0.03507006765345458 0.7834435217117023 0.00025953286892314197 0.00025953286892314197 0.0019626181292902 0.008236829574258569 0.04889637384548274 0.39256200057536883 0.7834435217117023
319 2871 0.03485389349888634 0.7299347128999537 0.00025624826600154007 0.00025624826600154007 0.0019616602693292872 0.007819477992338791 0.051250867537020565 0.42331732956404433 0.7299347128999537
320 2880 0.03516961594609625 0.716764866743832 0.00025011713305513647 0.00025011713305513647 0.001928289513215994 0.007629571922601954 0.04997275381980095 0.43334966411856296 0.716764866743832
321 2889 0.03087143412049774 0.7467507265332555 0.0002485099060063615 0.0002485099060063615 0.0018992988144861428 0.007481834711511316 0.0466320076255953 0.4204426502257295 0.7467507265332555
322 2898 0.028115980429713153 0.7412373694255553 0.0002504448335398616 0.0002504448335398616 0.001818725792087867 0.006898565826245553 0.04656063982989031 0.41355346799419707 0.7412373694255553
323 2907 0.02563312935740449 0.7125089021596319 0.0002566909458707015 0.0002566909458707015 0.0015800888200515112 0.007069606273139063 0.048848326788766126 0.4015812423232862 0.7125089021596319
324 2916 0.025474140790908886 0.6646544697129454 0.0002591836628584729 0.0002591836628584729 0.001541918286264633 0.007101851590369388 0.04752428789246997 0.39470258537824504 0.6646544697129454
325 2925 0.02576560113261129 0.6168540696119547 0.0002573865232060288 0.0002573865232060288 0.001660536958514226 0.007075799568301678 0.0452654667828603 0.39130631803610066 0.6168540696119547
326 2934 0.02857184649973046 0.6058247010114585 0.0002432700624196996 0.0002432700624196996 0.0016487395796155198 0.00721548365904729 0.04570623505248402 0.39854361101140645 0.6058247010114585
327 2943 0.03000545604538962 0.6084898102167469 0.0002463736264987446 0.0002463736264987446 0.0016383925905291143 0.008079529667685076 0.04680419436366661 0.36055893598547134 0.6084898102167469
328 2952 0.029869015152303408 0.6408988630595868 0.00022929175615649791 0.00022929175615649791 0.0016858317343169415 0.008369210107412189 0.044785669124766954 0.34878191128566643 0.6408988630595868
329 2961 0.030762894719996943 0.6461120234127111 0.00022696477021386067 0.00022696477021386067 0.0016873257943166822 0.008083922375087833 0.04287097484449626 0.3485914894304802 0.6461120234127111
330 2970 0.02874315521586064 0.646219389981272 0.00021863062781101247 0.00021863062781101247 0.0016885142899097842 0.007520862965333374 0.04652766596229278 0.35100842155236844 0.646219389981272
331 2979 0.02519185931656298 0.6265161048289928 0.00021421275128624426 0.00021421275128624426 0.0016918902092761508 0.007714753743013647 0.042731916353339325 0.35415279554403395 0.6265161048289928
332 2988 0.026739475780601176 0.5965072460509974 0.00022000242597607748 0.00022000242597607748 0.0016310326078878255 0.0074878161727540676 0.04332741538842987 0.33852414796908475 0.5965072460509974
333 2997 0.025917241585152715 0.5895664421182283 0.00022088810493048084 0.00022088810493048084 0.00150257375235623 0.0075285599836586396 0.04195993581001313 0.3654213109638364 0.5895664421182283
334 3006 0.024905774331383693 0.5497375047461714 0.0002138467051804422 0.0002138467051804422 0.0015139274108042478 0.0075851294790619354 0.03903669180828395 0.3814774650020389 0.5497375047461714
335 3015 0.028110007555715265 0.5446183438131826 0.0002189289724553067 0.0002189289724553067 0.0014143312698429561 0.0076718257095231305 0.03803846375549006 0.3810857770272007 0.5446183438131826
336 3024 0.02934562977530141 0.630357433901896 0.00021728771136978774 0.00021728771136978774 0.0013839822041994806 0.007295198074948593 0.03761841742609976 0.37812028687464316 0.630357433901896
337 3033 0.026906214144876064 0.6357470012596411 0.00021161690392328716 0.00021161690392328716 0.0013295130373259258 0.007153835143058749 0.03973603521131412 0.3791454110944183 0.6357470012596411
338 3042 0.02692525832481512 0.6249658153548429 0.00021351843233118019 0.00021351843233118019 0.0012705944050160043 0.007011232352329148 0.039418323802322616 0.3429882713894328 0.6249658153548429
339 3051 0.02356725079919082 0.5966446545014443 0.00021447827512868108 0.00021447827512868108 0.0012939717913297336 0.008137368800238399 0.03806060489559941 0.32898632679699397 0.5966446545014443
340 3060 0.02591977514976718 0.5854834295621333 0.00021509413875506734 0.00021509413875506734 0.0012719092770785516 0.008065486732751297 0.036475443822358226 0.317469581248553 0.5854834295621333
341 3069 0.025345342644647762 0.5586684898807454 0.00019130227957042458 0.00019130227957042458 0.001289214614344822 0.008453078044202252 0.04006896037498603 0.3543290175012634 0.5586684898807454
342 3078 0.025050654253173255 0.5655123663261331 0.00019704615696839709 0.00019704615696839709 0.0012731988246399996 0.008300684731052511 0.03988422005183485 0.3360830025549727 0.5655123663261331
343 3087 0.022313708975226637 0.6216360972705547 0.000196704404711509 0.000196704404711509 0.0011859409073991928 0.008405260976734105 0.040072566576348334 0.33532557993332057 0.6216360972705547
344 3096 0.021043754565558247 0.5711629880163741 0.00019246331648677012 0.00019246331648677012 0.00116672909090146 0.008333049088319174 0.03934935283086619 0.33009033821177164 0.5711629880163741
345 3105 0.02186913503665894 0.600681743695207 0.0001873575352430511 0.0001873575352430511 0.0011601771862850532 0.008190735972523127 0.0384441694608608 0.32145601848045 0.600681743695207
346 3114 0.021535676323528038 0.6777914231132331 0.00018581272638863226 0.00018581272638863226 0.001104204349250079 0.007941745748417453 0.038728612446562845 0.29976796705392783 0.6777914231132331
347 3123 0.02382457087809031 0.7087711624397166 0.0001836976730575684 0.0001836976730575684 0.0010841690841339874 0.007384027508012959 0.03832794613919933 0.290973554629242 0.7087711624397166
348 3132 0.026542341712195484 0.6848593057616674 0.0001795686661302874 0.0001795686661302874 0.001175851993611373 0.007259226684520901 0.04087014830740563 0.2764905738268221 0.6848593057616674
349 3141 0.02904627805781579 0.6892267030500602 0.00017431287400457003 0.00017431287400457003 0.0012559581142599537 0.007118858279080443 0.039596024494636874 0.273520285440865 0.6892267030500602
350 3150 0.02827192388203487 0.7262020587438563 0.00016578781803651345 0.00016578781803651345 0.0012761125597836936 0.006949444509308181 0.03853120913773679 0.2748506343590758 0.7262020587438563
351 3159 0.030678583007278444 0.7264477083756047 0.000166087296668023 0.000166087296668023 0.0012818489545805374 0.006562395124586041 0.03695224942475421 0.26846697020530813 0.7264477083756047
352 3168 0.027941405416952534 0.7146056133156359 0.00017293314959697517 0.00017293314959697517 0.001247676219369595 0.007062159969105585 0.03525419269167456 0.2713008502749124 0.7146056133156359
353 3177 0.02660459747225224 0.700178862668678 0.00016495835646455618 0.00016495835646455618 0.0012256725529821487 0.006685996191860718 0.03515916911395052 0.26947274197221033 0.700178862668678
354 3186 0.027297415041404195 0.6431123640009202 0.0001580635147120083 0.0001580635147120083 0.0012167686009373982 0.006519625448852698 0.0364186343326091 0.2759567481166539 0.6431123640009202
355 3195 0.02622959541210647 0.6417579658520638 0.00014761120504897616 0.00014761120504897616 0.001228301231409501 0.0064536915290953935 0.03835303954838503 0.2787171489667794 0.6417579658520638
356 3204 0.02394949057641262 0.6458425910198519 0.0001405137423385501 0.0001405137423385501 0.0012245524335629662 0.005901776820933588 0.03842558672520804 0.27249789916854567 0.6458425910198519
357 3213 0.026498023800301685 0.6168614033195038 0.00013874874235551282 0.00013874874235551282 0.0011966173514413147 0.005635504568927801 0.038380509435369844 0.27213189314750935 0.6168614033195038
358 3222 0.026495763625908553 0.665028839987791 0.00013521504389959427 0.00013521504389959427 0.0012157384632068707 0.005510463472139515 0.036552115532337066 0.2968645768532429 0.665028839987791
359 3231 0.02569556104964108 0.6868099883083106 0.0001305101462503346 0.0001305101462503346 0.0011587010622212044 0.005058176526308512 0.03867338824874914 0.2942703593147493 0.6868099883083106
360 3240 0.02503584755743509 0.6714024515011495 0.00013331742550205938 0.00013331742550205938 0.0010595208414255965 0.005076809373759464 0.03801723931511935 0.2923599211627616 0.6714024515011495
361 3249 0.022838846132740582 0.6767482945146259 0.0001346610494672045 0.0001346610494672045 0.0010246395745047428 0.004823223558810689 0.03786398889270171 0.28119699376719265 0.6767482945146259
362 3258 0.02644915708778798 0.6883057142390888 0.0001365542969649625 0.0001365542969649625 0.0010082178383684919 0.004595543659087104 0.03535673058548782 0.2904218420833236 0.6883057142390888
363 3267 0.03297397723832788 0.7233708594214758 0.00014838262739132066 0.00014838262739132066 0.0009822657406454807 0.004313707739028282 0.035994921242033115 0.3075005534121018 0.7233708594214758
364 3276 0.03507236431379894 0.7561434687171628 0.0001496817633292782 0.0001496817633292782 0.0009625448570951536 0.004393503834119115 0.03396689588498152 0.31451865987659505 0.7561434687171628
365 3285 0.0335891125483773 0.7606322246319142 0.00014212298505398178 0.00014212298505398178 0.0009376221022973124 0.0043167232013328624 0.03568951838354309 0.30923960769446285 0.7606322246319142
366 3294 0.03624244411909871 0.7625602939526528 0.00012632490531840488 0.00012632490531840488 0.0009028028751527243 0.004245134471860514 0.03556765119269918 0.30312742099123313 0.7625602939526528
367 3303 0.04273068273298586 0.7876893796009374 0.00011249715780553301 0.00011249715780553301 0.0008904045690097375 0.004228399931678056 0.03887792166042037 0.2960814674038735 0.7876893796009374
368 3312 0.04479065408627107 0.7837950197626247 0.00011379161972563174 0.00011379161972563174 0.0008875171784449025 0.004287321739631497 0.041552003291932996 0.2799697492978768 0.7837950197626247
369 3321 0.048602084858593166 0.8185327714171078 0.00011347418245795236 0.00011347418245795236 0.0008712973704285012 0.0041973196863525014 0.04304091461315128 0.2649951285766935 0.8185327714171078
370 3330 0.05132937225405362 0.8130787678457095 0.00010455866027189808 0.00010455866027189808 0.0008912213469098246 0.004099298232465587 0.04616984346111179 0.2733559882545739 0.8130787678457095
371 3339 0.048338690474078315 0.8236975562591298 9.451065727153818e-05 9.451065727153818e-05 0.0008562338928176513 0.004381327453989591 0.04645164440569315 0.2745718678742067 0.8236975562591298
372 3348 0.05280023485268629 0.7981788336125593 9.700560553312308e-05 9.700560553312308e-05 0.00084341845261694 0.004541625832050782 0.046956346051615624 0.2550753040193711 0.7981788336125593
373 3357 0.052214262689515026 0.755661351987814 9.872466816856221e-05 9.872466816856221e-05 0.0008036030578490334 0.004576922763953373 0.051884057178017064 0.2547763512717171 0.755661351987814
374 3366 0.04711863780142915 0.7427343529699993 9.585263855696775e-05 9.585263855696775e-05 0.0007568547744983531 0.004378199774737454 0.053221761196136606 0.2601887222540307 0.7427343529699993
375 3375 0.046790486891726144 0.7392883163611396 9.828143757419006e-05 9.828143757419006e-05 0.0007261836838473361 0.004202390655646137 0.05433474389223777 0.2513230000915529 0.7392883163611396
376 3384 0.03927521412354515 0.678428547285131 9.655536318099877e-05 9.655536318099877e-05 0.0007601080161427978 0.004166603867211052 0.052748469191559046 0.2451065992241191 0.678428547285131
377 3393 0.037665018162723427 0.6624997978763111 9.336670589278825e-05 9.336670589278825e-05 0.0007447967958510965 0.003952654295766348 0.05207219703584509 0.2410180570814647 0.6624997978763111
378 3402 0.03722262887517072 0.6264793196687463 9.621125389119055e-05 9.621125389119055e-05 0.000756255495467129 0.004036679965970661 0.050761402576641676 0.23399119834789664 0.6264793196687463
379 3411 0.03301918834622881 0.6490568022452678 9.579022253417425e-05 9.579022253417425e-05 0.0007528989423631004 0.003792069800468724 0.047878763475682456 0.23053846462804142 0.6490568022452678
380 3420 0.03322483853528406 0.6409300666127804 9.20749400673152e-05 9.20749400673152e-05 0.0007273520365586671 0.003666618616691361 0.04858872277381685 0.22372151723327388 0.6409300666127804
381 3429 0.03356859725870143 0.6438662691245493 8.404632654786473e-05 8.404632654786473e-05 0.0007647976004147472 0.0036627930739591627 0.04896455988975779 0.22279528272717394 0.6438662691245493
382 3438 0.03383805880299247 0.6459850622488014 8.817285536937739e-05 8.817285536937739e-05 0.0007729630654236166 0.003409179683513044 0.04833825384682168 0.21603706363857225 0.6459850622488014
383 3447 0.04034284981611639 0.615565459521335 8.280997995327207e-05 8.280997995327207e-05 0.0007931861142321967 0.00330779357160792 0.04914663626733523 0.22323888602950182 0.615565459521335
384 3456 0.05481694956795929 0.6028229005044583 8.487591408844687e-05 8.487591408844687e-05 0.0007719632897600407 0.0035501056102625944 0.046740259987162566 0.23488056057035994 0.6028229005044583
385 3465 0.07016976398121808 0.5827068589531024 8.580271817705792e-05 8.580271817705792e-05 0.0007346129401510761 0.003628041905828642 0.04863772661986692 0.24047772877585824 0.5827068589531024
386 3474 0.07991861161554362 0.5774242599592586 8.830616620910864e-05 8.830616620910864e-05 0.0006884378844301569 0.003630015937895938 0.04941765654749522 0.23535856624989301 0.5774242599592586
387 3483 0.0746899294745377 0.558752871356564 8.759482231218117e-05 8.759482231218117e-05 0.0007158724939404505 0.0034318355650515817 0.048037748029826015 0.22998423193889073 0.558752871356564
388 3492 0.07893717109757369 0.5797611306571223 8.792490439631048e-05 8.792490439631048e-05 0.000724367915446857 0.0034293678058338077 0.04904225916326601 0.22041072272425363 0.5797611306571223
389 3501 0.08047103802132143 0.5727748453307503 9.189066370966639e-05 9.189066370966639e-05 0.0007169947532050805 0.0036358858332453036 0.044933870787587614 0.2173797460855739 0.5727748453307503
390 3510 0.08366704660350269 0.5584689871567767 9.025931737014853e-05 9.025931737014853e-05 0.0007075986179711421 0.003532615581917236 0.044381835318163594 0.21616124692624133 0.5584689871567767
391 3519 0.074387811639692 0.5551759275190261 8.838222903797082e-05 8.838222903797082e-05 0.0007260227517593997 0.0036117750342936662 0.043891218307591365 0.21632201912150778 0.5551759275190261
392 3528 0.07354453623308453 0.5475743517867643 8.628661899868633e-05 8.628661899868633e-05 0.000703701286095779 0.003594929866497116 0.042953964200991096 0.223657774021696 0.5475743517867643
393 3537 0.07956059789406983 0.5357256280809993 8.147738786947319e-05 8.147738786947319e-05 0.000741629638124427 0.003572913640835481 0.039702475344122454 0.2232890894886512 0.5357256280809993
394 3546 0.07961304394634983 0.553213986605016 7.725440088412761e-05 7.725440088412761e-05 0.0007556607081087347 0.0034097117520753 0.03892708712717287 0.2456816824303796 0.553213986605016
395 3555 0.0846864409543257 0.5213328897348426 7.70216082836233e-05 7.70216082836233e-05 0.0007940255237900447 0.003432307042777341 0.037798429657750494 0.23954534081761106 0.5213328897348426
396 3564 0.10066068126802674 0.5346260795355902 8.013070003967901e-05 8.013070003967901e-05 0.0007787007191472585 0.0033961517913201943 0.03667867610267108 0.2367594891296324 0.5346260795355902
397 3573 0.09694695484055571 0.6057469002315388 8.037197724695776e-05 8.037197724695776e-05 0.0007626840762028316 0.003222062811247398 0.039255787334921334 0.22663475113886156 0.6057469002315388
398 3582 0.09842475733411744 0.6082607196783032 7.668975445034196e-05 7.668975445034196e-05 0.0007485812332244309 0.0032500292306870794 0.03763984957514303 0.22629277575172876 0.6082607196783032
399 3591 0.09394148706294254 0.6109637257432122 7.317040225748075e-05 7.317040225748075e-05 0.0007515572442657032 0.0031190008671770843 0.039084242017272154 0.2227263707314562 0.6109637257432122
400 3600 0.09364409792595192 0.5748189756829016 6.953553245840766e-05 6.953553245840766e-05 0.0007446160052467375 0.0032501888002004725 0.03773357240080381 0.22312761953156243 0.5748189756829016
401 3609 0.09283382613053892 0.5597488773267568 6.912716318511283e-05 6.912716318511283e-05 0.0007209998272044407 0.0033233836348674664 0.03726742174397788 0.2210673590356328 0.5597488773267568
402 3618 0.07608212577015024 0.5300776156235996 6.956893279325127e-05 6.956893279325127e-05 0.0007381471456966471 0.00325976816105792 0.03652835179613677 0.221829424529684 0.5300776156235996
403 3627 0.06702519976009902 0.5082900904670606 6.798108395892309e-05 6.798108395892309e-05 0.0007258432953168797 0.003100145287841176 0.035575912552652224 0.22066711016273066 0.5082900904670606
404 3636 0.06810587278754804 0.4840393709605669 6.84131611015128e-05 6.84131611015128e-05 0.0006663530422149661 0.00312136874862765 0.03425911100468721 0.22007586182135003 0.4840393709605669
405 3645 0.06623944274634745 0.4742304337110195 6.235309647475748e-05 6.235309647475748e-05 0.0006665913528460121 0.0032517264661084825 0.034035071221317444 0.2229112260055723 0.4742304337110195
406 3654 0.06452223590486492 0.4990189070078052 6.0280095095357375e-05 6.0280095095357375e-05 0.0007006790206188551 0.0033104153989688577 0.032528654905097744 0.2185267966537974 0.4990189070078052
407 3663 0.06738631084608773 0.5011853841091578 6.0455507758568775e-05 6.0455507758568775e-05 0.0006939319361146137 0.0032665471055066918 0.03228969725461425 0.22154716561345109 0.5011853841091578
408 3672 0.07689734786279018 0.4824797528417283 6.049838527663067e-05 6.049838527663067e-05 0.0006880204578701425 0.003186559391977059 0.032962244358431966 0.22661647699577384 0.4824797528417283
409 3681 0.0830250607148496 0.5029578796576519 5.6939914908849525e-05 5.6939914908849525e-05 0.0006798373479641764 0.0034074014944553625 0.0322647531001934 0.24217905359572314 0.5029578796576519
410 3690 0.08842282076111335 0.4800655983373903 6.201314713444793e-05 6.201314713444793e-05 0.0007052675797237823 0.0034418118417865315 0.030895751711146047 0.22936600221044803 0.4800655983373903
411 3699 0.08883128473710011 0.4786015966165116 6.142186314267384e-05 6.142186314267384e-05 0.0007107937511475356 0.003393169182680448 0.03006102335394765 0.2423470797294392 0.4786015966165116
412 3708 0.09124066590348227 0.4875337785980944 6.06995231393627e-05 6.06995231393627e-05 0.0007370501375427409 0.003077130703910589 0.029378819061245356 0.24802635716367388 0.4875337785980944
413 3717 0.08494494609410219 0.4794012831603741 6.201034170852263e-05 6.201034170852263e-05 0.0006957058680647839 0.003006611941752471 0.029004786700137748 0.2672597913807666 0.4794012831603741
414 3726 0.08291794420701448 0.4596827757307717 5.9384832557494286e-05 5.9384832557494286e-05 0.0006960455077744228 0.0030892457278766357 0.028078128570789746 0.2635463163848777 0.4596827757307717
415 3735 0.0842332961515808 0.4314988208729291 5.769297617614634e-05 5.769297617614634e-05 0.0007074187619899866 0.003004883141232864 0.026982809242152208 0.2801274764111996 0.4314988208729291
416 3744 0.08601758558948466 0.4124165188604732 5.664867908441206e-05 5.664867908441206e-05 0.0007161352991224459 0.003030768458862175 0.02723551959452527 0.26873209226582273 0.4124165188604732
417 3753 0.09134444458358866 0.41648509456259564 5.4466033584145966e-05 5.4466033584145966e-05 0.0007399882888479861 0.002917031633878683 0.026943357830147657 0.25926282868526174 0.41648509456259564
418 3762 0.09094731716087918 0.4022484337499838 5.763041052644243e-05 5.763041052644243e-05 0.0007210620402184697 0.0028206679317275317 0.027082061565067338 0.25273548492099074 0.4022484337499838
419 3771 0.08986151949267898 0.4005033080904494 5.4036947186723446e-05 5.4036947186723446e-05 0.0006984989631139517 0.002787709827738506 0.027362757567434722 0.25841787103357905 0.4005033080904494
420 3780 0.07651156237345072 0.3965142231202715 5.279659560665256e-05 5.279659560665256e-05 0.0007202417702288047 0.002839300067356586 0.025520028177991084 0.2496019470502126 0.3965142231202715
421 3789 0.07878847788030494 0.3852719479468874 5.002796602642446e-05 5.002796602642446e-05 0.0007220622155274178 0.0028047808588214434 0.024330249697495022 0.24982737060182403 0.3852719479468874
422 3798 0.07836881101684362 0.44080299521537575 4.5978895481647e-05 4.5978895481647e-05 0.000746486899680568 0.0027287393752284035 0.023542965240011753 0.2511653155330091 0.44080299521537575
423 3807 0.07956840112151314 0.43231294477330445 4.399007829511898e-05 4.399007829511898e-05 0.0007304410054229234 0.0027704682311784274 0.022853630958961056 0.25434466206739687 0.43231294477330445
424 3816 0.07308008700039335 0.4316324442796346 4.184306289726254e-05 4.184306289726254e-05 0.0007480759773074965 0.0029288806924710614 0.022096773366889005 0.253178702482552 0.4316324442796346
425 3825 0.06646662909410606 0.42026278747970763 3.970462043363295e-05 3.970462043363295e-05 0.0007230513322193864 0.0029736613985673456 0.02232784984643071 0.26833270246584484 0.42026278747970763
426 3834 0.06065505566392442 0.4278571352489048 3.734427951977069e-05 3.734427951977069e-05 0.0007120573707947229 0.0028976245704002497 0.021642589529762092 0.2626369371175814 0.4278571352489048
427 3843 0.05211004100708036 0.40857684220962853 3.474908947097006e-05 3.474908947097006e-05 0.0006912539848756779 0.002981479314115911 0.022433622985104852 0.26945698831179066 0.40857684220962853
428 3852 0.05147150996148917 0.3978800170286725 3.432620819761017e-05 3.432620819761017e-05 0.0006571213622467685 0.0031661332592682564 0.02130780402801334 0.2704278994159825 0.3978800170286725
429 3861 0.0507927106179922 0.4112106302527997 3.4446071169223376e-05 3.4446071169223376e-05 0.0006348001118034394 0.002964732897970239 0.020966270970304214 0.2801077188585327 0.4112106302527997
430 3870 0.04828380025587704 0.4125980517418783 3.166941968044655e-05 3.166941968044655e-05 0.0006354397813905312 0.0029944493632666795 0.021690450335231565 0.28011067879332197 0.4125980517418783
431 3879 0.04863542047502549 0.42519554701058726 3.112644545961737e-05 3.112644545961737e-05 0.0006281657894174291 0.0029641092921525334 0.02156522456456879 0.27530587493572983 0.42519554701058726
432 3888 0.056067409958151924 0.40811568589058106 3.1243325047515887e-05 3.1243325047515887e-05 0.0005989642337971335 0.0031493045656178034 0.021275177845816014 0.27277491453144165 0.40811568589058106
433 3897 0.0658979436184516 0.38443416059479524 3.168364742813618e-05 3.168364742813618e-05 0.0005899463320836271 0.0030372363757747065 0.024975561654854758 0.26387537703020686 0.38443416059479524
434 3906 0.07592115841317616 0.36663761655770155 3.119651419131851e-05 3.119651419131851e-05 0.0005698299188953452 0.003001099682739687 0.029031287150489752 0.2490643858451861 0.36663761655770155
435 3915 0.06733540776968384 0.35912808358953985 3.032941916404569e-05 3.032941916404569e-05 0.0005946619631143629 0.0029595917754880394 0.03047950382124682 0.24861339881167263 0.35912808358953985
436 3924 0.0668223449884112 0.3283387271808557 3.047343539954288e-05 3.047343539954288e-05 0.000591430414928749 0.00287058198545215 0.03093147044610526 0.2383563427086484 0.3283387271808557
437 3933 0.0649525152557433 0.35199940612002634 2.9849210232156687e-05 2.9849210232156687e-05 0.0005458713535617264 0.002777600529337671 0.03024723075314723 0.2436916946610074 0.35199940612002634
438 3942 0.06285449221199504 0.3559997648244764 2.9114563245246524e-05 2.9114563245246524e-05 0.0005154005301763662 0.00276522925667292 0.029448293881997604 0.24243723464450784 0.3559997648244764
439 3951 0.06523274752616275 0.3660754244393939 2.9004201126344134e-05 2.9004201126344134e-05 0.0004945190003716349 0.002619585448879164 0.029282564456510368 0.23815234474016791 0.3660754244393939
440 3960 0.0673612368780626 0.3511985596556557 2.9092622585867773e-05 2.9092622585867773e-05 0.0004812918084856099 0.0025035753826168814 0.029596379437865156 0.2535092597947904 0.3511985596556557
441 3969 0.07703685314400804 0.360186979240826 2.7422185812727922e-05 2.7422185812727922e-05 0.0004517261086796299 0.0026711082019979476 0.029897735829331057 0.24968491786892413 0.360186979240826
442 3978 0.07818337688778212 0.3533960613024952 2.822167761392156e-05 2.822167761392156e-05 0.00044741462308850433 0.0027364014870889545 0.03133850864417817 0.2576468852896647 0.3533960613024952
443 3987 0.07783954372413486 0.38199187094909015 2.547621659420376e-05 2.547621659420376e-05 0.0004198760611959063 0.0027885814707861766 0.03158319474464106 0.25967630687526166 0.38199187094909015
444 3996 0.07029920825475479 0.3742562884819527 2.6043351015058374e-05 2.6043351015058374e-05 0.00042213465574348865 0.002530037346684836 0.032118931120484716 0.2558068474070089 0.3742562884819527
445 4005 0.06732440170787143 0.3737952197382879 2.564769040186593e-05 2.564769040186593e-05 0.00040757129519093037 0.0024762319950598034 0.031164111730309016 0.252875655487375 0.3737952197382879
446 4014 0.06349842400234876 0.3547777961857173 2.5497950517868743e-05 2.5497950517868743e-05 0.00041072073855558247 0.0024035607000928096 0.02984915123654609 0.2570107168843687 0.3547777961857173
447 4023 0.0721957561830911 0.36027926009300004 2.4856093217413786e-05 2.4856093217413786e-05 0.0003954489487664382 0.0025043209031599184 0.027840292088078904 0.25754265243503865 0.36027926009300004
448 4032 0.0654459230920441 0.35951386497665017 2.303957725804376e-05 2.303957725804376e-05 0.0004147384236503139 0.0029523684659131864 0.027365567541407284 0.24670937193176173 0.35951386497665017
449 4041 0.05805806071462254 0.35706102109108717 2.2011554817940756e-05 2.2011554817940756e-05 0.0004105280979702169 0.0028955069332296723 0.02607713725881768 0.24781243825766938 0.35706102109108717
450 4050 0.05926913184164327 0.37515862914847137 2.0670339517866844e-05 2.0670339517866844e-05 0.0004051235333315929 0.002930262767980941 0.025296902494479093 0.24991485069711397 0.37515862914847137
451 4059 0.06404911733669831 0.38709890869923175 2.0386814369913848e-05 2.0386814369913848e-05 0.0004440183922984871 0.002766774669814985 0.025194497096616086 0.24354628396528485 0.38709890869923175
452 4068 0.05752343111730401 0.38125323238192105 2.0715021179423816e-05 2.0715021179423816e-05 0.0004470087845972936 0.003039075347801058 0.02421209994632533 0.24459439393962218 0.38125323238192105
453 4077 0.05150748985339435 0.38152955240576214 2.080459007938521e-05 2.080459007938521e-05 0.00044386782694806024 0.0029709418468177795 0.023757207816777384 0.24809802098221304 0.38152955240576214
454 4086 0.05409089611537946 0.393916693477858 1.9862796082707087e-05 1.9862796082707087e-05 0.00044445606554405 0.002856011304425008 0.02226795797349328 0.24710363738785718 0.393916693477858
455 4095 0.05601832828360234 0.3965557754141223 2.0696466823562014e-05 2.0696466823562014e-05 0.00043288588756801153 0.0028527096730305013 0.022570499918645494 0.23492890122554835 0.3965557754141223
456 4104 0.05982248310207874 0.3869968242314518 2.041336356246201e-05 2.041336356246201e-05 0.00047754825809257965 0.002797268322991345 0.02171630794720719 0.2312693723771964 0.3869968242314518
457 4113 0.0572901255182748 0.34769261996894923 2.074273084123384e-05 2.074273084123384e-05 0.00047312965827472653 0.0031122206735535135 0.021602739980337543 0.22935790689201976 0.34769261996894923
458 4122 0.06127060526510604 0.3283330531947275 2.0060166469433013e-05 2.0060166469433013e-05 0.0004831196748747627 0.0031815420730781476 0.02089335813799465 0.22947705336469443 0.3283330531947275
459 4131 0.06721143196564909 0.3388266301790864 1.988883990150714e-05 1.988883990150714e-05 0.0004708924215363366 0.0031268681164522438 0.022303979092175855 0.22273915095554295 0.3388266301790864
460 4140 0.07402692617798547 0.35149425845542115 2.0538138720690722e-05 2.0538138720690722e-05 0.0004764786010619203 0.003132476010694541 0.023046795741931872 0.2156219608596717 0.35149425845542115
461 4149 0.06678520462923214 0.39630052195134646 1.9712090879179836e-05 1.9712090879179836e-05 0.0004668026405512975 0.003142910910375788 0.022669220130261077 0.2092880132199598 0.39630052195134646
462 4158 0.05946361810544847 0.3902852817916151 1.932370027589046e-05 1.932370027589046e-05 0.0004414550613826644 0.0030294139052925028 0.021998042760383855 0.20820680968939081 0.3902852817916151
463 4167 0.05399707820838947 0.376876462501329 1.8289244924335235e-05 1.8289244924335235e-05 0.0004386927616904376 0.0029787016342777573 0.021981189440226385 0.20566909748535245 0.376876462501329
464 4176 0.0490927834561809 0.3616008704421663 1.8871285052225594e-05 1.8871285052225594e-05 0.00042159844118231277 0.0028795827439795025 0.021950165656920706 0.19821172923231756 0.3616008704421663
465 4185 0.04735821897548492 0.35858300326502657 1.8647114154659375e-05 1.8647114154659375e-05 0.00044553950045592426 0.0029713278813208385 0.020276232841519994 0.19409210179540945 0.35858300326502657
466 4194 0.04863953083806063 0.3622748603973103 1.8734970620085953e-05 1.8734970620085953e-05 0.0004408056969834458 0.0028414015466458643 0.02018224808968536 0.19430905667465728 0.3622748603973103
467 4203 0.0518915752547196 0.345328045588505 1.839917926031737e-05 1.839917926031737e-05 0.0004379102180314613 0.0028042364156606646 0.0201455861728507 0.1974993799014262 0.345328045588505
468 4212 0.05860647097621601 0.3488747014825294 1.8547370706209884e-05 1.8547370706209884e-05 0.00044279997051342154 0.002764593882954864 0.020169514493384496 0.1933607676495045 0.3488747014825294
469 4221 0.07052768431755371 0.37831904218096146 1.8149359320658766e-05 1.8149359320658766e-05 0.0004110504424900428 0.00289268391948038 0.02012291320861915 0.19102886291107166 0.37831904218096146
470 4230 0.07363982793347798 0.37232912223791104 1.755624014227264e-05 1.755624014227264e-05 0.00042223599127602873 0.002964862432119495 0.021468806569230243 0.19105049458839582 0.37232912223791104
471 4239 0.0776512482209196 0.34031582713950487 1.8092322855818857e-05 1.8092322855818857e-05 0.0004098148776723503 0.0029898937207758075 0.02219299072781457 0.1835067347936069 0.34031582713950487
472 4248 0.06980122121992165 0.34107944211899016 1.6957213473430234e-05 1.6957213473430234e-05 0.00041460205079043146 0.0029850620902841787 0.02260981623392396 0.17265370679195857 0.34107944211899016
473 4257 0.06234452604163904 0.34293708033238807 1.7034439118299678e-05 1.7034439118299678e-05 0.0003951880580256573 0.0029956631748403223 0.022105094142727176 0.1631150563184918 0.34293708033238807
474 4266 0.07047923789524875 0.3584675566291255 1.68648041267313e-05 1.68648041267313e-05 0.0003866304468523172 0.002884012100462959 0.020462926663519336 0.15854165072894244 0.3584675566291255
475 4275 0.0814116667363846 0.422638940152731 1.5490526051678017e-05 1.5490526051678017e-05 0.0003984420390200461 0.002967251906160431 0.01897389905802286 0.15453433145798273 0.422638940152731
476 4284 0.08748043039314483 0.4255599117085355 1.49887235273669e-05 1.49887235273669e-05 0.00037181316234044493 0.003121824423249205 0.020347936124369668 0.15802839754814996 0.4255599117085355
477 4293 0.08654076322309649 0.40147405946981884 1.499565671696797e-05 1.499565671696797e-05 0.00035069576386433354 0.0033658202800663497 0.01951768968902695 0.15551959503033347 0.40147405946981884
478 4302 0.08425604785858862 0.3994819986716655 1.5117297223859143e-05 1.5117297223859143e-05 0.00034122418763696835 0.0033383716283206942 0.01703748789962306 0.16108180213342002 0.3994819986716655
479 4311 0.08220274613382976 0.4001405483676491 1.465109522042466e-05 1.465109522042466e-05 0.000325808037809732 0.0031663177026485996 0.01728253298913078 0.16173780999445164 0.4001405483676491
480 4320 0.08523354983506622 0.38512790879075487 1.4098567038300948e-05 1.4098567038300948e-05 0.0003287224798652744 0.0030160917452813994 0.01764498968892569 0.15680006111629963 0.38512790879075487
481 4329 0.09487840346932962 0.4144054609875795 1.446013784906048e-05 1.446013784906048e-05 0.00031272169610882636 0.0029532234890408218 0.01729421845883489 0.15736635575010302 0.4144054609875795
482 4338 0.10474842110770922 0.3802300632698219 1.4273310395553046e-05 1.4273310395553046e-05 0.0003205880051781203 0.002880071656170235 0.016927284230156932 0.17816876512021587 0.3802300632698219
483 4347 0.11757608120290686 0.4095763393372276 1.4375761227776276e-05 1.4375761227776276e-05 0.00032169289638594024 0.0027881452599128748 0.016153738060344012 0.17495343372925493 0.4095763393372276
484 4356 0.12198115344773358 0.3915791498257756 1.508210287598589e-05 1.508210287598589e-05 0.0003245464468408434 0.00267903304670163 0.016322895314805533 0.173923576328217 0.3915791498257756
485 4365 0.12832952650935672 0.38623607537143123 1.4369089560459174e-05 1.4369089560459174e-05 0.00032945483087977565 0.002675949014091586 0.01624463625797853 0.17363361147652429 0.38623607537143123
486 4374 0.12012839852352275 0.42104445041881916 1.3758885342502077e-05 1.3758885342502077e-05 0.0003114840820436958 0.0025951864760284014 0.016098172676556815 0.1708413885721007 0.42104445041881916
487 4383 0.11509335003356201 0.41038751360238745 1.2850842722411376e-05 1.2850842722411376e-05 0.0003080728723645201 0.002628887122259109 0.016653326170849754 0.17465955715558032 0.41038751360238745
488 4392 0.11717512000437126 0.3861072621108677 1.3444650541535473e-05 1.3444650541535473e-05 0.00030619348424426926 0.0026315950330201374 0.016276152209803378 0.17664286443019628 0.3861072621108677
489 4401 0.12817529549551124 0.3992299133618201 1.368073454513454e-05 1.368073454513454e-05 0.0002759205347818041 0.0027548211261430636 0.01649612719570067 0.1686328669038181 0.3992299133618201
490 4410 0.11447378426271557 0.4150416626942893 1.3297730917114526e-05 1.3297730917114526e-05 0.0002831976346845993 0.0027576848772428606 0.01785106823805269 0.1687753613356576 0.4150416626942893
491 4419 0.11554188374914219 0.41062053705636725 1.2709847174421636e-05 1.2709847174421636e-05 0.00029332022669257407 0.002813329188994817 0.017044964482708896 0.16862560003626006 0.41062053705636725
492 4428 0.10759992411557075 0.4062669139413621 1.2471276630336874e-05 1.2471276630336874e-05 0.0002971508007958434 0.0026824982264754983 0.01731561620531369 0.1720004189401587 0.4062669139413621
493 4437 0.09885473825280595 0.40039293713088026 1.1852084836657857e-05 1.1852084836657857e-05 0.0002961416126528522 0.0026555337403331263 0.01793169147288399 0.16425842067687169 0.40039293713088026
494 4446 0.10037609152704284 0.39080801685898603 1.0976146220979306e-05 1.0976146220979306e-05 0.00030248667978645047 0.00266046503921516 0.017470617772394267 0.16024451414798332 0.39080801685898603
495 4455 0.10208895347408721 0.410464292210825 1.0948547775279386e-05 1.0948547775279386e-05 0.0002957755070881355 0.0025640814457871947 0.01758458816564571 0.15687391629269612 0.410464292210825
496 4464 0.11458415110197999 0.4249953149674036 1.0449027243209443e-05 1.0449027243209443e-05 0.0002867796218233576 0.0025221267184616196 0.017692538980594315 0.15737045810533445 0.4249953149674036
497 4473 0.10543517974902568 0.42145844151015927 1.0693184396916799e-05 1.0693184396916799e-05 0.0002824691353566263 0.002420454864671902 0.017553037691424533 0.17055175564885264 0.42145844151015927
498 4482 0.10832381983893873 0.4329744762719064 9.82090853740626e-06 9.82090853740626e-06 0.0002757626583593382 0.0023502346581803727 0.017443436912784962 0.17193476856387363 0.4329744762719064
499 4491 0.09677932160355562 0.43712486129674816 9.710074824211555e-06 9.710074824211555e-06 0.00026606056119834196 0.002293974654396211 0.018082378999367796 0.18091522582185096 0.43712486129674816
500 4500 0.08612132613909196 0.4226311579535872 9.57647592578746e-06 9.57647592578746e-06 0.0002656943614275722 0.0022872723133440212 0.017021541091764247 0.17651849446229584 0.4226311579535872
501 4509 0.08008440001097165 0.42359441011349985 9.44730410875635e-06 9.44730410875635e-06 0.00025873444197705597 0.0022846629856063463 0.016307230084817322 0.17200829404791068 0.42359441011349985
502 4518 0.07486899761688903 0.42807392333929933 9.57367718927997e-06 9.57367718927997e-06 0.0002586586257552033 0.0022287201743488565 0.017053116258205873 0.14982255793063554 0.42807392333929933
503 4527 0.07163085782890224 0.41199002133710383 9.583869299912305e-06 9.583869299912305e-06 0.00026375046346184446 0.0022097988113837855 0.017635686951461612 0.1340877716887037 0.41199002133710383
504 4536 0.07019683532845145 0.42832336658665054 9.804631074590996e-06 9.804631074590996e-06 0.0002587520184043343 0.0020299894816438045 0.017469504554395884 0.1319705837745605 0.42832336658665054
505 4545 0.06826709485963478 0.4035549085693883 9.399781471811269e-06 9.399781471811269e-06 0.0002642141264813007 0.002031011365557796 0.01719721757641541 0.14059667231298562 0.4035549085693883
