% # columns="iteration, evaluation, sigma, axis ratio, bestever, best, median, worst objective function value, further objective values of best", seed=583025, Fri Dec  1 12:26:23 2023, <python>{}</python>
1 9 1.9635469047935592 1.0000416675347343 0.18486526417924856 1.8486526417924856e-01 202.29573868057219 2275.674358590007   
2 18 2.0682159541961154 1.2570077914505506 0.1527388046165169 1.5273880461651690e-01 1.142650842908371 7526.694538788577   
3 27 2.032315738525207 1.4524085759538552 0.11054706013369624 1.1054706013369624e-01 0.29951243895049273 181.2549422478411   
4 36 1.8460143322510576 1.4888713137957528 0.11054706013369624 2.4690067179542344e-01 0.2760414843404508 1.208763175534249   
5 45 1.7823436686933953 1.5954686360307428 0.03943884589277962 3.9438845892779621e-02 0.2986759222745785 0.4655224999656134   
6 54 1.946636252619581 1.6477116814203336 0.03943884589277962 4.8230971222142364e-02 0.29213962127345716 266.27566205173935   
7 63 1.9571194404685204 1.8845973348980702 0.022305626598625446 2.2305626598625446e-02 0.28827024788519184 50.705239253637814   
8 72 2.1145532673008343 1.943807550283506 0.022305626598625446 5.5180665780766698e-02 0.11918237223377706 1.0779869580469437   
9 81 2.494869622915663 1.9282771100541825 0.022305626598625446 6.1270365333835841e-02 0.27435082340044853 239.78143885662195   
10 90 2.596137596179607 2.1780310443883697 0.022305626598625446 1.1012911975421555e-01 0.2896055957537849 175.56786598748664   
11 99 2.901966918009217 2.3397227173259627 0.022305626598625446 1.6290160864154632e-01 0.27344422017908426 1844.2168799459832   
12 108 2.8601813168303942 2.7223660766806006 0.022305626598625446 6.6817836654337492e-02 0.29783910110942835 320.4670918668817   
13 117 2.9545012237304094 3.059804686750913 0.022305626598625446 1.9953757796095131e-01 0.29987401498881083 769.6085415712905   
14 126 2.6640429101893077 3.4784140226272844 0.022305626598625446 6.8035699380694148e-02 0.29050821367214524 8875.560026443818   
15 135 2.4548353725126852 3.9912436824747908 0.022305626598625446 5.8609067665144080e-02 0.2733259973839071 0.6640144552432986   
16 144 2.46535321717209 4.191194350194731 0.022305626598625446 1.2278237157579625e-01 0.2532585827993216 12.435926917060154   
17 153 2.3223191865729764 4.317456297115376 0.022305626598625446 8.3505727469079527e-02 0.17887397182245368 16.13073741764495   
18 162 2.1508508975947445 4.515746779979244 0.022305626598625446 6.5782414718568327e-02 0.24451489779958413 186.30446416021175   
19 171 2.0466636497834654 4.7158669737970955 0.022305626598625446 6.0582414684690361e-02 0.18684331894853537 10.079036625591497   
20 180 2.00327116529067 4.822105516111143 0.022305626598625446 4.0306316770146629e-02 0.2816302018984032 1.5394645424943372   
21 189 2.007783049396731 5.011519421350835 0.022305626598625446 1.8090120010893113e-01 0.4136809121709726 2.6953701885881687   
22 198 2.119463366973624 5.068844303892108 0.022305626598625446 1.9921066365342271e-01 0.27401812911886564 1.4232262731265888   
23 207 2.350425766823542 5.29836089436469 0.022305626598625446 7.7681182586497310e-02 0.09781238216053546 0.29048951864911704   
24 216 2.39615085431076 5.625508984456484 0.022305626598625446 5.7369714555547097e-02 0.2360519357991273 90.63950678806086   
25 225 2.6121632497530225 6.385601186253297 0.022305626598625446 6.9702816590639011e-02 0.2589956263143199 69.49331778734445   
26 234 2.6593525739380754 7.12275676667082 0.022305626598625446 6.4955434082079599e-02 0.18218861399696035 1.2779375296933948   
27 243 2.352789528175242 7.310383973944655 0.022305626598625446 6.3356396364266515e-02 0.9165966322221744 138.49883482624958   
28 252 2.4348819191111577 7.924477139892468 0.022305626598625446 3.3026181461679252e-02 0.19026732341749042 23.639430329649112   
29 261 2.327009585941003 8.812138661373039 0.022305626598625446 5.2184382109848909e-02 0.0905278863869514 2.972540578083277   
30 270 2.05009735539944 9.423517103369019 0.022305626598625446 5.8119892438490861e-02 0.38856358872153574 1.6187139967058648   
31 279 2.0465805821024015 10.026930568665675 0.022305626598625446 3.5177936105174112e-02 0.3874264264819802 1.2077154685435645   
32 288 2.024286407615634 10.244941764135817 0.022305626598625446 5.2112433527330700e-02 0.10162382159899085 29.31701098086862   
33 297 1.7190778778049252 11.177463953546969 0.022305626598625446 5.2496381887091353e-02 0.08417937972343839 0.8496617173953719   
34 306 1.5181418963072764 11.91622498786216 0.022305626598625446 3.5830416338578613e-02 0.08636279724472319 1.1530402056852689   
35 315 1.3171543726299257 12.788349392752256 0.022305626598625446 3.6580495943410861e-02 0.07837109466099018 0.23533712308460178   
36 324 1.2012128210108746 13.84240518318353 0.022305626598625446 3.1076189883544641e-02 0.10176463096016933 0.23110128666571653   
37 333 1.2721476493665382 15.000831305156302 0.007395553607933446 7.3955536079334458e-03 0.04749463283830027 0.2654494870907825   
38 342 1.4034832853189065 17.237402820626905 0.007395553607933446 1.8109575771089549e-02 0.06663526798406512 1.6179673487603232   
39 351 1.4613222805950001 18.56766863620742 0.007395553607933446 1.7300102402629837e-02 0.1297246025927022 6.258668533623437   
40 360 1.3825906109002022 20.080629810885593 0.007395553607933446 1.3274439407541664e-02 0.053078883796141244 2.243743282019795   
41 369 1.4899211998533484 21.61718232634103 0.007395553607933446 2.6438938069516936e-02 0.0689371442253935 0.1177499164719815   
42 378 1.6166809147588452 22.336499247181663 0.007395553607933446 1.4256582245324018e-02 0.04602023829943859 0.16695356700519354   
43 387 1.720949900164394 24.843745342670665 0.007395553607933446 1.8949567798023190e-02 0.05492083876595449 0.14380803875862133   
44 396 1.7442845157050062 25.52376335406876 0.007395553607933446 3.0315902242630317e-02 0.07246193686580703 0.2226408176810372   
45 405 1.8642401426404687 28.417315967804104 0.007395553607933446 5.6585963318253593e-02 0.11220550942708643 0.4420942571389731   
46 414 1.711598922536874 29.79835731799512 0.007395553607933446 1.8568179214466438e-02 0.14223396982415237 0.3282838806012131   
47 423 1.7281648851266187 36.719115029689796 0.007395553607933446 1.2421027981555186e-02 0.05719220273019575 0.27692320467057985   
48 432 1.7113227242026037 39.723365846644334 0.007395553607933446 2.1218486022831384e-02 0.11954031870297137 0.4256964439684229   
49 441 1.7855593564755603 41.79134337216908 0.007395553607933446 1.2355792507793777e-02 0.046779973403228065 0.2398012525472936   
50 450 1.7986067793001401 43.66638089555138 0.007395553607933446 1.4978756450500117e-02 0.05753686845667606 0.2629173163320691   
51 459 1.6330294316360978 44.161336421316214 0.007395553607933446 1.0357917751693986e-02 0.06154737881620901 0.13252375067787284   
52 468 1.4416295005683184 46.935321267605914 0.007395553607933446 3.1031830182787087e-02 0.04490419800445007 0.07093818361201867   
53 477 1.354227963068357 46.446281850307365 0.007395553607933446 7.4273918449078696e-03 0.03323465176964812 0.10255149532887645   
54 486 1.2789988414029803 43.40438657378453 0.007395553607933446 8.5249499314382637e-03 0.012234258647789554 0.06428696654487578   
55 495 1.2310802941271406 49.638256009662 0.007395553607933446 8.2706237201662629e-03 0.044011179394293845 0.09307412104409894   
56 504 1.0123967039974238 51.36838471424395 0.005812525185528826 5.8125251855288256e-03 0.027722154014137853 0.05313895431038372   
57 513 0.886267915038737 48.42630226684384 0.005075356344220881 5.0753563442208806e-03 0.014855755352473151 0.032052910612412173   
58 522 0.8282649274676926 52.37942912953445 0.005075356344220881 1.0269583500095665e-02 0.014558536443973407 0.05458004750586275   
59 531 0.8022461902574574 54.167457413706195 0.005075356344220881 8.0292849360207152e-03 0.013348763516309106 0.020608386148842348   
60 540 0.6828841670432898 55.89970056384589 0.005075356344220881 7.8305088930619264e-03 0.011376189903119414 0.021330970680651054   
61 549 0.6547817708782155 53.63209763572825 0.005027039036497739 5.0270390364977394e-03 0.009048402551554136 0.017142630937259557   
62 558 0.6422484895676402 51.847993131307284 0.005002285528989235 5.0022855289892348e-03 0.007730628885508655 0.011925633651165626   
63 567 0.5307596853160301 51.157418497007455 0.005002285528989235 5.3277690986828609e-03 0.006845118398598535 0.01832418842699185   
64 576 0.4986887266284256 53.717221066323894 0.005002285528989235 5.1839264867346016e-03 0.007171337004505964 0.00840655844990904   
65 585 0.4542096387693149 55.91234432622549 0.004900807041475345 4.9008070414753449e-03 0.005428699670652941 0.00708493513354498   
66 594 0.4597138220178771 61.3740268220201 0.004791412479130463 4.7914124791304628e-03 0.005311028397610907 0.007673645806951664   
67 603 0.4119078500778492 70.43622918419561 0.004791412479130463 4.9261051216333753e-03 0.005058499700145159 0.007747672024572746   
68 612 0.39196120216955466 73.57525221609623 0.004791412479130463 5.0517458618712825e-03 0.0054622895260158615 0.008148726255904803   
69 621 0.34538582805652496 79.87078093519021 0.004791412479130463 4.9269331944514199e-03 0.0051954089929925566 0.006374386770173901   
70 630 0.3072664854182868 82.08905627641094 0.00469868994005193 4.6986899400519302e-03 0.005033910909849218 0.007126465256528365   
71 639 0.26408494208391176 86.17986670147306 0.00469868994005193 4.8123961508518050e-03 0.004980762236878798 0.005286480394569471   
72 648 0.24434323341130204 87.71080730461489 0.00469868994005193 4.7623017066034008e-03 0.004868689375475082 0.0051550343308729195   
73 657 0.2299983012428092 91.26457109348716 0.00469868994005193 4.7520646657909001e-03 0.004833944684383319 0.005102527013601795   
74 666 0.21082231307326504 93.79237695275346 0.00469868994005193 4.7605814722389301e-03 0.004808427993917546 0.0050186338189979526   
75 675 0.1846242195487924 106.76711710445935 0.00469868994005193 4.7610907068974953e-03 0.004790118482714111 0.005022597747100479   
76 684 0.1766801078110975 102.24438622141507 0.00469868994005193 4.7625304887739528e-03 0.004784848943783835 0.004989600884562561   
77 693 0.16155799496127662 100.54673336929646 0.00469868994005193 4.7471571986812651e-03 0.004834230486109185 0.00488418711878919   
78 702 0.13594177422244097 89.38027291012327 0.00469868994005193 4.7479290460926433e-03 0.004777595743158371 0.004879934693896578   
79 711 0.12114111956272816 90.27294648691915 0.00469868994005193 4.7491901805011725e-03 0.004775590513522776 0.004812037682746087   
80 720 0.10998596831704566 96.83659122760051 0.00469868994005193 4.7411197151586929e-03 0.0047655796290569565 0.0048242803217265606   
81 729 0.10692864410220794 107.18384016440685 0.00469868994005193 4.7404882647701894e-03 0.004761326523125554 0.004790527515653941   
82 738 0.10388610591901948 100.51203949172132 0.00469868994005193 4.7432083901007005e-03 0.0047786189817789464 0.004799376526253634   
83 747 0.09069716408032671 106.05791482681619 0.00469868994005193 4.7425677634033870e-03 0.004751741114758609 0.004770562118232305   
84 756 0.0840080373844181 105.52287572506567 0.00469868994005193 4.7422601285695282e-03 0.004750826754772289 0.00476930384579537   
85 765 0.07953155661406208 114.905145558027 0.00469868994005193 4.7401149498659334e-03 0.004744950944932271 0.004767787700860208   
86 774 0.07441691068352987 115.18335085815518 0.00469868994005193 4.7385799804630126e-03 0.004744131359163971 0.00475121989183568   
87 783 0.07314254512083446 126.72553075702638 0.00469868994005193 4.7388723671482405e-03 0.004745108327171686 0.00475485637121606   
88 792 0.07557485800843523 135.82740722076173 0.00469868994005193 4.7370508307765105e-03 0.004742484036349092 0.004748143462605941   
89 801 0.08647854333017327 148.01143492723045 0.00469868994005193 4.7359980090909111e-03 0.0047390917906243585 0.004745671670891543   
90 810 0.10373019816769122 174.5863690269494 0.00469868994005193 4.7314308363340021e-03 0.004740778326530987 0.004750430006311805   
91 819 0.13070554681759874 210.2071705520068 0.00469868994005193 4.7072417313186298e-03 0.004736382371904232 0.004747922876539696   
92 828 0.16366358754081534 223.36960943877182 0.0046816503802857845 4.6816503802857845e-03 0.0047383731124795115 0.004788380035195435   
93 837 0.21321152959257972 223.21068989050136 0.0046816503802857845 4.6852637496699705e-03 0.004746424474720138 0.004827389801157806   
94 846 0.25662708213238655 215.4251935725321 0.004533825952045101 4.5338259520451007e-03 0.004667267119114292 0.0047709859165263775   
95 855 0.34511394861981315 239.73627788454232 0.004428597008867363 4.4285970088673628e-03 0.0045531222680868 0.005117001536260265   
96 864 0.43349658793959317 236.5965622820724 0.0043288599579747455 4.3288599579747455e-03 0.004634310811702134 0.006798043251132759   
97 873 0.4672137274907382 230.80512202395377 0.0043288599579747455 4.3714844172162443e-03 0.004548317567744768 0.0047553845614535396   
98 882 0.5912448918070514 225.59211821728144 0.003817738198904195 3.8177381989041950e-03 0.004532336523156037 0.004857767815920034   
99 891 0.6570711214440095 232.24189499414095 0.003817738198904195 3.8940847341865205e-03 0.004417594555866482 0.011970627690378204   
100 900 0.7634615885676681 223.7914098037823 0.0037717852443434367 3.7717852443434367e-03 0.0040674366819829135 0.006151684914793449   
101 909 0.7866446584022619 229.67957406659545 0.0035024764817240205 3.5024764817240205e-03 0.004179407616262804 0.00675551356553768   
102 918 0.9219230646932921 235.74820909241066 0.0032692197969113957 3.2692197969113957e-03 0.007218284192078415 0.01552160316795239   
103 927 1.0647022750247945 221.90296904452975 0.0032692197969113957 3.3732305973255992e-03 0.00431835715446573 0.010225794908003093   
104 936 1.1225253052082254 248.55707937370926 0.0032692197969113957 3.6159559213293575e-03 0.004985347234430402 0.00774834411179999   
105 945 1.0714611959880123 254.75308590117712 0.003133534104924438 3.1335341049244379e-03 0.004752058130989164 0.015556483666781829   
106 954 1.1885953803243137 262.8601369417389 0.003133534104924438 3.2109950169026793e-03 0.005276567485794171 0.009811849379907063   
107 963 1.129207235379914 255.62711365420145 0.0030442069816627735 3.0442069816627735e-03 0.004641214655229443 0.01822861602428941   
108 972 1.015923641240308 256.21624647431867 0.0027217648467598755 2.7217648467598755e-03 0.004936639065710019 0.007136080865375356   
109 981 0.9427579831260248 261.54736981135744 0.0027217648467598755 2.8116160272575203e-03 0.003316059625631934 0.009064954674720637   
110 990 0.9603138059802465 257.63820431969305 0.0027217648467598755 2.7610249572885088e-03 0.0036209470772626926 0.00787068609944916   
111 999 0.9603802350655345 251.3869312074279 0.0027217648467598755 2.9644128744188572e-03 0.004775578546174036 0.009309315312069636   
112 1008 0.9703265870671988 255.54891446903616 0.0024661790010841785 2.4661790010841785e-03 0.003989023017049572 0.0065275443720927365   
113 1017 0.9670257968728495 253.19649662860368 0.00218013499938448 2.1801349993844799e-03 0.0035546008686368276 0.014191946160793242   
114 1026 1.132213299020735 256.6294127676452 0.0019759451734304998 1.9759451734304998e-03 0.0026950662307348243 0.00938996583838643   
115 1035 1.3491830844181698 272.0030409087408 0.001639049519364301 1.6390495193643010e-03 0.0034790843243966887 0.03433386100632879   
116 1044 1.2728356801045544 265.35955385700515 0.001639049519364301 2.0666722032028728e-03 0.003383432867289149 0.008949716977562042   
117 1053 1.1304791357295916 262.9064433208343 0.001639049519364301 2.0902182682549734e-03 0.003424842319118994 0.013468206730514314   
118 1062 1.0880273262747089 260.4382468354568 0.001639049519364301 2.7506311608085118e-03 0.004740850674882659 0.018012990025380805   
119 1071 1.1465496922296554 265.7158608376527 0.0015418018013435581 1.5418018013435581e-03 0.003461614206610404 0.006644407615638255   
120 1080 1.074892612062514 273.8576956232547 0.0015418018013435581 1.7961978522715014e-03 0.002564607695873518 0.004067336028527372   
121 1089 0.8877489713630676 276.1901381758199 0.0015418018013435581 1.9192950357985062e-03 0.002949734355364159 0.006673542484532142   
122 1098 0.8762622927698233 277.04928567359696 0.0015418018013435581 1.6842439048547321e-03 0.002111275558096372 0.004467400809692051   
123 1107 0.8633799904341769 300.9300300842726 0.0015418018013435581 1.6553995241161883e-03 0.0017491228333515831 0.0023423469066487235   
124 1116 0.8857973353895714 316.55267331445225 0.0015418018013435581 1.5473020077205160e-03 0.001734292488689636 0.0031866561884896483   
125 1125 0.8312548323661912 310.7237801542931 0.0015418018013435581 1.5759009610422348e-03 0.0026644360768202447 0.0029191516026331184   
126 1134 0.764129594311578 303.2090536797656 0.0015418018013435581 1.7417903842950073e-03 0.0021936569746360754 0.004316924413821401   
127 1143 0.7282721524343171 302.8194156392462 0.0015418018013435581 1.6157798860540057e-03 0.001998452124766247 0.0035743365537346753   
128 1152 0.7147143463721799 309.67677816210784 0.0014249200631852952 1.4249200631852952e-03 0.0016314648207978355 0.004100732612120258   
129 1161 0.7136992346453973 329.5922238438028 0.0014174190162079764 1.4174190162079764e-03 0.0016584520120212073 0.002292381728407012   
130 1170 0.7283871571258503 330.0102615899188 0.0014104539881139512 1.4104539881139512e-03 0.0016251451538727606 0.0017865442740427882   
131 1179 0.6717896829340185 330.43808097740396 0.0014104539881139512 1.4223340912053802e-03 0.0015664693980360761 0.002119429159305554   
132 1188 0.7079615709828103 336.76220649242197 0.0014104539881139512 1.4140443689057750e-03 0.0015882638964132265 0.0018244712394630803   
133 1197 0.8617669228481013 394.1812242974922 0.0013435202718920084 1.3435202718920084e-03 0.001519053238075968 0.0018747557691728297   
134 1206 0.8545420132712702 444.13195564847933 0.0013435202718920084 1.4002271318613567e-03 0.0015549321770064236 0.002558741536424997   
135 1215 0.9668215493138796 446.2259997244023 0.0013252658449970378 1.3252658449970378e-03 0.001460505841178361 0.001659556412407839   
136 1224 1.0974249862122432 462.34466916368126 0.0013252658449970378 1.3339487851116020e-03 0.0014663063054051145 0.0016699097169176934   
137 1233 1.3846727653332165 528.6158415781084 0.0013252658449970378 1.5001354237599567e-03 0.001627706260163302 0.0022698476571826366   
138 1242 1.2846907610136558 500.029444992008 0.0013252658449970378 1.3378443216311108e-03 0.0020899517534958773 0.0029448709270137752   
139 1251 1.1460367397980598 512.368009543635 0.0013252658449970378 1.3373896689594491e-03 0.0017334577842578872 0.0023864079532160717   
140 1260 1.040592816407558 500.71844873932434 0.0013252658449970378 1.3561030931485624e-03 0.0014583015263501054 0.0016341417733828183   
141 1269 0.9681816534499906 507.4641762349332 0.0013213939802506534 1.3213939802506534e-03 0.001424020055748649 0.0014887970302077484   
142 1278 0.8968069845395845 504.55726736462555 0.001308836963715577 1.3088369637155770e-03 0.0014627748741742144 0.0016995208638141697   
143 1287 0.8866249777066515 554.4016234341334 0.001308836963715577 1.3318066263707862e-03 0.0014816055587910113 0.0017926148469172868   
144 1296 1.0031258095357394 555.1954162985921 0.001299577524237041 1.2995775242370410e-03 0.0014200857894972473 0.0017454497179369172   
145 1305 1.0672512153993503 539.6165213725941 0.0012937169162984385 1.2937169162984385e-03 0.0015742323604319604 0.0018064213937963724   
146 1314 0.9929865540551034 560.517181853229 0.0012243241196253378 1.2243241196253378e-03 0.0014308390065129362 0.001674220463956383   
147 1323 0.8586492851126546 607.4453166928664 0.0012243241196253378 1.2793039357792348e-03 0.0013538468263167994 0.00159038309106039   
148 1332 0.8180594848382935 614.9293793805165 0.0012243241196253378 1.2901898763819464e-03 0.001344064628613216 0.0016038492679050094   
149 1341 0.7787356136657728 631.2955259763465 0.0012243241196253378 1.3038275439655731e-03 0.0013345895796576862 0.001436173817415884   
150 1350 0.7179617426830076 614.8277534598739 0.0012243241196253378 1.2916082593231813e-03 0.0013401958338307132 0.001405857491680821   
151 1359 0.7201820504752606 642.7919197721817 0.0012243241196253378 1.2856608282284859e-03 0.0013131519072032216 0.0013897768201685855   
152 1368 0.7743947208220944 622.1074459298782 0.0012243241196253378 1.2991908731878968e-03 0.0013338739408054097 0.0014028535614167795   
153 1377 0.7907776209006724 605.4421401797052 0.0012243241196253378 1.2883266914158892e-03 0.0013224507453369581 0.0013816054757270588   
154 1386 0.6717003417531057 602.3374992522538 0.0012243241196253378 1.2663903991011380e-03 0.001348555506889447 0.0014364845395809763   
155 1395 0.6327290780977963 608.1649374735824 0.0012243241196253378 1.2654007742937798e-03 0.0012812017183902499 0.0013023980998490528   
156 1404 0.5906315387701895 650.9976329411176 0.0012243241196253378 1.2711739106368446e-03 0.0012781389632762889 0.001326670769309779   
157 1413 0.48599686860496866 743.1142148931534 0.0012243241196253378 1.2755594702912099e-03 0.0012786392193556537 0.0013336384115625738   
158 1422 0.4344727503862685 813.2638478603039 0.0012243241196253378 1.2592632356684826e-03 0.0012820984071295503 0.0013079420799108846   
159 1431 0.4251144655129307 888.1667073096748 0.0012243241196253378 1.2644441086606896e-03 0.001277484100051273 0.0013139944998273828   
160 1440 0.41621090687189677 921.787962671244 0.0012243241196253378 1.2624849348381228e-03 0.001267388334237427 0.0012812000403022241   
161 1449 0.4336409682991754 973.6582163779716 0.0012243241196253378 1.2446784247337975e-03 0.0012696812842441579 0.0012885522311963048   
162 1458 0.3882738713056207 985.5704632554233 0.0012243241196253378 1.2536540356637518e-03 0.0012636512236914562 0.0012868339203098646   
163 1467 0.42988141240976724 1028.142905187909 0.0012243241196253378 1.2533196656189416e-03 0.0012722194268815943 0.0013074041027298466   
164 1476 0.38707932329623446 1239.2458820517315 0.0012243241196253378 1.2430864454618822e-03 0.0012709766028254394 0.08675641541359456   
165 1485 0.36823554677658427 1116.218591023682 0.0012243241196253378 1.2446605771273811e-03 0.0012591314991424651 0.0012898416453932444   
166 1494 0.36535560530380967 1139.9447747123336 0.0012243241196253378 1.2412867528601209e-03 0.00126382652006008 0.0012846580007762041   
167 1503 0.33239603168233434 1112.4837604880022 0.0012243241196253378 1.2348334758647175e-03 0.0012517107689468785 0.0012717960086760464   
168 1512 0.3125089598949821 1146.289781598474 0.0012243241196253378 1.2444946465973174e-03 0.0012668680555632098 0.053677415060531156   
169 1521 0.34867993334603714 1098.5787483396048 0.0012243241196253378 1.2406530333577846e-03 0.0012715735848023053 0.00128770287705558   
170 1530 0.35947912526517484 1129.238008690367 0.0012243241196253378 1.2433262279954299e-03 0.001263799256764552 0.0013358201554240137   
171 1539 0.3663230749232777 1086.2549698203263 0.0012243241196253378 1.2458400861073290e-03 0.001283527331372439 0.0017743979100085412   
172 1548 0.38764033768293726 949.126118877437 0.0012243241196253378 1.2526928872275266e-03 0.001267474254630216 0.003318455131584367   
173 1557 0.409523562355568 833.019843995794 0.0012243241196253378 1.2313492685068796e-03 0.0012573547797579319 0.0014508943685175094   
174 1566 0.43362405368428086 774.2645570762829 0.0012243241196253378 1.2418934150175863e-03 0.0012794973630304944 0.0014563566116492532   
175 1575 0.41962245395681746 769.8441209888911 0.0012243241196253378 1.2362092513147982e-03 0.001276392166826265 0.00133125128373328   
176 1584 0.38425772338604297 768.2862436867322 0.0012243241196253378 1.2459449721803682e-03 0.0012915324637248183 0.0013981107374764074   
177 1593 0.3770520044894136 765.1951309729932 0.0012243241196253378 1.2496691487425978e-03 0.0012691680984815688 0.0014450994396321064   
178 1602 0.3661951992054505 664.7551638412633 0.0012243241196253378 1.2425983898355884e-03 0.0012758493144385524 0.0017251092093962923   
179 1611 0.3394254853376521 636.280197431351 0.0012243241196253378 1.2409765613572337e-03 0.0012667073281522226 0.0012878981193443113   
180 1620 0.32815998112967826 635.3841089791248 0.0012243241196253378 1.2455555740410989e-03 0.0012507378526796947 0.0012941669579693367   
181 1629 0.2778954974376475 695.0336466458374 0.0012243241196253378 1.2368515390727692e-03 0.0012481650847692952 0.0012775652935597568   
182 1638 0.26618273115552377 672.2378855597473 0.0012243241196253378 1.2394128918792476e-03 0.0012513422451987301 0.0013139143473425512   
183 1647 0.26956122524369824 644.9798546002049 0.0012243241196253378 1.2348679352289337e-03 0.0012537975591917277 0.0012981900916223255   
184 1656 0.2763265708264599 595.0269613443832 0.0012243241196253378 1.2372455167486544e-03 0.0012458775344421455 0.0012711826549690343   
185 1665 0.29547341767143537 604.8312766330216 0.0012152441707558655 1.2152441707558655e-03 0.0012560656290225268 0.0012871381344509605   
186 1674 0.29701791227026864 605.980868757032 0.0012152441707558655 1.2478300103845922e-03 0.0012548138182258777 0.0013433022057864831   
187 1683 0.3195924216826209 646.9471662605184 0.0012152441707558655 1.2404245067347696e-03 0.001247661724234449 0.0012989723151893883   
188 1692 0.3222954757297217 659.4396656357686 0.0012152441707558655 1.2277434847742538e-03 0.0012480760181773401 0.0012990907721110194   
189 1701 0.3731490103429332 650.1206731565793 0.0012152441707558655 1.2366633090274194e-03 0.0012479588546563248 0.0012613687696487706   
190 1710 0.34049972154416147 659.5343194939121 0.0012152441707558655 1.2509779080073712e-03 0.0012632834616115947 0.0012922297286426737   
191 1719 0.3038622257396506 665.0275554214879 0.0012152441707558655 1.2378128259036003e-03 0.001246319096489841 0.0012549486534975873   
192 1728 0.2612038895798225 708.2071292489962 0.0012152441707558655 1.2391945847912964e-03 0.001245902389247251 0.0012770514953285603   
193 1737 0.23290762797228068 678.20761660768 0.0012152441707558655 1.2416937432098052e-03 0.0012513642889382275 0.0012590110921755402   
194 1746 0.2335526315273172 690.1708328683438 0.0012152441707558655 1.2402568942801210e-03 0.001254349560654738 0.0012795464102255305   
195 1755 0.21373151556474831 665.6130524502287 0.0012152441707558655 1.2444392174612014e-03 0.0012520043338977815 0.0012638959606696997   
196 1764 0.19270454593236783 665.8090865371071 0.0012152441707558655 1.2485633499575201e-03 0.0012526498159897517 0.0012716485287680252   
197 1773 0.1784144346674122 643.7746726544358 0.0012152441707558655 1.2432980316060677e-03 0.0012470365887605618 0.0012620501492278204   
198 1782 0.1787332744577926 644.0947215125885 0.0012152441707558655 1.2436771180555518e-03 0.0012462537976562784 0.0012830089621330872   
199 1791 0.17589797159142145 658.8955189665548 0.0012152441707558655 1.2309791257314072e-03 0.0012447596873421214 0.0012686705963655788   
200 1800 0.17463690458780753 738.0903374718018 0.0012152441707558655 1.2440397758469088e-03 0.001250197413707426 0.0012568828441214702   
201 1809 0.1748214408886523 783.4329039577686 0.0012152441707558655 1.2364804997051851e-03 0.0012500357217378089 0.001256892804049229   
202 1818 0.17468120693369504 803.3241833722018 0.0012152441707558655 1.2446692971407130e-03 0.0012534471298242874 0.0012742654008333098   
203 1827 0.1705695751922933 795.2408996477146 0.0012152441707558655 1.2338104056440261e-03 0.0012486123946021613 0.0012574667323341925   
204 1836 0.1419257186218937 823.7707917429883 0.0012152441707558655 1.2211054629067124e-03 0.0012478930156974704 0.001259995542508681   
205 1845 0.12323963687652598 789.2360190096275 0.0012152441707558655 1.2411636306569709e-03 0.001249349771643563 0.00129052804822672   
206 1854 0.11388401229719256 828.9759212412553 0.0012152441707558655 1.2400658280469297e-03 0.0012437151798666952 0.0012543330408649556   
207 1863 0.11044219538070824 890.4245106579959 0.0012152441707558655 1.2316770296217586e-03 0.0012462741366504626 0.0012958313831169918   
208 1872 0.10123266423549161 866.6022704756928 0.0012152441707558655 1.2454956209935993e-03 0.0012522230543917344 0.001291303325548378   
209 1881 0.09453312609391964 878.769253103442 0.0012152441707558655 1.2370446643008843e-03 0.001245314917746153 0.001253261129267528   
210 1890 0.09892238035615085 887.1457242189796 0.0012152441707558655 1.2420959684427847e-03 0.0012496174608883676 0.0012941278129711513   
211 1899 0.09749100637254746 836.783666874021 0.0012152441707558655 1.2369725208921881e-03 0.0012534520834694596 0.0012567242615144356   
212 1908 0.08038603017043933 867.9900303367058 0.0012152441707558655 1.2338559999582758e-03 0.0012522482448416982 0.0012574957195674104   
213 1917 0.09643142753793411 885.9262450321278 0.0012152441707558655 1.2350729123220519e-03 0.0012453432825616367 0.0012862167248215072   
214 1926 0.10082125713903262 884.3128342822185 0.0012152441707558655 1.2360991536697710e-03 0.0012463662622276426 0.0012552584978879368   
215 1935 0.10054894631822102 1053.067366776497 0.0012152441707558655 1.2420571853748704e-03 0.0012512026056883002 0.001286111158498066   
216 1944 0.09893654811250192 1088.3908040700107 0.0012152441707558655 1.2346748197469527e-03 0.0012478180812455918 0.0012554461526390944   
217 1953 0.0898944905797929 1151.9002334021145 0.0012152441707558655 1.2382039386108789e-03 0.0012481196831961986 0.0014425462716542176   
218 1962 0.08866169882299124 1141.9966557055393 0.0012152441707558655 1.2399748849728754e-03 0.0012429593533288892 0.0012536792648474395   
219 1971 0.0875779706456622 1264.8035588320156 0.0012152441707558655 1.2393221849129931e-03 0.0012501466727211571 0.0012587570303062563   
220 1980 0.09227584038066282 1156.2235697335673 0.0012152441707558655 1.2355728324870124e-03 0.0012457648201730951 0.0012534723965526705   
221 1989 0.1078302894229072 1012.8818587351052 0.0012152441707558655 1.2258274961156588e-03 0.001250412982916786 0.001265876762690286   
222 1998 0.12028950022761822 895.519605743067 0.0012152441707558655 1.2446793951365232e-03 0.0012506502444771027 0.0012618799438275526   
223 2007 0.12273146277405055 871.0809549428081 0.0012152441707558655 1.2385116028840945e-03 0.0012458207673527646 0.001254900722552834   
224 2016 0.1332569785306963 776.4402521713611 0.0012152441707558655 1.2404437293405733e-03 0.0012506625167011695 0.001253123490506776   
225 2025 0.1386739092061469 810.7364440270745 0.0012152441707558655 1.2369874063137022e-03 0.0012431934011730757 0.0012727196528182782   
226 2034 0.12810379198222058 767.0922545698786 0.0012152441707558655 1.2381900394005942e-03 0.001243042834255315 0.001250882765342002   
227 2043 0.12321092646809462 769.6739842618124 0.0012152441707558655 1.2438032929102017e-03 0.001249096877821103 0.0012573572644857909   
228 2052 0.12363824910953587 767.7674196606797 0.0012152441707558655 1.2444484993371849e-03 0.0012516301460044265 0.0012810628340629777   
229 2061 0.12418251627332041 767.8699202225476 0.0012152441707558655 1.2315877692194986e-03 0.0012419272832355811 0.0012518225579005561   
230 2070 0.11881905679565737 734.4995232952385 0.0012152441707558655 1.2396419867771176e-03 0.0012445592183406213 0.1599920742434341   
231 2079 0.11200700658502279 729.8264183391559 0.0012152441707558655 1.2366587699789327e-03 0.0012519068519254938 0.0012586376390375724   
232 2088 0.10603882363304469 767.7771698317707 0.0012152441707558655 1.2288276526067007e-03 0.0012474099172573448 0.0012506500063827791   
233 2097 0.10671450683389477 715.7095698240287 0.0012152441707558655 1.2256710501218459e-03 0.001243106572245827 0.0012525383675726014   
234 2106 0.10822476718334156 672.3612640051552 0.0012152441707558655 1.2231708953571651e-03 0.0012420661291562937 0.0012537710196872322   
235 2115 0.09830882208398987 679.4403622197987 0.0012152441707558655 1.2406381128752533e-03 0.0012466295953830991 0.0012625133270835413   
236 2124 0.08331211297687066 678.2040120872587 0.0012152441707558655 1.2189150446833552e-03 0.0012501750443877615 0.001281893992688866   
237 2133 0.08381488139634165 660.4389067783898 0.0012152441707558655 1.2322612617530306e-03 0.0012463715476004962 0.0012942781054928998   
238 2142 0.08612060053046561 642.5780892215985 0.0012152441707558655 1.2379144864592235e-03 0.001248000804570013 0.0012691504555435223   
239 2151 0.08645517204118647 657.0876492887662 0.0012152441707558655 1.2354825954032159e-03 0.0012501530892521753 0.0012650777022515107   
240 2160 0.07449795968420062 661.6408108732935 0.0012152441707558655 1.2417380043669435e-03 0.001244565168315834 0.001260780549162636   
241 2169 0.06985506804059761 682.1575698020627 0.0012152441707558655 1.2437409034691291e-03 0.001255278427837306 0.0012603826048683707   
242 2178 0.07841132541574071 645.7744193801867 0.0012152441707558655 1.2364389833758721e-03 0.0012495808016974538 0.0012693233214776689   
243 2187 0.08636196726567807 691.9812813687666 0.0012152441707558655 1.2357313707479492e-03 0.0012417428585656972 0.0012547912170399783   
244 2196 0.09579601391337202 686.0253485096216 0.0012152441707558655 1.2309359757931458e-03 0.0012467080470710454 0.001264849086034827   
245 2205 0.08961730252545333 664.5145498492033 0.0012152441707558655 1.2428387932029556e-03 0.001252118439812822 0.001256796877643916   
246 2214 0.10405922747989238 694.5933890703324 0.0012152441707558655 1.2382842505474655e-03 0.001254768869900314 0.0013069413104542429   
247 2223 0.10346607604241857 700.7431558283149 0.0012152441707558655 1.2327352581349219e-03 0.0012467895772414282 0.0012588079535785198   
248 2232 0.1015486206506137 712.850256070842 0.0012152441707558655 1.2351590774621599e-03 0.0012449029847241338 0.001322759749599751   
249 2241 0.10353366993637939 771.3026453411011 0.0012152441707558655 1.2322798873865585e-03 0.001247635472206797 0.00126099371810652   
250 2250 0.10271183444876673 693.7273951143939 0.0012152441707558655 1.2380939903752113e-03 0.001245186609730761 0.0012528043295382614   
251 2259 0.10779501855060307 700.0830400851119 0.0012152441707558655 1.2435487773391450e-03 0.001251240390766085 0.0013186039282404587   
252 2268 0.11586702027333731 709.6203146855811 0.0012152441707558655 1.2391573150398777e-03 0.0012510068214393964 0.0013764497097685027   
253 2277 0.10839971290413085 750.9286639696033 0.0012152441707558655 1.2355263461726218e-03 0.0012436072020914901 0.001254411048565599   
254 2286 0.10613826879801687 843.5432108357096 0.0012152441707558655 1.2332260013599866e-03 0.0012436225911955927 0.0012582275973058638   
255 2295 0.09322569920425951 799.8957346622561 0.0012152441707558655 1.2406339600922174e-03 0.0012492945799300295 0.0012714605872977194   
256 2304 0.08348787058666768 740.3764909859439 0.0012152441707558655 1.2229523169835247e-03 0.001248709720706119 0.0012638097333483992   
257 2313 0.08253177249228456 794.1625290806239 0.0012152441707558655 1.2396710838422026e-03 0.0012500321681884609 0.0012568610716108411   
258 2322 0.08144562575963284 768.3110077277904 0.0012152441707558655 1.2336045669458725e-03 0.0012460063953837245 0.0012552699291154086   
259 2331 0.07943133761198991 747.2918529734935 0.0012152441707558655 1.2399909556428611e-03 0.0012463570663905224 0.0012815323410265843   
260 2340 0.07608051973126954 754.572429732828 0.0012152441707558655 1.2410237820895034e-03 0.0012477112880594325 0.0012597563270674884   
261 2349 0.07486600822825491 706.910302578463 0.0012152441707558655 1.2305051802493283e-03 0.0012449485181286752 0.0012639189100392147   
262 2358 0.07302033062156187 686.2001655677111 0.0012152441707558655 1.2355659756490595e-03 0.0012475212712020223 0.0012554382286192405   
263 2367 0.08697072731372558 711.864585482032 0.0012152441707558655 1.2221070464800603e-03 0.0012492160472942467 0.001272018730220845   
264 2376 0.0855268301343796 795.5693388265587 0.0012152441707558655 1.2369433128803925e-03 0.0012469400077033915 0.0012698491470017267   
265 2385 0.0876534686235022 850.3104929484972 0.0012152441707558655 1.2326228372873430e-03 0.0012473478075485521 0.0012653621405633196   
266 2394 0.0917522786375207 818.9227287245149 0.0012152441707558655 1.2389112853019651e-03 0.0012515334362317703 0.0012693260320944238   
267 2403 0.0788131123289939 824.8761133939814 0.0012152441707558655 1.2321626194472652e-03 0.0012460387278907191 0.0012568231511333153   
268 2412 0.08034218505644161 817.702203005121 0.0012152441707558655 1.2374434596141308e-03 0.0012577054010700513 0.0012638393017080718   
269 2421 0.08711040641546147 854.9331097903299 0.0012152441707558655 1.2373758120812551e-03 0.0012506785757984194 0.001281904518120719   
270 2430 0.08206394138701988 995.1190962523257 0.0012152441707558655 1.2498518046640430e-03 0.001251774658251015 0.0012541689517197355   
271 2439 0.0772629117644066 1034.9457945091604 0.0012152441707558655 1.2420125556044119e-03 0.0012508621152924023 0.001266840888262556   
272 2448 0.06601763039520364 1083.7488926240076 0.0012152441707558655 1.2243838105174712e-03 0.0012462536832433045 0.0014059880817806287   
273 2457 0.06619797939630595 1091.5525148771158 0.0012152441707558655 1.2338414836330445e-03 0.0012496236484144656 0.0012580592728548708   
274 2466 0.0595207453170566 977.6407167205374 0.0012152441707558655 1.2321344594049604e-03 0.0012468374245991334 0.0012597612869481578   
275 2475 0.06042492767227965 861.1631821010332 0.0012152441707558655 1.2346797746493659e-03 0.0012465895832467965 0.0012764584004901123   
276 2484 0.05748977903207207 870.7525070342909 0.0012152441707558655 1.2305506962395295e-03 0.001246299382650978 0.001260689394143573   
277 2493 0.05193361653494837 882.8315143509806 0.0012152441707558655 1.2421638822614121e-03 0.00125082403690349 0.0012723006563971117   
278 2502 0.05485828465301515 913.5538943380292 0.0012152441707558655 1.2351659021502899e-03 0.0012474133031625313 0.0012577752254109159   
279 2511 0.04558183209776457 988.7599511441259 0.0012152441707558655 1.2489647109701625e-03 0.0012517042030673522 0.0012590359687845425   
280 2520 0.037874496164960025 1054.4926154856269 0.0012152441707558655 1.2365644433406299e-03 0.0012443020849309309 0.0012640177702583572   
281 2529 0.04126001571184155 1107.0832409424495 0.0012152441707558655 1.2386333038949511e-03 0.0012477245553956153 0.001262288897060139   
282 2538 0.0377351746893121 1194.533151401522 0.0012152441707558655 1.2292019319765277e-03 0.0012502033284620285 0.0012648789506591925   
283 2547 0.042070392459680785 1188.4146270195358 0.0012152441707558655 1.2298862602485637e-03 0.0012480607780269199 0.0012635197452256933   
284 2556 0.0396984668940387 1303.8472396002844 0.0012027846828684904 1.2027846828684904e-03 0.0012526058933240176 0.0012765449322698652   
285 2565 0.03952769063048013 1320.0237622258228 0.0012027846828684904 1.2361815931114589e-03 0.001243885995570967 0.001252219409463966   
286 2574 0.03896634261708216 1419.5635217192169 0.0012027846828684904 1.2304191929618138e-03 0.001245986139094703 0.0012585100106496396   
287 2583 0.03704986223611295 1450.9851421637213 0.0012027846828684904 1.2235595953717685e-03 0.0012441004232592186 0.0012689202394366417   
288 2592 0.03618138472015654 1560.254849671006 0.0012027846828684904 1.2372987379523619e-03 0.001248651498271205 0.0012603944346088955   
289 2601 0.03566310599404812 1662.6786845604588 0.0012027846828684904 1.2400732762966327e-03 0.0012520367926158774 0.0012646833714695005   
290 2610 0.036396245604401155 1501.3766776209732 0.0012027846828684904 1.2397654963738046e-03 0.0012491449724666781 0.0013002477821815184   
291 2619 0.036458084194724405 1457.9951214579971 0.0012027846828684904 1.2389963141774365e-03 0.0012475486475544695 0.0012544703808050194   
292 2628 0.03578693700768129 1526.7751458403486 0.0012027846828684904 1.2326398173611755e-03 0.0012482648932998315 0.0012574406026785376   
293 2637 0.03716180219859292 1471.9758183012832 0.0012027846828684904 1.2364870255781226e-03 0.0012456252637359083 0.001256453236109421   
294 2646 0.034298071175683426 1621.6967457182263 0.0012027846828684904 1.2403505414530628e-03 0.0012527710009291363 0.0012756932399494323   
295 2655 0.03184011758283333 1660.1354167619477 0.0012027846828684904 1.2421952591119975e-03 0.0012476214820639456 0.0012628384090074005   
296 2664 0.0343158489209302 1495.578651586608 0.0012027846828684904 1.2394660308013691e-03 0.001252573614879919 0.0012664302919014533   
297 2673 0.03558724792805818 1654.2933862066752 0.0012027846828684904 1.2390261977754382e-03 0.0012487736517892427 0.0012695850715258947   
298 2682 0.0360671395309175 1635.3331749650233 0.0012027846828684904 1.2427963786944729e-03 0.0012477225869940668 0.001260039738865713   
299 2691 0.042365196779833844 1698.6352204370887 0.0012027846828684904 1.2420615071249909e-03 0.001245339292251379 0.0012573376891817085   
300 2700 0.04203450734568364 1842.3001829937577 0.0012027846828684904 1.2350504857254639e-03 0.001244766386824676 0.0012898611945377637   
301 2709 0.037113193172593865 1808.1178873364952 0.0012027846828684904 1.2438469467237630e-03 0.0012552016060487037 0.0012650132401870761   
302 2718 0.035883990298380714 1831.5870830089639 0.0012027846828684904 1.2396872999996256e-03 0.001248702970795123 0.0012596478852152943   
303 2727 0.03428932957275561 1900.7448225827557 0.0012027846828684904 1.2283575025884758e-03 0.001250454499288043 0.0014123889670115217   
304 2736 0.0344049170227345 2016.7678114217863 0.0012027846828684904 1.2432508068251644e-03 0.0012512193780662467 0.0012628635016511142   
305 2745 0.036359170592507165 2023.83118198721 0.0012027846828684904 1.2298249310258350e-03 0.0012505271989147085 0.001389034613217868   
306 2754 0.02944310910019327 2131.126047858047 0.0012027846828684904 1.2375336954466316e-03 0.0012471376724934025 0.0012571007388681252   
307 2763 0.028907438387747137 2016.1125617591697 0.0012027846828684904 1.2336400922958377e-03 0.001245368625753889 0.0012624500293275777   
308 2772 0.026998071482758908 2106.9623500352327 0.0012027846828684904 1.2320956057964105e-03 0.0012482367669427279 0.001255626737758218   
309 2781 0.02658093419637747 2074.612100807714 0.0012027846828684904 1.2420147954894090e-03 0.001252094540204997 0.0012984121289088826   
310 2790 0.029557272219738997 2198.584626221684 0.0012027846828684904 1.2421932295112301e-03 0.001244348889672962 0.001251161140347189   
311 2799 0.03433838007182994 2338.20404018567 0.0012027846828684904 1.2357488836233868e-03 0.0012489620925884809 0.0012564460197534118   
312 2808 0.03519272542460615 2594.201641715388 0.0012027846828684904 1.2321300563260167e-03 0.0012491043381002123 0.0012570427338771339   
313 2817 0.0326622442046721 2859.927133787545 0.0012027846828684904 1.2336361225369456e-03 0.001248481455098148 0.0013003807636170351   
314 2826 0.03273921874851385 2842.1694995142175 0.0012027846828684904 1.2243167676834292e-03 0.0012500126268948672 0.001294956601420595   
315 2835 0.03267561296865959 2852.0903964466975 0.0012027846828684904 1.2379667968631586e-03 0.0012479083456660642 0.0012860295002091076   
316 2844 0.031207410240211737 2834.3138569821313 0.0012027846828684904 1.2382121470039926e-03 0.0012458291349291854 0.0013062324984048923   
317 2853 0.03352254011749864 3099.3399424799272 0.0012027846828684904 1.2390007598030133e-03 0.0012451131308055855 0.0012563746751749736   
318 2862 0.03507006765345458 3018.667827941713 0.0012027846828684904 1.2399619607304751e-03 0.0012510568343272821 0.0012561964998264105   
319 2871 0.03485389349888634 2848.5449844783216 0.0012027846828684904 1.2397043658812026e-03 0.0012473907247979772 0.0012595920126221923   
320 2880 0.03516961594609625 2865.716786325975 0.0012027846828684904 1.2385750785111299e-03 0.0012490887912672412 0.001254774805082347   
321 2889 0.03087143412049774 3004.9133192869167 0.0012027846828684904 1.2388126295698686e-03 0.001248337937136355 0.001267505744750646   
322 2898 0.028115980429713153 2959.683212261504 0.0012027846828684904 1.2300839074529781e-03 0.001242387382712351 0.0012522400405277907   
323 2907 0.02563312935740449 2775.7461399457843 0.0012027846828684904 1.2372151705354445e-03 0.0012526371291153168 0.001260352603187429   
324 2916 0.025474140790908886 2564.4149881309445 0.0012027846828684904 1.2264934222821940e-03 0.001243032869044486 0.0012551469783895013   
325 2925 0.02576560113261129 2396.6059369712407 0.0012027846828684904 1.2399812300642903e-03 0.0012451988471926913 0.0012510020507584436   
326 2934 0.02857184649973046 2490.3380834681766 0.0012027846828684904 1.2364903167054490e-03 0.0012503697205667014 0.0012673447333576074   
327 2943 0.03000545604538962 2469.784687850294 0.0012004669064430316 1.2004669064430316e-03 0.0012485032499029223 0.0012626401282888496   
328 2952 0.029869015152303408 2795.1238797358055 0.0012004669064430316 1.2356568862198262e-03 0.0012529629365352827 0.0012719853708386502   
329 2961 0.030762894719996943 2846.7502811291074 0.0012004669064430316 1.2366584192032492e-03 0.0012462744717521173 0.0012631853769978663   
330 2970 0.02874315521586064 2955.7587445610484 0.0012004669064430316 1.2447152417303787e-03 0.001253885607937209 0.0012690280952511322   
331 2979 0.02519185931656298 2924.7376781590533 0.0012004669064430316 1.2341490174186428e-03 0.0012473689823553863 0.001259679898909633   
332 2988 0.026739475780601176 2711.366674274129 0.0012004669064430316 1.2360439693422974e-03 0.0012442287775447244 0.0012587020684031447   
333 2997 0.025917241585152715 2669.072842576924 0.0012004121197098881 1.2004121197098881e-03 0.0012476284226040281 0.001262937018353648   
334 3006 0.024905774331383693 2570.708322498152 0.0012004121197098881 1.2342017675553082e-03 0.0012427982631164807 0.001249117603397514   
335 3015 0.028110007555715265 2487.648563391325 0.0012004121197098881 1.2366400021278736e-03 0.0012460724733125907 0.001263057004752154   
336 3024 0.02934562977530141 2901.026615486469 0.0012004121197098881 1.2385114215561080e-03 0.001246044495020898 0.0012819280027200498   
337 3033 0.026906214144876064 3004.235434283192 0.0012004121197098881 1.2361887627876235e-03 0.0012416149257261867 0.0012503183434731384   
338 3042 0.02692525832481512 2926.987654093875 0.0012004121197098881 1.2380932391770417e-03 0.0012402160975663978 0.0012586996284593868   
339 3051 0.02356725079919082 2781.8419098320046 0.0012004121197098881 1.2425715170021911e-03 0.0012494950992920206 0.001258175658888726   
340 3060 0.02591977514976718 2721.986907457468 0.0012004121197098881 1.2423351699506540e-03 0.0012517474049898677 0.0012654834728367849   
341 3069 0.025345342644647762 2920.344133563141 0.0012004121197098881 1.2352961003816321e-03 0.0012505995479339413 0.0013573769757972468   
342 3078 0.025050654253173255 2869.9487217953297 0.0012004121197098881 1.2354140086510905e-03 0.0012468578418838843 0.0012607500053849884   
343 3087 0.022313708975226637 3160.2550953663686 0.0012004121197098881 1.2362500605200967e-03 0.0012466645231683907 0.0012566628962997252   
344 3096 0.021043754565558247 2967.645982841804 0.0012004121197098881 1.2319838046349258e-03 0.0012472557196244825 0.0012551941484058224   
345 3105 0.02186913503665894 3206.0719784553507 0.0012004121197098881 1.2376934773165576e-03 0.0012460265290702467 0.0012581619047883981   
346 3114 0.021535676323528038 3647.712599058551 0.0012004121197098881 1.2409737210096507e-03 0.0012478799352852988 0.0012645434000099483   
347 3123 0.02382457087809031 3858.3567806958404 0.0012004121197098881 1.2284669562612942e-03 0.0012443756381922185 0.0013176830054010425   
348 3132 0.026542341712195484 3813.9131983347397 0.0012004121197098881 1.2408586192325581e-03 0.001253146158416893 0.0012679170263834164   
349 3141 0.02904627805781579 3953.9632800270992 0.0012004121197098881 1.2407121512549293e-03 0.0012502252615434026 0.0012548408092668373   
350 3150 0.02827192388203487 4380.3101298064985 0.0012004121197098881 1.2372223238265360e-03 0.0012499686542399627 0.0012591231077075707   
351 3159 0.030678583007278444 4373.890857093278 0.0012004121197098881 1.2377647917262173e-03 0.001249405420922303 0.0012589414687121697   
352 3168 0.027941405416952534 4132.265068791272 0.0012004121197098881 1.2385347522639741e-03 0.0012524943672392827 0.0012662685957060397   
353 3177 0.02660459747225224 4244.579527070652 0.0012004121197098881 1.2259408474330300e-03 0.00125104084414173 0.0012627057384071978   
354 3186 0.027297415041404195 4068.695835168988 0.0012004121197098881 1.2410356714192359e-03 0.0012445711463811761 0.0012608428738880135   
355 3195 0.02622959541210647 4347.623648483419 0.0012004121197098881 1.2446714690307254e-03 0.0012529273337605392 0.0012675420719583485   
356 3204 0.02394949057641262 4596.294855372763 0.0012004121197098881 1.2416132271548595e-03 0.0012487736057775925 0.001265187140937219   
357 3213 0.026498023800301685 4445.8882498475805 0.0012004121197098881 1.2395077638926956e-03 0.0012477907284903769 0.0012713311012244879   
358 3222 0.026495763625908553 4918.305099849815 0.0012004121197098881 1.2344625630862265e-03 0.0012476011085194685 0.0012719422197524375   
359 3231 0.02569556104964108 5262.50263325063 0.0012004121197098881 1.2347598812279138e-03 0.0012452857184518744 0.00126430391806401   
360 3240 0.02503584755743509 5036.119239272125 0.0012004121197098881 1.2320012378888279e-03 0.0012478285238905749 0.0012576911808640052   
361 3249 0.022838846132740582 5025.5682485189745 0.0012004121197098881 1.2408816145429501e-03 0.0012465071988516895 0.0012701140586043884   
362 3258 0.02644915708778798 5040.527684132096 0.0012004121197098881 1.2224732884784347e-03 0.0012419925549643621 0.0012519304334475258   
363 3267 0.03297397723832788 4875.037409290328 0.0012004121197098881 1.2382478901969583e-03 0.0012463358489601091 0.0012742167297803712   
364 3276 0.03507236431379894 5051.673977502233 0.0012004121197098881 1.2383749441623121e-03 0.0012476831027109826 0.0012594310232077175   
365 3285 0.0335891125483773 5351.929699077229 0.0012004121197098881 1.2404832069478192e-03 0.0012518043547818615 0.0012602311909604754   
366 3294 0.03624244411909871 6036.500023733259 0.0012004121197098881 1.2401140040728446e-03 0.0012537674492748081 0.001264258168031342   
367 3303 0.04273068273298586 7001.86026888402 0.0012004121197098881 1.2359484733599642e-03 0.0012494461976947397 0.0012619844669206045   
368 3312 0.04479065408627107 6887.985439107636 0.0012004121197098881 1.2344999104601834e-03 0.0012415960036105133 0.0012686339444507341   
369 3321 0.048602084858593166 7213.383288488671 0.0012004121197098881 1.2314347116634753e-03 0.0012467839212495075 0.0012584502531944107   
370 3330 0.05132937225405362 7776.292903250199 0.0012004121197098881 1.2263449784826646e-03 0.0012482837011763494 0.001261824522185052   
371 3339 0.048338690474078315 8715.393375083275 0.0012004121197098881 1.2200369167549409e-03 0.0012447573354490626 0.0012593330673650485   
372 3348 0.05280023485268629 8228.172271343812 0.0012004121197098881 1.2362187229138953e-03 0.0012436695316426953 0.0012533156121659573   
373 3357 0.052214262689515026 7654.230356060554 0.0012004121197098881 1.2386342839578817e-03 0.0012446652191871565 0.001259042485553581   
374 3366 0.04711863780142915 7748.710563961917 0.0012004121197098881 1.2423842181395637e-03 0.0012502302911093321 0.0012620093262046895   
375 3375 0.046790486891726144 7522.156112165843 0.0012004121197098881 1.2451757531504581e-03 0.0012489200597581305 0.0012584656217443627   
376 3384 0.03927521412354515 7026.316560100099 0.0012004121197098881 1.2373397947167419e-03 0.0012588180449456142 0.0012918591896871495   
377 3393 0.037665018162723427 7095.6749683024145 0.0012004121197098881 1.2373556989183864e-03 0.0012489507309524372 0.0012584419104049204   
378 3402 0.03722262887517072 6511.4972971587995 0.0012004121197098881 1.2405041267447665e-03 0.0012478824258890528 0.0012597659638616794   
379 3411 0.03301918834622881 6775.814744701209 0.0012004121197098881 1.2418196316867365e-03 0.0012498846116107691 0.0012591558993124887   
380 3420 0.03322483853528406 6960.960997033524 0.0012004121197098881 1.2329705733967137e-03 0.0012523455227106397 0.0012628567247699113   
381 3429 0.03356859725870143 7660.849623901941 0.0012004121197098881 1.2261745731237199e-03 0.0012376769273834453 0.001290960311408882   
382 3438 0.03383805880299247 7326.3484497877935 0.0012004121197098881 1.2354365030939778e-03 0.0012429070741231084 0.0012594599461456706   
383 3447 0.04034284981611639 7433.469490859504 0.0012004121197098881 1.2318675966832382e-03 0.0012420802619251437 0.0012564762635092336   
384 3456 0.05481694956795929 7102.402453966776 0.0012004121197098881 1.2348035938083671e-03 0.001246438586234304 0.001267315190482468   
385 3465 0.07016976398121808 6791.240083451197 0.0012004121197098881 1.2192149452411572e-03 0.0012440166071891515 0.0012502309089293569   
386 3474 0.07991861161554362 6538.889465452733 0.0012004121197098881 1.2319330017066961e-03 0.0012414543529692258 0.001262702845269693   
387 3483 0.0746899294745377 6378.834463128563 0.0012004121197098881 1.2410576078936519e-03 0.0012488145130320366 0.0012708190414432562   
388 3492 0.07893717109757369 6593.821564410485 0.0012004121197098881 1.2390506211204535e-03 0.0012463973732232255 0.0012695824037810663   
389 3501 0.08047103802132143 6233.221332914342 0.0012004121197098881 1.2400019942891119e-03 0.0012490216067709745 0.0012612651732093372   
390 3510 0.08366704660350269 6187.383235644536 0.0012004121197098881 1.2423360737596225e-03 0.0012531459873327297 0.0012827394633886597   
391 3519 0.074387811639692 6281.5334435671575 0.0012004121197098881 1.2369691021006468e-03 0.00124425297721345 0.0012612684653780246   
392 3528 0.07354453623308453 6345.993830110562 0.0012004121197098881 1.2030115519081365e-03 0.0012454179021877962 0.0012549252971768752   
393 3537 0.07956059789406983 6575.144860304457 0.0012004121197098881 1.2419596029263843e-03 0.001246472516024745 0.0012589412832748198   
394 3546 0.07961304394634983 7160.938150756887 0.0012004121197098881 1.2422193460767885e-03 0.0012515856452014803 0.0012610540298180744   
395 3555 0.0846864409543257 6768.657541077221 0.0012004121197098881 1.2435353628046078e-03 0.0012457134984759693 0.0012742601645697334   
396 3564 0.10066068126802674 6671.925732220669 0.0012004121197098881 1.2339317583259484e-03 0.0012458145854031826 0.0012576614990296542   
397 3573 0.09694695484055571 7536.792312204407 0.0012004121197098881 1.2415923134143406e-03 0.001247520442449324 0.0012655557188218961   
398 3582 0.09842475733411744 7931.446958435149 0.0012004121197098881 1.2357335180876203e-03 0.0012507735412637911 0.001265196100689048   
399 3591 0.09394148706294254 8349.87518031239 0.0012004121197098881 1.2184132255075647e-03 0.0012485430994670444 0.0012574990309649646   
400 3600 0.09364409792595192 8266.55028530524 0.0012004121197098881 1.2386999257870681e-03 0.0012459395448417424 0.0012593822126028714   
401 3609 0.09283382613053892 8097.379547137323 0.0012004121197098881 1.2380766469208054e-03 0.0012454120525522217 0.0012637195613378264   
402 3618 0.07608212577015024 7619.458777654574 0.0012004121197098881 1.2362273880177049e-03 0.0012437223413933362 0.001264028403735705   
403 3627 0.06702519976009902 7476.934183252947 0.0012004121197098881 1.2397559931926600e-03 0.001247450839691838 0.0012527554229306809   
404 3636 0.06810587278754804 7075.237617544667 0.0012004121197098881 1.2375323305575487e-03 0.0012481006744650158 0.0012707771438052132   
405 3645 0.06623944274634745 7605.563484774218 0.0012004121197098881 1.2342283577647217e-03 0.0012467358116865779 0.0012513237296765713   
406 3654 0.06452223590486492 8278.336426284743 0.0012004121197098881 1.2392049743213764e-03 0.0012482012940629172 0.0012621732698226036   
407 3663 0.06738631084608773 8290.15258809271 0.0012004121197098881 1.2298931960055080e-03 0.0012503209645382254 0.0012867581185449233   
408 3672 0.07689734786279018 7975.084799959127 0.0012004121197098881 1.2371342514506621e-03 0.0012433197089804786 0.0012551732157200584   
409 3681 0.0830250607148496 8833.13367192059 0.0012004121197098881 1.2391195291728378e-03 0.0012489580324124509 0.0012603354201988488   
410 3690 0.08842282076111335 7741.351963585747 0.0012004121197098881 1.2309012094779258e-03 0.0012395393570482016 0.0012649893143659293   
411 3699 0.08883128473710011 7792.039709130792 0.0012004121197098881 1.2334554675639618e-03 0.0012487610710683584 0.00128009911350921   
412 3708 0.09124066590348227 8031.921065981757 0.0012004121197098881 1.2348114633401520e-03 0.0012445425272225555 0.0012508462826067745   
413 3717 0.08494494609410219 7730.989218117561 0.0012004121197098881 1.2320547033505200e-03 0.001246352310164195 0.0012694661296165307   
414 3726 0.08291794420701448 7740.743821845808 0.0012004121197098881 1.2315416780875753e-03 0.0012474485007983112 0.0013045658478229648   
415 3735 0.0842332961515808 7479.226232938491 0.0012004121197098881 1.2379935719131737e-03 0.001246112427092578 0.0012584411331841659   
416 3744 0.08601758558948466 7280.249522604619 0.0012004121197098881 1.2399240846070192e-03 0.0012486097708370018 0.0012539877750794744   
417 3753 0.09134444458358866 7646.694043162831 0.0012004121197098881 1.2294715181679790e-03 0.001245431406682479 0.0012508077843511665   
418 3762 0.09094731716087918 6979.794696506995 0.0012004121197098881 1.2394687310878067e-03 0.0012464928976851208 0.0012654847171514431   
419 3771 0.08986151949267898 7411.656818926489 0.0012004121197098881 1.2377201071489957e-03 0.001248098234255667 0.001263470131322933   
420 3780 0.07651156237345072 7510.223312018044 0.0012004121197098881 1.2429883935846414e-03 0.0012520178378580319 0.0012628108315842226   
421 3789 0.07878847788030494 7701.131557964782 0.0012004121197098881 1.2313344181446543e-03 0.0012441204105962892 0.0012501510367392459   
422 3798 0.07836881101684362 9587.072299101384 0.0012004121197098881 1.2458842884546415e-03 0.0012532784788633362 0.001272800081402931   
423 3807 0.07956840112151314 9827.510237036171 0.0012004121197098881 1.2188659506600736e-03 0.00124912549563771 0.0012791556509912753   
424 3816 0.07308008700039335 10315.507861827029 0.0012004121197098881 1.2265254638517474e-03 0.00124614121234992 0.0012544481044835904   
425 3825 0.06646662909410606 10584.732529610379 0.0012004121197098881 1.2354963794407145e-03 0.0012464049092714318 0.001262809940088921   
426 3834 0.06065505566392442 11457.099741940128 0.0012004121197098881 1.2434303157542207e-03 0.0012508766413648522 0.0012601524703415696   
427 3843 0.05211004100708036 11757.915054176028 0.0012004121197098881 1.2406001930484259e-03 0.0012469556347478356 0.0012677711311600006   
428 3852 0.05147150996148917 11591.143849566623 0.0012004121197098881 1.2275891293895998e-03 0.0012415690188829448 0.0012620896966394175   
429 3861 0.0507927106179922 11937.80934355745 0.0012004121197098881 1.2358122824992902e-03 0.0012470019447202666 0.001280014398140052   
430 3870 0.04828380025587704 13028.279517121247 0.0012004121197098881 1.2411223895405846e-03 0.001253179481831188 0.001266685887528524   
431 3879 0.04863542047502549 13660.2667195721 0.0012004121197098881 1.2302683282374312e-03 0.0012439550803642733 0.001250178025878957   
432 3888 0.056067409958151924 13062.4920769446 0.0012004121197098881 1.2345046054066844e-03 0.0012436682444498426 0.0012623350797838517   
433 3897 0.0658979436184516 12133.519711288174 0.0012004121197098881 1.2295147383946737e-03 0.0012460988984826353 0.001255455691181468   
434 3906 0.07592115841317616 11752.51870478949 0.0012004121197098881 1.2408501356461115e-03 0.001248076750495234 0.0012584900072100224   
435 3915 0.06733540776968384 11840.915305601096 0.0012004121197098881 1.2353745334839172e-03 0.0012485935314231558 0.0012656963828875378   
436 3924 0.0668223449884112 10774.588518686705 0.0012004121197098881 1.2454244401538740e-03 0.0012480619661960732 0.0012552782007584167   
437 3933 0.0649525152557433 11792.586918792773 0.0012004121197098881 1.2346281746140116e-03 0.0012513995639350252 0.0012834606667688523   
438 3942 0.06285449221199504 12227.549554005407 0.0012004121197098881 1.2292584122223331e-03 0.001245403035303063 0.0012559355022645387   
439 3951 0.06523274752616275 12621.46207181319 0.0012004121197098881 1.2360757921736527e-03 0.0012558053193877476 0.001271791492479397   
440 3960 0.0673612368780626 12071.739445939682 0.0012004121197098881 1.2265347536341360e-03 0.0012498829434725953 0.0012696600651121244   
441 3969 0.07703685314400804 13134.874867401939 0.0012004121197098881 1.2361423752183720e-03 0.001248304596593848 0.001259469768551857   
442 3978 0.07818337688778212 12522.149325671813 0.0012004121197098881 1.2361351938197484e-03 0.0012467098591272653 0.001332992882504657   
443 3987 0.07783954372413486 14994.058067319122 0.0012004121197098881 1.2355916501090528e-03 0.001241990920008863 0.0012634720139421472   
444 3996 0.07029920825475479 14370.512007673518 0.0012004121197098881 1.2372172577925582e-03 0.001241891458948176 0.0012723328026732694   
445 4005 0.06732440170787143 14574.22535446285 0.0012004121197098881 1.2374573544272438e-03 0.0012433138637042616 0.0012596211760664854   
446 4014 0.06349842400234876 13913.973044111608 0.0012004121197098881 1.2320884854289320e-03 0.0012518044329016095 0.001260927480474976   
447 4023 0.0721957561830911 14494.605284172096 0.0012004121197098881 1.2319614137494368e-03 0.0012543790274146184 0.1649141230284181   
448 4032 0.0654459230920441 15604.186697962692 0.0012004121197098881 1.2336452529880405e-03 0.0012450529446646934 0.0012852083411823176   
449 4041 0.05805806071462254 16221.52655931696 0.0012004121197098881 1.2402020095594107e-03 0.001251298933128033 0.001261743591971805   
450 4050 0.05926913184164327 18149.611370640287 0.0012004121197098881 1.2407830809297482e-03 0.0012516510145892988 0.0013271347002088035   
451 4059 0.06404911733669831 18987.70949082162 0.0012004121197098881 1.2365257613321328e-03 0.0012503155199858952 0.001258244031850226   
452 4068 0.05752343111730401 18404.67499790051 0.0012004121197098881 1.2328869509720471e-03 0.0012530301597837266 0.0012868870371006548   
453 4077 0.05150748985339435 18338.720010821602 0.0012004121197098881 1.2414883721042537e-03 0.001253361234254628 0.0012563427246831177   
454 4086 0.05409089611537946 19831.885291356793 0.0012004121197098881 1.2418477211818665e-03 0.0012500181309533852 0.0012919554331050128   
455 4095 0.05601832828360234 19160.554252799375 0.0012004121197098881 1.2369182410709259e-03 0.0012443610638383515 0.0012643353072620623   
456 4104 0.05982248310207874 18958.013609432674 0.0012004121197098881 1.2366238106527286e-03 0.0012523747418078392 0.0012536498340409916   
457 4113 0.0572901255182748 16762.142970962228 0.0012004121197098881 1.2402909099543608e-03 0.0012522656991213064 0.0012878465713096615   
458 4122 0.06127060526510604 16367.41418347799 0.0012004121197098881 1.2469004344458222e-03 0.001257011024363471 0.001267385488181779   
459 4131 0.06721143196564909 17036.01777967003 0.0012004121197098881 1.2364448730184589e-03 0.0012465646869140898 0.0012616829659442106   
460 4140 0.07402692617798547 17114.221655408117 0.0012004121197098881 1.2317482114102163e-03 0.0012445424805086576 0.0012501330389678672   
461 4149 0.06678520462923214 20104.43866053419 0.0012004121197098881 1.2172542699584196e-03 0.0012520393533328685 0.0012673412263304268   
462 4158 0.05946361810544847 20197.23325343444 0.0012004121197098881 1.2312744594375625e-03 0.0012470067742999188 0.001267607472469706   
463 4167 0.05399707820838947 20606.452812049454 0.0012004121197098881 1.2324267454975417e-03 0.001249082482371865 0.0012548313868301466   
464 4176 0.0490927834561809 19161.433333312973 0.0012004121197098881 1.2313329711657875e-03 0.001246422837814324 0.0012558850405082968   
465 4185 0.04735821897548492 19229.946268947308 0.0012004121197098881 1.2322155123083330e-03 0.0012448855776371632 0.0012643544882450651   
466 4194 0.04863953083806063 19336.825647802816 0.0012004121197098881 1.2333175586243098e-03 0.0012503115015560983 0.0012627498384229277   
467 4203 0.0518915752547196 18768.665748764946 0.0012004121197098881 1.2343770764078770e-03 0.0012511869054545937 0.0012701087552562003   
468 4212 0.05860647097621601 18809.927671619887 0.0012004121197098881 1.2316456885574315e-03 0.0012483892673120752 0.0012648625385557988   
469 4221 0.07052768431755371 20844.76016463757 0.0012004121197098881 1.2181485953377904e-03 0.0012525381160110216 0.0013212306323095503   
470 4230 0.07363982793347798 21207.793879590517 0.0012004121197098881 1.2437912610073201e-03 0.0012524613548399754 0.0012618894563123338   
471 4239 0.0776512482209196 18809.957673845754 0.0012004121197098881 1.2299420739424892e-03 0.001249003753377078 0.0012707481803578627   
472 4248 0.06980122121992165 20114.12091104577 0.0012004121197098881 1.2370464508361120e-03 0.001247692667825666 0.0012697573259908483   
473 4257 0.06234452604163904 20131.985441421384 0.0012004121197098881 1.2364137577270118e-03 0.0012493648331745435 0.0012717331635045729   
474 4266 0.07047923789524875 21255.36436328614 0.0012004121197098881 1.2349472163228827e-03 0.0012416224010908254 0.0012714229659916251   
475 4275 0.0814116667363846 27283.704810460487 0.0012004121197098881 1.2330670100250932e-03 0.0012445576529527584 0.0012493916053175672   
476 4284 0.08748043039314483 28392.004891646335 0.0012004121197098881 1.2366317978752088e-03 0.0012469765540291946 0.0012643352284421772   
477 4293 0.08654076322309649 26772.68938915764 0.0012004121197098881 1.2363806887567151e-03 0.0012480132850378784 0.0012615570049434748   
478 4302 0.08425604785858862 26425.49079746715 0.0012004121197098881 1.2381756912773114e-03 0.0012450873571758303 0.001267589546659234   
479 4311 0.08220274613382976 27311.30624349673 0.0012004121197098881 1.2314143307892600e-03 0.0012475416465030074 0.0012654288012062865   
480 4320 0.08523354983506622 27316.81225081209 0.0012004121197098881 1.2364054073814394e-03 0.0012482633410537374 0.0012854561073780899   
481 4329 0.09487840346932962 28658.472368194245 0.0012004121197098881 1.2374842981665809e-03 0.001245019745506519 0.0012608111146858564   
482 4338 0.10474842110770922 26639.2345386313 0.0012004121197098881 1.2396754903710337e-03 0.0012485916656826321 0.0012782356288989708   
483 4347 0.11757608120290686 28490.758356911247 0.0012004121197098881 1.2380347628165476e-03 0.0012553529073927152 0.001283920139008808   
484 4356 0.12198115344773358 25963.16661181631 0.0012004121197098881 1.2331405063855535e-03 0.0012518590844854609 0.0012651992695650953   
485 4365 0.12832952650935672 26879.64841100822 0.0012004121197098881 1.2391655121799785e-03 0.0012482117821440808 0.001260969945933479   
486 4374 0.12012839852352275 30601.639590540515 0.0012004121197098881 1.2303886237236359e-03 0.001238893538726222 0.0012668543708361174   
487 4383 0.11509335003356201 31934.677162197884 0.0012004121197098881 1.2371704634525534e-03 0.001252052484448493 0.0012635747307008717   
488 4392 0.11717512000437126 28718.281737263478 0.0012004121197098881 1.2418791431939216e-03 0.0012480064838560183 0.0012952659204937   
489 4401 0.12817529549551124 29181.90628176493 0.0012004121197098881 1.2439967153200198e-03 0.0012578540921709723 0.001263613126527265   
490 4410 0.11447378426271557 31211.4649695701 0.0012004121197098881 1.2431031478072592e-03 0.001257520788421159 0.0012741194990603397   
491 4419 0.11554188374914219 32307.275722617225 0.0012004121197098881 1.2348880465773899e-03 0.0012549166978933477 0.001265181425642443   
492 4428 0.10759992411557075 32576.208994763354 0.0012004121197098881 1.2385000212123088e-03 0.0012510305900267865 0.0012687883948688475   
493 4437 0.09885473825280595 33782.48997108817 0.0012004121197098881 1.2301542661160626e-03 0.0012446956088560475 0.0012551976493772217   
494 4446 0.10037609152704284 35605.21233873629 0.0012004121197098881 1.2418086880820775e-03 0.001248711480946972 0.0012783140130242258   
495 4455 0.10208895347408721 37490.29557487141 0.0012004121197098881 1.2448013748062991e-03 0.0012522840104755282 0.001269532687612769   
496 4464 0.11458415110197999 40673.19426730343 0.0012004121197098881 1.2379919484604893e-03 0.0012427130384275128 0.0013355171873664063   
497 4473 0.10543517974902568 39413.74485524441 0.0012004121197098881 1.2374692458664339e-03 0.001245157780594328 0.001259528322416683   
498 4482 0.10832381983893873 44087.00830710074 0.0012004121197098881 1.2335535913506669e-03 0.0012435237801701445 0.0012972561994203358   
499 4491 0.09677932160355562 45017.66147123816 0.0012004121197098881 1.2360064244439854e-03 0.0012440607254779377 0.0013269575926601364   
500 4500 0.08612132613909196 44132.22162607116 0.0012004121197098881 1.2389994151548824e-03 0.0012493836165774076 0.0012619241215047956   
501 4509 0.08008440001097165 44837.59654999209 0.0012004121197098881 1.2370134059423357e-03 0.0012486906761062428 0.0012595700815544032   
502 4518 0.07486899761688903 44713.636659760254 0.0012004121197098881 1.2302561664196403e-03 0.0012476786206412844 0.001258259474289786   
503 4527 0.07163085782890224 42987.85891632242 0.0012004121197098881 1.2327216466873278e-03 0.0012481911848676868 0.0012660418505694192   
504 4536 0.07019683532845145 43685.82186602245 0.0012004121197098881 1.2414734243806841e-03 0.0012508353224587382 0.0012602930265207444   
505 4545 0.06826709485963478 42932.37133007798 0.0012004121197098881 1.2429077387748851e-03 0.001252465787834702 0.001264089466762274   
