% # columns="iteration, evaluation, void, void, void, xmean", seed=399868, Thu Nov 30 11:09:58 2023, <python>{}</python> # scaling_of_variables: 1, typical_x: 0
1 9 0 0 0 2.1283900506992635 2.6305335614129706 -0.15626246788645437 0.9930563139430157 1.2961762739874054 1.9557116041125613
2 18 0 0 0 4.799452160628028 1.300316114565043 1.1513675937338554 0.1760590063223958 0.967216991253795 0.6180831764829442
3 27 0 0 0 5.5455087107299645 0.19990346415900784 1.8772172831760146 2.7634004837881254 0.10732727049166746 0.5883362056472425
4 36 0 0 0 8.137140573772532 0.030258173163368013 2.418939929132959 5.748116399380447 -1.3064959250627675 -0.09129594697050769
5 45 0 0 0 5.96590659053281 2.0553060769784044 3.3653265082630814 5.6129487296428655 0.04990235138804566 1.0479291178117722
6 54 0 0 0 7.465242849481545 1.5567826228275 5.968746833511484 5.450831240079058 -0.7315726557190296 0.2657406791812503
7 63 0 0 0 5.6489348305781535 -0.7387300027154513 4.379397857336864 7.630488491543727 -0.13229929922912864 1.0690981950304994
8 72 0 0 0 5.42161240946364 0.3766871250454775 4.747051918761667 9.170101689939363 0.6024926167784814 -0.6760711219091498
9 81 0 0 0 4.460723856645694 0.2527604279449251 2.4341416592693887 8.533235432944613 1.493602209956424 -0.6765497278002961
10 90 0 0 0 7.215770134461064 -1.946201445756817 4.923309671559506 11.816518731072303 -0.33159105218671137 -1.0293553281426022
11 99 0 0 0 7.74118241023799 -1.4425102590694157 4.069439848393058 9.504390447924912 -0.19835014283794336 0.2827679569103059
12 108 0 0 0 7.841755958170805 -2.392566209181373 5.502369987303645 10.358384519730087 0.13173692708228693 1.5203161056379082
13 117 0 0 0 7.907292659506375 -1.6185064174969908 4.005274100594135 9.711906174329156 0.12733246006115065 1.2972798836687873
14 126 0 0 0 9.461798854831233 -1.4217021635685243 4.630241771434889 10.36716402493382 0.05275952997491548 1.4376655367558617
15 135 0 0 0 7.768123081396818 -1.2269730716146863 3.0114504436554466 9.443681663719774 0.17958570730696213 1.581462915297045
16 144 0 0 0 7.721357982256846 0.452625604495005 2.0616017609771746 7.347899965199233 0.13218452423208768 1.6785489647434322
17 153 0 0 0 7.387785105608326 0.2228298403530805 1.5432946573536581 6.419445423955824 0.10025844800720017 0.9174155080514497
18 162 0 0 0 6.23367000977384 -0.07212228738217369 -0.10201993362325124 5.150081833154806 0.011790978123095888 1.5393923949402748
19 171 0 0 0 4.948183660951075 0.40705224825695585 -0.7282494842216481 4.274310206460593 0.0861220435149121 0.28850964581672334
20 180 0 0 0 4.8604471724150455 0.6917400916330907 -0.26519585486799446 3.8944048412091608 0.0827528312234998 1.3978234037765171
21 189 0 0 0 4.975832340427738 1.8677356754653998 -1.3484176837580777 1.8652412731514305 0.1175236693716675 1.4705636092154084
22 198 0 0 0 5.65511636911644 2.383095495270459 -1.2475551310026067 1.7275847889415856 0.11527494457850529 1.4403635772370806
23 207 0 0 0 6.227353966640573 1.8828369782891727 -1.5002666207268334 1.7489427634379442 -0.011773771825099588 1.4474060681933585
24 216 0 0 0 5.4879579435791825 1.7140093685741895 -1.7660616732662793 2.9497776642361937 0.18828585751685192 2.1377085024614533
25 225 0 0 0 4.877111295323566 1.413677793422976 -1.8500944484699593 1.9966062847617698 0.13722002929118998 1.6855758840494899
26 234 0 0 0 5.216571612835319 0.980967375084993 -0.950968259927537 3.310947733881758 0.1842445035397755 1.2766509210105834
27 243 0 0 0 5.809319683707372 1.290237195703054 -1.833264666312572 2.232093125766156 0.15569951564394394 1.24421310752727
28 252 0 0 0 5.942121641299521 2.599253647912858 -1.7392050164156456 1.2779492307323501 0.240214648024559 1.1335924749750574
29 261 0 0 0 5.53316826332143 1.8749841518767607 -1.209905063936964 1.4486698050091045 0.0975448629954083 1.4159871399496378
30 270 0 0 0 4.722130878023922 1.7494255475872886 -1.7636095314765714 1.1251169356101705 0.1431448331469859 1.299873895882977
31 279 0 0 0 4.963534213923564 1.8061276577892729 -1.3530195940880865 0.5495197203310431 0.1355305504347944 0.703721945226596
32 288 0 0 0 5.5147464572751295 1.4950143824488726 -1.2685568891439565 0.1489664822556075 0.13309447416089631 0.39016746236267047
33 297 0 0 0 5.880813098897458 1.3611058965215383 -1.0666787157337112 0.2535906564802774 0.1175218348984697 0.4064599072555022
34 306 0 0 0 4.705398225881504 1.1039092581647458 -1.7113053452792695 0.5259694858343841 0.15709076635645997 0.3883394749108149
35 315 0 0 0 4.839438025080503 0.8300767861812256 -1.2126779721499363 0.6811591286719847 0.1502916431251843 0.8449726264427778
36 324 0 0 0 4.8861317099462855 0.9062184740660123 -0.92568937489066 0.32453130561268945 0.11739554252908221 0.6029692542384416
37 333 0 0 0 4.294917995528768 1.3812648982965765 -1.360479007559832 0.5250487503260757 0.22126130651846984 0.6532777739025883
38 342 0 0 0 4.505533285765274 1.8220062159647281 -1.635761293971598 -0.04044214382164402 0.16607444495022503 0.25815480235436605
39 351 0 0 0 4.564820760698573 1.6027445954433162 -1.528912564987746 0.2630155242652859 0.1549588877929534 0.42692645844393295
40 360 0 0 0 4.341311503812362 1.7608033249824306 -1.6817318786514859 0.25285309003750334 0.1723850000348783 0.46034564167339237
41 369 0 0 0 4.38415515507237 1.8267834491916066 -1.676860899396138 0.2560163109372255 0.14977966026377126 0.5211079086669385
42 378 0 0 0 4.2682382295409615 2.0893919292369305 -1.8856899193993466 0.3132569321373673 0.17492058265299706 0.5448435237386687
43 387 0 0 0 4.570788739074358 1.9388309180799592 -1.718533969522426 0.4275711382507157 0.1713266251608174 0.6874680255094205
44 396 0 0 0 4.28988771612407 2.0332068170690762 -1.7633280016314423 0.35543897014009335 0.19439512094939337 0.6028716021277575
45 405 0 0 0 4.230744743019054 2.153503128150061 -1.8394023213650228 0.333305106955102 0.21606834508985379 0.5737730647324251
46 414 0 0 0 4.163714375011871 1.9483476025153854 -1.7259084090242396 0.3460701125237279 0.196176152333111 0.6097109121712836
47 423 0 0 0 4.250893130822043 2.0849926962323573 -1.7632736023524218 0.299246712554829 0.19754243216069992 0.5545522430227475
48 432 0 0 0 4.251082894119415 1.9556826135116956 -1.8156572947913627 0.31772185659956753 0.17862279478320248 0.5951747363828634
49 441 0 0 0 4.443775244739653 1.8690848242129192 -1.6922060825426852 0.2722397124097923 0.17048299885828053 0.5426758298694376
50 450 0 0 0 4.62350935573465 1.969486023373177 -1.6152579580208934 0.31175037233337904 0.17476858758894012 0.5900432321429111
51 459 0 0 0 4.527831107830013 1.946194192767245 -1.6723180181122335 0.3781980656935692 0.17480081402776568 0.6412383413961196
52 468 0 0 0 4.648577669542208 1.9933737035362677 -1.5867668964412376 0.37923368143977687 0.17459796442203104 0.6665922246935129
53 477 0 0 0 4.764172894616179 1.8264015811105878 -1.5113003736296302 0.3636730224745968 0.16056119555509094 0.6386886477088001
54 486 0 0 0 4.556230045273726 1.7476538026059538 -1.6674866908990567 0.403322897944018 0.1588878128589469 0.6706240139144021
55 495 0 0 0 4.598224933009306 1.6216748547516169 -1.5968497811292037 0.4260450335060761 0.15535823240155425 0.6935455516736542
56 504 0 0 0 4.5622365210197 1.7051980921355572 -1.5812165751585365 0.4063640559983013 0.1622850877456767 0.6771916832724086
57 513 0 0 0 4.533665207752241 1.7025028664710946 -1.5604776700732654 0.3784503446286438 0.16803475639352003 0.6461233869022632
58 522 0 0 0 4.678965895510961 1.6545134394414573 -1.494456702053083 0.3884702855734287 0.15673041419583117 0.6612288773138683
59 531 0 0 0 4.560525613041698 1.7549133075689127 -1.5806626201393352 0.3484986991877436 0.16430099688329844 0.6157732298534329
60 540 0 0 0 4.552903167617113 1.7155752736057177 -1.5640829948389485 0.35458817034436724 0.16233281048164738 0.6188737924800823
61 549 0 0 0 4.63947354884616 1.7094052263292387 -1.5172165641928002 0.3171102737520327 0.15961572614477904 0.5881296286901954
62 558 0 0 0 4.613036715340616 1.713573716540618 -1.5301296354935816 0.3170197332715198 0.16049511220368265 0.5862353876758333
63 567 0 0 0 4.607156229641912 1.6873330273374891 -1.5355898047725784 0.33608778508215487 0.16042323416595447 0.6073516406821416
64 576 0 0 0 4.657396550936161 1.681634923467932 -1.510048744931234 0.32420855981959 0.15859045433332974 0.5965111410890338
65 585 0 0 0 4.638704201521225 1.680610001010917 -1.5148041783427861 0.3299894925797582 0.15958721386915442 0.6005429094945387
66 594 0 0 0 4.623051141700489 1.66722993609048 -1.5284370944024346 0.34335506161358637 0.15879052185547626 0.6128701790492117
67 603 0 0 0 4.637428559616512 1.7027752578894182 -1.5272352160937896 0.3541480664745365 0.1599386436131674 0.6232966843734213
68 612 0 0 0 4.644282937064602 1.6737079636953731 -1.5083369688659256 0.34486517692330554 0.15896206157400616 0.6143204475555587
69 621 0 0 0 4.65152614238709 1.6311706478722552 -1.4949365935485823 0.3519127781229041 0.15719828298611024 0.6218111595957954
70 630 0 0 0 4.657513676834947 1.6159117436917516 -1.4834459353673821 0.35109671065369424 0.1566051996939072 0.6198611060364585
71 639 0 0 0 4.641895019893519 1.620893128938611 -1.5018841314129143 0.36755806819627945 0.15671990922373452 0.6374818368866076
72 648 0 0 0 4.675931916924793 1.5944006804683284 -1.4834701175406444 0.3750500106475216 0.15446126639960975 0.6443718088779709
73 657 0 0 0 4.711015749136863 1.6095267289075006 -1.4723695725563308 0.3685397774216925 0.15378381716362496 0.6379405676513658
74 666 0 0 0 4.7361835984688145 1.636229122314123 -1.465960635380816 0.373183293559873 0.15434239876886047 0.6410903102844369
75 675 0 0 0 4.737791853205214 1.6773915797724042 -1.4751479807824834 0.37111225392530023 0.15601439573959608 0.6400641030787958
76 684 0 0 0 4.717718199363135 1.6976040679506716 -1.4806612948698752 0.3875555141560115 0.15791391459881646 0.6558410255016696
77 693 0 0 0 4.711348807927003 1.7213580684566623 -1.4896051217154684 0.37074139504655385 0.15922398037888139 0.6390794750482147
78 702 0 0 0 4.739217077256271 1.7520887407402823 -1.485478822457854 0.3730969347118819 0.15947560964224602 0.6419981584072738
79 711 0 0 0 4.769421142935849 1.7595597716773976 -1.4758954375555864 0.3775687438564271 0.1587629894294142 0.6455515693824623
80 720 0 0 0 4.751988145542898 1.8158194906424472 -1.5097789525581897 0.36875967074285393 0.16024111299171756 0.637073032053902
81 729 0 0 0 4.759511927445238 1.8273157896618561 -1.506053652132547 0.35381849223622447 0.16086451737339402 0.6219885710709476
82 738 0 0 0 4.747522331036134 1.7600168806108305 -1.5075849541516453 0.3690476565789398 0.15793093669074668 0.6375182887976573
83 747 0 0 0 4.768556995090283 1.7753727576887868 -1.504376071896255 0.3885098418510723 0.1579088631436878 0.6563549708766216
84 756 0 0 0 4.716115745174038 1.7327139792059378 -1.521399080353041 0.3904315571881883 0.15764988743923739 0.6580559825279021
85 765 0 0 0 4.7423906630515855 1.7724864663924247 -1.5059797074986678 0.38407948846961226 0.15920129338731048 0.6516184432052092
86 774 0 0 0 4.725054876551836 1.7705911336563471 -1.5218751372284165 0.3945112932048326 0.1590154375235779 0.6618072430196483
87 783 0 0 0 4.701275604754464 1.7693940909236177 -1.5357809000352336 0.40317143265405303 0.1596302266187167 0.6704998418916359
88 792 0 0 0 4.713416943216857 1.7290840153010336 -1.5154931219253698 0.4089262515270544 0.1578769092207046 0.6766786007469979
89 801 0 0 0 4.7098531368923116 1.745764109943258 -1.521707506628244 0.40908880393585273 0.15858442819631163 0.6767778896847441
90 810 0 0 0 4.718471719916196 1.7425803345864335 -1.5199810803387919 0.42023310541285147 0.1580409683420522 0.6875294638810276
91 819 0 0 0 4.70254004700733 1.731116453897378 -1.528730978694865 0.418430045251889 0.157780344887957 0.6858527166614612
92 828 0 0 0 4.699441385558097 1.7435080767545859 -1.5383164331631436 0.41765705432996125 0.15812870968370155 0.6851336087114597
93 837 0 0 0 4.694009122431993 1.739106192616746 -1.5483510698843694 0.41799930322129925 0.15766820626573116 0.685431540973261
94 846 0 0 0 4.688014902890366 1.746398882018206 -1.5506784107696092 0.4090491739448547 0.1582769597950501 0.6767077658092399
95 855 0 0 0 4.697940538485073 1.7423281914493236 -1.5436321977640273 0.4016241652606046 0.1579065175516461 0.6691699438349815
96 864 0 0 0 4.681255227758177 1.7481899662955862 -1.553153657569574 0.3954216724264876 0.1585066916619612 0.6632677561180621
97 873 0 0 0 4.6924185149618305 1.7373283809424294 -1.5369890384216394 0.40301699346155284 0.15822655344017447 0.6708035918226384
98 882 0 0 0 4.695365384572867 1.7765970125740025 -1.5476420188425946 0.40737922681897987 0.1595757738199707 0.6747503531705941
99 891 0 0 0 4.6817603596141435 1.797368285850911 -1.5584211001468808 0.406092317902697 0.16094364363116134 0.6733758616656802
100 900 0 0 0 4.69012102635896 1.7844590540090537 -1.5529482250395235 0.4061352026791873 0.1599886061214085 0.6735467715036988
101 909 0 0 0 4.6969088997518815 1.7913595930502224 -1.5534974841279607 0.40932731868362415 0.15997112499969882 0.6766448096967389
102 918 0 0 0 4.702763580498431 1.8094295203280018 -1.5521400494537416 0.4099098301902946 0.16072331755207775 0.6769735368133843
103 927 0 0 0 4.698338734409991 1.808632035937857 -1.5475289883624361 0.4043746616301781 0.16119726983828797 0.6716221985810239
104 936 0 0 0 4.704396735649943 1.8387834240991285 -1.5513286170270661 0.40764784339781607 0.16233319613618358 0.67466957718086
105 945 0 0 0 4.706719605282922 1.80610727472751 -1.5468777546367825 0.4216778208611144 0.16069635589202816 0.6886283413642985
106 954 0 0 0 4.706485090935275 1.8375608077688501 -1.5483894607689623 0.40395327403175607 0.16228318569727612 0.6711506933240646
107 963 0 0 0 4.707267240037768 1.8381494920086068 -1.5429923015325178 0.4012069480452344 0.16256412046917235 0.6684104128681541
108 972 0 0 0 4.714158918883844 1.7848845037821355 -1.5278448971078225 0.4055007830056918 0.16005529581507788 0.6728476760160602
109 981 0 0 0 4.708719232983765 1.7977287286315364 -1.532511039576414 0.4082793937937771 0.16086277980959038 0.6756048464834365
110 990 0 0 0 4.708210201858144 1.811936951279835 -1.5377733701772882 0.4143813369439106 0.1614329853717098 0.681552981846378
111 999 0 0 0 4.702601086500854 1.8296762943211735 -1.5422064730232032 0.41725029383787504 0.16248970867691176 0.684374911826421
112 1008 0 0 0 4.701891145337081 1.824575183788345 -1.5406465616481677 0.4129539359315635 0.16234674693397708 0.6801141618858446
113 1017 0 0 0 4.703197746982984 1.828569456710732 -1.5406232586270747 0.40771394198891564 0.16250297528536958 0.6749249901480096
114 1026 0 0 0 4.699104837637681 1.8273527971032002 -1.5437551970814447 0.41150024554519093 0.16245358362354426 0.678717710075069
115 1035 0 0 0 4.705880598798739 1.826310888831806 -1.538609381424316 0.40871002976759 0.16231102989701574 0.6760102153822898
116 1044 0 0 0 4.700182125431777 1.8278580076381723 -1.5434042220242923 0.41134802947544297 0.16244763829076944 0.6785668129461054
117 1053 0 0 0 4.70061173519583 1.8288963347254026 -1.544703612839102 0.4108785891826137 0.16242142792575062 0.6781201356102006
118 1062 0 0 0 4.697957082897393 1.835674179543249 -1.5491393533679336 0.411046369311646 0.16269327515440085 0.6782488621614581
119 1071 0 0 0 4.697270611634544 1.8331382102418303 -1.5477082847245802 0.4119130136432663 0.16269933763703803 0.6791217960487944
120 1080 0 0 0 4.699383269672392 1.8335780646453548 -1.5474444406266457 0.41072993407104635 0.16260424705078788 0.6779319865071234
121 1089 0 0 0 4.698216166309599 1.8396392951694975 -1.5487503421663553 0.41302049821024595 0.16293679242509962 0.6801641625548873
122 1098 0 0 0 4.699293582136355 1.8375186285700362 -1.5480942292937758 0.41248689003763617 0.1628002700064434 0.6796119589471453
123 1107 0 0 0 4.701270619181779 1.83598728347579 -1.5464567498556665 0.4122238348704664 0.16269622021284008 0.6793110438379717
124 1116 0 0 0 4.703476243283575 1.838830897534861 -1.5465419557931717 0.41165895333954894 0.16270875288631387 0.6787577792171968
125 1125 0 0 0 4.704980356180523 1.839169179000142 -1.5474999772311087 0.4124057331668619 0.1625905807692403 0.6794971007650981
126 1134 0 0 0 4.705215456458095 1.8388566415497525 -1.5476210331495663 0.4118746858540018 0.16255394203607826 0.6789495597173876
127 1143 0 0 0 4.70700264605601 1.8391023118415442 -1.5489556509924451 0.41216349405709846 0.1623852985275182 0.6791830625564005
128 1152 0 0 0 4.707438458631441 1.8394036463609509 -1.5493388893773252 0.4127337755189264 0.16234967888686389 0.6797572446012689
129 1161 0 0 0 4.709730982819005 1.8398440524983153 -1.5501986937530488 0.41356440398149175 0.1621878989224031 0.6805133257309087
130 1170 0 0 0 4.706065961052961 1.8387392020187652 -1.5485833544623342 0.4120002107720665 0.162439082007987 0.6789970727024304
131 1179 0 0 0 4.704973774462211 1.838969608745835 -1.5478948702030573 0.41098391797693634 0.16256311472640705 0.6779551076589413
132 1188 0 0 0 4.705282887460851 1.8379016550649594 -1.5522059327527507 0.41376013675924367 0.1622199797831927 0.6806352971785669
133 1197 0 0 0 4.706504804242774 1.840683273706408 -1.5501421910374336 0.4140631860128322 0.1624175160889953 0.6809765621430516
134 1206 0 0 0 4.710309106496012 1.8387146307486941 -1.5470986711722974 0.4124953547320959 0.16225042071425697 0.679444276581156
135 1215 0 0 0 4.710002264414321 1.8373395848568794 -1.5458059725526454 0.41202484349203594 0.1622662636072218 0.6790392664257172
136 1224 0 0 0 4.711609638710823 1.8358539215182257 -1.5454659210046477 0.4124838192167802 0.1620982802648022 0.6794189365755011
137 1233 0 0 0 4.709276226547828 1.8375452087284039 -1.5430313599103354 0.41191392686890005 0.162484843078506 0.6789301127806546
138 1242 0 0 0 4.707472188590245 1.8388996466799084 -1.54645906847806 0.41271312234948193 0.1624745831148236 0.679675855625169
139 1251 0 0 0 4.708991300563858 1.8391106643642885 -1.5448007977488398 0.412853168211065 0.16249767165795573 0.6798407168262792
140 1260 0 0 0 4.710617113965491 1.837049712361203 -1.5434630027562144 0.4115224866053218 0.1623708765743119 0.678524049202633
141 1269 0 0 0 4.710714785543995 1.835469081320669 -1.5443980396648012 0.41124105584156384 0.16222168448991553 0.6782435086456955
142 1278 0 0 0 4.7112553674570465 1.8361082623115028 -1.5440774695594044 0.4111920627263597 0.16224966881567895 0.6782182362416118
143 1287 0 0 0 4.708905945274846 1.8393978235774509 -1.5452285495191178 0.41162991688643297 0.16252077281248142 0.6786383736535376
144 1296 0 0 0 4.709054122085917 1.8389565776643633 -1.5464242220728663 0.41172892105050585 0.16241341484780691 0.6787231837811881
145 1305 0 0 0 4.710330854508562 1.8392131135832415 -1.547734484990348 0.4119787526425309 0.16226712420408754 0.6789447544188114
146 1314 0 0 0 4.708437933631618 1.8389092001168663 -1.5472776595844924 0.41144781430232014 0.162391679450822 0.6784429634744067
147 1323 0 0 0 4.705772860385472 1.8388313808191337 -1.5479237991848065 0.4112334290105255 0.1625085880072188 0.6782578978519079
148 1332 0 0 0 4.704477371770465 1.836208983558346 -1.547817390101955 0.41095819641021913 0.16244960576114592 0.6779847638348431
149 1341 0 0 0 4.702203486847976 1.836391473907804 -1.5487198464185412 0.4101091718637895 0.16254729443562632 0.6771669575246757
150 1350 0 0 0 4.7029888228087104 1.8368184801921066 -1.549302436715142 0.41020116992757927 0.16248478954330015 0.6772374500391027
151 1359 0 0 0 4.706270317718608 1.8378855209529963 -1.5490796052163585 0.41036342872272047 0.16235528391731405 0.6773706588708773
152 1368 0 0 0 4.706588629175122 1.8367139936055215 -1.550315972951718 0.41071755900668283 0.16219266321134052 0.6777162258817273
153 1377 0 0 0 4.707997190162881 1.837760491523663 -1.5509272085742944 0.4108352108507372 0.1621395244132301 0.6778249047487439
154 1386 0 0 0 4.706171817096983 1.8384281517120822 -1.5507733703301116 0.41066765282720846 0.16228875166575016 0.6776706213266095
155 1395 0 0 0 4.706811840536269 1.8384201814138614 -1.550113392737503 0.41070716000174634 0.16228756877000436 0.6777076542134726
156 1404 0 0 0 4.7039510933427 1.8398790430203393 -1.552450757626217 0.4109759860381559 0.16240308442020096 0.6779648028991071
157 1413 0 0 0 4.702982308320098 1.8386849179485647 -1.550401528969474 0.4101231499127334 0.162514145083549 0.6771387172198085
158 1422 0 0 0 4.7030130535946855 1.8385078994254962 -1.549451484456106 0.40997482526968365 0.16255788109698832 0.6770000419594226
159 1431 0 0 0 4.70346676829119 1.8385933435150799 -1.5492797756906722 0.4101442351351665 0.16254437224208296 0.677157306587736
160 1440 0 0 0 4.7021973524043545 1.8393801306417958 -1.549555856917927 0.4103493771282549 0.16265028085201208 0.6773650096613719
161 1449 0 0 0 4.701675503998611 1.8395523702733305 -1.549729499192003 0.4103762555175431 0.16267875191584327 0.6773905740294079
162 1458 0 0 0 4.70075574743613 1.839435579690713 -1.5507992984954102 0.41037426525513554 0.16266209667397763 0.6773827669726497
163 1467 0 0 0 4.699541897715484 1.839894043321599 -1.5500103518080837 0.41039274099527284 0.16280298545577562 0.6774067581793256
164 1476 0 0 0 4.699519391723606 1.840096856998581 -1.5507276261831648 0.41064357338848256 0.1627779173744226 0.6776349497170138
165 1485 0 0 0 4.701455487384757 1.8400706998011023 -1.5503706355210483 0.41086413191661264 0.162684109011794 0.6778549832520504
166 1494 0 0 0 4.70292890672723 1.8400093258420378 -1.551589265216549 0.41118757776043924 0.16252052915633763 0.6781577158636334
167 1503 0 0 0 4.700203906258395 1.839974588389898 -1.551368908202085 0.41050692427489627 0.16269496926468605 0.6775120284270125
168 1512 0 0 0 4.698944066812871 1.8398996802526315 -1.5507457241393603 0.4104839891701843 0.1627958787264387 0.677478454377729
169 1521 0 0 0 4.6990399803380285 1.8398314722485385 -1.5508062556121014 0.4105233354457483 0.16278494659252205 0.6775070872063075
170 1530 0 0 0 4.697519014149492 1.8402619360003871 -1.5499293538268317 0.4105827022853713 0.16294809516059366 0.6775756358554579
171 1539 0 0 0 4.698701285702253 1.8400302152502601 -1.5499182659717634 0.4104128013725177 0.16286847321970688 0.6774021631422021
172 1548 0 0 0 4.698767254968696 1.839898734627464 -1.5492827179400472 0.4102394645377983 0.1628951810165826 0.6772345458980504
173 1557 0 0 0 4.697895168415158 1.8400918876284158 -1.5496844574445614 0.4102888941806514 0.16293817206370398 0.6772678148771177
174 1566 0 0 0 4.700657802660583 1.8398877224631562 -1.550593697071558 0.410429346090385 0.1627076005036318 0.6774116932754105
175 1575 0 0 0 4.6997042177130055 1.8399095631004245 -1.549817374993028 0.4103928479798318 0.16281198265736385 0.677387322919158
176 1584 0 0 0 4.696787732167665 1.8401858549096333 -1.5497192719228496 0.4101666138607444 0.1630044452734392 0.6771691802697036
177 1593 0 0 0 4.697785800904377 1.840112511723415 -1.5497397946038654 0.41022758696915324 0.16294041284341798 0.6772269652859668
178 1602 0 0 0 4.696129194524324 1.8402066142665865 -1.5494169435845726 0.4101724764665982 0.16306086325997496 0.6771831125406771
179 1611 0 0 0 4.695596831134923 1.8402332034117699 -1.5493332031186504 0.4100876321036924 0.163096518288474 0.6770977413436436
180 1620 0 0 0 4.696640702041729 1.8403477889077349 -1.550244251949616 0.4102934508738828 0.16298965594117643 0.6772891133230678
181 1629 0 0 0 4.696453568101579 1.8403346960827864 -1.549804870089019 0.4102464397188586 0.16302584054057787 0.6772447663447551
182 1638 0 0 0 4.69609709085536 1.8404478304563048 -1.549777152525046 0.4102797198705713 0.16305488346794164 0.6772748911064383
183 1647 0 0 0 4.694677944705951 1.840507038100466 -1.5493550173389303 0.410167514179671 0.1631659742546601 0.6771685016005855
184 1656 0 0 0 4.694300880299576 1.8405426374434626 -1.5491273936752332 0.41016021735721087 0.1632027342888117 0.6771690456624226
185 1665 0 0 0 4.694008350043347 1.8405827248614781 -1.5491152034068425 0.4101854084307418 0.16322200394225897 0.6771931040887016
186 1674 0 0 0 4.693587459189067 1.8406103338400503 -1.5486713889736325 0.4101613423536458 0.16327399824800837 0.6771701827967245
187 1683 0 0 0 4.693728393991579 1.8406203867455682 -1.5493755126243238 0.4101643633034169 0.1632255599101031 0.6771682589515992
188 1692 0 0 0 4.69247914557347 1.840669119087132 -1.5493061818798963 0.4099930919943685 0.16330596615869525 0.677006309509637
189 1701 0 0 0 4.692290081935586 1.8406697650385044 -1.5495059576891852 0.40996766951208286 0.163306025616977 0.6769812589524539
190 1710 0 0 0 4.6938715151223205 1.8405844266893316 -1.549789602842311 0.41010797841823776 0.1631932274288815 0.6771074258431309
191 1719 0 0 0 4.692797507809653 1.840631432836689 -1.5499750437796573 0.409986243635991 0.16324903870533056 0.676993343046929
192 1728 0 0 0 4.692545285350772 1.8406405452018872 -1.549741830084846 0.4100116152389686 0.1632761333944508 0.677021264514018
193 1737 0 0 0 4.692993018223489 1.8406325201726408 -1.5496709324826665 0.4100544494765309 0.16325422386798488 0.6770596501647977
194 1746 0 0 0 4.6931355956592355 1.8406153192838555 -1.5498853102879684 0.41001164268210766 0.16323254255746394 0.6770165588616323
195 1755 0 0 0 4.693620392215418 1.8405588474472603 -1.5498251706104595 0.41002820474088836 0.1632053795860861 0.6770332325321581
196 1764 0 0 0 4.693703883834022 1.840574489526414 -1.549590062550441 0.4100536844456702 0.16321505017663393 0.6770575528592768
197 1773 0 0 0 4.693288161603802 1.8406245024262895 -1.5490400687345465 0.4100536380989827 0.16327327410949294 0.6770644707310198
198 1782 0 0 0 4.693493676758542 1.840613383272848 -1.5489446455329412 0.4100915762139658 0.1632648401869396 0.6771018975591435
199 1791 0 0 0 4.6922210932570145 1.8406899024058938 -1.548978187320777 0.40995868729120194 0.16334285622133266 0.6769726841082622
200 1800 0 0 0 4.691614431758846 1.8407012217013203 -1.5495135289942463 0.40987690332060833 0.16334967087148347 0.6768892427752251
201 1809 0 0 0 4.691550685406672 1.840702128181872 -1.5495609719373964 0.4098979019699056 0.16335018386332498 0.6769070165076859
202 1818 0 0 0 4.691951155451035 1.8406749480696627 -1.5492633440420602 0.40995755878814083 0.163339900560495 0.6769669528167542
203 1827 0 0 0 4.692788433636743 1.8406440030792992 -1.5492741559160765 0.41006533007765306 0.1632882533558424 0.6770667802513999
204 1836 0 0 0 4.69250960653385 1.8406350475835318 -1.5493449395477985 0.40999137380776585 0.16330072508147403 0.6769944794418539
205 1845 0 0 0 4.692921515075705 1.8406342484781557 -1.5494704209296861 0.4100093123563467 0.16326867548442633 0.6770090437747853
206 1854 0 0 0 4.692936163854599 1.8406310310080807 -1.5494553512778988 0.410021872660491 0.16326808575517857 0.6770202263721353
207 1863 0 0 0 4.692912043375797 1.8406507659495694 -1.5495454377776718 0.41001143060343176 0.1632648599036029 0.6770068417472777
208 1872 0 0 0 4.693431155703719 1.8405798307199268 -1.550012549598189 0.41001158098151236 0.16320329780266452 0.6769992285575283
209 1881 0 0 0 4.693784924581986 1.8405218742446947 -1.5504994701735022 0.4099951152537619 0.16315107999823109 0.6769767917814946
210 1890 0 0 0 4.694044847045702 1.8404946150363002 -1.5506440143251587 0.41000756002941713 0.16312646487172947 0.6769860774770896
211 1899 0 0 0 4.694284645686744 1.8405143790990104 -1.5500353190462954 0.4101088122202904 0.16314713162282146 0.6770927006144598
212 1908 0 0 0 4.693329258893835 1.8405580003093398 -1.5500658978652548 0.4100099485083859 0.16320407312732058 0.6769945741684816
213 1917 0 0 0 4.692724563696896 1.8406150550279041 -1.5496651471616878 0.4099910676291144 0.16326838982101335 0.6769859573744432
214 1926 0 0 0 4.692521631552494 1.8406302072593406 -1.5498970431654921 0.40995177120433224 0.1632679526950606 0.6769445394860893
215 1935 0 0 0 4.692801425398943 1.8406065072669184 -1.5501861231703058 0.4099711983561226 0.16323266739003592 0.6769603609119047
216 1944 0 0 0 4.6917949318087935 1.8406596153536114 -1.549975320590324 0.40988803760974546 0.16330872090447368 0.6768851983731566
217 1953 0 0 0 4.6905206991023505 1.8407156890115848 -1.5501151752852136 0.40975266383181297 0.16337964068958832 0.6767533154751625
218 1962 0 0 0 4.689917426634428 1.8407403908541609 -1.5503275185726362 0.40969449537448965 0.16340622375440345 0.6767013390607672
219 1971 0 0 0 4.689550075499956 1.840772185037113 -1.5501794748152162 0.4096700179242803 0.1634389336471481 0.6766799959613674
220 1980 0 0 0 4.688108488223225 1.8408727199224961 -1.5499391858604454 0.40953216234895684 0.16354430272391546 0.6765534803910419
221 1989 0 0 0 4.687642740710726 1.8409084168107652 -1.5500474532259008 0.4094888236276347 0.16356764453748618 0.6765127731698455
222 1998 0 0 0 4.687745511177171 1.8409287014350888 -1.549647632402191 0.4095268406957002 0.16358537382668686 0.6765509911962044
223 2007 0 0 0 4.68688972478248 1.8409777656169803 -1.549694020416518 0.40944926997869563 0.16363715982940047 0.6764811462274504
224 2016 0 0 0 4.6875751044606275 1.8409650990958886 -1.5494171906270018 0.4095477581780749 0.16361140649912667 0.6765763390784695
225 2025 0 0 0 4.687543384101741 1.8409412270981946 -1.5497567439695543 0.40951838630229026 0.16359201776582238 0.6765431589634899
226 2034 0 0 0 4.686678379744629 1.8409802706943275 -1.5499504839948555 0.4094265044255411 0.16363436648818827 0.6764531310182249
227 2043 0 0 0 4.686337004972045 1.8410009784453256 -1.5499096628374684 0.409391715230876 0.16365871376326055 0.676417022543885
228 2052 0 0 0 4.686301916125487 1.8410078061813453 -1.5499363654056282 0.40940889045211015 0.16365932409600548 0.6764312962830391
229 2061 0 0 0 4.686261544342185 1.8409998463424193 -1.5500647948123563 0.40939168441546553 0.16365345765144015 0.6764123895954257
230 2070 0 0 0 4.686230766390274 1.8410200380407202 -1.5499293732842623 0.40940825165926054 0.16366440391456033 0.6764301472260177
231 2079 0 0 0 4.685765272226868 1.8410578252267868 -1.5499214448802472 0.4093822945720672 0.16369452573023063 0.6764049825635025
232 2088 0 0 0 4.686634028800592 1.8410046556664406 -1.549928698539273 0.40945008910165936 0.16363886920379211 0.6764662759961189
233 2097 0 0 0 4.686146976788903 1.8410124390708884 -1.5501017544088733 0.40939455668678004 0.16365878963730246 0.6764118474343068
234 2106 0 0 0 4.685932786145816 1.8410156448854 -1.5502021511563597 0.40936889056135656 0.16366553222895414 0.6763840684770858
235 2115 0 0 0 4.685935888171493 1.8410177533999534 -1.5501782889760873 0.4093673483163433 0.16366732179507462 0.6763825502776636
236 2124 0 0 0 4.686009250726585 1.841014119015966 -1.5502582440654082 0.4093653691853189 0.16365891884042033 0.6763810552864323
237 2133 0 0 0 4.685739377402598 1.8410219352752124 -1.550375714478325 0.40932866492562064 0.16366869039381926 0.6763441618814799
238 2142 0 0 0 4.685778754794961 1.8410125911410469 -1.5505567362221822 0.4093191396671018 0.163655569446501 0.6763339998861585
239 2151 0 0 0 4.685700182680577 1.8410105322213441 -1.5506793133025198 0.4093104481757864 0.16365293671126407 0.676324106044525
240 2160 0 0 0 4.685870266361255 1.8409824961337136 -1.5509888158398037 0.409311272376039 0.16362331711850864 0.6763188802178467
241 2169 0 0 0 4.685754784044482 1.8409843412187785 -1.5510877317674776 0.4092961408157082 0.16362441490844862 0.6763040892875931
242 2178 0 0 0 4.685518637981825 1.84099396553561 -1.5511168264989714 0.40927265781490846 0.163637582538961 0.67627951926871
243 2187 0 0 0 4.68641633744785 1.8409203909350265 -1.5514001220542786 0.40933783791239636 0.16356361517296142 0.6763373700189103
244 2196 0 0 0 4.68619413361792 1.84092791020518 -1.551561988740093 0.4093216205675472 0.16356771666307196 0.676319341673204
245 2205 0 0 0 4.686313723973247 1.8409082858735821 -1.5517920839640331 0.40933112207233807 0.16354647194322863 0.6763248953315588
246 2214 0 0 0 4.685935078860156 1.840940793256069 -1.55166828089444 0.40930809587285966 0.16357800137833706 0.676304191705682
247 2223 0 0 0 4.68559078095363 1.8409651213147256 -1.5516157265163635 0.40927967584733715 0.16360383453368543 0.6762828366574212
248 2232 0 0 0 4.685331621742834 1.8409937892340662 -1.5513837873455087 0.4092481706999748 0.1636348808560102 0.6762545273963181
249 2241 0 0 0 4.685259138068718 1.8410013281756135 -1.551421516400202 0.40924307097696766 0.1636377936021353 0.6762497888232735
250 2250 0 0 0 4.685360459826061 1.84096504743571 -1.5519424222736562 0.4092324069083367 0.1635992429212916 0.676228391662121
251 2259 0 0 0 4.684845746984594 1.841007835851014 -1.5518948595276651 0.4091919207120969 0.1636354867160454 0.6761949112783374
252 2268 0 0 0 4.684681697464206 1.8410443180576888 -1.5513734338021148 0.4091976710427541 0.16367730884699205 0.6762081752924556
253 2277 0 0 0 4.685410535801581 1.840994289393148 -1.5513402307885353 0.4092610477205864 0.16363268242921802 0.6762674890074207
254 2286 0 0 0 4.685503162916472 1.8409844098387016 -1.5514585980367102 0.4092693840925867 0.16362014464643773 0.676274239457527
255 2295 0 0 0 4.685305563311996 1.8409970604966883 -1.5514771882170906 0.4092602150040175 0.16363213900081663 0.6762656299793154
256 2304 0 0 0 4.6851894400330485 1.8410186967429545 -1.5512110399198875 0.4092594562329409 0.16365610599426622 0.6762713974627076
257 2313 0 0 0 4.684989566780455 1.8410433169028957 -1.5510647319277246 0.40925931114465475 0.1636777393738897 0.6762730823424467
258 2322 0 0 0 4.684802656882586 1.84102663503341 -1.5516397181788364 0.4092386361228344 0.16365445524968894 0.676244594907528
259 2331 0 0 0 4.684322207445429 1.8410615270839428 -1.5516550785123062 0.4092161766445105 0.16368461045065977 0.6762244648531403
260 2340 0 0 0 4.684421784054918 1.8410259326610061 -1.5521349499320398 0.409194523946841 0.16364937915689418 0.6761950612111123
261 2349 0 0 0 4.684581271984757 1.8409968275164434 -1.5524337319527424 0.4091721803762105 0.16362143945617122 0.6761681021952893
262 2358 0 0 0 4.6843844217598765 1.840989750929877 -1.5528310757565404 0.4091502498708067 0.16361005276063895 0.6761388209591316
263 2367 0 0 0 4.6834225388709685 1.8410613613298263 -1.5527704329408885 0.4090875933692991 0.1636749454303618 0.6760796123969783
264 2376 0 0 0 4.683360574092469 1.8410673565773792 -1.552827976569276 0.40909168460018747 0.1636752754820347 0.6760853186016866
265 2385 0 0 0 4.683088564986656 1.8410905458063043 -1.552855776152463 0.40909691121752145 0.1636903754473005 0.6760923570141072
266 2394 0 0 0 4.682823045484422 1.841123549397785 -1.5525888078526897 0.4090705521476061 0.16372434318174842 0.6760710860625406
267 2403 0 0 0 4.682721874864996 1.8411263863632965 -1.5527121368551242 0.40906582299420835 0.16372283397069712 0.6760648484418349
268 2412 0 0 0 4.682366918007492 1.8411288732271816 -1.5531980426854168 0.4090247391096883 0.1637170063565847 0.676021035159365
269 2421 0 0 0 4.682427589370779 1.8411147289480658 -1.553392455472735 0.4090259506725442 0.16370127857794178 0.6760169789966417
270 2430 0 0 0 4.682976941682553 1.841081616325355 -1.553215407836244 0.4090763306712214 0.16367686963334077 0.6760667887278722
271 2439 0 0 0 4.6833054592903824 1.8410617548727009 -1.553076208936928 0.40910191810244884 0.1636654309897611 0.6760948475426933
272 2448 0 0 0 4.682979282747636 1.841090952094078 -1.5530176160126024 0.40906096977296935 0.16368953879053774 0.6760559087423221
273 2457 0 0 0 4.682959138247384 1.8411179435408496 -1.552539756255431 0.40907275726568826 0.16371947679775672 0.6760740109141443
274 2466 0 0 0 4.682772187047693 1.8411190858036324 -1.5528209405287208 0.4090420274247566 0.16371512488074236 0.6760436727002797
275 2475 0 0 0 4.682198993972584 1.8411589700716555 -1.552893568003105 0.4089795004100453 0.16374707245509726 0.675983553044696
276 2484 0 0 0 4.682269280888894 1.8411453334345378 -1.5530763220624506 0.4089876872806417 0.163732524324938 0.675990950947135
277 2493 0 0 0 4.682388433663089 1.8411393008183787 -1.5529932245766958 0.4089969493687203 0.16373108624882615 0.6760012186739371
278 2502 0 0 0 4.6819083712696115 1.8411807476253321 -1.5529497493546465 0.40893214120338345 0.16376601971709878 0.6759434148983408
279 2511 0 0 0 4.681592755242399 1.8411985840660758 -1.5530573292828236 0.40887778018119775 0.1637802409599908 0.6758885252334769
280 2520 0 0 0 4.682101709002671 1.8411313553502868 -1.553545214218463 0.40890835104765194 0.1637186215204311 0.6759118449361516
281 2529 0 0 0 4.682591010672616 1.8410890487887213 -1.5536069186011539 0.4089111625499881 0.1636827357613502 0.6759119055832965
282 2538 0 0 0 4.682023933319444 1.8411239092411875 -1.553787815817294 0.4088484081864244 0.16370708714007895 0.6758490102902124
283 2547 0 0 0 4.6816892491276665 1.8411169183824758 -1.554392183656197 0.4088104650378423 0.16369590167298612 0.6758110267218161
284 2556 0 0 0 4.681874825610558 1.8411270627533602 -1.5539289409304193 0.4088518879076475 0.1637106516624908 0.6758548317516531
285 2565 0 0 0 4.681747211557415 1.8411284503469294 -1.5540532763851187 0.40882085201829454 0.1637100878835575 0.6758226520033401
286 2574 0 0 0 4.6820140851301915 1.8411218833163352 -1.5537996025507266 0.408854876775287 0.16370708271412016 0.6758569538407379
287 2583 0 0 0 4.681929794246511 1.8411299823240743 -1.5537951626093056 0.4088657751200989 0.16371270160643436 0.6758698666479802
288 2592 0 0 0 4.681644989015122 1.8411316290136834 -1.5541583296315893 0.4088165195033175 0.16370997646257765 0.6758212088211356
289 2601 0 0 0 4.681822215818952 1.8411374492071197 -1.5538324566610502 0.40883419030532386 0.1637168890890159 0.6758421524971274
290 2610 0 0 0 4.681990929599155 1.8411035624919851 -1.5542184282173181 0.40883083082249044 0.16368334462399808 0.6758325521562699
291 2619 0 0 0 4.681794249163737 1.8411249323273529 -1.5540698585321495 0.4088077435458644 0.16370521152006193 0.6758121573832656
292 2628 0 0 0 4.682213710329715 1.8411186689286594 -1.5535899121795838 0.4088678308622967 0.16370672262805652 0.6758764749888477
293 2637 0 0 0 4.682098627869146 1.841133864930239 -1.553484010176364 0.40887050104442235 0.16372096991895466 0.6758800161894627
294 2646 0 0 0 4.681957702715657 1.841135482300876 -1.5536325425698705 0.4088397456634014 0.16372161931049928 0.6758484592067407
295 2655 0 0 0 4.682268791436865 1.8411218269469602 -1.5534610104699127 0.4088738296987472 0.1637112082813756 0.6758832264213687
296 2664 0 0 0 4.682301218097894 1.841130215302786 -1.5532543461505033 0.4088825357306313 0.1637212627665735 0.6758926135792803
297 2673 0 0 0 4.681990500931238 1.8411419255645893 -1.5534774726024714 0.4088411342208636 0.1637284662077535 0.6758520460514044
298 2682 0 0 0 4.681974219987394 1.8411431101709368 -1.5534789927815285 0.4088405891754524 0.163730035307928 0.6758540592155838
299 2691 0 0 0 4.682019210400263 1.8411257721853633 -1.5537429839040022 0.40883247262009537 0.16371126174472353 0.6758409221191305
300 2700 0 0 0 4.682165961515832 1.8411153040725812 -1.553716021132566 0.4088512939380585 0.16370349297038359 0.6758600255686298
301 2709 0 0 0 4.682469916986456 1.8410979060749337 -1.5536131771058415 0.40887337363019394 0.16368991990726958 0.6758811293968275
302 2718 0 0 0 4.682248035924836 1.8411081092896866 -1.5537379220615695 0.40886276814546757 0.1636967590133723 0.6758699176808944
303 2727 0 0 0 4.682242951180249 1.841106112539244 -1.5537979036920526 0.4088571597952075 0.16369389473974533 0.6758640619675631
304 2736 0 0 0 4.682200246104266 1.8411127606561495 -1.553728650739052 0.40884819903050895 0.16370115876735705 0.6758567461136065
305 2745 0 0 0 4.682150141395529 1.84111154393705 -1.5538216449887432 0.4088394250634544 0.16369891307702872 0.6758476357501876
306 2754 0 0 0 4.682152782921005 1.8411106662265149 -1.5538317790047596 0.4088372036872759 0.16369830180753825 0.6758453260922395
307 2763 0 0 0 4.682089732076675 1.8411120622196329 -1.553898286353199 0.4088327684083671 0.16369836831644413 0.675840968898715
308 2772 0 0 0 4.682176972541437 1.841114265741858 -1.5537247619206704 0.4088437447642145 0.16370315882413727 0.6758536071829635
309 2781 0 0 0 4.682099311136121 1.841119028652538 -1.553743104164853 0.4088403134241381 0.1637067169281016 0.6758505154403011
310 2790 0 0 0 4.682168576282926 1.841112758631308 -1.5537548659090255 0.40883909136378394 0.16370198985718762 0.6758493959156031
311 2799 0 0 0 4.682196762420036 1.8411167327661793 -1.5536450537928246 0.4088441399231389 0.16370651525510382 0.6758551821432119
312 2808 0 0 0 4.682206986973057 1.8411169897219883 -1.5536323688655704 0.40884689406165065 0.16370658067576954 0.6758578129859083
313 2817 0 0 0 4.682036679438559 1.8411250838203435 -1.553722553722166 0.40882709478096335 0.16371231086875693 0.675838337701674
314 2826 0 0 0 4.682001402615177 1.841130115538892 -1.553681124190277 0.40882561107315163 0.16371716305751294 0.6758375756339191
315 2835 0 0 0 4.68192816483175 1.8411326756009236 -1.5537329863939195 0.40881567947458763 0.16371893856488912 0.6758276571118138
316 2844 0 0 0 4.681890830447743 1.8411294571332701 -1.5538464558519678 0.4088078542764503 0.16371444761185447 0.6758185986141285
317 2853 0 0 0 4.68184028334033 1.841133832385391 -1.5538416530811896 0.4088048214643928 0.16371786512312686 0.6758161782074954
318 2862 0 0 0 4.681893189776382 1.8411323059869453 -1.5537989677177677 0.4088122002579717 0.16371696522758034 0.6758236462329863
319 2871 0 0 0 4.68189566465556 1.8411322185646322 -1.553803069440697 0.408812144443755 0.1637165283362146 0.6758232767023312
320 2880 0 0 0 4.681973201453522 1.8411269859046184 -1.5537880990855197 0.40881811110525673 0.16371245747248792 0.6758293677995363
321 2889 0 0 0 4.681953665543206 1.8411283382752388 -1.5537919566306098 0.40881808380829404 0.16371342987843035 0.6758290519688998
322 2898 0 0 0 4.681961767274822 1.8411282075234183 -1.5537783194124342 0.40881844625273295 0.16371383052769786 0.675830090568469
323 2907 0 0 0 4.681966738058426 1.841129948371618 -1.5537366807560016 0.4088193277586167 0.16371620853983793 0.6758315921714699
324 2916 0 0 0 4.681907410238075 1.8411343302881336 -1.553744836713416 0.4088147639405814 0.1637195181386494 0.6758271524764417
325 2925 0 0 0 4.681941843250745 1.8411320100320532 -1.5537348483635995 0.40881819904025524 0.16371781066947094 0.6758301112150827
326 2934 0 0 0 4.68203314165373 1.8411284640997667 -1.5536680537274057 0.40882786176045754 0.163715884203765 0.6758397047113256
327 2943 0 0 0 4.682049790796291 1.8411284891294764 -1.553643463908302 0.408830083574366 0.16371634081536895 0.6758422201997475
328 2952 0 0 0 4.682066983523514 1.8411280471518319 -1.5536261261917648 0.40883354035515906 0.1637162468183166 0.6758457558100721
329 2961 0 0 0 4.682070737134907 1.8411269001500639 -1.5536394216917724 0.408832802814399 0.16371517724191567 0.6758445913891432
330 2970 0 0 0 4.682067931506618 1.84112743154565 -1.5536323461738617 0.40883262021738526 0.1637158032029701 0.6758445522406302
331 2979 0 0 0 4.682032309814122 1.8411292671239037 -1.553647485249002 0.40882802631113013 0.1637172296856847 0.6758402787073821
332 2988 0 0 0 4.682044029011936 1.841128677149054 -1.5536410852478828 0.4088299168467401 0.1637168058532485 0.6758419776504139
333 2997 0 0 0 4.681988310976988 1.8411301957968855 -1.5536953872744528 0.40882382884344926 0.16371702581514216 0.6758357215751061
334 3006 0 0 0 4.682008521590588 1.8411288342305339 -1.5536931813591923 0.4088255452905669 0.16371584322756952 0.6758373273574332
335 3015 0 0 0 4.6819870219994755 1.8411309278068668 -1.5536840255421462 0.40882364731164506 0.16371782162383058 0.6758358247728684
336 3024 0 0 0 4.682024856943401 1.8411304410446157 -1.5536367002253906 0.4088271742775105 0.16371832228584496 0.6758397264632816
337 3033 0 0 0 4.682015987777425 1.8411306025402918 -1.5536457863511282 0.4088254169269927 0.16371833651361528 0.6758379500978234
