% # columns="iteration, evaluation, sigma, void, void,  stds==sigma*sqrt(diag(C))", seed=449951, Thu Nov 30 11:16:32 2023, <python>{}</python>
1 9 1.9763724492969896 0 0 1.824150560010807 2.0207940682067034 1.951832416247652 1.8842114915382924 2.0351666749178454 2.0796233254824417
2 18 2.1679085143052563 0 0 2.0076736414118272 2.5091400207181462 2.1197640453759514 2.132271408573188 2.1572724449464773 2.2199145812677874
3 27 2.494197394403202 0 0 2.6571758230822837 2.91518863727831 2.4763254484302264 2.522707274263786 2.260928888993335 2.7288517070784395
4 36 2.1703393524138788 0 0 2.2980679533726844 2.5503069841698296 2.0836371283937973 2.188072239847217 1.7888503414525259 2.269023793458606
5 45 2.0279629439249143 0 0 2.191425876963328 2.283585102072602 1.9385683996138983 2.0117230475058587 1.5637741858009575 2.114577814160354
6 54 1.8681624979048104 0 0 1.9339433080819313 1.9534128005634688 1.7555631172624 1.8331905450781107 1.3787276556150379 2.028344957497859
7 63 1.6264721832569524 0 0 1.6755800511777013 1.7107378457876028 1.4870214604007619 1.5702789266852046 1.15281667034698 1.6868684993558158
8 72 1.477600026393513 0 0 1.5632490421216643 1.5107078065613273 1.304610496173798 1.4513685156144884 1.0125842865404442 1.5631247625845857
9 81 1.581164591547106 0 0 1.6610256127425471 1.6488982123897251 1.4028088833685832 1.5994239101419485 1.0563495888291157 1.6287057481692864
10 90 1.5227388693323345 0 0 1.575975739817575 1.531736542206546 1.4444293404995991 1.5343049122156114 0.9409249081150111 1.5836596435568335
11 99 1.7344975689550568 0 0 1.9591895555281336 1.7978355575161706 1.6597392405174485 1.8091950324298582 1.0156215493155853 1.800667150599723
12 108 1.5953581252816416 0 0 1.7898333666762078 1.6458952395646171 1.4025716783376916 1.6810842359694134 0.8726446376373247 1.6578686480494507
13 117 1.7312602852603947 0 0 2.047846107674097 1.8668129793445425 1.594788932788572 1.7405944852508932 0.9364690769292505 1.6866061440064086
14 126 1.7788054422329573 0 0 2.2409319277721593 1.9502861611625566 1.669021667119087 1.8834288484822777 0.9501196200297707 1.6273089360843438
15 135 1.9113835111996078 0 0 2.4104257539500433 2.212541894204392 1.7700230122521632 2.023525211361448 0.8751095813939345 1.787730689390847
16 144 1.9796179040397293 0 0 2.4779139959057437 2.48194447908248 1.7338669813561485 2.0651918393154385 0.8798927776119213 1.838004420081567
17 153 2.195050642725038 0 0 3.031431099423219 2.844763711060465 2.0884228507538047 2.2531610141429574 0.8614201766247608 1.957175916508417
18 162 2.019539079806605 0 0 2.8207730809834266 2.4875243466177013 1.9194247817864243 1.9914061609023783 0.7413626295634026 1.7093568670014467
19 171 2.1183388411085082 0 0 2.9820972601598954 2.8443820889053213 1.9704339674761235 2.0689863554039305 0.7029511817152281 1.7659188235199625
20 180 1.8110185491258761 0 0 2.648894707034399 2.439655122899796 1.6395853745942852 1.5577340357385676 0.5751873634405077 1.500675071062614
21 189 1.752649049074696 0 0 2.477909288461206 2.3972600901634453 1.5723711078163698 1.4862553201428375 0.5499631384199799 1.4281786234125275
22 198 1.6227769904020812 0 0 2.340102972555394 2.271698431095584 1.4594351019281564 1.3243474908529955 0.47524349214730044 1.2721646160960558
23 207 1.6577957099399023 0 0 2.4395842698853447 2.293088957227044 1.5522874274145229 1.3210537875291761 0.45114020416913325 1.248190954240108
24 216 1.5914795051267963 0 0 2.37230798722955 2.1588884276025455 1.4769374197120666 1.2463165434045929 0.4089193445467555 1.175779553792631
25 225 1.6138176996733355 0 0 2.6551656528937477 2.202630984825628 1.4809856759739084 1.2693776117003954 0.3814482396497433 1.162833703280058
26 234 1.6883053133700243 0 0 3.067470567287341 2.334851259353701 1.5584725488476854 1.3347383359591243 0.3741431906379491 1.1391318703435447
27 243 1.4960148305015915 0 0 2.760832124682634 1.9831911523231063 1.3446519897496305 1.1674492738552664 0.3084313952195214 1.0162638248040354
28 252 1.4278808005798658 0 0 2.650948718881502 1.9035256554565054 1.3567587462218236 1.0895600103059948 0.2658853325740379 0.9651347835982168
29 261 1.5232344300154084 0 0 3.0667648508579126 2.108741713481196 1.5444165206936296 1.2723715002035072 0.2623501228618781 1.0295267677257953
30 270 1.523205853085532 0 0 3.188497275592729 2.070774272136816 1.5503449046929771 1.2802019283543513 0.24591135178076134 1.0672345299049248
31 279 1.305230733199321 0 0 2.6848977469611035 1.7631629905069754 1.3108527288299223 1.101689148048038 0.2012468357821877 0.862007380311626
32 288 1.1805131477906965 0 0 2.5005477602449964 1.6414191460640293 1.2273335585997085 1.009906668638621 0.17125359398963574 0.7313039317358225
33 297 1.0220201158728472 0 0 2.199626232898061 1.3895772226584695 1.0632712185757478 0.8750702147764498 0.1414891057607049 0.6019291353795776
34 306 0.9928053570180712 0 0 2.2387139528852096 1.3637531330328558 1.0899745928779008 0.8515893600621967 0.13478328198169784 0.5466045633010972
35 315 0.8699628345762911 0 0 1.8962470600262666 1.1767787528339981 0.9289940210353016 0.7377121196936605 0.10851102158869451 0.45068921888473074
36 324 0.799634197633511 0 0 1.745918151621392 1.0551603553413553 0.8514924182347194 0.668438307967301 0.0962814821719682 0.3934405728843727
37 333 0.8684458037827503 0 0 1.8745478551631 1.1279905162199606 0.8979280340299259 0.792821532044211 0.09876069308142252 0.4164036518549483
38 342 0.7932027723223297 0 0 1.7165258785550417 1.0257163112327952 0.7764855592180638 0.7234055775254943 0.08798928030032488 0.36521507114862567
39 351 0.7124767869721736 0 0 1.5369958454127493 0.8863758246452531 0.683716380875968 0.6398251046052623 0.07804611080670382 0.31198480452005833
40 360 0.6267443270567354 0 0 1.3098695358115928 0.7690298744584607 0.6140904172391844 0.5567703074019378 0.06310881668860306 0.2726423464854383
41 369 0.6303346179798334 0 0 1.2300236761557257 0.7426424626630952 0.6131150857891564 0.5124094638241439 0.06235124911440773 0.2529982810102916
42 378 0.5689127059239344 0 0 1.0912309333069192 0.6327341638384657 0.559300107911451 0.465694547655172 0.05561564247529822 0.21287105791474606
43 387 0.5251816414608705 0 0 0.9507519178664214 0.5994338311091362 0.5083203509186893 0.42872221619128087 0.04832887893740201 0.18121734171332882
44 396 0.4608583625809798 0 0 0.8256753760486509 0.524339895098643 0.4437533951274338 0.36614080020365103 0.041052016690354125 0.15532855893899655
45 405 0.3790251929186403 0 0 0.6404886512697167 0.4206620701387623 0.3574009898354924 0.3032672128454473 0.03190669451876214 0.12710511914465497
46 414 0.3289337911034591 0 0 0.5367769950205518 0.3633187798987705 0.317604880072046 0.25471118400696446 0.02746062080681113 0.10320512858333718
47 423 0.34170108412564215 0 0 0.534757044965692 0.37990697354200925 0.33134056840264786 0.2667408968324672 0.0274734633912554 0.10429057631410321
48 432 0.40971530251315114 0 0 0.6290795455929614 0.48703215433369695 0.47823488979208106 0.33648223732225513 0.030875818116291198 0.1179609405834258
49 441 0.47697105573705545 0 0 0.7254104094513368 0.5526122420391052 0.6021054094768946 0.40354541403785715 0.03459881378339991 0.13005600050445035
50 450 0.5924043616627402 0 0 0.9168492532000603 0.6939286009217631 0.7568789606581233 0.4957169051305447 0.0422593573475011 0.15377218280914767
51 459 0.7075907794409161 0 0 1.2036482778975226 0.8230005751761166 0.9659899964561949 0.6319385259532005 0.048817074137295684 0.18077189915203676
52 468 0.7975405122459797 0 0 1.4184438026028767 0.9297647043684093 1.137188804530203 0.7359284989393593 0.05226284380839712 0.19419324894437257
53 477 0.927774385759928 0 0 1.7250608178908753 1.064758241106908 1.5034196128370871 0.8691639470139313 0.053091743285930734 0.22090642330174765
54 486 1.1006067443223182 0 0 2.0396200228515147 1.2033614151046392 1.8977419542082818 1.0145603829169605 0.06270698210020356 0.25419588937564824
55 495 0.9841282337048146 0 0 1.8377457506695771 1.052299059821915 1.7196062799614744 0.897841263252574 0.04937839996851725 0.22531526727450826
56 504 0.9080325635158185 0 0 1.6351594040808233 1.0569782755757986 1.5669291617548287 0.7967563698507998 0.043049604455320835 0.1990016747530867
57 513 0.9065025550132035 0 0 1.8015354483944481 1.0383861127560179 1.7222382730892887 0.785401029340997 0.04284099141136109 0.17758958243875062
58 522 0.8756600001803702 0 0 1.812003823036531 1.0417779597848231 1.6897963578877468 0.7488029327262806 0.03842082539332797 0.1610820455170829
59 531 0.8853410057435871 0 0 2.038741646827048 1.0755120124813564 1.7618968159832304 0.8060483920074316 0.03383950250205488 0.15548732544273494
60 540 0.8501529437460305 0 0 1.8782237738212726 1.0085756132564077 1.7691454082398501 0.7579816054659642 0.031517956502331676 0.14222241075585493
61 549 0.808503423036509 0 0 1.7869876252462027 0.9439840657024643 1.6129082632036764 0.716440303395444 0.028465954673168207 0.12276756571178932
62 558 0.6920835208987411 0 0 1.5682269225020755 0.762644690479723 1.368939003179327 0.5991235048976606 0.024280440511968447 0.09377610984358703
63 567 0.6822027811501203 0 0 1.5052929321863133 0.7412372687683386 1.2852064665594332 0.5786437477661739 0.02347550283589143 0.08682564903008007
64 576 0.6240403216272106 0 0 1.435345483733853 0.6775638900085752 1.2069789367041228 0.5383442031780881 0.01962789677881188 0.07728102523843387
65 585 0.5553968303582192 0 0 1.2337731191164618 0.578005929924552 1.05359379157434 0.4704689937151095 0.01662735734530612 0.06739070776486353
66 594 0.4671054583565044 0 0 1.0166154883996414 0.4903488570102159 0.8674266950518223 0.38211949672782825 0.013698827208142817 0.051780168925582626
67 603 0.45042119083268967 0 0 0.9622328925619014 0.47572165003039046 0.8009323138867508 0.3649352409470983 0.012073984130419112 0.04853063611454657
68 612 0.44109341453149664 0 0 0.9913966758823726 0.4754158729502726 0.7933610442112787 0.35936314803509944 0.011024493213658698 0.04316099321730168
69 621 0.4435638446829116 0 0 0.9841588282022774 0.5013475846864961 0.7782592203074044 0.3559357951891287 0.010747281395322718 0.040848746254485764
70 630 0.42067985212760795 0 0 0.9453848832981803 0.46276737606628504 0.7327846395845782 0.33867156409556914 0.008940356151574362 0.03593561600146949
71 639 0.39010837707764984 0 0 0.8546421757165046 0.44146884582994433 0.6834248325777825 0.31331311150929675 0.007590292040373873 0.030695878033067198
72 648 0.3328479988911251 0 0 0.7118327894166705 0.37234354482162035 0.58609541485746 0.2576705435686792 0.0061852085598201965 0.02427745439889821
73 657 0.2946298163712188 0 0 0.5805415066502935 0.32742825429490674 0.5074114057233193 0.21947943840035702 0.0053412387233686956 0.020835508315839583
74 666 0.31281051807653065 0 0 0.607712743846306 0.35124714978665383 0.5172315052470406 0.24310134746841403 0.005130638054579426 0.021897839974445492
75 675 0.31553864605102894 0 0 0.610350274972394 0.35104175325788817 0.4927888465536829 0.2609833914392629 0.004890183500506026 0.02047262974444099
76 684 0.36944220365243546 0 0 0.8391348421289901 0.41794614046730494 0.5655632697303982 0.31820265407951875 0.005582853546399266 0.022394875804620382
77 693 0.40865544216217636 0 0 0.9388793900691409 0.4653140804858878 0.6168914921853791 0.3873999578546179 0.005739284922454562 0.025036464588102995
78 702 0.5029787391412309 0 0 1.208239711889265 0.6002817993943639 0.7657116272455096 0.49762432628322667 0.006994946250769646 0.029627119873345233
79 711 0.5944611588283064 0 0 1.4776741269941125 0.714094913456233 0.9009267064915935 0.6176102256203023 0.007761336829492706 0.034805293461421895
80 720 0.5716574735260506 0 0 1.3771961608419967 0.6949351567218395 0.854440933097137 0.5921325868450263 0.007241930918557755 0.03027462993494793
81 729 0.5598226603899772 0 0 1.37362671865033 0.6701152649305154 0.8400806592439587 0.5993966002037927 0.00648291495671294 0.02924898418142783
82 738 0.5177503195842967 0 0 1.242630071596172 0.6315736554528034 0.7680321033354179 0.533454629044649 0.005508883321557366 0.025997694611605993
83 747 0.49786901322119503 0 0 1.1587768201158215 0.6156048367197033 0.7304913469211815 0.5059264897744387 0.005302280499877228 0.021032823546782094
84 756 0.4747077333483971 0 0 1.1546665235304636 0.5810674101130309 0.6650313650564299 0.49689376798588014 0.004991039630828294 0.01914987884922395
85 765 0.4806675427435746 0 0 1.1547420629918703 0.6095265952002759 0.6796104557844164 0.5038919525341158 0.004854801088236293 0.018310117265213734
86 774 0.4854402509150048 0 0 1.1469193374773015 0.6184284332674707 0.6731431290663817 0.4811667504699891 0.004982535022659188 0.016363165350519935
87 783 0.42962996340404397 0 0 0.9807397401888092 0.5440870049168066 0.5944903873516656 0.413782450586104 0.004317998988000975 0.013142472285247618
88 792 0.4548919247711856 0 0 1.1141499835669308 0.550862429626272 0.754694110184857 0.46499287885633117 0.004439824003696905 0.013487362277277112
89 801 0.44596029721393804 0 0 1.1034788273499807 0.5332148350174059 0.7606268949627915 0.48361775592583095 0.004209137728551077 0.013013286207283684
90 810 0.4426162864070494 0 0 1.0889077442978083 0.4931107625568552 0.7751521976353888 0.4822646865799563 0.0038818092238573237 0.012770138854429059
91 819 0.43300605529284314 0 0 1.0371296704817414 0.4819561420144955 0.7426788128469703 0.4412595745166032 0.003711703168861381 0.011554453788908842
92 828 0.40179611444418734 0 0 1.0007734193310274 0.4479268431822549 0.6951886785205451 0.42573202965059154 0.003095629280472005 0.010539700637875446
93 837 0.40997471217296955 0 0 0.9732472827883327 0.4774759825797346 0.7070268066387031 0.422958068758819 0.00289116454594297 0.010215830900109867
94 846 0.3555958226078044 0 0 0.8327808118005857 0.417250199531649 0.5906420994855036 0.37270580136231335 0.0024760235544606392 0.008491085560599554
95 855 0.3075300717676508 0 0 0.7201316780624423 0.37323846187787696 0.4917937005204883 0.31879744021458145 0.0020457567723054884 0.00691109534233905
96 864 0.31747539424689086 0 0 0.7703987182102877 0.3835839627717328 0.5458973300875327 0.3347423942407281 0.001994909982121222 0.006948678351118896
97 873 0.30707196907608447 0 0 0.7558433847257456 0.3548388058779722 0.5200757808674528 0.32890214273757107 0.0018398206695092612 0.006533360162100042
98 882 0.29480397623391674 0 0 0.6758376334207727 0.33778134859059117 0.5088433712921324 0.28540714478876617 0.001766580518738088 0.006201552824324506
99 891 0.25457741788841687 0 0 0.5813939248911109 0.2952012307307828 0.44123913787900104 0.24855813590084902 0.0014875471132163671 0.0048158791453225035
100 900 0.24927320048631527 0 0 0.5419850253514374 0.2890479246477754 0.44223800208370817 0.23528045647663037 0.00148563796702275 0.004173768331085245
101 909 0.26073007097113055 0 0 0.5721241684139012 0.3210116215606787 0.46487784117502423 0.2480560097017288 0.001477679995197349 0.004003564201882639
102 918 0.2910221885237626 0 0 0.6862105407273955 0.3512918303801486 0.48586950659801675 0.2688673894277093 0.0016422739227191952 0.004470136647337995
103 927 0.3333303966223961 0 0 0.8887779738838695 0.41439669113883243 0.5223853983795893 0.3345332227251438 0.001796662136017689 0.005132825740707335
104 936 0.33825892453699286 0 0 0.9403707307219226 0.4168512765720883 0.5454290078149993 0.35294201639843903 0.0017241304745854336 0.005030858270623548
105 945 0.35990509365381473 0 0 1.033306134172726 0.43823996309669533 0.6014249897884946 0.41923631090674196 0.001774753310200028 0.004999556689713752
106 954 0.3438859452993917 0 0 1.002726765778765 0.4260109594913014 0.5531227187909523 0.4057487085952497 0.001612371672024767 0.004568208476797849
107 963 0.34246462907539754 0 0 0.9823474716466367 0.4376752716802105 0.5303859717618321 0.4052026705836373 0.0014672740966470935 0.004267995782187338
108 972 0.3574890047168969 0 0 0.983228853390834 0.4792207017839207 0.558005486286217 0.40028517793850454 0.001403819101433022 0.004368497675972196
109 981 0.3965394208470179 0 0 1.005771063730399 0.5111891933493221 0.6372648913139789 0.43867107383836956 0.001645257885154259 0.004632103810096531
110 990 0.3710154309594761 0 0 0.993051702993778 0.4868744213280298 0.5975560053234436 0.41915006220784684 0.0013810625536942256 0.004071413867343144
111 999 0.3559024964125421 0 0 0.900387910521328 0.461647475452757 0.5608752554485948 0.3972965512971027 0.0012946084201161986 0.003838519530908526
112 1008 0.31713098356260744 0 0 0.7894878256342054 0.4148194967125289 0.49962019447608674 0.33854595281936284 0.0010952114574958457 0.003320170477617341
113 1017 0.3027844373717437 0 0 0.7702564888208384 0.3864432144286384 0.4747191380665226 0.32796945889777895 0.0009905555098146267 0.002958427863176691
114 1026 0.284995128357911 0 0 0.7456504159547552 0.36155529510035406 0.438830215083187 0.320771955559361 0.0009028039815832968 0.002573125002749005
115 1035 0.2666144323546342 0 0 0.6818861188414599 0.33658373978640616 0.41187512356012523 0.2887776323846628 0.000835747190817083 0.0022217974333388945
116 1044 0.22824695557362662 0 0 0.5376224016820239 0.28065804069347394 0.3488766653849164 0.23345907794919374 0.0006911291163341467 0.0018822989582712585
117 1053 0.210825714851765 0 0 0.4879791355339013 0.2527483948017103 0.3224845003021299 0.20885143124174235 0.0006330299774047544 0.0016219986243340336
118 1062 0.18741236423601673 0 0 0.41806135369120095 0.21027082595530477 0.2874817207594879 0.1717897862804746 0.0005546976980178769 0.0014053935145864696
119 1071 0.1753397657733264 0 0 0.38956708161486847 0.19382293311400095 0.2631778214732538 0.15474332458033965 0.000492277991827251 0.0013304114983727034
120 1080 0.15554946763833724 0 0 0.3254937352963118 0.171274565832123 0.22839626186562415 0.13099128580460623 0.0004206626717375 0.0011252684859254126
121 1089 0.1392682454882841 0 0 0.2860343082815955 0.15481220980635296 0.20370962582762833 0.11422680939490244 0.0003631293419494597 0.0009482369724266262
122 1098 0.12883725705507634 0 0 0.2647700354492962 0.14032545272747546 0.19104418483717103 0.10806868383850594 0.00033129088535991416 0.000880803796233056
123 1107 0.1375211429803792 0 0 0.28518754350937736 0.1454762008395676 0.22024394888405555 0.1129535862965649 0.00034254835665856306 0.0008778898727452792
124 1116 0.14099532277370133 0 0 0.29208139577825637 0.14257644632069974 0.2279623887934005 0.11440084686874007 0.00034558106216901454 0.0008436018818559391
125 1125 0.15478498203524624 0 0 0.3331420662344465 0.1458347200625002 0.2575391249598479 0.12717228975435332 0.0003820892869514259 0.000953007084380069
126 1134 0.1713996506615829 0 0 0.3688522682505002 0.15765265929077257 0.2974470431247119 0.1432105523386045 0.0004658758757242984 0.001047228631821675
127 1143 0.16102278047065235 0 0 0.3519251634064606 0.14958744437272928 0.2802728824253523 0.13633797239769854 0.00041129406741782055 0.0009751004822288816
128 1152 0.14617250518247973 0 0 0.3213664828049253 0.1346962044276659 0.2508600470659462 0.12564065655717319 0.00036653945069809433 0.0009002816137655575
129 1161 0.13334956746522156 0 0 0.2875289249844144 0.12985947461410005 0.22299608529438686 0.11190154535143705 0.0003035026864354724 0.000770675452198633
130 1170 0.1315609766065152 0 0 0.28682796629620205 0.13705863918001088 0.212271207307149 0.11080512648419642 0.0002983920951165253 0.0007611437513309041
131 1179 0.14079622190722918 0 0 0.2980528631268717 0.14404757421926925 0.2414331474368319 0.12763096568364823 0.0003194738559584915 0.0008050314913617999
132 1188 0.13732954828409422 0 0 0.2672370333514505 0.1398827530604887 0.2298537700825804 0.1098081971343098 0.0003213693201122959 0.0007616879951122035
133 1197 0.14245685530377533 0 0 0.2513279740100741 0.14698213950458155 0.23824973323333382 0.11163547253529475 0.00033532110317863395 0.0007999412571434142
134 1206 0.16064633079270021 0 0 0.3000283260935759 0.1651097057516115 0.28393311241799196 0.12100764066614654 0.00034307945860013843 0.0009576759180208779
135 1215 0.16965376965241216 0 0 0.3094410895671492 0.17491350186273924 0.330127218543281 0.1251216128210403 0.00037197757431370386 0.0009885720479631812
136 1224 0.1711394527575603 0 0 0.30347287794812566 0.17679539957872575 0.33523741523782813 0.12711175768840133 0.00036084478606442777 0.0009705429281453604
137 1233 0.17920008894453623 0 0 0.3063173191173217 0.1871825916525257 0.3483028024672892 0.13216655410080755 0.0003957698418758707 0.0010125506441165263
138 1242 0.17475356009295623 0 0 0.30571623982389445 0.17495698409234903 0.32979114531922826 0.1267471138270151 0.0003708788236288503 0.0010592219378300646
139 1251 0.18124386503148537 0 0 0.3229954844935554 0.1868183720486629 0.35673801795784565 0.126718711992047 0.00036805624125467505 0.001132540303965936
140 1260 0.17320435603732134 0 0 0.31060766384937766 0.17146284985841 0.3371524384570736 0.12072871863889574 0.0003927064103753427 0.0010620471178594483
141 1269 0.16817509323679183 0 0 0.30824678767744756 0.15919359179570533 0.3277780534240931 0.11759682631130616 0.00036125764820570415 0.0009866986624712055
142 1278 0.14853791700785596 0 0 0.2701200778816069 0.1386549289594869 0.29914212635580306 0.10424057324521786 0.00032271815888609525 0.0008155236420851332
143 1287 0.14215476487142276 0 0 0.25534631930255525 0.13955116662222436 0.2770018117624717 0.09664746676511857 0.00031596883393486026 0.00078744607567707
144 1296 0.15199162459377832 0 0 0.28625247733866205 0.14760722806485382 0.2965500204782628 0.09691931517962996 0.00034410241547297346 0.0008236319083957188
145 1305 0.14076496313810452 0 0 0.26548516837643094 0.13442727652877687 0.268575288587725 0.08913667583139585 0.0003162689023199022 0.0007247837285387659
146 1314 0.14639481936903512 0 0 0.27930947879948237 0.14707620420224218 0.2791759584954188 0.08999824383415098 0.0003158483019737504 0.0007738901399319193
147 1323 0.16392773410138534 0 0 0.3154777499849195 0.17082147153848498 0.3202736606884511 0.10089168561929479 0.0003500707505242193 0.0008588289654748436
148 1332 0.15588655646930968 0 0 0.28572549130912706 0.155055385090455 0.3111312978879152 0.09162256315941679 0.0003195624315910099 0.0007894195699335808
149 1341 0.16621065292828258 0 0 0.3001396498385779 0.1618640611511561 0.3404697720463229 0.0985886945249068 0.0003329517280590266 0.0008241306068066757
150 1350 0.17511910131514707 0 0 0.30722587810691215 0.15867035127637216 0.35470399318194995 0.1122219676779313 0.0003378306985453208 0.0008558772752619311
151 1359 0.19609617546834238 0 0 0.3289041356676516 0.17890449971672892 0.421497672199379 0.13728240017035576 0.00037907707664011745 0.0009716757727620063
152 1368 0.18133549751516026 0 0 0.3043389751280786 0.16337911830530358 0.38706620768841676 0.12599391471768628 0.0003677164507833008 0.0009361965127715206
153 1377 0.18084745691215362 0 0 0.31312779015228354 0.1736110857094527 0.3933289303120097 0.12568367703187006 0.0003674622932980752 0.0008957386461345802
154 1386 0.18273001848092857 0 0 0.30210977559068647 0.16624840795174006 0.37893321265028657 0.12297289585599974 0.00037038537031862216 0.0008971420919882401
155 1395 0.21394669697401228 0 0 0.3489752649709369 0.1891088039609795 0.4750873239516743 0.15284786339842882 0.00040976345156209186 0.001149833389718921
156 1404 0.20939286819574113 0 0 0.3462441777102008 0.19176569183198108 0.4621999445794456 0.15125647251943056 0.00037367061273114213 0.0010957282674680907
157 1413 0.2313169520139951 0 0 0.3790400653039465 0.2263134706869503 0.5373071978147899 0.1863820360318729 0.0004222312503233444 0.001171981787967055
158 1422 0.20691001089012503 0 0 0.333851002042358 0.19939333933077183 0.46134240872500487 0.15447721478329549 0.0003696737819038408 0.0010191724552628318
159 1431 0.17437241239515094 0 0 0.2690036034246492 0.1648326478200607 0.3768188729960081 0.12777177039090512 0.0003108673403703876 0.0008507795294129164
160 1440 0.16034666582119195 0 0 0.21913838937722271 0.15857085132771237 0.3278251493115186 0.10977640072711084 0.0002883197967851059 0.0007597812465440646
161 1449 0.13554055489389327 0 0 0.1764686020653577 0.13535324934532839 0.28420932182739445 0.09545921938716731 0.00022580524301566573 0.0006090219060090787
162 1458 0.13086382599685442 0 0 0.16819788345367542 0.1258750887755206 0.2814382860619357 0.09224923091962227 0.00023191949259835655 0.0005782287232287303
163 1467 0.12717258948976856 0 0 0.15168763643539032 0.12061326701925663 0.2702841281573774 0.08870763636585825 0.00021825243843401316 0.0005404922286644252
164 1476 0.12540847725842352 0 0 0.14840234421538778 0.11836820642171664 0.27742208445570643 0.0890627596932856 0.00022366985455824845 0.0005322718198626588
165 1485 0.12408559020409457 0 0 0.1418547407893699 0.11651852748953039 0.26482928460405164 0.08939174852386249 0.00021314554937701668 0.0005116576086765007
166 1494 0.12453119312530733 0 0 0.14123617837442048 0.11664075621680081 0.26053206408110036 0.0930560774027245 0.00019960506691680513 0.0005075675513452818
167 1503 0.1378474898850972 0 0 0.15667864647304314 0.12712378391141035 0.3008742347405614 0.10661675037699588 0.00021761441747644535 0.0005605067352997944
168 1512 0.15091855243481334 0 0 0.1700421029227986 0.14514478008659795 0.3491467040129262 0.12602405453038634 0.00023714693603738352 0.0006061849050484905
169 1521 0.15291283088381669 0 0 0.1668886302013715 0.14904942942120245 0.35122143053224864 0.12262248441311603 0.0002395589495396594 0.0006103729187727987
170 1530 0.1482755231855828 0 0 0.16711604967439941 0.1422573448346807 0.34896493567000125 0.12438269667650949 0.00023246274605085186 0.0005221538465461133
171 1539 0.1481452608172667 0 0 0.16739595070812002 0.14207688239052166 0.3353356220353835 0.12269063615129402 0.00023611014427989027 0.0005209315546284796
172 1548 0.14986940162134235 0 0 0.16351816619390608 0.15469540399278456 0.3641050087412759 0.13515847646079165 0.0002354215210231864 0.0005233999451157837
173 1557 0.1717130990635736 0 0 0.20240728822653759 0.18438122711751465 0.43115706442843227 0.15888717675243455 0.000273241145207148 0.0006112173404973091
174 1566 0.19524694818339214 0 0 0.22367478012791206 0.21135640722371546 0.4754753070937329 0.18150304972536221 0.00030256845402113066 0.0007223176611101011
175 1575 0.1782901071195954 0 0 0.19637410149447768 0.18767156372039148 0.43204004203590957 0.16252068455765784 0.0002777541763164162 0.0006594200055628725
176 1584 0.1597890145637427 0 0 0.17362941590414085 0.16374646616435465 0.3878373012320286 0.1452571406846345 0.0002435621757260355 0.0005804395932175284
177 1593 0.14117867948834414 0 0 0.14957315798113724 0.13757153735824687 0.31136645869838997 0.11939106015524832 0.00021289935247258496 0.0005351631903102431
178 1602 0.12888475857213266 0 0 0.13172248142759788 0.11905009702962822 0.28665760576032684 0.10476178739685238 0.00019446611830001634 0.000493857228763983
179 1611 0.13647362705811306 0 0 0.13351577200496134 0.12062928497160232 0.2921787352938947 0.10881522843034594 0.00023209155119860187 0.00051686995943678
180 1620 0.12789848375315982 0 0 0.12794811771549325 0.11265025710044722 0.2719088988280091 0.10103147657211824 0.00020859646904469736 0.0004949758086994514
181 1629 0.12291329048214478 0 0 0.11828490032187534 0.10648621602541244 0.2460313298550383 0.09307133112358483 0.000200709977236739 0.0004598506181344043
182 1638 0.12641682607230956 0 0 0.12103806690875872 0.11148296150846748 0.24107405205551014 0.09550276639993968 0.00018929290469999195 0.00046564190638247486
183 1647 0.12381146613348262 0 0 0.11853658662967038 0.1072471472625425 0.237960067280484 0.09497530169370527 0.00017723593065219006 0.0004592588029252834
184 1656 0.12362811930997551 0 0 0.11277367183347906 0.10464901313231752 0.22002552730226002 0.08430697505466703 0.00018443454804257858 0.0004491431899627845
185 1665 0.10445628269558041 0 0 0.09442866559368394 0.08679897986128582 0.19353379655440212 0.07286674317649912 0.00015675780955545736 0.00034468577673419515
186 1674 0.09228761554381526 0 0 0.0836438563817431 0.0750409048590322 0.17202264681094687 0.06439340741456918 0.00013492300736047595 0.0002935638328505218
187 1683 0.09437932003339049 0 0 0.08275201436540357 0.07860357539227367 0.19305737888811364 0.06905960047068255 0.00013845287660526747 0.0003036007631952082
188 1692 0.08832950661499589 0 0 0.07555390141456342 0.0723511849403749 0.1709539839659949 0.06327831728224464 0.00012106483529154382 0.0002691766350760442
189 1701 0.07938918080099583 0 0 0.06539059461343368 0.06175615877524162 0.15035520274295153 0.05602133119594814 0.00010248070805947595 0.00023852825636430777
190 1710 0.0729658382418779 0 0 0.058804986356283666 0.05822146260856094 0.1363476581987332 0.051198058919905254 8.511059793003734e-05 0.00021539157065524953
191 1719 0.06753066351058232 0 0 0.05529120072630222 0.05352431813602517 0.1323042831358055 0.049659187686304444 7.570818181343224e-05 0.00020091351931302094
192 1728 0.06102553927735492 0 0 0.049816089332637675 0.04748531768012875 0.11723284955238986 0.04421952341405512 6.68869224222761e-05 0.0001781093559173168
193 1737 0.05774869850671233 0 0 0.04456534510551742 0.04422286494379344 0.10790870058773423 0.039714751776724885 6.23672833744081e-05 0.00016394711019655168
194 1746 0.061330083104869544 0 0 0.04393091364298977 0.04968300684130539 0.12084238578000052 0.04505141535770361 6.577475029543639e-05 0.00018011096230905604
195 1755 0.06164469633207275 0 0 0.04152296973465442 0.049254519818614444 0.11596319824927355 0.04297999230472387 6.364855482924254e-05 0.00018848019415048487
196 1764 0.06110812371860791 0 0 0.04013204354639842 0.0491915819986971 0.11517534514636132 0.042606752828067265 6.208512573962147e-05 0.000184588730846064
197 1773 0.05928613423478006 0 0 0.038757679407642714 0.0489408583029021 0.11369412850887566 0.04189218996499458 6.13982489163628e-05 0.0001663297496880806
198 1782 0.054477244565705935 0 0 0.03452325989744362 0.03976956847126648 0.10211090708177673 0.03836762843057924 5.688920603991112e-05 0.00015591362370933647
199 1791 0.058409364312410915 0 0 0.03631380340274312 0.046420048965727 0.1095736678614905 0.040736588423600284 6.489709545392498e-05 0.00015974139211996297
200 1800 0.06734075537207491 0 0 0.041407951936965545 0.05277370754765641 0.12963999285614872 0.04777047625959098 7.573350728487512e-05 0.0001905151206378495
201 1809 0.06723773354937947 0 0 0.03917764950388807 0.04996417224016887 0.13108638806895787 0.04897228662241154 7.533749453721337e-05 0.00019297999439155637
202 1818 0.063753412359434 0 0 0.0365998912325933 0.047246024014284134 0.1278652502645586 0.047560378050471475 7.006604108405387e-05 0.0001847004925557603
203 1827 0.06255507664748072 0 0 0.03533977434232928 0.04636760619641478 0.12233660798368863 0.045811804265159 6.744160890796023e-05 0.00018718124934478662
204 1836 0.057329080661057186 0 0 0.032510268409178075 0.042607755682830734 0.1129480787406037 0.04288526807757963 6.122918989639577e-05 0.00016842028048294965
205 1845 0.06045402976912137 0 0 0.033514117039429296 0.04588415323011514 0.11903239497535766 0.04535907013176565 6.222311678856098e-05 0.00016781666099703962
206 1854 0.06158003430626929 0 0 0.033757386622081505 0.04768790740395633 0.10952309064577449 0.04284641892075237 6.338535974399954e-05 0.00016726493950864566
207 1863 0.06088788391118507 0 0 0.03079770125645068 0.045202641094494095 0.10630463784388813 0.04168367022270339 6.186558076985425e-05 0.00016476051863304383
208 1872 0.05932189029365854 0 0 0.02878943671521766 0.04401320642715074 0.10144160748111569 0.0397060015935504 5.8960993281780154e-05 0.00016417637433978257
209 1881 0.05921728164183908 0 0 0.02792704794247007 0.04352881663307242 0.09955677846394621 0.03931885139759768 5.8482305623081164e-05 0.00015777446561832624
210 1890 0.058371932889428324 0 0 0.026580410701660527 0.04496249115617144 0.09793546043213311 0.037837614810109554 5.522845483035642e-05 0.00014900585578744307
211 1899 0.05413218068524774 0 0 0.02392694970754834 0.041605743947741664 0.09318463553835561 0.03567499166951578 4.727746407801148e-05 0.00013890446501793553
212 1908 0.050646219261555915 0 0 0.022132340442075578 0.037236009435302704 0.08368568497840632 0.03310792514283048 4.406927425130951e-05 0.0001286975402704619
213 1917 0.04407271868251487 0 0 0.017829054473516265 0.03244072545247533 0.07233613656825862 0.0286319001421353 3.8255525983390976e-05 0.00010849840803267932
214 1926 0.03956001922205364 0 0 0.01606427124079981 0.02708282638972589 0.06211223582308491 0.025110293908309895 3.544791277860544e-05 9.580693882315355e-05
215 1935 0.04014548261810562 0 0 0.016689544692526818 0.02771141931322471 0.06066069268690925 0.024296910931705048 3.442552919233764e-05 9.861633353282304e-05
216 1944 0.04090004377850536 0 0 0.015959670634477244 0.02783370615418512 0.06285340759238003 0.024395904507242723 3.521414110908198e-05 0.00010255426827640837
217 1953 0.041163382692196444 0 0 0.016546240101259393 0.026711414179148036 0.06244106597407733 0.023953024509081947 3.246181479188339e-05 0.00010673868765148326
218 1962 0.0343244152736004 0 0 0.013824837693805153 0.022729639720587492 0.0488190148619456 0.018213475944286704 2.705235337280078e-05 8.856330664028059e-05
219 1971 0.03176637993138432 0 0 0.012493327756347193 0.021053679430026402 0.043585151682036964 0.017062466807378666 2.4906614957888514e-05 8.239337805719199e-05
220 1980 0.03156531727878084 0 0 0.012294624650934376 0.01952685659102739 0.044449072417955246 0.01744495446320466 2.4876054170706004e-05 7.599218963525745e-05
221 1989 0.028335193559133498 0 0 0.010979738499670304 0.016319722239818674 0.03720071736941071 0.014337153184366427 2.2152309591317047e-05 6.901857738987149e-05
222 1998 0.026869886760762216 0 0 0.01001849948895663 0.015381692046230412 0.034899812645565936 0.013763621546734345 1.9554781586545534e-05 6.917327453034533e-05
223 2007 0.028483380338564474 0 0 0.009952837120609436 0.016084415069417896 0.03884095354017262 0.015188176490029653 1.9821572999787347e-05 7.928485666601148e-05
224 2016 0.02667599981306052 0 0 0.009178945283625119 0.014873457181365072 0.03688571773310021 0.01394178833741727 1.7825994474274373e-05 7.337804593588608e-05
225 2025 0.02444857253842018 0 0 0.008480693915868151 0.013456880763526574 0.03380438412906663 0.012636683702977611 1.626433544794105e-05 6.823503094812817e-05
226 2034 0.022987065021436524 0 0 0.007656328640635144 0.011800637030736794 0.03318180846860442 0.01233788337595018 1.5195226324233014e-05 6.442219823073552e-05
227 2043 0.02411144474906804 0 0 0.008254631289976182 0.011850298506406612 0.033332901159590124 0.012338914249023636 1.695232182480522e-05 6.510295121417496e-05
228 2052 0.02638261950366684 0 0 0.009019166978073583 0.012553452941747477 0.03560817458292357 0.013885344552770766 1.8580266953327135e-05 7.255271556547408e-05
229 2061 0.029332571611147707 0 0 0.009805555008816172 0.013894348860510703 0.04029473656199584 0.015803999782410247 2.0842979770343888e-05 8.468640820246706e-05
230 2070 0.029348943004066423 0 0 0.009604533712618747 0.013462556211630918 0.04228706214630917 0.01673226662313985 2.143440105356349e-05 9.06953068592391e-05
231 2079 0.029672078338433307 0 0 0.009669436072266077 0.014047116893158738 0.04357224374767901 0.017633523942125282 2.1151876463131975e-05 9.49758806952574e-05
232 2088 0.028656355205585123 0 0 0.009329664041756324 0.013027500524447105 0.04210948136303232 0.01746866075973595 2.0904781410181707e-05 9.049229459852533e-05
233 2097 0.025273717849298046 0 0 0.007875028453779786 0.011199030497371634 0.03686308243514458 0.015457952765681824 1.9062738508583346e-05 8.054762269276257e-05
234 2106 0.026283078786711867 0 0 0.00789017374170543 0.01161457957483072 0.03803882773223202 0.015889821344110905 2.1114849773358015e-05 8.491030010375733e-05
235 2115 0.02461667547725526 0 0 0.007372486422725492 0.010194759687823155 0.03443423245660759 0.014511810745881861 1.9872449056410985e-05 7.900599142277476e-05
236 2124 0.0244078930914306 0 0 0.007525751429773688 0.009689866553674344 0.0337545304258318 0.014452066607099863 2.04075946794759e-05 7.781525902482119e-05
237 2133 0.02419868309396681 0 0 0.007029527794161729 0.008820101349371468 0.0329158694649233 0.013957090972366191 2.021137205837425e-05 7.552765228484316e-05
238 2142 0.022531812469865777 0 0 0.006673267096763266 0.008264619883615786 0.02989404849128281 0.012547184275852183 1.798157256290604e-05 6.88698646499134e-05
239 2151 0.019795471577770986 0 0 0.005991102745876747 0.007178228618642015 0.026255947605694788 0.01097704008876502 1.5207083217807857e-05 6.087603158183078e-05
240 2160 0.017469943939028544 0 0 0.005264760709740497 0.006151392725523164 0.02356714693156392 0.00971630187810084 1.3322772898311052e-05 5.257339269687097e-05
241 2169 0.015468812026471657 0 0 0.004459934806188793 0.00554724193461759 0.02047333666542314 0.008266112490177889 1.12901718197895e-05 4.6241381879863974e-05
242 2178 0.014870678291392228 0 0 0.004236840505476056 0.005396236968518965 0.01923847162089215 0.007764638368716332 1.0416722360212106e-05 4.434716551041424e-05
243 2187 0.013599768177685437 0 0 0.003927729394093354 0.004936061505378596 0.017389190141247443 0.0070486946809302006 8.932311905044974e-06 3.949841234628481e-05
244 2196 0.013028758215862643 0 0 0.003788711334292318 0.004932272082423165 0.016649566425878812 0.006892276757550193 8.265704742086328e-06 3.884930670828259e-05
245 2205 0.012578647615573146 0 0 0.0037410414473160974 0.00473269107738042 0.01578406075461485 0.0063675479390137854 7.408696754014818e-06 3.774764183509954e-05
246 2214 0.012967025842893562 0 0 0.0037962224384972447 0.0046695194440127645 0.016762528368734934 0.006545073474604966 8.303501605152015e-06 3.775845761889681e-05
247 2223 0.012677096934209256 0 0 0.0038982083450906572 0.004841442522060658 0.01635645395500421 0.006402613634928864 7.5668992337242636e-06 3.764085149922906e-05
248 2232 0.011522961350521114 0 0 0.0034038821202099705 0.004344712343595036 0.01537422969959192 0.006036960161637784 6.945558630218887e-06 3.521925212667365e-05
249 2241 0.012633368239628536 0 0 0.0036826459147251017 0.004803307397053959 0.016292845488735292 0.00672390622806124 8.230902591219709e-06 3.994289062941124e-05
250 2250 0.0149351801030877 0 0 0.0043687399589500695 0.0059163951718734275 0.01956865335982429 0.0086060489266429 1.0610003359869618e-05 5.4920419454117716e-05
251 2259 0.01663575023720966 0 0 0.00511881176823556 0.0068791440883252414 0.022942560751884396 0.010538039132282828 1.1772881572114848e-05 6.527986146928676e-05
252 2268 0.016988243010513097 0 0 0.005283744356419025 0.007172378613308208 0.022935222188154646 0.010755054320891263 1.2466855912446088e-05 6.776247250933603e-05
253 2277 0.015976549354444234 0 0 0.004765525207228606 0.00643290143655361 0.021230247512075754 0.009814231267591973 1.1847034391303944e-05 6.250708505881263e-05
254 2286 0.014714722794625474 0 0 0.0040920968876403075 0.005536628564141984 0.019521624931948086 0.008742353123143348 1.040468100081283e-05 5.5221807975053154e-05
255 2295 0.014243309773498141 0 0 0.003854835364466695 0.00519216661898259 0.017983998477199857 0.007726487887286578 8.98155974166268e-06 4.8790852631945176e-05
256 2304 0.014032153036122874 0 0 0.0038706357163590115 0.00523861282967683 0.018652987717846937 0.008143880232060734 8.934401084055348e-06 5.1581326739372435e-05
257 2313 0.013145473853057072 0 0 0.0035191266447070287 0.004685584038175826 0.01749026643584246 0.007492846998222368 8.237137236508581e-06 4.692814529006785e-05
258 2322 0.011446945654429391 0 0 0.003006734207573773 0.004071893250938836 0.015232949422545126 0.0065663163220635486 7.079261340381739e-06 4.036585327645539e-05
259 2331 0.011328769451539137 0 0 0.0032068822784373117 0.004135569963275221 0.015257224170643133 0.006531983858745205 6.758617695191722e-06 3.999085632250045e-05
260 2340 0.010553528368167775 0 0 0.0029823928804897496 0.003909245555612497 0.014781924945008882 0.0064022236996315205 6.322949473247816e-06 3.9333547191924405e-05
261 2349 0.009751946076385153 0 0 0.0028555177560845336 0.003815210537290482 0.013920113402505702 0.006137506869905914 5.827710658744243e-06 3.8413831327765524e-05
262 2358 0.008731332152930291 0 0 0.0025374782152553666 0.0034694184870693767 0.011820903116896556 0.005119581635904266 5.244608011418494e-06 3.290118349769531e-05
263 2367 0.007619881465216231 0 0 0.0021481926173517627 0.0030023177395792464 0.00971215493646828 0.0043288978937149804 4.475889883938782e-06 2.8013011055733844e-05
264 2376 0.007909023720891266 0 0 0.0021897212207887106 0.0030065836501520712 0.010116076317892011 0.004580491069905639 4.638422845779758e-06 2.8829302523671856e-05
265 2385 0.008510269735180476 0 0 0.0023121650662138284 0.0030971539444120564 0.011036720886376005 0.005020032104821537 4.951541056987111e-06 3.05425165431234e-05
266 2394 0.008119597182598583 0 0 0.0022614007850149647 0.0029906138655627166 0.01031646390643027 0.004801595248870567 4.707868505595985e-06 2.911222850963885e-05
267 2403 0.008680912009567958 0 0 0.0022612221761573012 0.003129637462229194 0.011250236912872432 0.005123507409382883 5.3752987544589e-06 3.024049101751901e-05
268 2412 0.009203142183958582 0 0 0.0022418346573295166 0.003065134895625706 0.011909812006786478 0.005253062528788502 5.520446535842837e-06 3.030084447562737e-05
269 2421 0.009463934066918108 0 0 0.0023904624525083944 0.00337295355040304 0.011705068558631663 0.005212071911417344 5.591758524166587e-06 2.9789158717030328e-05
270 2430 0.008990211697770773 0 0 0.002357994950494625 0.003271611312110151 0.01150439288702095 0.004975559899596986 5.179470906491745e-06 2.8409209053546045e-05
271 2439 0.009164193099442497 0 0 0.002250990889142772 0.0033051211485094437 0.011574657337320151 0.004922518759799964 5.0708476000318185e-06 2.9387257234164885e-05
272 2448 0.00927279976817594 0 0 0.0022849026831538474 0.003412697734000095 0.010786925636194489 0.004723291982528268 5.290209044092224e-06 2.8521283542839683e-05
273 2457 0.009294878774451502 0 0 0.002339932619419944 0.003473487555007913 0.011039751953976745 0.004724580694968321 5.275984281801909e-06 2.7940261143663646e-05
274 2466 0.009068114338305218 0 0 0.0022369719497226676 0.003354127753556537 0.010791317540393256 0.004573631145065873 5.041249285489091e-06 2.749120480379164e-05
275 2475 0.009389613472245914 0 0 0.0022795896581128197 0.003218951527037622 0.01083338599697591 0.004529187794773423 5.114154753791707e-06 2.7301098955973134e-05
276 2484 0.008319246278716351 0 0 0.0019721473039890076 0.0027781526777136373 0.00961816682452428 0.003956513186606878 4.27648648966765e-06 2.35406427129385e-05
277 2493 0.009358723757325884 0 0 0.0021482461937982573 0.0031385239172083356 0.010768136180714413 0.00453324424314873 4.817536879680875e-06 2.6426714388269926e-05
278 2502 0.010171165907274073 0 0 0.0023320270225539973 0.003597133063329016 0.011416030881508419 0.004863230451734593 5.186372963001406e-06 2.8730891319324636e-05
279 2511 0.010788095517956162 0 0 0.0022592309525740024 0.003593852329920191 0.01349804640671002 0.005319224545471069 5.277620691956678e-06 3.00315881568511e-05
280 2520 0.011826460432396381 0 0 0.002602139744236059 0.003889505793636296 0.015197255147991208 0.0056163335366092495 5.928527991106291e-06 3.188740899354383e-05
281 2529 0.014755045140984151 0 0 0.0035588554738449556 0.005158685165900896 0.019059906643951782 0.0070818788118461075 7.501774203077698e-06 4.0917743821631494e-05
282 2538 0.017780623613841067 0 0 0.004175732364793382 0.005768661301048434 0.026120865411295217 0.008937114507628985 8.661335659954362e-06 4.862592296136303e-05
283 2547 0.01840521581426831 0 0 0.00437886576724948 0.006064020852612533 0.023607238363475398 0.008082189958079272 8.838710478314436e-06 4.618113039500435e-05
284 2556 0.018342271939023352 0 0 0.004372034639071514 0.005814337280452053 0.02251412799373978 0.00774317695519179 9.110832556379045e-06 4.353738147991184e-05
285 2565 0.016538787405465216 0 0 0.003989217358589369 0.005273736823940154 0.019757402606891777 0.006851570162555207 8.369289971137231e-06 3.8618880607825296e-05
286 2574 0.01647511077571295 0 0 0.004362323567481534 0.0053395204316028354 0.020279329164018676 0.006950202244332629 8.502060099419743e-06 3.903380889942173e-05
287 2583 0.01565556969671406 0 0 0.0040059661739898144 0.005142495855137215 0.017939402834494408 0.006468018882057085 8.07179170430264e-06 3.6459498777046653e-05
288 2592 0.015286947080132054 0 0 0.003992396500633816 0.005216229198413572 0.016840467160265497 0.006405397719059197 7.617766299431863e-06 3.6803003027026377e-05
289 2601 0.014704520539731836 0 0 0.003812445201640824 0.004882735647560396 0.016116205881874367 0.006118700427449329 6.90605611389839e-06 3.530413278540078e-05
290 2610 0.014117211630523912 0 0 0.003686938642391219 0.004656675862353607 0.015380082709691403 0.005633459727005511 6.1359103568959405e-06 3.311793150540376e-05
291 2619 0.012267583261342791 0 0 0.0031294272747770086 0.003908604915567913 0.013186849873230884 0.004900930506038736 5.217032789517783e-06 2.8349402474206153e-05
292 2628 0.012143234034695988 0 0 0.0033403704644812643 0.004122134757733194 0.01220721856488601 0.004556846714830423 5.831061959252039e-06 2.6481492657040976e-05
293 2637 0.01222915176876159 0 0 0.0033894856618947914 0.004207155652867868 0.011953205582554848 0.004577320701335 5.852520912706598e-06 2.8007798284521153e-05
294 2646 0.01148396168475722 0 0 0.0030078109603378016 0.003706534427077274 0.010883346501871448 0.004040555745926772 5.34363481006684e-06 2.4238574383399005e-05
295 2655 0.011925871916856266 0 0 0.003056186876604151 0.003768143509502632 0.012297238027367185 0.004446296140756275 5.464534317716613e-06 2.5208371486103235e-05
296 2664 0.012594258326510012 0 0 0.003073985609063697 0.0037937148873505985 0.012909967498055036 0.004739353286097157 5.7347245476316965e-06 2.6481528268031705e-05
297 2673 0.012476733194731861 0 0 0.0029492118354878995 0.0035386165927110587 0.01271213657135918 0.004659239877324985 5.492368386018453e-06 2.619431876534693e-05
298 2682 0.011525419552609521 0 0 0.00274656301650217 0.00328091364340718 0.011542129302244622 0.004247894559389492 5.013365368555054e-06 2.397623882538897e-05
299 2691 0.011762064738474454 0 0 0.002787182741972969 0.0033091186379058096 0.011703176739484998 0.004305711061231186 4.8891165991311835e-06 2.3675969510295965e-05
300 2700 0.012749141653076673 0 0 0.0031407295373646503 0.003538713385966781 0.01235946185009754 0.004625714546260668 5.044763184274454e-06 2.486885888268572e-05
301 2709 0.01279185389405551 0 0 0.003191445097461923 0.003503886209605217 0.012086897529729248 0.004349395230715475 5.058767876505519e-06 2.4271076270064268e-05
302 2718 0.010893295264137251 0 0 0.002638601488835723 0.002912788997398995 0.009458369777242147 0.0033738909306525455 4.183654838548078e-06 1.9899520955131142e-05
303 2727 0.010748369098438012 0 0 0.0027062768051913295 0.0029750339490725655 0.009616557632150746 0.0035092200566734675 4.043927123809307e-06 1.9995153992079912e-05
304 2736 0.009104142156368619 0 0 0.0021939351042384145 0.002387995141765525 0.007927092111915177 0.0029279015679428977 3.201919178928399e-06 1.637727078514103e-05
305 2745 0.007824390486649369 0 0 0.0018057503338292384 0.0019667981165774223 0.006776951154298428 0.0024247522180856945 2.682284258964571e-06 1.3627904601899579e-05
306 2754 0.007517664922627398 0 0 0.001733702892684178 0.0019223493467210007 0.006663139010183847 0.0024213300177980254 2.5714808777386346e-06 1.3408561091836551e-05
307 2763 0.007627541620769595 0 0 0.0017218607706011666 0.001989509755235344 0.0064554529301668806 0.002397234467263858 2.625454432733408e-06 1.3618019916972449e-05
308 2772 0.006704375879914376 0 0 0.0015737492304481982 0.001842433621544465 0.005537034869585594 0.002265915020302805 2.363662714082011e-06 1.2709408066250949e-05
309 2781 0.005651176906690152 0 0 0.0012967409139088572 0.001486385702836448 0.0045219786286611755 0.0018258761322213729 1.8901742185378968e-06 1.0239745861245158e-05
310 2790 0.005520785291481207 0 0 0.001219426474930959 0.0014180619863492642 0.004246398057594779 0.0017042834562937658 1.774859089949894e-06 9.509400059855023e-06
311 2799 0.00571929474508931 0 0 0.001228310840168766 0.0014546051290596075 0.0047276675681391 0.0018447176485331548 1.862433610088487e-06 1.038093756578367e-05
312 2808 0.005858880115541008 0 0 0.001224873169446859 0.001495294000772308 0.004860445560131017 0.0018781499738566058 1.9037317126677965e-06 1.0734092257786574e-05
313 2817 0.005710754032408629 0 0 0.001162395745719599 0.0014095146637082285 0.004495927399409522 0.0017043373576239988 1.8665119129028455e-06 1.0031200651901549e-05
314 2826 0.005678834196465666 0 0 0.0011719148380931988 0.0013679210464114452 0.00450237673120316 0.0016951671849481178 1.8425489930131558e-06 9.394421492744434e-06
315 2835 0.007098053546398239 0 0 0.0014396040405869751 0.0017447493539162937 0.005661388314016718 0.0021306450121517215 2.4298360708709686e-06 1.1763424191383795e-05
316 2844 0.006916306388978328 0 0 0.0013681639250106902 0.0016253149047238296 0.005139328329866099 0.0019471209723322194 2.3269975901313205e-06 1.0715213667419949e-05
317 2853 0.0063560838481419735 0 0 0.0011996132599346953 0.001439741135430308 0.004736064173883206 0.0017659048102643712 2.0608305563557802e-06 9.508819965400213e-06
318 2862 0.006247310914051267 0 0 0.0012923123324107913 0.0015013166848017226 0.004725898872159349 0.0016713138848622469 2.1607261367860833e-06 8.922119928324023e-06
319 2871 0.0067114873800894264 0 0 0.0014396217257217454 0.0016535546741141829 0.0046554391719705185 0.001733045634410116 2.5032459259196792e-06 9.533742263986796e-06
320 2880 0.007113491916591394 0 0 0.0015665949198043368 0.0018289446088914538 0.005270379236760545 0.0018247366442929206 2.785888083015312e-06 1.0094249876955062e-05
321 2889 0.00711892623414923 0 0 0.0016230167429673917 0.0018426009939973749 0.005277457762625967 0.0018558038377049606 2.799560448755367e-06 9.938853547855983e-06
322 2898 0.0074442896511606035 0 0 0.0016776019855110087 0.0018331491497174095 0.0054209088758944745 0.0018828578499298523 2.8439187642455704e-06 9.883939770590496e-06
323 2907 0.007043533860981257 0 0 0.0016651054688299474 0.0017259614859464034 0.005213068743527093 0.0017248188281118678 2.638881343451935e-06 9.06058127104628e-06
324 2916 0.0072825825981484476 0 0 0.0018019478459533234 0.001821965743131018 0.005168321079087056 0.0019147428153843467 2.830243158916963e-06 9.526209379571539e-06
325 2925 0.008519348828645459 0 0 0.0020436275671397827 0.002032608224101187 0.006104520674191495 0.0022428105801688245 3.4080729329266944e-06 1.1059442057142477e-05
326 2934 0.00876809145768331 0 0 0.002093254450822476 0.002081475385400862 0.006412239863386412 0.0023207345673941274 3.60216948506198e-06 1.1149091865762885e-05
327 2943 0.009635792502262602 0 0 0.0023878843492741095 0.0023809877489570437 0.007005413538820625 0.002542210783495574 4.010365646244431e-06 1.1644137584321263e-05
328 2952 0.01126561237677045 0 0 0.002832747468155533 0.002715398874521259 0.008425256249181529 0.0028863936775506364 4.455864760914986e-06 1.3431075880975796e-05
329 2961 0.01271901543448701 0 0 0.0031213972885718133 0.0030324039131918675 0.009308836868960793 0.003234737628799149 5.041174953525043e-06 1.5050124388519285e-05
330 2970 0.012291614034663178 0 0 0.0029240026241562525 0.0027919870411212463 0.008480809078133415 0.003021662958270234 4.8402273962967145e-06 1.4598791140555416e-05
331 2979 0.010591557281849932 0 0 0.002371485504557429 0.00237445699723666 0.007023286541872959 0.0025646542032888697 4.103534855744925e-06 1.2139187572591462e-05
332 2988 0.00910605223989444 0 0 0.0020017243893762013 0.002017129539511556 0.005706991685169976 0.0019413007606564993 3.5380522820558495e-06 9.409668379952996e-06
333 2997 0.008611816312315265 0 0 0.0019098654149216248 0.0019101730615868756 0.005263094763673416 0.0018439450713378506 3.3193452895405133e-06 8.799008236454363e-06
334 3006 0.009237173358589005 0 0 0.0020934923137826303 0.0021556662330630915 0.005693118857008752 0.0018583214960622887 3.5551396195440436e-06 9.253311181791688e-06
335 3015 0.008813883625951504 0 0 0.0019303918604176285 0.001968278781554581 0.0055501119994705635 0.0016581242662044612 3.216742221057305e-06 8.157347215963545e-06
336 3024 0.008415853613664802 0 0 0.0018469073216649489 0.0020097711462122767 0.005376740960567555 0.0016049342403497819 3.2556554579537702e-06 7.783419322157876e-06
337 3033 0.00703754330758423 0 0 0.0015556912403227022 0.0016828830547601706 0.004528979387705848 0.0013767955774768752 2.6328975563772353e-06 6.718934323249578e-06
338 3042 0.00712207443406251 0 0 0.001599710255052361 0.0018192139823230685 0.004592913155702554 0.0013986742353124867 2.876637558058512e-06 6.8927663035829075e-06
339 3051 0.007595906304504856 0 0 0.0016941841181996654 0.0019070738300031368 0.004871313476194513 0.0014996508952451184 3.0144075049291257e-06 7.153572693897892e-06
340 3060 0.0070274037914360545 0 0 0.001544917232598642 0.001766464233796699 0.004516658888146258 0.0013345935857954926 2.753252428574465e-06 6.5182794926568474e-06
341 3069 0.007395652072185857 0 0 0.0016780373513167798 0.0018928371120007044 0.0046757389997907125 0.001375789946737092 2.9294534984688892e-06 6.316166379020591e-06
342 3078 0.007597511532297977 0 0 0.0017158778592245647 0.0019437920668335554 0.005010996749602183 0.0015326893444928319 2.9427759215551253e-06 6.740466317340499e-06
343 3087 0.00689323926391061 0 0 0.0014470584217941874 0.0016486459926243185 0.004446138334516334 0.0013328499145915105 2.5139923323322704e-06 5.904090330453062e-06
344 3096 0.006356768942622446 0 0 0.0013531246717923128 0.0015673577756650755 0.004182827297229196 0.0012132314010954502 2.3620707621293502e-06 5.173214342911926e-06
345 3105 0.006575742022411559 0 0 0.0014436471794196334 0.0016548085798273437 0.0048677572593684455 0.0013028936177410357 2.367855905530548e-06 4.974350147793755e-06
346 3114 0.006501017982953074 0 0 0.001359275457422762 0.0015069959760925637 0.004408658481687732 0.0012802051122399784 2.243479336366573e-06 4.816301012001535e-06
347 3123 0.00694671520298559 0 0 0.001465886565333209 0.0016364825938854285 0.004607984758933092 0.0013207653998232895 2.4470769983687452e-06 5.267251564397139e-06
348 3132 0.007604501442611005 0 0 0.0016460941639020214 0.001826488364742658 0.005185043624642281 0.0014479009445565617 2.669092416666778e-06 5.766735910519932e-06
349 3141 0.008399917161375435 0 0 0.0019088198894272983 0.002157972543454454 0.005553038091243197 0.0015665632474509523 3.023396403789813e-06 6.209020865330383e-06
350 3150 0.007940333338493484 0 0 0.0017834848654432367 0.0020461927179750115 0.005052467687703731 0.0014240697097717516 2.76404484658982e-06 5.840541867516202e-06
351 3159 0.006882701486977772 0 0 0.0015763070054080504 0.0017838778807725967 0.004473844591661876 0.00121616786543966 2.3314026411395245e-06 4.9611069795873104e-06
352 3168 0.005723463976992636 0 0 0.0012939738852422954 0.0014477780560049269 0.0035234101976674395 0.0009879003724423269 1.8832593955585338e-06 4.014261353313305e-06
353 3177 0.004932233884661241 0 0 0.001058891460923196 0.0011859553652112812 0.00290388726110874 0.0008292618144012041 1.5655292247218984e-06 3.42123492343319e-06
354 3186 0.0054909394056191965 0 0 0.0011168590386609215 0.0012726604912440109 0.003380502966391762 0.0009631252215501124 1.7445881394348414e-06 3.893234866184695e-06
355 3195 0.00507936308886527 0 0 0.0010107687658653611 0.0011557411963635873 0.003096141305783423 0.0009058852109140632 1.6738228155643844e-06 3.584498202125401e-06
356 3204 0.005321105863307773 0 0 0.0011155191167792086 0.0012842680698457976 0.0030466396522470895 0.0009288439396942755 1.9065725834057657e-06 3.7573280759196477e-06
357 3213 0.005104472642700736 0 0 0.001128718138408024 0.0013200185317657456 0.0027689229424528524 0.0008784662877773698 1.8815432806042945e-06 3.661718244275131e-06
358 3222 0.004949050032681029 0 0 0.0011715916958948084 0.0013594619945920337 0.0026951593200220166 0.0008901690943027679 1.8242029047911034e-06 3.557694621339843e-06
359 3231 0.005032772922215152 0 0 0.0011353318840567133 0.0013495407107280088 0.0026955244139902352 0.0009501694295333784 1.8997790204174531e-06 3.5427675646245448e-06
360 3240 0.005285271575633854 0 0 0.0012334710852365842 0.0014417877912936226 0.002718715359267599 0.0009775295990175077 2.0213547987534222e-06 3.8104658645769713e-06
361 3249 0.005315952207844361 0 0 0.0011985268503647039 0.0014169289454484914 0.0025909540388409096 0.0009795888783514877 2.038077823503479e-06 3.825350857111362e-06
362 3258 0.004771100608157318 0 0 0.001104298879642955 0.0012632041051616589 0.0023395935760938853 0.000888972657178394 1.790545919539773e-06 3.387100394915387e-06
363 3267 0.00508268704528786 0 0 0.0011652140131620404 0.001345241660589362 0.00273971329131178 0.0010460062122692947 1.962764918479665e-06 3.985410882613513e-06
364 3276 0.005457336814837606 0 0 0.0012910701558845768 0.0014451816799886713 0.0030695888932453755 0.0011378930421039133 2.0908766820284998e-06 4.295945200624712e-06
365 3285 0.006622506115618401 0 0 0.0018352041933329696 0.0019097710152981462 0.004084217839117704 0.001411857175523579 2.594393613281931e-06 5.3116821163651375e-06
366 3294 0.007643855930314793 0 0 0.0021689189920048625 0.002213073158689412 0.004564970942815378 0.0016314163512783078 3.1070800506526636e-06 6.235030423861901e-06
367 3303 0.007330981845626804 0 0 0.0020029857047485925 0.0020364083840847392 0.004213847480961668 0.0015677522955283988 2.9400294800056095e-06 5.805761406268887e-06
368 3312 0.007571172528413078 0 0 0.0020242801888952795 0.002025508840869368 0.004208907939777678 0.0015610604755412 3.1340908432747586e-06 5.9994590848071954e-06
369 3321 0.006446982954860005 0 0 0.0016164539029488061 0.0016679708874184902 0.00336960878689856 0.0012821403154420436 2.5374781381199085e-06 4.988660863535635e-06
370 3330 0.005866002295641976 0 0 0.0014797325600805766 0.001490985275584592 0.0030970240964050383 0.0011590474766559019 2.1914388014189445e-06 4.288256139132973e-06
371 3339 0.006470341768911718 0 0 0.0016721003365154105 0.0015863024871151947 0.0034312540197638792 0.0012416200843352173 2.5132490695508593e-06 4.8391576722787085e-06
372 3348 0.00722935048674182 0 0 0.0019932987645845212 0.0017995076170554392 0.003771837826703751 0.0014133266268287214 2.875396432775145e-06 5.066339493918792e-06
373 3357 0.007606680651581791 0 0 0.0021212570887276187 0.0018456561826018002 0.003961900825969904 0.001468947055124824 2.985603092362235e-06 5.31096816704051e-06
374 3366 0.00890693287932553 0 0 0.0024448810364036113 0.0020484549904680903 0.0045828787978972555 0.001660533941888479 3.3473316442221117e-06 6.2359995735813426e-06
375 3375 0.00851128962352096 0 0 0.002236904094561783 0.0017611392478979482 0.00426622538682889 0.0013773627182334356 3.057669508372398e-06 5.073906776737901e-06
376 3384 0.009584191244121238 0 0 0.002777565766695853 0.0020304923234101156 0.004753227608558103 0.0015211161047727594 3.66380215135738e-06 5.610841166722906e-06
377 3393 0.009115206190666547 0 0 0.0026465136025173065 0.0019695624009132173 0.004405590865900741 0.0013273082472796435 3.4937371768154254e-06 5.526669074848628e-06
378 3402 0.008564746864706332 0 0 0.0025446006968175023 0.0018640261368015013 0.004234545213956164 0.0012292684054213238 3.2314357867081307e-06 5.119751852070469e-06
379 3411 0.009443724918937265 0 0 0.002786708737057313 0.0021233137782558508 0.004619197885723938 0.00132382747067843 4.228892127360247e-06 5.999414449186225e-06
380 3420 0.0098745121353159 0 0 0.002930094212126506 0.002222117590118949 0.00480031941949901 0.0014215748695646597 4.375816312704575e-06 6.530582306422122e-06
381 3429 0.011985776151054808 0 0 0.0034782219555534034 0.0026372421052286337 0.005741184796462106 0.0017520929411788458 5.138689636000956e-06 8.345377535919462e-06
382 3438 0.013486050398980811 0 0 0.0039878445211039976 0.002999965334880668 0.006749976261994144 0.0019490777988517337 5.6200967529045895e-06 9.46540643066035e-06
383 3447 0.012861787528685385 0 0 0.0037358046614695745 0.0027663635164833222 0.006426928791922366 0.0018313256446945727 5.6607416405225636e-06 9.253936181845571e-06
384 3456 0.01303255706422076 0 0 0.003885306141821295 0.002758551736449426 0.007198301951979095 0.0019249823671130418 5.271400133918519e-06 9.185440447566019e-06
385 3465 0.013743466888593228 0 0 0.0040089037162775116 0.00271539811485145 0.007816216833359152 0.0021038627428469265 5.858020248647473e-06 1.0208115307135465e-05
386 3474 0.012118160022731575 0 0 0.0033220775948355954 0.0023244544750386856 0.006818483473066072 0.0018299272350598055 4.836924132942703e-06 8.792407817768162e-06
387 3483 0.011230823043500138 0 0 0.0030360286555823892 0.0021279216510338536 0.005736084862481247 0.0015745831736506818 4.378112092897179e-06 7.709452948803846e-06
388 3492 0.01024206322591243 0 0 0.002738949245793857 0.001868020711070231 0.004966586757926022 0.0013443986203787097 3.987243482998557e-06 6.9340610462132666e-06
389 3501 0.009652755018206973 0 0 0.002564097009994931 0.0017837074981757405 0.0047041079135588405 0.0012139482538873147 3.963184828287254e-06 6.322198265540278e-06
390 3510 0.008725299169533508 0 0 0.0021880863142117388 0.0016315775130349899 0.0042162991832231204 0.0010864348412782225 3.440093022255457e-06 5.77856844828454e-06
391 3519 0.007497629488609381 0 0 0.001840385691140176 0.001366135213445463 0.003596779862982768 0.0009388462151834674 2.7905005499568923e-06 4.875283324489281e-06
392 3528 0.006375368100363696 0 0 0.001495362756659262 0.0011208787215785257 0.0028886124593269767 0.0007753618145593101 2.298510352796688e-06 4.017818670378915e-06
393 3537 0.0063896869355464 0 0 0.0014772927992939028 0.0011243235206174456 0.002860228706361651 0.0007689661341857622 2.2879677300292883e-06 3.969838927531284e-06
394 3546 0.006655990657527305 0 0 0.0014642359149112663 0.0011701975158929655 0.0029558665926776918 0.0008131292505736543 2.4423627612223e-06 4.3430393277115845e-06
395 3555 0.006029355492238344 0 0 0.0013226169129673246 0.0010666408268572623 0.002657118357073379 0.00074939908269061 2.190155689263129e-06 3.896562261897463e-06
396 3564 0.005519810394520221 0 0 0.0012204902670839872 0.000959473500459275 0.0024873031649849564 0.0006571032739205406 1.900912061414456e-06 3.442978673301703e-06
397 3573 0.005516569183117363 0 0 0.001249487180477848 0.0009738539059378828 0.002536705205765262 0.0006849584642370243 1.7831380279549878e-06 3.1944699248141272e-06
398 3582 0.0056751945550692975 0 0 0.0012356691065949694 0.0009982589106642791 0.002758959983881254 0.0007130124500099614 1.8318619701740508e-06 3.270869221986957e-06
399 3591 0.005313525251320382 0 0 0.001169637572473107 0.0009437364444353153 0.002483597221164238 0.0006306389178756045 1.6950060013753223e-06 3.058793052762755e-06
400 3600 0.005316209430316768 0 0 0.0011422529923575439 0.0008939763530771429 0.002507976159718606 0.0006578675015189466 1.6519328509599083e-06 2.9985144543423795e-06
401 3609 0.006207542080061242 0 0 0.0013559120485088594 0.0010560321814412873 0.0029369455099706675 0.0007624867775374918 2.024025771492779e-06 3.470010570077488e-06
402 3618 0.007646667896356165 0 0 0.0015930625823327616 0.001267604535749762 0.0034535049567331467 0.0009418522935020373 2.600696790349621e-06 4.326252315601511e-06
403 3627 0.008631640680846767 0 0 0.0019301808823388579 0.0014604513343394318 0.003984325325430411 0.0010074297067949355 3.0168923813450156e-06 4.808367381722655e-06
404 3636 0.00940874839830522 0 0 0.0020629400121326695 0.0015647882345540913 0.004322324583112916 0.0011213380161770251 3.0816147126198793e-06 5.313224844767457e-06
405 3645 0.010550499875220434 0 0 0.0023689194969514957 0.0016922212141582758 0.005090851417556356 0.0013359450047864035 3.268524569016136e-06 5.926875782455368e-06
406 3654 0.011432608622430555 0 0 0.0025131467179812404 0.001855981669941044 0.005372044026206408 0.0015039580899760799 3.3161676048839885e-06 6.822700029097797e-06
407 3663 0.011225567491624308 0 0 0.0025140305083670017 0.0018612975772793426 0.005182342918151094 0.0014875046808325992 3.110734993315659e-06 6.691989420641126e-06
408 3672 0.01296182521989082 0 0 0.0027839119032341216 0.0021536182915470573 0.005930400659816789 0.0017669524586132372 3.33095508608798e-06 7.774646408306871e-06
409 3681 0.013307050965774654 0 0 0.0027855870003282127 0.0020944927623211553 0.005992937701019372 0.0017965135162159914 3.3343948036639062e-06 8.101542914046184e-06
410 3690 0.01410078250618239 0 0 0.0029274660274497526 0.0022851991602561997 0.006342437248269663 0.0018907874199950738 3.7882880917250626e-06 8.965949841376242e-06
411 3699 0.013484437908982455 0 0 0.0027368212426045397 0.002174599931296619 0.006115377378099669 0.001877936775660379 3.4565587077926703e-06 8.142874719605069e-06
412 3708 0.01248854204212171 0 0 0.0024444627355928506 0.001984381635940882 0.00560441358853278 0.0017388876771218204 3.2551592394272e-06 7.427544935555186e-06
413 3717 0.012573354896929949 0 0 0.002549816555669272 0.002016031924379971 0.00541970122203817 0.001654908045358981 3.2243929095227248e-06 6.929148800981901e-06
414 3726 0.013960923214770896 0 0 0.002914695743293378 0.002209957613338799 0.005831450409998175 0.0017481234874670824 3.9567765842702845e-06 7.6159798516482295e-06
415 3735 0.014491926685201214 0 0 0.0031213215889668573 0.0022173109854821426 0.006205424880226349 0.0016717788860842555 4.034503975433163e-06 7.512769757865428e-06
416 3744 0.016558857042322142 0 0 0.0040585528402353735 0.002741273653240203 0.0074418297306245605 0.0019295311961146512 4.741037527194341e-06 8.792151964954236e-06
417 3753 0.015066076563380963 0 0 0.003694437395856058 0.0024897699803708008 0.006950793853317858 0.0017579776561654694 4.237782418399968e-06 7.57016656172803e-06
418 3762 0.014340329426795518 0 0 0.003378213560930595 0.0022295358599636827 0.0066855594309739525 0.001595884367955321 4.0546942470793605e-06 6.93486190840067e-06
419 3771 0.01351620181191578 0 0 0.0030595801611955505 0.0020094348031652345 0.005846439469914215 0.0014387657572571295 3.99104942269128e-06 6.537181972705954e-06
420 3780 0.012440782510116063 0 0 0.0026921086362336416 0.0018159345633835945 0.005222597236092348 0.0012982039902054642 3.5268215557605532e-06 5.57188591430107e-06
421 3789 0.010770998439342322 0 0 0.0023626759603694865 0.0015447075322618572 0.004586989991533701 0.0010769024620125283 3.0132761046460068e-06 4.714950601672532e-06
422 3798 0.00940403268689621 0 0 0.002069991583702796 0.0013492277290674556 0.00393292167624026 0.0009135443635475557 2.525609295578576e-06 4.061113807656696e-06
423 3807 0.008612134200181523 0 0 0.00183450050787801 0.00122146592804154 0.0036684403390881562 0.0008048867387515639 2.2833652444886357e-06 3.809092754662188e-06
424 3816 0.008677121271324592 0 0 0.001836787659321322 0.0012144801281877861 0.0037509872950969364 0.0008284580601846494 2.4013359022018613e-06 4.133714617312876e-06
425 3825 0.008651533444996211 0 0 0.0018601686944664773 0.001175252317830966 0.0038498674977714303 0.0008039790058093435 2.5859720168753188e-06 4.353505896186875e-06
426 3834 0.008358507710223638 0 0 0.001730353285470762 0.0010994241095862863 0.0036600020720419556 0.0007964510978176926 2.472161341270788e-06 4.0956549242597045e-06
427 3843 0.009507306223226774 0 0 0.0023863853298115405 0.0013603712611370343 0.004732655447806276 0.0008928390093102294 3.2726275663179652e-06 5.034009291176804e-06
428 3852 0.011471993214840612 0 0 0.0032265189192109997 0.0017104791774630328 0.006216243986266396 0.0010473208762850033 4.681565913038971e-06 6.775602930336112e-06
429 3861 0.012701229061631205 0 0 0.0036839117025127457 0.0018122597304864793 0.006837933531320877 0.001160118878125337 5.73994312066665e-06 7.991655853516465e-06
430 3870 0.011921833063099213 0 0 0.0035177447139979976 0.0017358670106365204 0.006670297470770914 0.001090034793184472 5.490144750567097e-06 7.66873855707162e-06
431 3879 0.012415391375218899 0 0 0.0035962873454160943 0.0017521187028682636 0.0068515949537001795 0.001155934251189951 5.745111620877722e-06 8.146472478826598e-06
432 3888 0.012590714990939575 0 0 0.0035540430390037527 0.0017416835922881818 0.0069430601199783806 0.0011724651841717479 5.655276180044657e-06 7.897355805842154e-06
433 3897 0.011441974991675702 0 0 0.003182094955728599 0.0014849360464538992 0.00626919140948233 0.0010740924974085783 5.1535415187931345e-06 7.073913279271112e-06
434 3906 0.011516935092301764 0 0 0.0031726071459308278 0.001505810450399289 0.0062475664591090775 0.001114612647142601 4.956549301080656e-06 6.808028741682376e-06
435 3915 0.011816136542945097 0 0 0.0030610791223803554 0.0015624742099098648 0.006012986473334051 0.0011140704616464019 5.040940569254242e-06 6.7948144986392155e-06
436 3924 0.011196801665244529 0 0 0.0027932897169971865 0.0014945722482532344 0.00562902535253782 0.001027281015362421 4.49239941812859e-06 6.0240629006614355e-06
437 3933 0.011021811906289355 0 0 0.0027505701480256494 0.0014917944542501482 0.005709658108590863 0.001036997392211304 4.180218920845074e-06 5.7465875217024615e-06
438 3942 0.011312971583107328 0 0 0.002811789326977905 0.0014459562320487884 0.005711345436548632 0.0010058385556412839 4.547606334511997e-06 5.617247921185811e-06
439 3951 0.014300496620594162 0 0 0.00351467426492849 0.0018304422549315475 0.006896561464877401 0.0012588549563743523 5.520936665225986e-06 6.784458532192616e-06
440 3960 0.015665991126218696 0 0 0.0038604757170470965 0.0019579646446321393 0.007525944862192718 0.001361677630526261 6.060023571084993e-06 7.4976095277040465e-06
441 3969 0.01584660082619249 0 0 0.003759558090387534 0.00194860459400801 0.007438974956992334 0.001397737644416839 6.325256024036348e-06 7.749243778734998e-06
442 3978 0.014859724165304813 0 0 0.0033832836384106633 0.001770093284962414 0.006718536235716503 0.0013016569568366104 5.91451368843934e-06 7.1965065572483064e-06
443 3987 0.015427618460343894 0 0 0.003461908900760984 0.001925801626212837 0.006592980519837996 0.0013271904959903243 6.426639328287924e-06 7.72911169589332e-06
444 3996 0.016311996611306768 0 0 0.004055209122687106 0.0021889275583196616 0.007180909120232522 0.0014199579174561602 7.371001969630522e-06 8.637428682851981e-06
445 4005 0.017600517623283754 0 0 0.004306465751487964 0.0023452610631702663 0.007862428868136545 0.0015641898658728137 8.031251889284658e-06 9.881071574715582e-06
446 4014 0.017183991331499452 0 0 0.004223571558068046 0.0022917860735366803 0.00798141885967223 0.0016717383092929058 7.98697427137218e-06 1.0418187604400452e-05
447 4023 0.01513685617352017 0 0 0.003575576799353503 0.0020676048169202175 0.007143363080646029 0.0015411631985175415 6.584936193798006e-06 9.027288608168804e-06
448 4032 0.014231285227115623 0 0 0.0033849873131836347 0.001881056332443633 0.006375927367517067 0.0013045046791812357 6.447454643652478e-06 8.280732380046754e-06
449 4041 0.01562276402929077 0 0 0.00363632502698517 0.002153205080592613 0.006727005792469291 0.0015097148391992944 7.586743183515227e-06 9.442148903513758e-06
450 4050 0.0159732838251997 0 0 0.003656451065980254 0.002076192336549083 0.006588244915091846 0.0015353506884260213 7.819729472074772e-06 9.573850858719474e-06
451 4059 0.01638643929973817 0 0 0.0036146685271176314 0.0022018860304782125 0.0066404156437937555 0.0015748105022126038 8.079393685538859e-06 1.0428112011022476e-05
452 4068 0.016409820623663487 0 0 0.003522633223568389 0.0021130661381921095 0.006586784353929105 0.001576116560159854 8.14610202307397e-06 1.0397719275824876e-05
453 4077 0.01538939332700003 0 0 0.0032149534889976184 0.0018972378173420287 0.005961811267774237 0.001396853810056998 7.612748897852698e-06 9.498298812475112e-06
454 4086 0.020577594957539726 0 0 0.004577950379004836 0.0025586208779722597 0.00825308425899209 0.0018946585887801134 1.0988762887059242e-05 1.3408028169816615e-05
455 4095 0.024677551491172532 0 0 0.005502846682689182 0.003026945339123687 0.009637049150244775 0.002188162516774417 1.3094769385296977e-05 1.6276898680649775e-05
456 4104 0.02369094139310488 0 0 0.005432680847038593 0.002969813728313526 0.009349662903998733 0.0020085731218248146 1.2256220003961811e-05 1.4975583094382148e-05
457 4113 0.02600251020767039 0 0 0.005592730494236257 0.0034135883792572475 0.009844710662914086 0.0024842478965562275 1.4135893493247201e-05 1.8108565309543e-05
458 4122 0.02800977542258352 0 0 0.005863905201033264 0.0038607756704738512 0.010589602861556387 0.0025426266395796636 1.4389609033581209e-05 1.845236160674255e-05
459 4131 0.027044390652990507 0 0 0.0056450621383592 0.003646143193219322 0.010144569074408935 0.0024130755619664905 1.3745625543780362e-05 1.7677596519994174e-05
460 4140 0.025580507506782677 0 0 0.005287072678984996 0.003380016285536418 0.009503742584847688 0.0021868844922536294 1.2907404211793284e-05 1.6345209965820575e-05
461 4149 0.026305593026494028 0 0 0.005909769490630288 0.0035945723898781075 0.010324028905813841 0.0021728994552310224 1.3430243931979635e-05 1.693467618158317e-05
462 4158 0.02450922512428798 0 0 0.005407292908132414 0.003492862172081595 0.009266589021386037 0.0020233619601777927 1.2049826676349268e-05 1.5208855245236936e-05
463 4167 0.02280205708047621 0 0 0.005074191035435815 0.00321250130375408 0.00873144602992259 0.0018663543011174634 1.0793914662911002e-05 1.4166791261019989e-05
464 4176 0.02043706226018903 0 0 0.0045210246110721514 0.0028716556993607476 0.007865795125003731 0.001653013167717687 9.74688032632113e-06 1.2710049030102654e-05
465 4185 0.01796724100433986 0 0 0.003879652820951005 0.0025124181116566433 0.006634860204651456 0.0014569367558746292 8.66215825890846e-06 1.1285073216411273e-05
466 4194 0.016046674660967652 0 0 0.0034547529261987927 0.002269359426788045 0.005905433785240144 0.0012610660298334225 7.523180992781363e-06 9.826042086432086e-06
467 4203 0.012824854388276005 0 0 0.0027133431606047665 0.0017034644053971887 0.004629134153016995 0.0009948249142127917 5.9249539870532785e-06 7.685120523120377e-06
468 4212 0.013068417018541091 0 0 0.002738885096263374 0.0016638823120576438 0.004767022571643805 0.001002208710868257 6.183472494021138e-06 7.764396689011682e-06
469 4221 0.012895642997931854 0 0 0.0026477928068444224 0.001665122287313364 0.004769926536539 0.0010069951526414326 5.676351790924015e-06 7.50037630253004e-06
470 4230 0.013473138828832814 0 0 0.002630199507424281 0.0016999739432882177 0.004977747678250432 0.0010830576730315265 5.495737245139884e-06 7.304796064427141e-06
471 4239 0.014143964911293426 0 0 0.002780598406491236 0.0018292136314690577 0.005074601526766691 0.0011231566394585655 5.8646265215213756e-06 7.562253882061342e-06
472 4248 0.01414095225823444 0 0 0.0026934444800397724 0.0018182202469973349 0.004981145978940319 0.0011319607553711367 5.860271648400081e-06 7.766008486151026e-06
473 4257 0.015536742722160674 0 0 0.002942622540058971 0.002133168360314563 0.005381855103380409 0.0012409909397286343 6.12805373619365e-06 8.143775159463967e-06
474 4266 0.013495134484743676 0 0 0.0025555042998940385 0.0018645232555622915 0.0046458278837294914 0.0010154086449676958 5.088306662272109e-06 6.864879052910041e-06
475 4275 0.01291777644656924 0 0 0.0025606662338639235 0.0017827411746310152 0.00490814268772837 0.0009651412389837083 4.550398220478031e-06 6.288547493051105e-06
476 4284 0.012756018691264739 0 0 0.0024768796702114813 0.0017872149589531414 0.004787800687229822 0.0009085884536838943 4.511743345766669e-06 6.122800972593027e-06
477 4293 0.012890101501790175 0 0 0.0025514949061799814 0.0018676020724805972 0.004923659224707579 0.0008931145065495274 4.352589426961849e-06 6.097699627682413e-06
478 4302 0.012597232034784859 0 0 0.0025437875421606094 0.0017938425013726154 0.00476779987735315 0.0008555583442474306 4.157011571622609e-06 5.872110215956492e-06
479 4311 0.01253677331333936 0 0 0.0026085836797901697 0.0018988738436097913 0.004969344691732811 0.0008182927642394399 4.09860892050498e-06 5.735539561444639e-06
480 4320 0.01282359377645574 0 0 0.0027311982302891885 0.001959341625112141 0.005073354276559901 0.0008208062055889689 3.978796739171039e-06 5.762959745613885e-06
481 4329 0.011253949617597792 0 0 0.0023577745576923307 0.0017223822057594717 0.004307160385786456 0.0007003398250001752 3.5596098338242594e-06 5.108250392370671e-06
482 4338 0.010005574084161011 0 0 0.0020801916279992484 0.0014980761234232622 0.003702754289628966 0.0005706499133576456 3.1263095602946624e-06 4.456215837413022e-06
483 4347 0.009734754484236992 0 0 0.002038486656514542 0.001439051434922081 0.0036193624806021485 0.0005377938262034284 2.8126906731234916e-06 4.093954781638711e-06
484 4356 0.008612224378212421 0 0 0.0017621904041171166 0.0012480513126392266 0.003117626206489834 0.0004879310140796622 2.4171959115297077e-06 3.46216757121717e-06
485 4365 0.00801852263178382 0 0 0.001566861859916166 0.001120245936628311 0.0028339248797970224 0.00044943969940100775 2.19690882793404e-06 3.1091234763803183e-06
486 4374 0.009044146617910103 0 0 0.0017215435999755444 0.0013186111152333107 0.003101531519622478 0.0005221706478136647 2.7596626287625333e-06 3.8064067629564864e-06
487 4383 0.01028071344900923 0 0 0.0020732435818408826 0.0016549518021622698 0.0036482411985916583 0.0006358339404024166 3.267808878493375e-06 4.407619697512336e-06
488 4392 0.010838948043229836 0 0 0.002054554096078598 0.001745448371838213 0.003724973201831043 0.0007133559098173544 3.6216163393842923e-06 4.740734125754571e-06
489 4401 0.01037523130385647 0 0 0.0019690937693726328 0.0016159394513908711 0.003500520485422552 0.0006878886341910831 3.394575364125789e-06 4.519885691179377e-06
490 4410 0.009916698295906372 0 0 0.0018495881880003188 0.0015084342703085498 0.003180973401443233 0.0006346665907004752 3.208457669723536e-06 4.145421806129836e-06
491 4419 0.009261968626089011 0 0 0.0018659190046908076 0.0014922136345994778 0.003050346555521187 0.0005888441289536387 2.842906905333767e-06 3.7000499881218844e-06
492 4428 0.008688051199364723 0 0 0.0017960779872728976 0.0013905690697528048 0.002829993814779696 0.0005397286335756019 2.6258900074076054e-06 3.4391238334498297e-06
493 4437 0.008098427672223671 0 0 0.001632598853550586 0.0012900324530622507 0.0025761073571236998 0.0005298402029387353 2.4314607655431715e-06 3.2741179827360114e-06
494 4446 0.008610602669750996 0 0 0.0017250672551148078 0.0013566505874410349 0.0026205779473457654 0.0005878805758517012 2.5777817683979272e-06 3.3991857006378563e-06
495 4455 0.009209419821617605 0 0 0.0017718151369772045 0.0014186790791538765 0.0027109287564587355 0.0006565977790296416 2.702240236156608e-06 3.6324267348552584e-06
496 4464 0.008126080935364457 0 0 0.001481909104828713 0.00117857704780865 0.0022719936870856006 0.000563114725524591 2.3591311784943757e-06 3.1281982504467978e-06
497 4473 0.007680378647102391 0 0 0.0013727617481369726 0.0010944672072914932 0.0020560996434117306 0.0005406521351736374 2.2427053060126624e-06 2.9565639830533666e-06
498 4482 0.006807420866832314 0 0 0.0012140313251919725 0.0009392749084189735 0.0018051065358356592 0.00046852938252068106 1.844123223414684e-06 2.497821971824974e-06
499 4491 0.00674240598383303 0 0 0.0012267434132156388 0.0008980048024883504 0.0018107538599822488 0.00043635778387946645 1.8008888423065545e-06 2.462648126604198e-06
500 4500 0.006944283741864665 0 0 0.0012786223663059824 0.0009677314272211135 0.001827135180671902 0.000468591455562862 1.901649365241609e-06 2.549210113230933e-06
501 4509 0.006497900765657243 0 0 0.0012015015826845924 0.0009150033805975168 0.00169722368542126 0.0004394536879373211 1.8107578017640875e-06 2.468667256269792e-06
502 4518 0.006085896819530535 0 0 0.0011604141563808866 0.0008770156129699831 0.0016773626744525127 0.0004162925762457018 1.7100154159921782e-06 2.329285595924326e-06
503 4527 0.00577392717332297 0 0 0.0011196462499352584 0.0008186112893812625 0.0016355496175925897 0.0003780572185737095 1.6107192090744442e-06 2.1448836490906337e-06
504 4536 0.005511582881922128 0 0 0.0010581826806871208 0.0007722722478753474 0.0015567651254182239 0.00035557050820132443 1.455051249090272e-06 1.9515555731974004e-06
505 4545 0.005370895874516098 0 0 0.0011140371116165346 0.0007813163905674485 0.0015862043966309682 0.0003415766359669552 1.4267383995344669e-06 1.8502291173989643e-06
506 4554 0.0048795288044599485 0 0 0.0010164590896810306 0.0007284970944683012 0.001429528812490806 0.00030797822066003754 1.2450679755097064e-06 1.6779610469806782e-06
507 4563 0.004440715487453892 0 0 0.0008979296301945932 0.0006591871648809362 0.0012841987319961027 0.0002789893780475085 1.1181570091150956e-06 1.5440273510347436e-06
508 4572 0.003856901715326222 0 0 0.0008045737345876749 0.0005917745243460035 0.0011488983652387127 0.00024397577042502904 9.772552481855204e-07 1.3393259459104884e-06
509 4581 0.003908774157346062 0 0 0.000816136970319667 0.0005981464318326867 0.0011673491778831323 0.00024799384355991323 9.76443428240144e-07 1.3706589660925245e-06
510 4590 0.00466224936464523 0 0 0.0011785780089851783 0.0008479292289658264 0.0016652523088675315 0.00031134889378542585 1.1945422438121735e-06 1.6393141311710058e-06
511 4599 0.0048365834620360355 0 0 0.0012401316104192618 0.0008944421627676292 0.0017501298882384051 0.0003270558821914411 1.2803770602898526e-06 1.776559620597959e-06
512 4608 0.004818202252537843 0 0 0.0012002105457407713 0.0008634988770175043 0.001676513485430976 0.00032575987059098023 1.2157600280792473e-06 1.7088623093482678e-06
513 4617 0.0051043810200293 0 0 0.0011487778182397925 0.000826852153739725 0.0015920742819537429 0.00033819478940126874 1.3044189416093646e-06 1.8072410671505404e-06
514 4626 0.005754563136087861 0 0 0.0013129448295348275 0.0009272144448311491 0.0018243486874063995 0.0003638181909039363 1.4393831318210179e-06 1.974020269782468e-06
515 4635 0.006358519671906896 0 0 0.0013311871816239723 0.0009830959143449715 0.0018540354308332035 0.0004018449988765243 1.539230885459527e-06 2.1195409131496443e-06
516 4644 0.005367320040047424 0 0 0.0010841218442682646 0.0008110667489762541 0.0015327034072732456 0.0003343138956870254 1.2469466091699977e-06 1.7386916008461004e-06
517 4653 0.005147765582861186 0 0 0.0009582126107176396 0.000701359967219806 0.0014001134072767732 0.0002980701131771844 1.170405174303721e-06 1.6638446096518052e-06
518 4662 0.0046776336405490865 0 0 0.000849658896283215 0.0006188277870409153 0.0012449903933561689 0.00025713137711036297 1.0274381862523524e-06 1.4456263677799782e-06
519 4671 0.004352503116524099 0 0 0.0007900916372522802 0.000565276584746491 0.0011654233330262024 0.0002374280055589655 9.329164504061031e-07 1.3144983576520194e-06
520 4680 0.004709485173377585 0 0 0.0008071543955284904 0.0005899596499782367 0.0012330483513935788 0.00025991225307707877 9.780934890033248e-07 1.423799997846064e-06
521 4689 0.0042786913472874855 0 0 0.0007343311758945311 0.0005312568261089114 0.0011371204721212893 0.00023345248017242029 8.831018153125029e-07 1.2771879262692862e-06
522 4698 0.004435294881016387 0 0 0.0007673746556583428 0.0005678432253028342 0.0011556923017649564 0.00023920281104431883 8.980200268105062e-07 1.3104109698641183e-06
523 4707 0.004844686948329144 0 0 0.0008692388754342891 0.000647619323675297 0.0012645533464449021 0.00027095637618339985 1.0069741720970136e-06 1.4918869082717417e-06
524 4716 0.004795869229303488 0 0 0.000860034316435819 0.0006403748006106291 0.00124582793120179 0.0002674401462838647 9.963340027999508e-07 1.4911466833926273e-06
525 4725 0.005193319434368933 0 0 0.0009449318915827966 0.0007027130855861932 0.001342861560322835 0.00031286597105486353 1.0396621414489196e-06 1.619674380839368e-06
526 4734 0.006870238195399393 0 0 0.0012398264222768882 0.0008989289960147261 0.0017383156235552982 0.0004151957353213239 1.3887818468825195e-06 2.1714528137133433e-06
527 4743 0.006942390208727818 0 0 0.0012269169514493206 0.0008595469626514434 0.001684167318678834 0.00040173844793456374 1.3410121063702407e-06 2.0853763513456566e-06
528 4752 0.006116534821272527 0 0 0.001024966841342089 0.0007171953851792522 0.0013797827583967549 0.00035976964533614874 1.166886146209189e-06 1.8419167669752942e-06
529 4761 0.005286079869191782 0 0 0.0008670423492976246 0.0006094769867041068 0.0011817805683151644 0.00030871159427758535 1.0133085854168525e-06 1.5940621933302055e-06
530 4770 0.005425160636357066 0 0 0.0009981529794040541 0.0007057930549021719 0.0013895104619166866 0.0003124454847857647 1.0376028376626595e-06 1.609153445434602e-06
531 4779 0.0060470036114714226 0 0 0.0011486292532650046 0.0008080404209322567 0.001618465982480359 0.0003481697695743892 1.0687120556832575e-06 1.7155154141274058e-06
532 4788 0.006784232529677741 0 0 0.0012744977072663836 0.0008824656621483798 0.0018581546320699984 0.00035609433222067935 1.163377945744869e-06 1.86414643555498e-06
533 4797 0.008063020777334798 0 0 0.0015773749314061676 0.0011252519024922887 0.0022449017114822972 0.0004356781240112848 1.349623620399829e-06 2.2659629909526285e-06
534 4806 0.00796929349283921 0 0 0.0015546127331164004 0.0010939103372697987 0.002237360094399058 0.0004065978908531958 1.3286163416964933e-06 2.1761693059563887e-06
535 4815 0.00707382344989142 0 0 0.0013365905375007892 0.0009447738356251087 0.0018715519135018707 0.0003628966155838828 1.1728516156810185e-06 1.9512104261407565e-06
536 4824 0.006301301460290408 0 0 0.0011088893741935959 0.0007806720595823479 0.0015833072102455236 0.00030223692110059613 1.1321856922730778e-06 1.7857228619688229e-06
537 4833 0.005729324916046716 0 0 0.0009815279576566613 0.0006919403138561738 0.0014509020960854985 0.0002572980715291169 1.0468023357997676e-06 1.6214516420556528e-06
538 4842 0.005643992023659037 0 0 0.00099301930293699 0.0006656461979087466 0.0014712727401513146 0.00023566386903300164 1.0397385006877334e-06 1.56709118766628e-06
539 4851 0.005103153977717479 0 0 0.0008227274211514455 0.0005579566991565122 0.001240532955514505 0.00020571790428537546 9.317840854582169e-07 1.3922330178077723e-06
540 4860 0.005269130213347574 0 0 0.0008972357760609257 0.0006160462722483718 0.001259692050330727 0.00022656831669103268 9.54979694561347e-07 1.419728581475609e-06
541 4869 0.005530582436506546 0 0 0.0009569294459930541 0.0006813982413369984 0.0013268734867299186 0.00025322861643745987 1.0241538022476546e-06 1.5007891513474966e-06
542 4878 0.005769577312450275 0 0 0.0010078770635591587 0.0007218508595964316 0.0014446770763526537 0.0002464660810535128 1.0484917437026577e-06 1.4795385546503227e-06
543 4887 0.00516251270651658 0 0 0.0008597929414146979 0.0006230276898217312 0.0012153589874804645 0.00022033292147913408 9.773295734081062e-07 1.3693701964225948e-06
544 4896 0.004860726410464299 0 0 0.0007951309783197665 0.0005741559033592501 0.0011291651251240226 0.00019991821935310062 9.090574179773786e-07 1.2366736554771146e-06
545 4905 0.004703396039042141 0 0 0.0007779217371071167 0.0005489229500452141 0.0011178033134440935 0.00019016478419235476 8.62907118897863e-07 1.2163166158920846e-06
