% # columns="iteration, evaluation, sigma, axis ratio, bestever, best, median, worst objective function value, further objective values of best", seed=437019, Thu Nov 30 11:11:11 2023, <python>{}</python>
1 9 1.9117400616184608 1.0000416675347343 0.040025324967420776 4.0025324967420776e-02 226.26943023141217 129506.13300802422   
2 18 2.006918670207508 1.3428558771451127 0.040025324967420776 5.0161848403303580e-02 0.3403639845284618 913.2566780422349   
3 27 2.0303344604025524 1.504483934025334 0.040025324967420776 4.8915626767827999e-02 0.16585594620568755 109.52696693434864   
4 36 2.104738144078886 1.5320698311547223 0.040025324967420776 8.6452510381304359e-02 0.2608105663123162 2190.717179738296   
5 45 2.3739446614195776 1.5665164141169743 0.040025324967420776 8.6472632631104843e-02 0.3787997861621613 12.526722972252593   
6 54 2.5201455809644497 1.787373923408379 0.040025324967420776 6.2984389383423697e-02 0.13109682657211766 1.4191294040409344   
7 63 2.6659541941565883 2.0129960888028116 0.040025324967420776 9.0260355892688687e-02 0.2650259819466148 3.420022183392895   
8 72 2.6641302328546153 2.17323522358067 0.040025324967420776 4.1482948342628598e-02 0.15105467756260074 3.394246444548866   
9 81 2.465456148149033 2.2514239594095065 0.040025324967420776 4.8674069274750126e-02 0.3306088100127216 67.36782919715736   
10 90 2.486191469085381 2.280896634852399 0.040025324967420776 4.8512235806685157e-02 0.2331293747150486 33.29551108914539   
11 99 2.500886183190158 2.52212141833079 0.040025324967420776 7.0204484631889483e-02 0.21377794331062955 38.73214502653497   
12 108 2.5827889797212267 2.724729774837988 0.040025324967420776 4.0944796132706678e-02 0.5506227851263176 194.5926543709242   
13 117 2.6993281335789163 3.0369122890899796 0.040025324967420776 8.6121508282974463e-02 1.2730382594814162 10.244801988318983   
14 126 2.5928662824336763 3.4696024848732225 0.040025324967420776 4.0200595599071326e-02 0.27363869896568466 16.727729879569953   
15 135 2.6042359174309286 3.7835421652162893 0.040025324967420776 1.3619264728753289e-01 0.46265415413993094 2.1511528532350415   
16 144 2.406546899514974 4.064584312234707 0.040025324967420776 1.2705885221364197e-01 0.23753145247112886 0.3012423800548793   
17 153 2.2748151215121015 4.452969841041464 0.034486964600894884 3.4486964600894884e-02 0.2533867689650046 3.416616582400389   
18 162 2.366038749716101 4.588513763398768 0.034486964600894884 3.7770242181691324e-02 0.1253768140711481 1.864876150939828   
19 171 2.0636370700680753 4.803370041493621 0.034486964600894884 6.7014670220353553e-02 0.2724405558298044 0.9013296115813088   
20 180 2.1110994694362253 4.734944179240648 0.034486964600894884 4.6566538707443914e-02 0.14849438315333846 0.9816343224074194   
21 189 1.9776853246542607 4.729590113733278 0.034486964600894884 6.4356358996400839e-02 0.15891970866012609 17.021385258528685   
22 198 1.910611333739297 5.622775702020192 0.032253181735700166 3.2253181735700166e-02 0.0894558058239183 2.004101659036219   
23 207 1.7211918207092662 5.758471197189812 0.032253181735700166 4.0230862914587648e-02 0.09573021643296868 0.19324069883430486   
24 216 1.7196561992981123 5.677072961381013 0.032253181735700166 4.8810084038837673e-02 0.08620050744290406 0.1856065777384535   
25 225 1.914217338390057 6.502821007014908 0.032253181735700166 6.1203186762681536e-02 0.07491078496488796 0.16069707841629793   
26 234 1.7051867045438183 7.6387437190490965 0.032253181735700166 5.4531798493105313e-02 0.17038555615164175 1.7512207086840823   
27 243 1.508218847448791 8.05224261577761 0.032253181735700166 5.5179119108458678e-02 0.1324126518760628 0.5719484440939757   
28 252 1.6185655014211955 9.059758395041577 0.031057861384664515 3.1057861384664515e-02 0.09817513429282394 0.17738514480746037   
29 261 1.6234420466170794 9.677946398245393 0.031057861384664515 3.7163683520722919e-02 0.054230224037059654 0.4761512763326152   
30 270 1.4824723321754738 10.228540370001081 0.031057861384664515 3.8829242558583485e-02 0.07330286324800787 0.4862647918690098   
31 279 1.3838154433110408 10.625466133696127 0.031057861384664515 3.7487690847582092e-02 0.05576253567443835 0.09717961518539835   
32 288 1.2335408647066202 11.397967334188603 0.031057861384664515 4.0614274966232801e-02 0.0708706195863111 0.63995060607302   
33 297 1.1797063588122856 11.262064092035757 0.031057861384664515 3.3027903165388062e-02 0.04556078144227912 0.10993751250169741   
34 306 1.0993813240002017 11.501368838732542 0.031057861384664515 3.4018982374753662e-02 0.047511943920661104 0.08946639287535975   
35 315 1.3050831531430616 12.248290307299817 0.031057861384664515 3.2265449347745917e-02 0.04733435722292079 0.3300819505415523   
36 324 1.4022942205109479 12.844517487263538 0.031057861384664515 3.2011813036412942e-02 0.04780166880389676 0.10599857464858956   
37 333 1.3733295532193845 12.862854951392332 0.031057861384664515 3.5277911220376199e-02 0.049802935973825214 0.11443292541790503   
38 342 1.2140889095306622 13.344624834435377 0.031057861384664515 3.4874002101279770e-02 0.04298435303152548 0.0846397286070158   
39 351 1.1782457404933038 13.553480764902435 0.031057861384664515 3.6033127744577814e-02 0.04218974562750476 0.09426221275196876   
40 360 1.1783152170299904 14.223708152765857 0.031057861384664515 3.3276905725089651e-02 0.03834172024590985 0.05386155631778192   
41 369 1.1796046306268182 14.753184750899607 0.031057861384664515 3.3072099720522517e-02 0.03716430281734769 0.07100615389709033   
42 378 1.2451249897991712 15.08399544559256 0.031057861384664515 3.1108760417535769e-02 0.03541643740580227 0.05359385703199967   
43 387 1.1778271677135126 16.648705079235178 0.031057861384664515 3.2654460004036212e-02 0.03650829586582951 0.04621214181916905   
44 396 1.1749634200922086 17.741642025056198 0.031057861384664515 3.3875604091560846e-02 0.03474929115708594 0.10100830187466363   
45 405 1.095430978604052 17.03262127269938 0.031057861384664515 3.3025264341624179e-02 0.04271685235664679 0.09358275089378468   
46 414 1.201709930133673 18.893405499812232 0.031057861384664515 3.2114011018958652e-02 0.036522114889988036 0.0874908338534204   
47 423 1.1714095901231816 22.85391163307826 0.031057861384664515 3.1546479113409437e-02 0.03789329915370831 0.05316417034889948   
48 432 0.9962577186290529 25.55174632034821 0.031057861384664515 3.3262138346387797e-02 0.03839033534522726 0.09173899780528627   
49 441 0.8442030757598128 26.477616963915885 0.031057861384664515 3.1462567837267530e-02 0.03485310531830958 0.039211114599439184   
50 450 0.8437533391241624 27.5101496443912 0.031038883312800723 3.1038883312800723e-02 0.034563943859393285 0.045234297519465824   
51 459 0.8146104069756812 29.70567138645955 0.031038883312800723 3.1590319676229613e-02 0.0330146500126797 0.035448784314649914   
52 468 0.9044274681807736 29.523169911425384 0.031038883312800723 3.1207633991365124e-02 0.03256149667020164 0.03624213107561436   
53 477 0.964648678162713 33.59254546527956 0.031038883312800723 3.1658642989299095e-02 0.03206350219609379 0.03637808466620775   
54 486 0.9474530661278565 38.57488431515659 0.031038883312800723 3.1721410073836019e-02 0.03322292108953908 0.03759059243210622   
55 495 0.8807962909474216 41.73164952987379 0.031038883312800723 3.1629655205657144e-02 0.03230656921868169 0.043453649625345245   
56 504 0.8238710568831957 46.209397732457724 0.031038883312800723 3.1087829495200028e-02 0.03193467186160981 0.037054034784240006   
57 513 0.6848328325866327 46.23474690367234 0.031038883312800723 3.1046845263998979e-02 0.03247570320840967 0.03510308875163515   
58 522 0.7317534763493593 45.882153374328986 0.031038883312800723 3.1087720652089104e-02 0.03161135359856038 0.03285861934088631   
59 531 0.6665632753875195 48.54795005736094 0.031038883312800723 3.1200964491438037e-02 0.031939236373140396 0.03793399075267805   
60 540 0.6035281112321187 49.82653849549317 0.031038883312800723 3.1246001263697604e-02 0.03233439108114538 0.032960355011742125   
61 549 0.5350584284317332 53.050994704895466 0.031038883312800723 3.1316980094220202e-02 0.03167247575712128 0.03767652210923588   
62 558 0.4781747990155396 54.64996525122859 0.030977598402888367 3.0977598402888367e-02 0.03116447438155896 0.03228095982850972   
63 567 0.41505325202972443 57.263840148025395 0.03097552993065871 3.0975529930658711e-02 0.03114413051573762 0.03192367493998958   
64 576 0.3263868369698331 59.47761112730051 0.03097552993065871 3.0992757431225305e-02 0.031117741175365126 0.0313813669369439   
65 585 0.26821978488905307 62.46394701244144 0.03097552993065871 3.0994610395165163e-02 0.031041656136682277 0.03142362480199891   
66 594 0.2277811847799817 64.22273570837461 0.030973104037636413 3.0973104037636413e-02 0.031000285556841384 0.031121547902085225   
67 603 0.24747293297754513 65.72344789717754 0.03097230508822423 3.0972305088224229e-02 0.030994198320191447 0.031052490923583753   
68 612 0.2667170397199529 67.10181770144233 0.03097230508822423 3.1005031672559330e-02 0.03104841842824768 0.03121037085010509   
69 621 0.2518653940338496 73.17165029287185 0.03097230508822423 3.0973116995685626e-02 0.03103922551844563 0.031274569666820955   
70 630 0.2410108413915714 75.64381310920803 0.03097230508822423 3.0988930710454742e-02 0.03101068907763743 0.03110724278084536   
71 639 0.2033232916627689 73.88114221682726 0.03097230508822423 3.0983982739110995e-02 0.031008693662452683 0.0310898095425957   
72 648 0.170991914516087 74.6555706104678 0.03097230508822423 3.0977607477070311e-02 0.030996171942357303 0.03106652186800276   
73 657 0.178473965089927 75.56320624052114 0.03097230508822423 3.0974787019569155e-02 0.030989241910324206 0.031093289332573548   
74 666 0.1822261021215082 88.36997301706029 0.030969738317493688 3.0969738317493688e-02 0.03097771483849621 0.031046418075120177   
75 675 0.1647282244323903 94.73360494873377 0.030969738317493688 3.0970656047767171e-02 0.03097968048912344 0.03099116563803409   
76 684 0.15896148181126774 109.07409196207868 0.030969738317493688 3.0969964454665572e-02 0.030979685126417387 0.030988797481068378   
77 693 0.16180147570162656 106.6909365005607 0.030969738317493688 3.0970973478991973e-02 0.03097470413086919 0.03098025063956586   
78 702 0.142093206071022 110.67216288510313 0.030969738317493688 3.0969884476533798e-02 0.030971173789028347 0.03099180849011444   
79 711 0.15494068602133945 113.46957550592393 0.030969738317493688 3.0970573486856494e-02 0.03097379411123969 0.03098309590669612   
80 720 0.15359494352789618 126.78048694335101 0.030969738317493688 3.0971639301094540e-02 0.030975100532168835 0.03099382024141996   
81 729 0.13803598224840063 138.70993839183586 0.030969738317493688 3.0972071773950952e-02 0.03097997959466592 0.03098959980161727   
82 738 0.12947023058392013 148.2344214212007 0.030969738317493688 3.0969999922760207e-02 0.030970629140420803 0.03097500825393521   
83 747 0.1265003148776397 154.1574705314492 0.030969738317493688 3.0970044460619316e-02 0.030971772569270237 0.03097626399024999   
84 756 0.13118630516394925 174.37525399977605 0.030969738317493688 3.0969882374440712e-02 0.0309737779171505 0.03098251870941456   
85 765 0.12980851538169055 201.4851488837778 0.030969738317493688 3.0969819040738214e-02 0.030970834354947824 0.03097986080863272   
86 774 0.1143408896956791 216.99989163590652 0.030969722382903526 3.0969722382903526e-02 0.03097109840027805 0.030974072784192258   
87 783 0.1093480759353739 223.66344369359928 0.030969722382903526 3.0970056678116729e-02 0.030970762304135976 0.030973211911188018   
88 792 0.10997595648610316 230.4245702349891 0.030969722382903526 3.0969913983481697e-02 0.03097013182848344 0.030971810601237486   
89 801 0.11039724836073712 222.35068806075662 0.03096958835657366 3.0969588356573659e-02 0.03097036065606481 0.0309722559290515   
90 810 0.13099853312463886 252.4923286903719 0.03096958086760835 3.0969580867608350e-02 0.030969973621517047 0.030970603385248895   
91 819 0.13341132886514956 296.01548530602855 0.03096958086760835 3.0969719394209422e-02 0.030970394078880338 0.030973128522338956   
92 828 0.12436949126006558 306.42365998845753 0.03096958086760835 3.0969640119697564e-02 0.03097093672438525 0.03097337589095405   
93 837 0.1094551921307567 325.39738956486565 0.03096958086760835 3.0969621813190754e-02 0.030970554676301318 0.030972329645596253   
94 846 0.0974263047884001 335.9038712913541 0.03096958086760835 3.0969945586863234e-02 0.030970620056780317 0.030973303530154792   
95 855 0.08402534886466913 323.67849938405 0.030969570309800194 3.0969570309800194e-02 0.030969781132768062 0.03097163194301713   
96 864 0.08553910592861463 331.0403087936032 0.030969568362205845 3.0969568362205845e-02 0.030969647563324047 0.03097082712213044   
97 873 0.08021075044378106 331.390630480386 0.030969568362205845 3.0969583962404124e-02 0.030969908171370682 0.030970749112923204   
98 882 0.07458508269489751 372.3474100419888 0.030969568362205845 3.0969577890755644e-02 0.030969759247453554 0.030970288202004842   
99 891 0.07693305484193474 396.73092494870707 0.030969568362205845 3.0969582787295023e-02 0.03096969315111563 0.030970079871340896   
100 900 0.07862154733508486 488.60152796010743 0.03096956762620187 3.0969567626201872e-02 0.030969688918324 0.030970214967614276   
101 909 0.08414518600845593 538.5404332707856 0.03096956762620187 3.0969585982573319e-02 0.030969819272202725 0.03097020105305652   
102 918 0.07981463372533384 546.73472248372 0.03096956762620187 3.0969569562507578e-02 0.030969612941239243 0.030970014048956787   
103 927 0.07190958143917589 544.1247124911756 0.03096956762620187 3.0969579291103742e-02 0.030969713680975345 0.030969925772742008   
104 936 0.06931092885302054 567.7266434536169 0.030969560969978258 3.0969560969978258e-02 0.03096961302694271 0.030969750668066502   
105 945 0.07781772764718443 570.756573130984 0.030969560969978258 3.0969564601705694e-02 0.030969607707304846 0.030969778355599463   
106 954 0.06922852197415086 582.7257550372944 0.030969560969978258 3.0969564577533835e-02 0.030969686952618022 0.030969894564526212   
107 963 0.06558273416243328 598.5753193228267 0.03096955983614067 3.0969559836140671e-02 0.030969650654259443 0.03096976686001743   
108 972 0.05714452114904641 674.0367881894676 0.03096955983614067 3.0969560192396973e-02 0.03096961032127847 0.030969644373467168   
109 981 0.05188570835564138 633.1822492425155 0.03096955983614067 3.0969567047267665e-02 0.030969584987118562 0.03096962128120142   
110 990 0.05139800102307932 679.9909062190173 0.03096955983614067 3.0969562484578165e-02 0.030969578195962716 0.030969659810133172   
111 999 0.04131866792485868 760.1089701496189 0.030969559589705233 3.0969559589705233e-02 0.030969570254349977 0.030969597200003796   
112 1008 0.03778272652550237 814.5083928351455 0.030969551630786425 3.0969551630786425e-02 0.030969568135120442 0.030969618480799994   
113 1017 0.0381546477849333 790.7526263419269 0.030969551630786425 3.0969564170443033e-02 0.030969583398933333 0.030969610471527746   
114 1026 0.035559788604183004 810.301756955934 0.030969551630786425 3.0969561783152886e-02 0.030969573329337856 0.030969588362388667   
115 1035 0.0327274830854483 889.6457401983705 0.030969551630786425 3.0969554328883073e-02 0.030969567559265793 0.030969594643459268   
116 1044 0.02944458906167657 955.3960901918124 0.030969551630786425 3.0969556269055457e-02 0.030969560070348352 0.030969579966239842   
117 1053 0.032078286427330745 997.9256186356904 0.030969551630786425 3.0969557469143472e-02 0.030969563794568725 0.030969589472035534   
118 1062 0.030625221755371707 1036.6068928553275 0.030969551630786425 3.0969555390978211e-02 0.030969562269993072 0.030969572737836654   
119 1071 0.02981092799563651 1074.8142670667855 0.030969551630786425 3.0969556559086120e-02 0.030969562149227817 0.03096958499944686   
120 1080 0.03336667118863831 1116.9033835321768 0.030969551630786425 3.0969558505219843e-02 0.030969561178413367 0.03096956740219686   
121 1089 0.03264211820703896 1264.7808098914045 0.030969551630786425 3.0969558425710815e-02 0.030969562514954103 0.030969564761307706   
122 1098 0.0348994651306801 1251.6176062555187 0.030969551630786425 3.0969555202092325e-02 0.030969560361486115 0.030969573958889725   
123 1107 0.03361224018692291 1377.6176230315834 0.030969548076958366 3.0969548076958366e-02 0.030969558549280417 0.03096956085371989   
124 1116 0.03279545233619584 1335.6798674987954 0.030969548076958366 3.0969559411824638e-02 0.03096956417439417 0.030969568326786222   
125 1125 0.029467613899433694 1442.698555348719 0.030969548076958366 3.0969556608501522e-02 0.030969562938114318 0.03096957485608119   
126 1134 0.026679043482199852 1420.9549048537842 0.030969548076958366 3.0969559676870775e-02 0.030969562179338286 0.030969591763490314   
127 1143 0.02948137643597791 1479.6360828531438 0.030969548076958366 3.0969554912426693e-02 0.030969562353929732 0.030969596546337748   
128 1152 0.03323036951885584 1471.0272923097682 0.030969548076958366 3.0969557030560233e-02 0.030969561325868717 0.030969571145462872   
129 1161 0.03563748539350192 1522.6946373676142 0.030969548076958366 3.0969554124115888e-02 0.030969561945103072 0.030969570403490052   
130 1170 0.03717328795285285 1578.5135382408923 0.030969548076958366 3.0969556526367504e-02 0.030969561322616256 0.03096956756172484   
131 1179 0.03832101375590691 1781.8180165014057 0.030969548076958366 3.0969560824427745e-02 0.03096956286705312 0.030969611472505813   
132 1188 0.034670429145212914 1864.1743549884532 0.030969548076958366 3.0969557059408025e-02 0.030969560810403227 0.030969566905637774   
133 1197 0.033145837326529204 1752.3656278509393 0.030969548076958366 3.0969554936696411e-02 0.03096956097154884 0.03096956464940613   
134 1206 0.03572290759579142 1933.609790151955 0.030969548076958366 3.0969551269502509e-02 0.03096955935258657 0.03096956275832384   
135 1215 0.03528536097097658 1875.181313074347 0.030969522746283035 3.0969522746283035e-02 0.030969562449222485 0.030969573479508433   
136 1224 0.03178184413626806 2081.8101611176853 0.030969522746283035 3.0969537106283172e-02 0.0309695608384868 0.030969564224867626   
137 1233 0.027653367532071402 2131.08884596727 0.030969522746283035 3.0969544883112193e-02 0.030969562016394385 0.030969573278455308   
138 1242 0.0265940986406662 2044.662456219341 0.030969522746283035 3.0969554638632220e-02 0.030969559492281036 0.030969569981671052   
139 1251 0.025481136273426692 2139.9215189391903 0.030969522746283035 3.0969558341068324e-02 0.030969560380616053 0.03096956317659278   
140 1260 0.023991103329703414 2107.683841831837 0.030969522746283035 3.0969553888942108e-02 0.030969559523506086 0.030969561194976875   
141 1269 0.02495778303064415 2310.0630701308637 0.030969522746283035 3.0969554149447066e-02 0.030969559546341854 0.03096956546090117   
142 1278 0.026371854968584053 2197.461401676447 0.030969522746283035 3.0969556916252465e-02 0.030969560042373986 0.030969571944855143   
143 1287 0.02714475973490009 2135.96897302983 0.030969522746283035 3.0969559076096005e-02 0.030969559554986197 0.030969562989177322   
144 1296 0.029988690463751508 2187.6682772028184 0.030969522746283035 3.0969554364290584e-02 0.030969560830814185 0.03096961124470849   
145 1305 0.030153514619038372 2141.890295681794 0.030969522746283035 3.0969554074868646e-02 0.030969559635924352 0.030969580856752357   
146 1314 0.028621611711143802 2070.4957302785992 0.030969522746283035 3.0969559809929950e-02 0.030969560540356773 0.0309695755748444   
147 1323 0.026239671414514158 2241.8810425088027 0.030969522746283035 3.0969559290469417e-02 0.030969560055421487 0.030969563076968347   
148 1332 0.024458718904569465 2195.629185126995 0.030969522746283035 3.0969551247122858e-02 0.030969559333469832 0.030969560323877123   
149 1341 0.022179902780618984 2242.606225339123 0.030969522746283035 3.0969554311283506e-02 0.030969559818828762 0.030969562039712576   
150 1350 0.02124969369104271 2308.8153941595615 0.030969522746283035 3.0969557589374211e-02 0.030969559596956468 0.030969574586922184   
151 1359 0.02055279414899089 2650.2877085958057 0.030969522746283035 3.0969550157777886e-02 0.030969557652385734 0.03096956000056051   
152 1368 0.01771141186691971 2768.635430972574 0.030969522746283035 3.0969556430142112e-02 0.03096955916270178 0.030969562510252985   
153 1377 0.015109758611332683 2850.1115346510196 0.030969522746283035 3.0969556436781450e-02 0.030969560762744687 0.030969581660766455   
154 1386 0.012684164821913122 2837.5577169952826 0.030969522746283035 3.0969547345876085e-02 0.030969559197052323 0.03096956087295275   
155 1395 0.01104087635055315 2875.5890828485494 0.030969522746283035 3.0969553719311323e-02 0.03096955961137154 0.03096956541520243   
156 1404 0.010209721809119523 2756.2159552410963 0.030969522746283035 3.0969559192968940e-02 0.030969559617709832 0.030969561592099234   
157 1413 0.008868717657619431 2770.318496521078 0.030969522746283035 3.0969554131950128e-02 0.030969559160306144 0.030969569129416355   
158 1422 0.008589921009368989 2978.3444805581435 0.030969522746283035 3.0969549390485573e-02 0.030969559199409122 0.03096955963611048   
159 1431 0.007654410114043444 3038.4675224757 0.030969522746283035 3.0969554123198215e-02 0.03096955933359739 0.0309695605787194   
160 1440 0.007503070613779415 3136.7508276155268 0.030969522746283035 3.0969545977553241e-02 0.03096955664825796 0.0309695597334705   
161 1449 0.006982830297493813 3102.128730556317 0.030969522746283035 3.0969547054127845e-02 0.03096955953946527 0.030969559772333014   
162 1458 0.006744757289321527 3320.2270254839386 0.030969522746283035 3.0969553431283270e-02 0.030969559215791424 0.030969562191506275   
163 1467 0.0070625903559174185 3368.70971834092 0.030969522746283035 3.0969549628968779e-02 0.030969557329933797 0.030969576261115708   
164 1476 0.007714157087607179 3668.0799437895325 0.030969522746283035 3.0969548036103099e-02 0.030969559051261426 0.030969561111769198   
165 1485 0.008536139396606409 3910.9421199422554 0.030969522746283035 3.0969552663334822e-02 0.030969559588062225 0.030969560934570435   
166 1494 0.008999995248033306 3989.0137626651904 0.030969522746283035 3.0969554782476628e-02 0.030969559428190428 0.0309695615973863   
167 1503 0.008900088682761684 4573.226360065278 0.030969522746283035 3.0969559056809391e-02 0.030969559630334167 0.030969561136633857   
168 1512 0.010211386024309389 4444.219539602725 0.030969522746283035 3.0969547485957222e-02 0.030969559135323625 0.030969559467113036   
169 1521 0.01032545764250045 4655.470373652374 0.030969522746283035 3.0969549235094054e-02 0.030969558905681423 0.030969559697099604   
170 1530 0.010687660908801182 4545.001265797651 0.030969522746283035 3.0969553725667971e-02 0.03096955934944185 0.030969561259377387   
171 1539 0.011010094168042007 5390.936292430576 0.030969522746283035 3.0969529660950561e-02 0.030969554108699837 0.0309695651349733   
172 1548 0.010567837438355219 5048.694837709601 0.030969522746283035 3.0969550837291623e-02 0.030969559379162303 0.0309695602308384   
173 1557 0.010702553383531719 5274.157618398979 0.030969522746283035 3.0969550898089636e-02 0.0309695555943201 0.03096955997366681   
174 1566 0.009881797454417992 5403.057402001622 0.030969522746283035 3.0969552692835394e-02 0.03096955906004528 0.03096958553204417   
175 1575 0.011050347878677681 5237.160046261613 0.030969522746283035 3.0969553733799459e-02 0.030969558756194913 0.03096956133153736   
176 1584 0.010331023339027887 4686.58400284529 0.030969522746283035 3.0969553675841217e-02 0.03096955937778641 0.03096956232978841   
177 1593 0.00943202194612958 4742.318108030219 0.030969522746283035 3.0969552186052435e-02 0.03096955781285686 0.030969559643841273   
178 1602 0.007861385027500022 4601.182845094817 0.030969522746283035 3.0969553819493692e-02 0.030969558915261056 0.030969560126408894   
179 1611 0.00676382243114698 4648.641466774626 0.030969522746283035 3.0969553240906968e-02 0.03096955940078033 0.03096956157927874   
180 1620 0.006699026246242318 4805.932886951364 0.030969522746283035 3.0969542289744509e-02 0.030969558734993817 0.03096955942428407   
181 1629 0.007100119065475525 4837.970007750184 0.030969522746283035 3.0969551946506177e-02 0.030969559121379973 0.03096956149659123   
182 1638 0.006865902493239282 4503.352397610062 0.030969522746283035 3.0969554053869676e-02 0.0309695593833989 0.030969563985614727   
183 1647 0.007423920048263436 4473.180593735707 0.030969522746283035 3.0969550189793284e-02 0.03096955877129377 0.030969564751241897   
184 1656 0.007669924193755819 4537.208195189779 0.030969522746283035 3.0969535417926217e-02 0.03096955915254623 0.030969586084677186   
185 1665 0.007839954885905437 4839.328871471614 0.030969522746283035 3.0969551628850511e-02 0.03096955912076063 0.03096956061226152   
186 1674 0.007725789500909732 4991.930271243708 0.030969522746283035 3.0969554570420818e-02 0.03096955963295591 0.030969576831903028   
187 1683 0.008226757718635614 4848.273427758718 0.030969522746283035 3.0969553544299838e-02 0.030969559411714434 0.0309695601713499   
188 1692 0.008845712845080449 5457.453893601708 0.030969522746283035 3.0969536895660947e-02 0.030969559512249677 0.030969560040563966   
189 1701 0.009255017040294994 4900.848220232179 0.030969522746283035 3.0969555033729793e-02 0.030969559239654523 0.03096956060610898   
190 1710 0.009598700697593361 4720.5548285235745 0.030969522746283035 3.0969549115474313e-02 0.030969559260704157 0.030969560003623404   
191 1719 0.00820284306755189 4658.827964932789 0.030969522746283035 3.0969554983469101e-02 0.03096955757747288 0.03096956114019259   
192 1728 0.008043874869479566 4671.442549494445 0.030969522746283035 3.0969552289505216e-02 0.03096955954580143 0.03096956003595605   
193 1737 0.007195858362100318 4437.665684308498 0.030969522746283035 3.0969551603110466e-02 0.030969559337512307 0.030969561167489428   
194 1746 0.0066339718895400595 4702.397396259363 0.030969522746283035 3.0969555307232381e-02 0.03096955927343076 0.030969560279438257   
195 1755 0.006049320800902542 4912.978042799244 0.030969522746283035 3.0969524929406911e-02 0.030969558995535412 0.030969560756135266   
196 1764 0.00670605372811625 5318.987411739601 0.030969522746283035 3.0969555138294688e-02 0.03096955956565201 0.030969559845672207   
197 1773 0.006877875060161985 5669.5955734891995 0.030969522746283035 3.0969535726542295e-02 0.030969555083261244 0.03096955965941296   
198 1782 0.007581415165771952 5686.68559915779 0.030969522746283035 3.0969529131310840e-02 0.030969554852714846 0.03096955995766574   
199 1791 0.008301196955735578 5914.97213309396 0.030969522746283035 3.0969555170686610e-02 0.0309695590688652 0.0309695605134947   
200 1800 0.008093230245392807 5599.462429983595 0.030969522746283035 3.0969531978965549e-02 0.03096955844463585 0.030969559637034898   
201 1809 0.008228083356884644 5644.230558661593 0.030969522746283035 3.0969527947948362e-02 0.030969555076635912 0.030969559778103128   
202 1818 0.008310682965400445 5540.951499017125 0.030969522746283035 3.0969530369117197e-02 0.03096955907793932 0.030969560956686723   
203 1827 0.009383905749344503 5246.271922467694 0.030969522746283035 3.0969532174840921e-02 0.030969554799424055 0.03096956105141188   
204 1836 0.010323973263241141 5123.889068888313 0.030969522746283035 3.0969552358042197e-02 0.030969559348661604 0.030969565096424758   
205 1845 0.011742016008870055 5217.107090539884 0.030969522746283035 3.0969539410714887e-02 0.030969558517752124 0.030969561193116706   
206 1854 0.011963801762349157 4880.1003261351925 0.030969522746283035 3.0969540914955643e-02 0.03096955924934447 0.03096956098301401   
207 1863 0.010925177282805693 4632.167017682465 0.030969522746283035 3.0969537141967773e-02 0.030969558784932003 0.03096956019871544   
208 1872 0.01051659984878562 4892.904152369591 0.030969522746283035 3.0969545969184289e-02 0.030969559221285338 0.030969560526871436   
209 1881 0.0098776033864919 4332.252953106046 0.030969522746283035 3.0969534690814992e-02 0.030969558356750835 0.03096956214564144   
210 1890 0.009400975265428563 4390.807917921099 0.030969522746283035 3.0969537415232746e-02 0.030969559107911514 0.0309695608626586   
211 1899 0.009334725824169311 4464.479067106711 0.030969522746283035 3.0969535264757188e-02 0.030969559198833475 0.03096955942991428   
212 1908 0.009887010099624475 4544.835851364046 0.030969522746283035 3.0969543240613920e-02 0.03096955889604046 0.030969560311772077   
213 1917 0.009943269726666034 4754.34311706032 0.030969522746283035 3.0969539739411831e-02 0.0309695567377985 0.03096955983999698   
214 1926 0.010137602589032492 4505.69971371672 0.030969522746283035 3.0969537380601399e-02 0.030969559075617912 0.030969568982836083   
215 1935 0.010182204593117269 4979.058666073837 0.030969522746283035 3.0969536057569993e-02 0.030969554530469248 0.03096955979621466   
216 1944 0.010174994233069303 5046.801105236576 0.030969522746283035 3.0969535344165983e-02 0.030969554472986875 0.030969563462080584   
217 1953 0.009330537498188116 5355.9089239538835 0.030969522746283035 3.0969555112136549e-02 0.030969559248783966 0.03096956315800968   
218 1962 0.00935726835939593 5676.870481638683 0.030969522746283035 3.0969552720996794e-02 0.03096955927193929 0.030969565992045135   
219 1971 0.009668733342951577 5931.313601817659 0.030969522746283035 3.0969553213559611e-02 0.030969559105984545 0.030969559593482847   
220 1980 0.009851027518567538 5712.082401773273 0.030969522746283035 3.0969537137468351e-02 0.030969553423171974 0.030969559504314733   
221 1989 0.00960715884538109 6087.6901603636015 0.030969522746283035 3.0969538939328894e-02 0.03096955956120526 0.030969559791934474   
222 1998 0.010116482933126761 6211.162676225684 0.030969522746283035 3.0969538259873097e-02 0.030969559146123746 0.03096955941158667   
223 2007 0.010792099583702168 6043.52941462484 0.030969522746283035 3.0969554722265921e-02 0.030969558530398334 0.03096958437575768   
224 2016 0.01024908802480953 6076.524521119591 0.030969522746283035 3.0969552924528271e-02 0.030969559528881124 0.030969561256108006   
225 2025 0.010328080937304513 6591.44656469321 0.030969522746283035 3.0969537461684210e-02 0.03096955540372985 0.0309695597736188   
226 2034 0.009781013176536872 6562.085848247421 0.030969522746283035 3.0969544761369903e-02 0.030969559481121983 0.03096955980953319   
227 2043 0.00920004614992086 6518.121331509112 0.030969522746283035 3.0969546891480532e-02 0.030969559835982968 0.030969560510367807   
228 2052 0.008421204901005704 6576.703205207847 0.030969522746283035 3.0969546105476281e-02 0.030969555062713167 0.03096956150100695   
229 2061 0.008072441310395848 6709.703285422969 0.030969522746283035 3.0969543116138570e-02 0.030969559914812882 0.030969591355354705   
230 2070 0.009658272046183919 6476.688496345509 0.030969522746283035 3.0969545433102333e-02 0.030969559404106242 0.030969561090670696   
231 2079 0.009690288782829072 7264.203293935529 0.030969522746283035 3.0969542781879064e-02 0.030969558980612245 0.030969585714610753   
232 2088 0.009352082338353699 7351.5667934302855 0.030969522746283035 3.0969542006267545e-02 0.0309695592970994 0.030969561148079357   
233 2097 0.0095342469037827 7195.787774256281 0.030969522746283035 3.0969554143531947e-02 0.030969559411998002 0.03096955992520869   
234 2106 0.00931418873738874 6696.296107127682 0.030969522746283035 3.0969545118189820e-02 0.03096955968609714 0.030969560976729614   
235 2115 0.00884340451972629 5981.46619513798 0.030969522746283035 3.0969545175586841e-02 0.030969558838183746 0.030969560981477504   
236 2124 0.008299219515215723 6268.932254426742 0.030969522746283035 3.0969550161664191e-02 0.03096955932573902 0.030969559809346583   
237 2133 0.009131344908602257 6071.373376347998 0.030969522746283035 3.0969544930855426e-02 0.030969557801475426 0.030969559671619358   
238 2142 0.009893060843108589 5757.305657188038 0.030969522746283035 3.0969546499755803e-02 0.030969552015378807 0.030969559744106975   
239 2151 0.009446771110632557 5253.622721157591 0.030969522746283035 3.0969548634899952e-02 0.030969552558157837 0.030969560016607445   
240 2160 0.009529129407183957 5147.084599426111 0.030969522746283035 3.0969546961410993e-02 0.030969559418893254 0.030969586392133264   
241 2169 0.008960411599863953 5316.982056068892 0.030969522746283035 3.0969547234729489e-02 0.030969558617882316 0.03096958989888733   
242 2178 0.00792818054937991 5410.101987550322 0.030969522746283035 3.0969546692456058e-02 0.030969557820359688 0.030969560080612222   
243 2187 0.007410124948442368 4903.905193275269 0.030969522746283035 3.0969550048718916e-02 0.03096955990907728 0.030969585582620737   
244 2196 0.007301905251235581 4934.749233585295 0.030969522746283035 3.0969546866363343e-02 0.030969557658182427 0.030969590157911227   
245 2205 0.007274706428183365 4580.768060047672 0.030969522746283035 3.0969543994221981e-02 0.030969554282500526 0.030969562230389883   
246 2214 0.008679339294338057 4265.598668513603 0.030969522746283035 3.0969541130469559e-02 0.03096955174561464 0.03096958225433552   
247 2223 0.00782876551777897 3998.49931568119 0.030969522746283035 3.0969544599346369e-02 0.03096955474464567 0.03096959117308661   
248 2232 0.006694778741876725 4129.645839843778 0.030969522746283035 3.0969548458856081e-02 0.03096956106321919 0.030969588730837022   
249 2241 0.005980197240558909 4148.022568351986 0.030969522746283035 3.0969546385754991e-02 0.030969554171771732 0.03096956098598014   
250 2250 0.005656225072023697 3740.466731343266 0.030969522746283035 3.0969546375975737e-02 0.030969561088657487 0.030969589754947815   
251 2259 0.006170701245282017 3609.7722718550517 0.030969522746283035 3.0969545037532797e-02 0.030969549893760672 0.030969557172669235   
252 2268 0.0074068676579386716 3395.4394304480234 0.030969522746283035 3.0969542946815407e-02 0.030969550262511556 0.030969561204701235   
253 2277 0.007948664165685198 3288.116964882569 0.030969522746283035 3.0969546556380508e-02 0.03096955996293172 0.030969589399178658   
254 2286 0.0077706324063178565 3420.747167426081 0.030969522746283035 3.0969542770243028e-02 0.03096954588791104 0.03096955987670689   
255 2295 0.007844088093531749 3332.158070411608 0.030969522746283035 3.0969539088714238e-02 0.030969544772593203 0.030969586501928877   
256 2304 0.008275909374623915 3399.101103339344 0.030969522746283035 3.0969542242763760e-02 0.03096954821887933 0.030969561223686486   
257 2313 0.008246473160166084 3277.9235828820806 0.030969522746283035 3.0969542146734787e-02 0.030969554454077584 0.030969576088009806   
258 2322 0.008739348346525129 3115.6191551327033 0.030969522746283035 3.0969535897623243e-02 0.030969554628705407 0.030969588327486055   
259 2331 0.009433527825600937 3064.233086121099 0.030969522746283035 3.0969540531939611e-02 0.030969543223752585 0.030969559939039933   
260 2340 0.009429731288819479 3139.235869940496 0.030969522746283035 3.0969536326401269e-02 0.030969544327667756 0.030969572170124807   
261 2349 0.009838216131202728 3413.3125125651295 0.030969522746283035 3.0969536777147210e-02 0.030969540346112174 0.030969559838954712   
262 2358 0.01027536180695557 3281.1071923623354 0.030969522746283035 3.0969534814876635e-02 0.030969543031619445 0.03096956962416362   
263 2367 0.009332641383741569 3544.16449069491 0.030969522746283035 3.0969533558144791e-02 0.030969543175586235 0.03096955980156777   
264 2376 0.008609305640731426 3586.370643810201 0.030969522746283035 3.0969532490067637e-02 0.03096953934297336 0.03096956134591192   
265 2385 0.008692468833458297 3638.5956954194585 0.030969522746283035 3.0969529261268152e-02 0.030969535479827958 0.030969555412329628   
266 2394 0.00838664955206914 4124.543735056454 0.030969522746283035 3.0969527520237853e-02 0.03096953312428932 0.030969541232468555   
267 2403 0.008254145887245736 4201.149856329016 0.030969522746283035 3.0969529294809069e-02 0.03096953673365634 0.03096955544126322   
268 2412 0.007693923443826228 4123.792448273532 0.030969522746283035 3.0969527065457730e-02 0.03096952935368769 0.030969555080314924   
269 2421 0.008159415236986501 4373.9694068970975 0.030969522746283035 3.0969527669250048e-02 0.03096953139591887 0.03096955532756838   
270 2430 0.007223011611866049 4496.208498812347 0.030969522746283035 3.0969530398288762e-02 0.030969555170077667 0.030969563499692595   
271 2439 0.006275460057286191 4446.818806048842 0.030969522746283035 3.0969527623108624e-02 0.030969532993629593 0.030969559734453353   
272 2448 0.005561178657709228 4298.62402726748 0.030969522746283035 3.0969526763242921e-02 0.030969554929243207 0.03096955525715309   
273 2457 0.004803752429838852 4387.230066330672 0.030969522746283035 3.0969529114402112e-02 0.030969531558055107 0.030969560780074765   
274 2466 0.00438720316962598 4229.645599753449 0.030969522746283035 3.0969526402190087e-02 0.030969528495970986 0.03096955501711052   
275 2475 0.004304166274252136 4095.9704207958666 0.030969522746283035 3.0969527927149285e-02 0.03096952880668898 0.030969555051842   
276 2484 0.0038266961061686746 3987.154167820087 0.030969522746283035 3.0969527514059517e-02 0.030969529722410145 0.030969555124565888   
277 2493 0.0037936722057511658 4016.8192157850963 0.030969522746283035 3.0969526949853884e-02 0.030969527945234037 0.030969530293972584   
278 2502 0.0035219109960172553 3979.206417176489 0.030969522746283035 3.0969527244985886e-02 0.030969528153353378 0.030969555166772633   
279 2511 0.003771207245009932 3827.345264976624 0.030969522746283035 3.0969526501971090e-02 0.0309695273724909 0.03096955530926425   
280 2520 0.003727929276004903 3188.979987313205 0.030969522746283035 3.0969526807027997e-02 0.03096952869520723 0.030969555175907444   
281 2529 0.0036880661529035573 2874.7495467150325 0.030969522746283035 3.0969527088294920e-02 0.030969527900711735 0.03096955533884162   
282 2538 0.0038694030975578637 2829.764575059876 0.030969522746283035 3.0969526714538946e-02 0.03096952862906558 0.030969555265048906   
283 2547 0.0038923444013209546 2403.116090716529 0.030969522746283035 3.0969526895309830e-02 0.03096952854189149 0.030969555196035423   
284 2556 0.0037506618133720864 2197.739766401573 0.030969522746283035 3.0969526361709038e-02 0.030969527153406284 0.030969555166105268   
285 2565 0.003937808751671524 2184.511314710924 0.030969522746283035 3.0969526454923159e-02 0.030969528848301734 0.030969555641808855   
286 2574 0.003955684572220609 2178.6332117595553 0.030969522746283035 3.0969527159113341e-02 0.03096952768510388 0.030969555252035798   
287 2583 0.004020492149809665 2188.368182693887 0.030969522746283035 3.0969526444332339e-02 0.030969527541067063 0.030969528492968832   
288 2592 0.004258970273445571 2071.6998971116655 0.030969522746283035 3.0969526287792828e-02 0.0309695279574386 0.03096955540105604   
289 2601 0.003858753019813679 2100.0214311734917 0.030969522746283035 3.0969526313801416e-02 0.030969527970757853 0.030969555404580608   
290 2610 0.003833991743847997 1968.0240182985574 0.030969522746283035 3.0969526268905194e-02 0.03096952741498788 0.030969555322029   
291 2619 0.003814659172385662 1933.4648214666636 0.030969522746283035 3.0969526774760652e-02 0.030969527476661953 0.03096955524205217   
292 2628 0.0035685096403920554 1753.4168061600185 0.030969522746283035 3.0969526273419562e-02 0.030969527600735233 0.030969555396440862   
293 2637 0.002939855021715811 1656.075421704098 0.030969522746283035 3.0969526376784764e-02 0.030969527186877274 0.030969528032094115   
294 2646 0.003063061079999203 1646.8652799869378 0.030969522746283035 3.0969526341595891e-02 0.030969526936918373 0.03096955529915667   
295 2655 0.0032640799463154605 1499.9305958585644 0.030969522746283035 3.0969526115392707e-02 0.03096952712915229 0.03096955535346668   
296 2664 0.0027667388511600677 1493.3134233625576 0.030969522746283035 3.0969526363210379e-02 0.030969526835723564 0.030969555170071338   
297 2673 0.0024539744769347767 1527.367996248847 0.030969522746283035 3.0969526224989427e-02 0.030969526602140127 0.030969527426106334   
298 2682 0.00213329340977092 1492.0323614511199 0.030969522746283035 3.0969526182951575e-02 0.030969527207703178 0.03096955526997628   
299 2691 0.0018430343604708872 1460.061776197861 0.030969522746283035 3.0969526374908907e-02 0.03096952670801477 0.030969555192582737   
300 2700 0.0016325975206910677 1462.7915648583173 0.030969522746283035 3.0969526273165772e-02 0.030969526765142693 0.030969555321004268   
301 2709 0.0016558962752404158 1512.205071058196 0.030969522746283035 3.0969526383047695e-02 0.030969526707394293 0.03096952736533268   
302 2718 0.0018974480159840471 1505.1151259392889 0.030969522746283035 3.0969526306954907e-02 0.030969526621146555 0.03096955525801598   
303 2727 0.00227696557821153 1645.0416280308675 0.030969522746283035 3.0969526125186393e-02 0.03096952668729954 0.030969527012078602   
304 2736 0.0026753438020255243 1729.5084518732615 0.030969522746283035 3.0969526068792844e-02 0.030969526783987192 0.030969555289096593   
305 2745 0.0028917806501343748 1847.8148494719362 0.030969522746283035 3.0969525942978565e-02 0.030969527011029455 0.030969555304596233   
306 2754 0.0026195368670790618 1825.1540389166082 0.030969522746283035 3.0969526567684688e-02 0.030969555208110885 0.030969555312272648   
307 2763 0.002650717061996606 1889.635995195643 0.030969522746283035 3.0969526323949389e-02 0.030969527186846587 0.030969555263083322   
308 2772 0.0025196160047923338 1992.6163568055206 0.030969522746283035 3.0969526454988367e-02 0.030969526729151018 0.03096955524324995   
309 2781 0.00259488270139601 1996.0584126719098 0.030969522746283035 3.0969526445667434e-02 0.03096952715913438 0.030969555338301587   
310 2790 0.002621492465050737 2057.924952820684 0.030969522746283035 3.0969526496621425e-02 0.030969526718606318 0.030969528090733327   
311 2799 0.0027763807990616477 2070.8411913872565 0.030969522746283035 3.0969526424022311e-02 0.030969527023631694 0.030969555311976094   
312 2808 0.002844251789791612 2043.0490468466978 0.030969522746283035 3.0969526061240454e-02 0.030969526810137694 0.030969555337843062   
313 2817 0.002922472798238204 1946.9766164811601 0.030969522746283035 3.0969526417911768e-02 0.030969526773157403 0.03096955535420325   
314 2826 0.0027371604084988612 2013.364177747564 0.030969522746283035 3.0969526168095368e-02 0.0309695267242919 0.0309695271503843   
315 2835 0.0025711604501611448 2127.8246897903086 0.030969522746283035 3.0969526051714009e-02 0.030969527482802416 0.030969555402794   
316 2844 0.00255137858538601 1996.7759739057992 0.030969522746283035 3.0969525909653278e-02 0.030969526376903228 0.030969555313871983   
317 2853 0.0024799895679059594 2046.8857466667175 0.030969522746283035 3.0969526019207411e-02 0.03096952667260758 0.030969555336032625   
318 2862 0.002498422259741241 2173.0188004095003 0.030969522746283035 3.0969525966110679e-02 0.030969526598440277 0.030969555337163106   
319 2871 0.002638715536026769 2313.990938894138 0.030969522746283035 3.0969525957483496e-02 0.030969555236441078 0.03096955528678175   
320 2880 0.0025802720497680584 2303.1435015699085 0.030969522746283035 3.0969526189933632e-02 0.030969526729140308 0.03096955521097392   
321 2889 0.0025088558873173758 2257.253103317096 0.030969522746283035 3.0969526113828704e-02 0.03096952704134045 0.03096955526511635   
322 2898 0.0021876910656131233 2146.4035099182724 0.030969522746283035 3.0969526158711028e-02 0.030969526373344464 0.030969555279461516   
323 2907 0.0019863071136534444 2118.04495020813 0.030969522746283035 3.0969526154323714e-02 0.030969526702031114 0.030969527857130735   
324 2916 0.0019795940682272566 2103.546785976995 0.030969522746283035 3.0969526119212235e-02 0.030969526419968307 0.030969555217602713   
325 2925 0.0017568006219935593 2076.5278188599714 0.030969522746283035 3.0969526157097051e-02 0.030969526342252206 0.03096955528591822   
326 2934 0.0018710088539371519 2041.0454400458043 0.030969522746283035 3.0969526184929215e-02 0.03096952639140409 0.03096952666396901   
327 2943 0.001763988542246915 2495.345017569565 0.030969522746283035 3.0969526221061226e-02 0.03096952671173307 0.030969527562712488   
328 2952 0.001763677702006709 2578.598061540363 0.030969522746283035 3.0969526454339539e-02 0.03096952662583211 0.030969555307624474   
329 2961 0.0018948141143994477 2667.83537744413 0.030969522746283035 3.0969526169564578e-02 0.030969526577437276 0.030969526794742266   
330 2970 0.001975506250839036 2894.3088218779644 0.030969522746283035 3.0969526182933471e-02 0.030969526351202016 0.030969526899377584   
331 2979 0.002041431090061388 3051.2821972304737 0.030969522746283035 3.0969525917263596e-02 0.03096952628473063 0.030969526560326265   
332 2988 0.0018970323675315843 3124.9758611011653 0.030969522746283035 3.0969526164029204e-02 0.03096952657518006 0.030969555383163073   
333 2997 0.0019330183325492875 3028.3800780511187 0.030969522746283035 3.0969526041902003e-02 0.030969526424870872 0.030969555409671307   
334 3006 0.0016708998837092575 2987.871867881942 0.030969522746283035 3.0969526131618293e-02 0.030969526542271263 0.0309695553661724   
335 3015 0.0014994231293099902 2800.904174288727 0.030969522746283035 3.0969525922064575e-02 0.0309695261808752 0.030969526575377306   
336 3024 0.001543673654317538 2843.522226904482 0.030969522746283035 3.0969526002363322e-02 0.03096952626496302 0.030969555328649718   
337 3033 0.001443606252192507 2711.878503130509 0.030969522746283035 3.0969526014638260e-02 0.030969526596965877 0.0309695553085943   
338 3042 0.0014194309242390912 2729.597914040562 0.030969522746283035 3.0969526079056692e-02 0.030969526380630944 0.03096955531551167   
339 3051 0.0014257451416356537 2676.741131027703 0.030969522746283035 3.0969526012797968e-02 0.030969526260796645 0.030969526439743714   
340 3060 0.0014114582407292124 2733.253411246181 0.030969522746283035 3.0969526111092469e-02 0.030969526293806362 0.030969526509712887   
341 3069 0.0013671172017057725 2724.6290252307463 0.030969522746283035 3.0969525890464169e-02 0.03096952635466746 0.03096955531014071   
342 3078 0.0013464555663218758 2613.3317997660924 0.030969522746283035 3.0969525953895981e-02 0.030969526147645036 0.030969555329883828   
343 3087 0.001298213097520128 2449.3013508570425 0.030969522746283035 3.0969526093452823e-02 0.030969526328118484 0.030969555321749633   
344 3096 0.0012704953294595909 2365.168225093772 0.030969522746283035 3.0969525984537796e-02 0.030969526283913015 0.030969555303869023   
345 3105 0.0011197830978700008 2392.8192927685736 0.030969522746283035 3.0969525877358746e-02 0.030969526304604485 0.030969555301580482   
346 3114 0.001088289708709541 2460.6345765680207 0.030969522746283035 3.0969526066552396e-02 0.030969526257522428 0.03096952634812242   
347 3123 0.0010859877358110413 2474.720765718993 0.030969522746283035 3.0969525922339231e-02 0.03096952627584075 0.0309695269949067   
348 3132 0.0010908042096967332 2621.1474623844565 0.030969522746283035 3.0969526079891840e-02 0.030969526346381945 0.030969555311446337   
349 3141 0.0009535814094202551 2454.873966392591 0.030969522746283035 3.0969526156132157e-02 0.030969526276736884 0.030969555285037705   
350 3150 0.000883550543662248 2433.508424024917 0.030969522746283035 3.0969525903069013e-02 0.030969526157150075 0.03096955527709934   
351 3159 0.0007674304047799792 2471.2380440021466 0.030969522746283035 3.0969525980096876e-02 0.030969526216327738 0.030969526835934416   
352 3168 0.0007173607518519861 2299.1267079072713 0.030969522746283035 3.0969525934154574e-02 0.030969526170342813 0.030969526250926867   
353 3177 0.0008250406736888653 2346.7069943789256 0.030969522746283035 3.0969525974809526e-02 0.030969526186300844 0.03096952628776209   
354 3186 0.0009095676275429789 2387.4826987922856 0.030969522746283035 3.0969526003233737e-02 0.030969526146811976 0.03096952641462497   
355 3195 0.0009530044817449601 2384.9924865969315 0.030969522746283035 3.0969526018422542e-02 0.030969526404197506 0.030969555295628858   
356 3204 0.000829862926993438 2324.8944385226528 0.030969522746283035 3.0969525987894375e-02 0.03096952605805882 0.03096952633714824   
357 3213 0.0008574092106226892 2351.6552890498556 0.030969522746283035 3.0969525925342783e-02 0.030969526145997107 0.030969526412086362   
358 3222 0.0009336346804540568 2737.159901559977 0.030969522746283035 3.0969525946653927e-02 0.03096952632056189 0.03096955529148545   
359 3231 0.0009397016685752178 2968.309953135961 0.030969522746283035 3.0969525990781288e-02 0.030969526367327378 0.03096955526671545   
360 3240 0.0009359751683813968 2942.856618616226 0.030969522746283035 3.0969525951954385e-02 0.03096952606070494 0.030969555269102757   
361 3249 0.0009437090629542578 3200.659011096921 0.030969522746283035 3.0969525876221402e-02 0.03096952632693661 0.030969555291912726   
362 3258 0.0009049457258364705 3305.086517253104 0.030969522746283035 3.0969525882200158e-02 0.030969526200477947 0.030969555292751274   
363 3267 0.0008188298689769392 3660.0229905004644 0.030969522746283035 3.0969525895778838e-02 0.030969526100773193 0.03096955527447948   
364 3276 0.0007687085192430151 4007.2881070339427 0.030969522746283035 3.0969525895965643e-02 0.03096952609144838 0.030969555265363616   
365 3285 0.0007379196418951136 4166.061563676269 0.030969522746283035 3.0969525963909710e-02 0.030969526190352783 0.030969555272514115   
366 3294 0.0007851648299106063 4189.850301112043 0.030969522746283035 3.0969525889403986e-02 0.030969526001243187 0.030969526859080103   
367 3303 0.0008145422900242077 4206.723736217409 0.030969522746283035 3.0969525940510400e-02 0.03096952605881509 0.030969526372429272   
368 3312 0.0008239066652825135 4071.506408798486 0.030969522746283035 3.0969525968589533e-02 0.03096952626365409 0.030969526632347   
369 3321 0.0008388701750093803 3899.4373890587517 0.030969522746283035 3.0969525932552554e-02 0.03096952635688884 0.030969555264630903   
370 3330 0.0008711566488758284 3562.5118034366933 0.030969522746283035 3.0969525907735756e-02 0.03096952643281943 0.030969555284058557   
371 3339 0.0008652635880793612 3599.816882109566 0.030969522746283035 3.0969525942968354e-02 0.030969526072875286 0.03096955526600931   
372 3348 0.0008282606676932538 3614.879243423053 0.030969522746283035 3.0969525938375417e-02 0.030969526279958626 0.030969555268071484   
373 3357 0.0007380196037497958 3433.119496041343 0.030969522746283035 3.0969525857999398e-02 0.030969526085698737 0.030969526643699122   
374 3366 0.0006651713354309632 3601.3238938808076 0.030969522746283035 3.0969525853087404e-02 0.03096952620326464 0.030969555253803863   
375 3375 0.000668692756441852 3737.0555238176034 0.030969522746283035 3.0969525900274922e-02 0.030969526043002897 0.030969526291863544   
376 3384 0.0006277049350894586 3686.540415221718 0.030969522746283035 3.0969525884822546e-02 0.03096952622847205 0.03096955527759759   
377 3393 0.0006746672749920899 3745.1134169703973 0.030969522746283035 3.0969525902057114e-02 0.030969526248619244 0.030969555250465457   
378 3402 0.0007685719027152946 3684.090636908517 0.030969522746283035 3.0969525949340989e-02 0.030969526133487767 0.03096952627901354   
379 3411 0.0007862929561899893 3714.75752374103 0.030969522746283035 3.0969525952457319e-02 0.030969526214091152 0.030969526273699796   
380 3420 0.0008012202994365293 3921.110726495469 0.030969522746283035 3.0969525906939969e-02 0.03096952609068214 0.030969526706172115   
381 3429 0.0008012952919371126 3724.2174363687845 0.030969522746283035 3.0969525942899992e-02 0.0309695262249071 0.03096955527302445   
382 3438 0.0008152927473614788 3860.3611016274026 0.030969522746283035 3.0969525910937403e-02 0.03096952608063443 0.030969526289816925   
383 3447 0.0008998864892797609 3618.49769256953 0.030969522746283035 3.0969525898672044e-02 0.030969526255396167 0.030969555276890732   
384 3456 0.0011067761120576332 3328.602845152935 0.030969522746283035 3.0969525914649833e-02 0.030969526173037772 0.0309695552649767   
385 3465 0.0013362445053388043 3404.2781341301543 0.030969522746283035 3.0969525931594716e-02 0.030969526196219933 0.030969555280771503   
386 3474 0.0014085537728367949 3668.403338887897 0.030969522746283035 3.0969525996424278e-02 0.030969555270678194 0.030969555297856464   
387 3483 0.0013574851733717198 3541.11542265982 0.030969522746283035 3.0969525940690010e-02 0.030969526028222158 0.030969555282228885   
388 3492 0.0012219565545647597 3282.316770374748 0.030969522746283035 3.0969525959066928e-02 0.03096952605078623 0.03096952628195782   
389 3501 0.0010600323168189342 3351.4281192991557 0.030969522746283035 3.0969525910777125e-02 0.03096952614575901 0.03096955528576128   
390 3510 0.0009528874522025592 3207.138361058949 0.030969522746283035 3.0969525957195959e-02 0.030969526252452036 0.030969555282837468   
391 3519 0.0010102884765584993 3265.1063575875246 0.030969522746283035 3.0969525962106510e-02 0.030969526191991063 0.03096955528431334   
392 3528 0.0009956937784554028 3254.837086437315 0.030969522746283035 3.0969525992713305e-02 0.0309695263188282 0.030969555291359446   
393 3537 0.0010144218257211073 2900.469715762746 0.030969522746283035 3.0969525996928961e-02 0.030969526065803957 0.030969555278411574   
394 3546 0.0010995624301102453 2669.0832452511436 0.030969522746283035 3.0969525951159448e-02 0.03096952603598475 0.030969526441314177   
395 3555 0.0012277248697338912 2466.9276344348245 0.030969522746283035 3.0969525958075849e-02 0.030969526287418135 0.03096955528001422   
396 3564 0.0012145899756496863 3000.3906076010967 0.030969522746283035 3.0969525931944311e-02 0.030969526026098856 0.030969555277116916   
397 3573 0.0011411102486728925 3081.562158977117 0.030969522746283035 3.0969525921535096e-02 0.030969526066800566 0.030969555286221175   
398 3582 0.0010079418240719912 2719.6872498659104 0.030969522746283035 3.0969525982840890e-02 0.0309695263169368 0.030969555292785524   
399 3591 0.0009258495731136662 2681.46155925606 0.030969522746283035 3.0969525929801161e-02 0.03096952601004594 0.030969526390250548   
400 3600 0.0009864567640044182 2745.0361095706035 0.030969522746283035 3.0969525873982291e-02 0.030969525998308 0.030969555260190223   
401 3609 0.0010447029736241028 2702.8540876626753 0.030969522746283035 3.0969525916937520e-02 0.03096952626928691 0.030969555269764335   
402 3618 0.0009266717461789204 2584.8316432318816 0.030969522746283035 3.0969525953661006e-02 0.030969526051081997 0.03096955526145243   
403 3627 0.0008988487299614058 2511.4794053435594 0.030969522746283035 3.0969525886199493e-02 0.030969526305331445 0.03096955526664831   
404 3636 0.0009319043072275195 2433.8620848629575 0.030969522746283035 3.0969525895295641e-02 0.030969525926852426 0.03096955526579556   
405 3645 0.0009152355899531228 2491.3254922176266 0.030969522746283035 3.0969525878841067e-02 0.030969526213021143 0.030969555282408898   
406 3654 0.000910920872830289 2424.879559702942 0.030969522746283035 3.0969525894738087e-02 0.030969526109976053 0.030969526771904787   
407 3663 0.0009708981585333093 2437.5825942085385 0.030969522746283035 3.0969525922486939e-02 0.030969526199682292 0.030969526316890306   
408 3672 0.001009196886868124 2109.329189891104 0.030969522746283035 3.0969525968181828e-02 0.030969526158977696 0.030969555255684164   
409 3681 0.0010645585223567318 2228.004604875387 0.030969522746283035 3.0969525828038004e-02 0.030969526164453816 0.030969555284810293   
410 3690 0.0010615765673101624 2210.546436547629 0.030969522746283035 3.0969525945471848e-02 0.03096952613719345 0.030969526637973015   
411 3699 0.0011868363970851605 2204.6084956462264 0.030969522746283035 3.0969525951484448e-02 0.030969526264200607 0.0309695267786378   
412 3708 0.0011581616781536502 2264.562681923996 0.030969522746283035 3.0969525881790964e-02 0.030969526258109014 0.030969526791952928   
413 3717 0.0011315724042077076 2132.7510237002034 0.030969522746283035 3.0969525899647354e-02 0.03096952598875585 0.03096952632773171   
414 3726 0.0009791478122197174 2218.395985979889 0.030969522746283035 3.0969525916228698e-02 0.03096952601447712 0.030969526383552937   
415 3735 0.0007871950340748433 2229.168725939228 0.030969522746283035 3.0969525903535099e-02 0.030969526249087456 0.03096952630804327   
416 3744 0.0007210080062948758 2468.5461419186063 0.030969522746283035 3.0969525879215476e-02 0.0309695260118758 0.03096955524077773   
417 3753 0.0006885913840931167 2552.542834649242 0.030969522746283035 3.0969525893041014e-02 0.03096952601728451 0.030969526245303056   
418 3762 0.0006969235703684106 2706.0271476375638 0.030969522746283035 3.0969525870826083e-02 0.030969526083967754 0.030969526278998176   
419 3771 0.0006559436762098158 2404.989914576645 0.030969522746283035 3.0969525898239557e-02 0.030969526258004757 0.03096952666312328   
420 3780 0.0006146761200209547 2619.0869473086377 0.030969522746283035 3.0969525907721347e-02 0.03096952599798368 0.030969526293233865   
421 3789 0.0006474216509838741 2649.4366870317567 0.030969522746283035 3.0969525890219330e-02 0.030969526233056904 0.0309695267162268   
422 3798 0.000751564708493023 2363.0991883929705 0.030969522746283035 3.0969525869806863e-02 0.030969526132522674 0.03096952626655281   
423 3807 0.0008188749244238208 2517.8457721600407 0.030969522746283035 3.0969525931245176e-02 0.030969526238014317 0.030969526623179575   
424 3816 0.0007905502496500726 2816.2806630041214 0.030969522746283035 3.0969525914920873e-02 0.030969525974615365 0.030969526330525212   
425 3825 0.0007854360992869665 2795.4504890360577 0.030969522746283035 3.0969525910798729e-02 0.030969526315552342 0.030969526574781303   
426 3834 0.0007329162959959603 2987.5327433993775 0.030969522746283035 3.0969525930108908e-02 0.030969526220170435 0.030969526322377018   
427 3843 0.000811750076725029 3082.399155196386 0.030969522746283035 3.0969525887179602e-02 0.030969525978422147 0.030969526298135576   
428 3852 0.000846205577911406 3150.5525656333157 0.030969522746283035 3.0969525910071828e-02 0.03096952624306341 0.030969526695743935   
429 3861 0.0008793951977956705 3106.8712671408625 0.030969522746283035 3.0969525883073255e-02 0.03096952601204233 0.03096952631278585   
430 3870 0.0008858872360426003 3082.498688304864 0.030969522746283035 3.0969525901998380e-02 0.030969526064390348 0.030969526358987268   
431 3879 0.0009196647908951677 2959.18902604624 0.030969522746283035 3.0969525902939013e-02 0.030969526119420783 0.03096952669068496   
432 3888 0.0009509471174214221 3038.1295852367084 0.030969522746283035 3.0969525865784348e-02 0.030969526006658744 0.030969526311483253   
433 3897 0.0008690776426136462 3238.630643737628 0.030969522746283035 3.0969525909463537e-02 0.0309695262563757 0.030969526315342156   
434 3906 0.0008613615723100085 3148.712245301376 0.030969522746283035 3.0969525927987608e-02 0.030969525964748838 0.030969526281052404   
435 3915 0.0008075712764303893 3200.0454726717157 0.030969522746283035 3.0969525909929598e-02 0.030969526252080676 0.03096952667151125   
436 3924 0.0007562558509589406 3421.680075222986 0.030969522746283035 3.0969525895107201e-02 0.03096952608240913 0.030969555246769528   
437 3933 0.0008122229789848405 3714.7028045221437 0.030969522746283035 3.0969525884141227e-02 0.0309695262228952 0.0309695262926118   
438 3942 0.0008340281102497036 3872.4921743653567 0.030969522746283035 3.0969525854644100e-02 0.03096952605920737 0.03096952668531334   
439 3951 0.0007252529326644487 3380.608902677116 0.030969522746283035 3.0969525900060066e-02 0.030969526242976206 0.030969526619515023   
440 3960 0.0007300806350924364 3558.204088422546 0.030969522746283035 3.0969525943873023e-02 0.030969526005479385 0.03096952627667776   
441 3969 0.0007447378822008962 3536.1964941457504 0.030969522746283035 3.0969525920874888e-02 0.030969526284067298 0.030969526689557516   
442 3978 0.0007061335866202672 3309.8112517224827 0.030969522746283035 3.0969525850499235e-02 0.030969525915531582 0.030969526295442015   
443 3987 0.0006665431525441361 3607.1964240532975 0.030969522746283035 3.0969525888807373e-02 0.030969526054759763 0.030969526647691904   
444 3996 0.000629347508325343 3513.1777215611173 0.030969522746283035 3.0969525880948784e-02 0.03096952623696918 0.030969526318277756   
445 4005 0.0005885182687958842 3459.4384708049565 0.030969522746283035 3.0969525885389693e-02 0.0309695262156297 0.030969526788440685   
446 4014 0.0005213891413254327 3686.2914909370215 0.030969522746283035 3.0969525869209667e-02 0.030969526081717463 0.03096952690079418   
447 4023 0.0005036782021962045 4037.3141430367828 0.030969522746283035 3.0969525896900885e-02 0.03096952601227406 0.030969526246406188   
448 4032 0.0004964823074139845 4181.80457378136 0.030969522746283035 3.0969525884822092e-02 0.03096952622626439 0.030969555241640318   
449 4041 0.0004974079272224171 4707.676353185388 0.030969522746283035 3.0969525916612860e-02 0.03096952605694698 0.03096952668045748   
450 4050 0.0005247852748978851 5265.250844001054 0.030969522746283035 3.0969525886375401e-02 0.030969526178301975 0.030969526637297087   
451 4059 0.000529114089996255 5327.110327441945 0.030969522746283035 3.0969525863401921e-02 0.030969526050676873 0.030969526262286398   
452 4068 0.0006551766550546535 4947.795940169834 0.030969522746283035 3.0969525922351891e-02 0.030969526040889782 0.03096952628486325   
453 4077 0.0007251046618760828 5300.4801904183 0.030969522746283035 3.0969525926245724e-02 0.030969526279752975 0.030969526286958746   
454 4086 0.0007481392310751019 5334.273546346005 0.030969522746283035 3.0969525900143683e-02 0.030969525965790893 0.030969526338246702   
455 4095 0.0007554991772348204 5255.7964911032495 0.030969522746283035 3.0969525897945178e-02 0.030969525973470757 0.030969526325246622   
456 4104 0.0006710283895157714 5244.801839762433 0.030969522746283035 3.0969525903988049e-02 0.03096952601328316 0.030969526373069163   
457 4113 0.000655243669514124 5328.915971576014 0.030969522746283035 3.0969525894761169e-02 0.030969526068218258 0.03096952629807493   
458 4122 0.0006317645453926495 5101.14924083163 0.030969522746283035 3.0969525907610689e-02 0.030969526287054284 0.030969526629678855   
459 4131 0.0006245648649567823 5399.005749825623 0.030969522746283035 3.0969525914195807e-02 0.030969526232224577 0.030969526620659063   
460 4140 0.0006449580891830824 5588.293893553373 0.030969522746283035 3.0969525891414475e-02 0.030969526266159397 0.03096952635775232   
461 4149 0.0006101726761263562 5667.8867758907145 0.030969522746283035 3.0969525909540677e-02 0.030969526122096483 0.030969526285589882   
462 4158 0.0005490399856512357 5685.996338329492 0.030969522746283035 3.0969525934470412e-02 0.030969525997400188 0.030969526647065718   
463 4167 0.0005709835156450872 5810.783544449002 0.030969522746283035 3.0969525870872278e-02 0.030969526266717 0.030969526624725723   
464 4176 0.0005562985752686904 6317.5399787783235 0.030969522746283035 3.0969525914004273e-02 0.030969526071161973 0.030969526664305087   
465 4185 0.0005382148966767388 6394.788629685525 0.030969522746283035 3.0969525883482778e-02 0.030969526261957685 0.03096952687662813   
466 4194 0.0005314312032432247 6102.605855749367 0.030969522746283035 3.0969525879637375e-02 0.0309695259736055 0.03096952628547181   
467 4203 0.00047725397002877873 6464.127778022826 0.030969522746283035 3.0969525889924694e-02 0.03096952595215645 0.030969526652751767   
468 4212 0.00043004119126335757 6448.271203658341 0.030969522746283035 3.0969525885965854e-02 0.030969526086102567 0.030969526281759936   
469 4221 0.00036231017951563165 6538.062447252815 0.030969522746283035 3.0969525900426117e-02 0.03096952597350162 0.030969526307478745   
470 4230 0.0003623317144527247 6295.672700922085 0.030969522746283035 3.0969525899322427e-02 0.030969526267345854 0.03096955525718911   
471 4239 0.00033810729184222105 6417.596492051787 0.030969522746283035 3.0969525900479824e-02 0.03096952625984734 0.0309695267638034   
472 4248 0.00033169595816812466 6473.877445377487 0.030969522746283035 3.0969525873120698e-02 0.0309695259320179 0.030969526260089586   
473 4257 0.00032601722703093047 6265.659639758271 0.030969522746283035 3.0969525889506664e-02 0.030969526246719434 0.030969526797737255   
474 4266 0.00032109654727690315 6653.0171166451255 0.030969522746283035 3.0969525874157518e-02 0.03096952625470562 0.03096952628458699   
475 4275 0.0003012952151173224 6364.416813154445 0.030969522746283035 3.0969525905697775e-02 0.0309695259844083 0.030969526621216135   
476 4284 0.00026912964341593024 6420.011402478965 0.030969522746283035 3.0969525894165510e-02 0.030969526249577276 0.030969526769027575   
477 4293 0.00030114405041250424 6380.476722829032 0.030969522746283035 3.0969525899608333e-02 0.03096952602384045 0.030969526794503585   
478 4302 0.00036075387839265305 7466.919329880305 0.030969522746283035 3.0969525914217026e-02 0.03096952626650116 0.03096952683013129   
479 4311 0.0004107827072044333 8164.954159902805 0.030969522746283035 3.0969525916731876e-02 0.030969526013514402 0.030969526311887957   
480 4320 0.00038183674825659745 8551.560582228114 0.030969522746283035 3.0969525893425727e-02 0.030969525933942976 0.0309695263150688   
481 4329 0.0003701716465107877 8808.046731681765 0.030969522746283035 3.0969525909470094e-02 0.03096952625259119 0.030969526316666652   
482 4338 0.0003313915309211377 8605.622527993224 0.030969522746283035 3.0969525930839729e-02 0.030969526037044164 0.03096952630323576   
483 4347 0.0003382353229170847 8833.40505732354 0.030969522746283035 3.0969525913204971e-02 0.030969526267003323 0.030969526669022935   
484 4356 0.00035902260204001844 8561.545782246343 0.030969522746283035 3.0969525901362267e-02 0.030969525967318386 0.030969526303912996   
485 4365 0.00038716577476790567 8760.337855897758 0.030969522746283035 3.0969525863559076e-02 0.0309695259315452 0.030969526302410053   
486 4374 0.0003912867034569493 8751.926043462527 0.030969522746283035 3.0969525895838460e-02 0.03096952625115487 0.030969526313432343   
487 4383 0.00037708253602964026 8583.162132660696 0.030969522746283035 3.0969525907112272e-02 0.030969526264164656 0.0309695262908835   
488 4392 0.0003228917675302142 8288.9292706582 0.030969522746283035 3.0969525883207956e-02 0.030969525913343753 0.030969526287207814   
489 4401 0.00032607971024866994 8119.075607153458 0.030969522746283035 3.0969525867485817e-02 0.030969526246471243 0.030969526696705725   
490 4410 0.00029408562580779694 7978.579348527886 0.030969522746283035 3.0969525896097999e-02 0.0309695260740555 0.03096952660641881   
491 4419 0.0002752016935311878 7601.388649818506 0.030969522746283035 3.0969525890991712e-02 0.030969526091568358 0.030969526723986306   
492 4428 0.00029285326067568106 7749.604461838672 0.030969522746283035 3.0969525896728339e-02 0.030969526271813326 0.030969526301187426   
493 4437 0.000264810297016029 7104.10249729521 0.030969522746283035 3.0969525888787611e-02 0.030969526269657946 0.030969526818454045   
494 4446 0.00024057669593811643 7495.634955688097 0.030969522746283035 3.0969525895852522e-02 0.030969526010149247 0.030969526606754307   
495 4455 0.00023636632475793325 7780.224088791799 0.030969522746283035 3.0969525885683784e-02 0.030969525968403105 0.030969526627800913   
496 4464 0.00023944379151092935 8279.011947268991 0.030969522746283035 3.0969525892016018e-02 0.030969526252387844 0.03096952629456326   
497 4473 0.00023280791923239625 8683.7973583623 0.030969522746283035 3.0969525879426134e-02 0.03096952596909437 0.03096952628840353   
498 4482 0.00022768378619437862 8385.247048212836 0.030969522746283035 3.0969525899274444e-02 0.0309695262467909 0.030969526279230036   
499 4491 0.00025106004016233716 8560.607791954304 0.030969522746283035 3.0969525882034599e-02 0.03096952605129965 0.030969526289245534   
500 4500 0.00025381255006491805 9262.716437445008 0.030969522746283035 3.0969525874411371e-02 0.03096952600146393 0.030969526309816968   
501 4509 0.000250557599817776 10015.180032700911 0.030969522746283035 3.0969525903722907e-02 0.030969525959378935 0.03096952663643683   
502 4518 0.0002437881950699463 9595.950543369712 0.030969522746283035 3.0969525904038842e-02 0.03096952599202718 0.030969526741881945   
503 4527 0.00019880130311999576 9513.431345345685 0.030969522746283035 3.0969525888892315e-02 0.03096952627752269 0.030969526636494316   
504 4536 0.00020529218545469542 9005.957009747735 0.030969522746283035 3.0969525904356168e-02 0.030969526265462857 0.030969526279797394   
505 4545 0.00026029806760860205 8590.050675148053 0.030969522746283035 3.0969525877679822e-02 0.03096952595816186 0.030969526770717733   
506 4554 0.00022644473936117487 8460.645659912105 0.030969522746283035 3.0969525891090005e-02 0.030969526038569506 0.030969526268978646   
507 4563 0.0002513313295274428 7422.2521078801055 0.030969522746283035 3.0969525893944194e-02 0.03096952599214017 0.030969526638559574   
508 4572 0.00024234933862468222 6317.188937533536 0.030969522746283035 3.0969525872106031e-02 0.030969526242363234 0.030969526709070903   
509 4581 0.0002771907718837961 6034.150508924595 0.030969522746283035 3.0969525880741082e-02 0.030969526009009766 0.030969526273136833   
510 4590 0.00029396142085565596 6348.773025408417 0.030969522746283035 3.0969525871865473e-02 0.030969526072962678 0.030969526263972248   
511 4599 0.0002951001630806944 5830.507779048979 0.030969522746283035 3.0969525905883467e-02 0.030969526252318195 0.030969526292050867   
512 4608 0.0003184137661224632 5687.102219110127 0.030969522746283035 3.0969525916221444e-02 0.030969526105385028 0.030969526271399768   
513 4617 0.0003180534152637578 6103.837060506296 0.030969522746283035 3.0969525881137119e-02 0.030969525954442235 0.030969526278956598   
514 4626 0.00035420438227089674 6315.237994750286 0.030969522746283035 3.0969525869049684e-02 0.030969526088580474 0.030969526269634912   
515 4635 0.0004672975203261617 6325.97663029068 0.030969522746283035 3.0969525954357102e-02 0.030969526252186946 0.030969526667933837   
516 4644 0.0005352495762833159 6410.323765224093 0.030969522746283035 3.0969525887540449e-02 0.030969525979268744 0.030969526280919143   
517 4653 0.0005503546281510634 6864.344750838275 0.030969522746283035 3.0969525922378272e-02 0.03096952625941811 0.03096952672109177   
518 4662 0.000545523865544361 7039.393078260603 0.030969522746283035 3.0969525880951313e-02 0.030969526039924044 0.030969526650282072   
519 4671 0.0005124101111248333 6770.898326193466 0.030969522746283035 3.0969526114482906e-02 0.03096952624811857 0.030969526655300818   
520 4680 0.0005012911547799979 6272.526388710488 0.030969522746283035 3.0969525874234502e-02 0.030969526015607617 0.030969526750583527   
521 4689 0.0004585543117222083 6720.259542556626 0.030969522746283035 3.0969525875133571e-02 0.030969526226260313 0.030969526609574784   
522 4698 0.00048512121561074067 6719.6745654125525 0.030969522746283035 3.0969525882547200e-02 0.030969526246390842 0.03096952628627029   
523 4707 0.0005108748792466667 6521.278937684386 0.030969522746283035 3.0969525869109896e-02 0.030969525892364565 0.030969526269858005   
524 4716 0.0005277628498533512 6321.143372788734 0.030969522746283035 3.0969525889333570e-02 0.030969526099623265 0.030969526729104087   
525 4725 0.0006474627011897845 6107.090285569407 0.030969522746283035 3.0969525845057161e-02 0.030969525963909568 0.030969526255936266   
526 4734 0.000771743807499846 6193.775660791439 0.030969522746283035 3.0969525906667055e-02 0.030969526252898234 0.030969526705705776   
527 4743 0.0008767844151592002 6321.083814878746 0.030969522746283035 3.0969525869319284e-02 0.030969526081052696 0.030969526284013296   
528 4752 0.0009901932719404306 6403.674842192382 0.030969522746283035 3.0969525890399561e-02 0.030969525985921956 0.03096952628593642   
529 4761 0.0011317846079036238 6667.314312853753 0.030969522746283035 3.0969525893996406e-02 0.030969526040155116 0.030969555263350396   
530 4770 0.0012156954430269393 7360.265984863846 0.030969522746283035 3.0969525904543115e-02 0.030969525979138848 0.030969526300743625   
531 4779 0.0010941581432617673 7491.321870943192 0.030969522746283035 3.0969525871993711e-02 0.030969525974615907 0.030969526304810854   
532 4788 0.0011871726106102776 7849.529218507761 0.030969522746283035 3.0969525882232694e-02 0.030969526248940723 0.030969526948947404   
533 4797 0.0012868079281466386 7815.174407195992 0.030969522746283035 3.0969525902855888e-02 0.030969525985093744 0.0309695263261364   
534 4806 0.0012548415363673952 7265.156289366407 0.030969522746283035 3.0969526004124521e-02 0.030969526309332848 0.03096955527435338   
535 4815 0.0013528680198422853 7209.884409301635 0.030969522746283035 3.0969525911847273e-02 0.03096952623593197 0.030969555260243895   
536 4824 0.0014035833208007255 6959.863971860927 0.030969522746283035 3.0969525909449284e-02 0.0309695260255519 0.030969526241435317   
537 4833 0.0014477883415943387 6927.718819275745 0.030969522746283035 3.0969525878420251e-02 0.030969525941047658 0.030969526262009023   
538 4842 0.0016357961653760188 6910.586682542061 0.030969522746283035 3.0969525876465009e-02 0.03096952604545782 0.03096955526174922   
539 4851 0.0018658926394404273 7733.439746341414 0.030969522746283035 3.0969525877615318e-02 0.030969526062901938 0.030969526239486764   
540 4860 0.0020109156578360285 7486.622991856837 0.030969522746283035 3.0969525836274988e-02 0.030969525932102948 0.03096952620700241   
541 4869 0.0019836496253644274 7833.110898385054 0.030969522746283035 3.0969525857349852e-02 0.03096952609083526 0.0309695262272538   
542 4878 0.002003747575802413 7140.793464633994 0.030969522746283035 3.0969525949060446e-02 0.03096952619004937 0.030969526625441435   
543 4887 0.0023827948127127887 7029.249999807125 0.030969522746283035 3.0969525949626982e-02 0.03096952627835242 0.03096952636719505   
544 4896 0.0026314518143434004 6202.517868882346 0.030969522746283035 3.0969525885513986e-02 0.030969526222301792 0.03096955525714907   
545 4905 0.002566557622691731 6424.473000915974 0.030969522746283035 3.0969525882220357e-02 0.030969525928672536 0.030969526788822747   
546 4914 0.0025513144489017424 6350.752443985868 0.030969522746283035 3.0969525867355439e-02 0.030969526180794817 0.030969555258380306   
547 4923 0.00260822148416347 6472.911328223017 0.030969522746283035 3.0969525909451966e-02 0.03096952625581487 0.030969555274043818   
548 4932 0.0026085113570617335 6980.661573897318 0.030969522746283035 3.0969525915937567e-02 0.03096952618772253 0.030969555230954075   
549 4941 0.0023423431372105955 7200.342207992072 0.030969522746283035 3.0969525886969686e-02 0.030969526246164964 0.030969555264589006   
550 4950 0.0021421458920631146 8198.764431756697 0.030969522746283035 3.0969525955918495e-02 0.030969526101070663 0.030969526718713412   
551 4959 0.002187750167459844 8730.058372207797 0.030969522746283035 3.0969525879841198e-02 0.030969526005305285 0.030969555265601457   
552 4968 0.0021614066583622183 7980.78830234153 0.030969522746283035 3.0969525896267652e-02 0.030969526194216578 0.03096955526122675   
553 4977 0.0020063179770034257 7998.052387149102 0.030969522746283035 3.0969525936708674e-02 0.030969526272753355 0.03096952633148254   
554 4986 0.0018349547252640174 8450.278571965928 0.030969522746283035 3.0969525887034194e-02 0.03096952623785538 0.03096952674601008   
555 4995 0.0019721824619161267 8681.377801727695 0.030969522746283035 3.0969525906657819e-02 0.030969525991137517 0.03096955525532332   
556 5004 0.001876789500641821 10734.104191901873 0.030969522746283035 3.0969525919418071e-02 0.030969526085144805 0.03096955525849294   
557 5013 0.0017594202063291038 10785.914655434746 0.030969522746283035 3.0969525914679080e-02 0.030969526045111044 0.03096955527279073   
558 5022 0.0017920376080544018 10209.653621649213 0.030969522746283035 3.0969525905717027e-02 0.03096952600809386 0.030969526365493986   
559 5031 0.0018271486707827373 11067.41231427269 0.030969522746283035 3.0969525861108863e-02 0.03096952610736725 0.030969526318556907   
560 5040 0.0015943507087924959 11457.92104881833 0.030969522746283035 3.0969525982109759e-02 0.03096952605703443 0.030969526746422282   
561 5049 0.0014779950333471765 11415.511299359941 0.030969522746283035 3.0969525923508122e-02 0.030969526244412633 0.030969526605740465   
562 5058 0.001350484348377732 11714.407086306039 0.030969522746283035 3.0969525922986709e-02 0.030969526066731822 0.030969555251792687   
563 5067 0.0012632497543254276 12214.21183727487 0.030969522746283035 3.0969525882976350e-02 0.030969526256120965 0.030969526648796472   
564 5076 0.00113036269286581 12693.259960012147 0.030969522746283035 3.0969525888140646e-02 0.030969526285270464 0.03096955526340426   
565 5085 0.0010654028997141548 12338.751235994901 0.030969522746283035 3.0969525890205105e-02 0.030969526346606453 0.03096952682075397   
566 5094 0.000996314058737887 11341.875551938238 0.030969522746283035 3.0969525895552231e-02 0.03096952601127565 0.030969526621086475   
567 5103 0.0008969340896751671 11344.21248676876 0.030969522746283035 3.0969525913511976e-02 0.030969526278076535 0.030969526799422047   
568 5112 0.0008515692110724777 11319.59678311347 0.030969522746283035 3.0969525911890821e-02 0.030969526053161663 0.030969526296672836   
569 5121 0.0007529042032368128 11138.543782280045 0.030969522746283035 3.0969525909000525e-02 0.0309695259570879 0.03096952632216498   
570 5130 0.0007686676510546336 11468.435798803494 0.030969522746283035 3.0969525889206581e-02 0.030969526286663936 0.030969555267345034   
571 5139 0.0007553734698385887 10652.632050627524 0.030969522746283035 3.0969525917053188e-02 0.030969526253359827 0.03096955526802346   
572 5148 0.000715706421996053 10730.822304017513 0.030969522746283035 3.0969525915522603e-02 0.030969526264677548 0.03096952631707206   
573 5157 0.0006984647954578251 11545.037195869554 0.030969522746283035 3.0969525929436151e-02 0.030969526293895787 0.03096955526745806   
574 5166 0.0007271642647891166 11474.501901488009 0.030969522746283035 3.0969525899214766e-02 0.030969525981150468 0.030969526327726246   
575 5175 0.0007592895402402817 9793.155530043035 0.030969522746283035 3.0969525904505666e-02 0.030969526057127897 0.030969526303305277   
576 5184 0.000776654647420356 9275.28026883557 0.030969522746283035 3.0969525914262844e-02 0.030969525990972926 0.030969526733280777   
577 5193 0.0006709859886909658 8819.932581823914 0.030969522746283035 3.0969525930821511e-02 0.03096952596975422 0.0309695263134   
578 5202 0.0006502363427422632 8280.497213563809 0.030969522746283035 3.0969525929584421e-02 0.030969526301762494 0.030969555280196074   
579 5211 0.0006470811709256063 8219.591743342375 0.030969522746283035 3.0969525926901380e-02 0.030969526302925387 0.03096952665528472   
580 5220 0.0005784603326163478 8581.213447408798 0.030969522746283035 3.0969525906991105e-02 0.03096952631011934 0.030969555273785518   
581 5229 0.0005727257879008698 8503.222330006985 0.030969522746283035 3.0969525933337176e-02 0.030969526310160617 0.030969555258581066   
582 5238 0.0005565021457025055 8476.426033012647 0.030969522746283035 3.0969525904883263e-02 0.030969526192426846 0.030969526669632784   
583 5247 0.0005266619700212559 8637.03781260479 0.030969522746283035 3.0969525928627475e-02 0.030969526293887988 0.030969555277936246   
584 5256 0.0005425571553112514 8166.045379837918 0.030969522746283035 3.0969525926798285e-02 0.03096952596125817 0.03096952630252494   
585 5265 0.0005601121612528538 8112.2526688899015 0.030969522746283035 3.0969525911157453e-02 0.030969525940529808 0.030969526512846842   
586 5274 0.0005441184207869779 8685.215917121743 0.030969522746283035 3.0969525973928182e-02 0.03096952605907829 0.030969526324313712   
587 5283 0.000486092916511423 8438.884062827667 0.030969522746283035 3.0969525935386783e-02 0.030969526296642076 0.030969526736931475   
588 5292 0.0004898190152506362 8144.951364703315 0.030969522746283035 3.0969525936725629e-02 0.03096952629365899 0.03096952667810919   
589 5301 0.0005135242400104406 8275.610509516759 0.030969522746283035 3.0969525902937858e-02 0.030969525945080848 0.030969526308430653   
590 5310 0.0005062199774766169 8888.85468062134 0.030969522746283035 3.0969525945791398e-02 0.030969526296180508 0.030969526318215587   
591 5319 0.00046225200608436453 8933.521013980264 0.030969522746283035 3.0969525902117732e-02 0.030969526285570675 0.030969526686739326   
592 5328 0.0004596577950337852 8870.17369516374 0.030969522746283035 3.0969525931361621e-02 0.03096952608134114 0.030969526885780037   
593 5337 0.00044762749115517564 8910.794871405138 0.030969522746283035 3.0969525936389651e-02 0.030969526293939304 0.030969526315258313   
594 5346 0.0004937913037832049 9639.772541171924 0.030969522746283035 3.0969525920398783e-02 0.030969526287168106 0.030969555273126507   
595 5355 0.0005093831483692394 9778.796519320578 0.030969522746283035 3.0969525927854787e-02 0.030969526291086343 0.030969526509504002   
596 5364 0.0005202329715434852 9640.522308362086 0.030969522746283035 3.0969525942490840e-02 0.030969526048236096 0.03096952633135408   
597 5373 0.0005127958953772152 8889.56902905018 0.030969522746283035 3.0969525943977436e-02 0.03096952601595062 0.03096952631188164   
598 5382 0.0005806086485241948 9515.351263792614 0.030969522746283035 3.0969525909825747e-02 0.0309695262927257 0.030969526318802225   
599 5391 0.0006493290291756309 10712.31150386314 0.030969522746283035 3.0969525923681438e-02 0.03096952608773047 0.030969526328250858   
600 5400 0.0006008565833054567 10872.703454234806 0.030969522746283035 3.0969525928009688e-02 0.030969526283324385 0.030969526753186715   
601 5409 0.000569419111465065 10320.73013541309 0.030969522746283035 3.0969525913127377e-02 0.03096952602446909 0.030969526742136357   
602 5418 0.0005346232140193576 10601.743016038323 0.030969522746283035 3.0969525920408539e-02 0.030969526073589222 0.030969526321778816   
603 5427 0.0004922109096888329 9193.582715272705 0.030969522746283035 3.0969525922124919e-02 0.03096952597992767 0.030969526570485482   
604 5436 0.0005324807406100661 9433.959812667625 0.030969522746283035 3.0969525917076669e-02 0.030969526017412527 0.030969526762471167   
605 5445 0.0005911391943978541 8849.239195579416 0.030969522746283035 3.0969525917652611e-02 0.030969526299160784 0.03096952631533496   
606 5454 0.0005600508624521409 9118.235899492196 0.030969522746283035 3.0969525926403146e-02 0.03096952595804792 0.03096952631460221   
607 5463 0.0005372434194904159 8852.16543983872 0.030969522746283035 3.0969525911264912e-02 0.03096952597143306 0.03096952631343475   
608 5472 0.0005301907136869366 8588.161815415597 0.030969522746283035 3.0969525920558218e-02 0.03096952604649056 0.03096952632531168   
609 5481 0.0004644604028645464 7965.433568319772 0.030969522746283035 3.0969525922848299e-02 0.030969525966188283 0.030969526327514294   
610 5490 0.0004412088004756639 7799.386076258526 0.030969522746283035 3.0969525928542484e-02 0.03096952629632747 0.030969526315870913   
611 5499 0.00041578928578277056 7810.493958157236 0.030969522746283035 3.0969525926435051e-02 0.030969525957666715 0.03096952631822891   
612 5508 0.0003928640524482023 7491.3493859646815 0.030969522746283035 3.0969525915033276e-02 0.030969525971345693 0.03096952665841701   
613 5517 0.00038058120914747474 7136.034379946242 0.030969522746283035 3.0969525938030859e-02 0.030969525971816826 0.03096952632342264   
614 5526 0.00038705559116421326 6998.473164225388 0.030969522746283035 3.0969525900364694e-02 0.030969525946445836 0.03096952633407809   
615 5535 0.00041520280362034495 7482.604329937235 0.030969522746283035 3.0969525922655203e-02 0.03096952595391106 0.03096952627115485   
616 5544 0.00036001036484527375 7749.635899147152 0.030969522746283035 3.0969525918517218e-02 0.03096952628732217 0.03096955526960123   
617 5553 0.00039824698179083146 7722.945459686742 0.030969522746283035 3.0969525912554995e-02 0.030969526047394762 0.03096952661818107   
618 5562 0.0003762477575180627 6792.601580142069 0.030969522746283035 3.0969526276723156e-02 0.030969526299607555 0.03096955527580804   
619 5571 0.00035200279313732044 6857.964888066851 0.030969522746283035 3.0969525932196155e-02 0.030969526288011345 0.030969555283469775   
620 5580 0.00035974524692176013 7078.103268739498 0.030969522746283035 3.0969525947150033e-02 0.030969526047098087 0.030969555276812274   
621 5589 0.0003737478838152292 6566.124309158033 0.030969522746283035 3.0969525898927822e-02 0.030969526000532054 0.030969526312039548   
622 5598 0.00042208011749152565 6503.544399696044 0.030969522746283035 3.0969525919162494e-02 0.030969526267873578 0.030969526313825962   
623 5607 0.00044410795443164424 6319.916053019597 0.030969522746283035 3.0969525906504636e-02 0.030969525947887662 0.030969526284691944   
624 5616 0.000518013909393725 6374.979177909186 0.030969522746283035 3.0969525913546736e-02 0.030969526083995617 0.03096952630222694   
625 5625 0.0005787957277387989 6661.154422739071 0.030969522746283035 3.0969525957775731e-02 0.03096952602363361 0.030969555267439615   
626 5634 0.0006140619282714911 6528.934859142106 0.030969522746283035 3.0969525920788641e-02 0.03096952628159196 0.03096952671568175   
627 5643 0.0006218744478521232 6448.358992518711 0.030969522746283035 3.0969525921030753e-02 0.030969526268886837 0.03096955526766451   
628 5652 0.000697720285275797 6778.941942265397 0.030969522746283035 3.0969525919613029e-02 0.03096952602169176 0.030969526608660865   
629 5661 0.0006849460673558342 7043.105846306916 0.030969522746283035 3.0969525904271961e-02 0.0309695259345958 0.030969526304869877   
630 5670 0.0006455934999453418 8051.259794944563 0.030969522746283035 3.0969525909395536e-02 0.030969526024273827 0.030969526690779955   
631 5679 0.0006668650962117138 8435.094523820324 0.030969522746283035 3.0969525930912168e-02 0.030969526072045346 0.0309695263111505   
632 5688 0.0006326373736663623 8349.651457587752 0.030969522746283035 3.0969525931163772e-02 0.030969526290706543 0.03096955526551786   
633 5697 0.0007481178074060074 8488.849016887261 0.030969522746283035 3.0969525912502245e-02 0.030969526282110367 0.030969526308347456   
634 5706 0.0008038693139348654 9025.4942675475 0.030969522746283035 3.0969525925929376e-02 0.030969526290570953 0.03096955527144335   
635 5715 0.0008759989523278853 9428.589610830615 0.030969522746283035 3.0969525897536116e-02 0.030969526016955344 0.03096955528259995   
636 5724 0.0008194439123761888 9570.256229986257 0.030969522746283035 3.0969525914113866e-02 0.030969526290189814 0.030969555278787603   
637 5733 0.0007976025330642678 9873.496501302277 0.030969522746283035 3.0969525896570520e-02 0.030969526009957296 0.030969555269394433   
638 5742 0.0007264735728594911 10399.997847618524 0.030969522746283035 3.0969525938914302e-02 0.03096952629600378 0.030969526328831754   
639 5751 0.0006818507697357669 10606.615613208736 0.030969522746283035 3.0969525922339178e-02 0.030969526281467707 0.03096955526856746   
640 5760 0.0006039817332543116 10006.79305854064 0.030969522746283035 3.0969525931095906e-02 0.030969526025312336 0.03096952630147727   
641 5769 0.000546418326967501 10087.453668372753 0.030969522746283035 3.0969525916027765e-02 0.03096952603439494 0.03096955528152255   
642 5778 0.0004713314354062752 9930.221533675247 0.030969522746283035 3.0969525900841809e-02 0.030969526052690523 0.030969526660300593   
643 5787 0.0004196317337515695 10445.01690577017 0.030969522746283035 3.0969525945723352e-02 0.030969526279600482 0.03096955529703192   
644 5796 0.00037271560159091757 10399.616242964872 0.030969522746283035 3.0969525917170875e-02 0.03096952594194209 0.030969555279333785   
645 5805 0.00034667306568213305 10190.128334615783 0.030969522746283035 3.0969526016385002e-02 0.030969526273117647 0.030969526670670284   
646 5814 0.00034990929665303214 9756.987805476372 0.030969522746283035 3.0969525922463433e-02 0.030969526297652906 0.030969526643480003   
647 5823 0.00037985345478035247 9962.389858103781 0.030969522746283035 3.0969525938080934e-02 0.030969526292803556 0.030969526799898128   
648 5832 0.00038981023406457196 8328.60821344106 0.030969522746283035 3.0969525907212681e-02 0.030969526014806053 0.030969526685108172   
649 5841 0.00038565409372652717 7633.809094954206 0.030969522746283035 3.0969525925565188e-02 0.030969526277385955 0.030969526314575786   
650 5850 0.00035413380956559253 7456.108826021359 0.030969522746283035 3.0969525918162912e-02 0.030969525961009704 0.030969526297564852   
651 5859 0.0003439427468470705 7912.127149278534 0.030969522746283035 3.0969525917472804e-02 0.03096952629403314 0.030969555281529858   
652 5868 0.00032451538202591453 8589.578657630052 0.030969522746283035 3.0969525924336851e-02 0.030969525971719848 0.03096952667852425   
653 5877 0.00032769908503749477 8976.934201034424 0.030969522746283035 3.0969525929808832e-02 0.030969526069221796 0.030969555269848684   
654 5886 0.00032935908513952086 9493.732442463901 0.030969522746283035 3.0969525903171011e-02 0.03096952602294835 0.03096952630902213   
655 5895 0.00031618483434018674 9681.99162733622 0.030969522746283035 3.0969525896071274e-02 0.030969526039395606 0.03096952660438126   
656 5904 0.000294727180997555 10337.78564617922 0.030969522746283035 3.0969525908086278e-02 0.03096952629502027 0.030969555274121003   
657 5913 0.0002859044456982216 10277.447407571071 0.030969522746283035 3.0969525904929275e-02 0.030969525933015205 0.030969526283518175   
658 5922 0.0002880876672397717 10309.39811443204 0.030969522746283035 3.0969525926277462e-02 0.030969526287955122 0.03096955529649974   
659 5931 0.0002889391265848753 10449.104734164412 0.030969522746283035 3.0969525922149951e-02 0.03096952603109052 0.030969526308836398   
660 5940 0.000278246728225594 9368.541334772819 0.030969522746283035 3.0969525914926271e-02 0.030969526295360362 0.030969526310706548   
661 5949 0.0002852335510812751 8841.669977354433 0.030969522746283035 3.0969525909660761e-02 0.03096952627297333 0.030969526315936257   
662 5958 0.00028061354961158154 7893.169461729961 0.030969522746283035 3.0969525940001005e-02 0.030969525993171928 0.03096955528498579   
663 5967 0.0002851384927631939 8119.972299341725 0.030969522746283035 3.0969525924217433e-02 0.03096952629453928 0.030969555279706823   
664 5976 0.00026486556980346746 7845.677823336731 0.030969522746283035 3.0969525949340243e-02 0.030969526294278252 0.030969526681427904   
665 5985 0.00024234907838258956 8214.656962152956 0.030969522746283035 3.0969525910144496e-02 0.03096952594051893 0.030969526295307512   
