% # columns="iteration, evaluation, sigma, max axis length,  min axis length, all principal axes lengths  (sorted square roots of eigenvalues of C)", seed=397341, Thu Nov 30 11:14:31 2023
1 9 1.824422803865915 1.0000416675347343 1.0 1.0 1.0000083333680556 1.0000166668055563 1.0000250003125026 1.0000333338888951 1.0000416675347343
2 18 1.8334676519240458 1.0253430757800301 0.8990747986263161 0.8990747986263161 0.9566317396196867 0.9984925349983342 1.0017537070361477 1.007836681198934 1.0253430757800301
3 27 2.0104529249684924 1.1585491424054732 0.8592055525116316 0.8592055525116316 0.8719319638646923 0.9580166614397555 1.0022751210390113 1.022809852257279 1.1585491424054732
4 36 1.915000978086876 1.1772675242506359 0.7629904858293398 0.7629904858293398 0.9200966713015132 0.9407598771761004 1.01599792724692 1.0871965064085594 1.1772675242506359
5 45 2.0701617210769725 1.1565381949221953 0.7288303573195345 0.7288303573195345 0.8903208479998822 0.919113159261346 1.0003342207045223 1.0799294670947777 1.1565381949221953
6 54 2.174780752749574 1.3037293929209928 0.7134586096453734 0.7134586096453734 0.8599126967660532 0.8985616631594744 1.0117595174994438 1.0138126840501185 1.3037293929209928
7 63 2.069257715544373 1.3602773800212233 0.6874688399691501 0.6874688399691501 0.8110933163754891 0.9072012236055209 1.0077731917374506 1.0137766863830415 1.3602773800212233
8 72 2.2354317525690472 1.33154691867494 0.6546455047899484 0.6546455047899484 0.7919984410071381 0.9002606579956544 0.9783869665860618 0.9966610382970401 1.33154691867494
9 81 2.472871460881335 1.4269982553436698 0.6487450638686294 0.6487450638686294 0.736729953901532 0.900324528717732 0.9561391564289407 1.031722520407893 1.4269982553436698
10 90 2.846568903518165 1.4351192347403687 0.6166028265128942 0.6166028265128942 0.7520935160574514 0.9466246510769728 0.9705044746381597 1.0359744758795684 1.4351192347403687
11 99 2.6502680194207446 1.5895806508121324 0.5627048333710298 0.5627048333710298 0.7403556917025533 0.9442048904445036 0.9792923604700283 1.0463740306362788 1.5895806508121324
12 108 2.5084855749913944 1.5937545759860416 0.5415485997561315 0.5415485997561315 0.6571616865487195 0.9356058982707021 0.9745012681281867 1.0508902055743228 1.5937545759860416
13 117 2.6177924553066276 1.606459477997592 0.5392391017935865 0.5392391017935865 0.6202803206581174 0.8995172778796434 0.9568244367093506 1.0359588538376328 1.606459477997592
14 126 2.5594170423639864 1.6321470405393916 0.538190974018915 0.538190974018915 0.6139540475700068 0.8824246004968508 0.9542211497806476 1.0221138039219473 1.6321470405393916
15 135 2.332457100272925 1.6921624982466685 0.5387310547405928 0.5387310547405928 0.6007639702698461 0.8105327986906173 0.9488923257134502 0.9793969804733109 1.6921624982466685
16 144 2.3133466078190335 1.669630370056381 0.513314084177075 0.513314084177075 0.5870566327961242 0.8130504079445624 0.8591863631471789 0.9969460575386004 1.669630370056381
17 153 2.27465869089176 1.689120654937687 0.5131850794804792 0.5131850794804792 0.5570974627921933 0.7494003621609712 0.8401671591135588 1.0603340747694843 1.689120654937687
18 162 2.2063138893757084 1.60574262937803 0.5177734104921395 0.5177734104921395 0.547548984530227 0.7227729196524597 0.9102624212974643 1.0345002959371983 1.60574262937803
19 171 2.399400145911865 1.653160043192047 0.4964574645328794 0.4964574645328794 0.5409744131909389 0.7410027204438341 0.906114068391816 1.0135185779455627 1.653160043192047
20 180 2.120626591770561 1.6989322931900706 0.48223131400373126 0.48223131400373126 0.5553449689204767 0.7444998210333575 0.8714475708646264 1.0208206105047988 1.6989322931900706
21 189 1.7972260943204734 1.7391958922636375 0.476298921135427 0.476298921135427 0.5566031360709268 0.7121835196641252 0.8318451104998431 0.9981525736677781 1.7391958922636375
22 198 1.5741974586981904 1.650792229882501 0.4531339311073274 0.4531339311073274 0.5541396558285863 0.6784242998477921 0.8236622547451339 1.0202953677590632 1.650792229882501
23 207 1.4955432682735628 1.5642325568620443 0.42824893214926624 0.42824893214926624 0.5221082985934522 0.6897188732260183 0.794221337059074 1.0520750898387374 1.5642325568620443
24 216 1.4431645791875274 1.4984296636353576 0.4173945591413473 0.4173945591413473 0.5266542631020424 0.6885697465971018 0.8190786925862977 0.9672972618219788 1.4984296636353576
25 225 1.5691631303758122 1.4803964095337816 0.399574014836089 0.399574014836089 0.5010163722997636 0.7107453539119913 0.8052539041512191 0.9510850996547273 1.4803964095337816
26 234 1.5624578163847525 1.3662718414427912 0.4158694309870271 0.4158694309870271 0.4731933050855204 0.7529125631557599 0.8117775656660334 0.9452644466584669 1.3662718414427912
27 243 1.5647635581661026 1.4029579879067 0.39993501496216044 0.39993501496216044 0.4429689443101002 0.7070650891884396 0.8055901330539125 0.9589134300243962 1.4029579879067
28 252 1.713988914750613 1.3729615995395772 0.3707761538387109 0.3707761538387109 0.44345444892986413 0.6976970056624953 0.8421804778139497 0.935191098074777 1.3729615995395772
29 261 1.6409694683154152 1.3266284367524062 0.3630925493477416 0.3630925493477416 0.41938602138157577 0.6748504354382552 0.8785472177649731 0.9965882298362658 1.3266284367524062
30 270 1.4598976266828265 1.2841917193502017 0.34942322615983623 0.34942322615983623 0.42498355645535524 0.6647980585720908 0.8711749340818945 1.0102433438011555 1.2841917193502017
31 279 1.3115712820312366 1.2930387462467483 0.3382717012805313 0.3382717012805313 0.41379948661461685 0.628635327704494 0.8499644494308917 0.9959406133372782 1.2930387462467483
32 288 1.357683546707703 1.2312249009934055 0.33432268825745154 0.33432268825745154 0.41472590799972536 0.6505822876538107 0.8148945383405671 0.9789462935547523 1.2312249009934055
33 297 1.3797700701235098 1.2207281438227777 0.33235186776990294 0.33235186776990294 0.43644500213668114 0.6478007349525778 0.7708493975135394 0.9408866665492119 1.2207281438227777
34 306 1.481974573387946 1.2096374817073254 0.3219792365297708 0.3219792365297708 0.4654260601220823 0.634472796996895 0.7515053410358078 0.9590415980342084 1.2096374817073254
35 315 1.3735108464261916 1.1577161472370527 0.3077312137464202 0.3077312137464202 0.4584595495329605 0.671722043966262 0.7920600314694105 0.9316121078382753 1.1577161472370527
36 324 1.2829592077727145 1.1849479858055536 0.300930553796416 0.300930553796416 0.4813338812765486 0.67243922333401 0.8042359494924358 0.9113712868962287 1.1849479858055536
37 333 1.1093287858106753 1.1496035809691398 0.28465963805188804 0.28465963805188804 0.4837323049286003 0.6844190724016298 0.7972302602453037 0.8353586643151993 1.1496035809691398
38 342 1.0545189322490645 1.0735025778402016 0.2720184322418505 0.2720184322418505 0.47442577528111807 0.6848473712200808 0.7750859771863113 0.8376674613220343 1.0735025778402016
39 351 1.0488471205409793 1.0855916612426333 0.26163366498030033 0.26163366498030033 0.43854362961547033 0.6770591902110836 0.7609077044502134 0.8661342808544145 1.0855916612426333
40 360 0.9710035949937338 1.1356743112766885 0.22413802847248646 0.22413802847248646 0.4360926002504992 0.7054756346008091 0.775280604639874 0.8685510579436914 1.1356743112766885
41 369 0.95097309895752 1.2384616124688193 0.20121741319298392 0.20121741319298392 0.4466659063638798 0.685686244018267 0.7778176298913178 0.833020584770699 1.2384616124688193
42 378 0.8752357243001878 1.240984852140679 0.18744601483816326 0.18744601483816326 0.43835650639418033 0.6604314950177662 0.7567544955680079 0.8799843790020861 1.240984852140679
43 387 0.8499311252576558 1.1823963215617876 0.17282140085778536 0.17282140085778536 0.44149495872679106 0.6622360978630248 0.7353049950970245 0.8595696267018775 1.1823963215617876
44 396 0.8528309789797289 1.1801916483779595 0.16520198719003526 0.16520198719003526 0.4372616700470182 0.6434627212876954 0.7363752282250169 0.8701973419720599 1.1801916483779595
45 405 0.8352220255938535 1.2157227190501498 0.16219258614966622 0.16219258614966622 0.4058940912166591 0.6105404917828737 0.7379868877468687 0.9105830894073008 1.2157227190501498
46 414 0.7178163516045518 1.1935939504088429 0.15370661986711087 0.15370661986711087 0.38702565039174613 0.6670063994021812 0.7542955208320893 0.8689039377496217 1.1935939504088429
47 423 0.6248548356116129 1.2101555633107905 0.1385967201927674 0.1385967201927674 0.3831093886441275 0.6644959250208357 0.7588943532275826 0.8201180385046762 1.2101555633107905
48 432 0.6130122645211216 1.1796802957615133 0.12204051589664949 0.12204051589664949 0.3811216866263844 0.6704549782194572 0.7355199788908792 0.8302288498916977 1.1796802957615133
49 441 0.6561372700209462 1.1709820813126588 0.11879159738010941 0.11879159738010941 0.3573989472755045 0.6768464131697997 0.7422228262360887 0.8318116530259331 1.1709820813126588
50 450 0.6943523236326001 1.1452185441194642 0.11038287603960903 0.11038287603960903 0.32314781734214626 0.6878376865691379 0.7882827086994825 0.9020313152721454 1.1452185441194642
51 459 0.6584436102559292 1.1448840417914223 0.09971814014853242 0.09971814014853242 0.3134894873600057 0.6698974756809469 0.7782057561605937 0.9896550030812221 1.1448840417914223
52 468 0.6796433545826911 1.1489910325532866 0.09546471966099286 0.09546471966099286 0.28026569228853543 0.6595576144027714 0.7605305592224882 1.0243973208295911 1.1489910325532866
53 477 0.6724305635376602 1.1544286054949813 0.08957046694661643 0.08957046694661643 0.2764077811771892 0.6475272979357982 0.7395406771715111 1.058377833963243 1.1544286054949813
54 486 0.6580904832747113 1.1620653662878855 0.08672346493241988 0.08672346493241988 0.26124673683468 0.6079149031608748 0.7309353366786202 1.087253470596027 1.1620653662878855
55 495 0.564493981006938 1.1157695858532872 0.08474480797235304 0.08474480797235304 0.2550172451632209 0.5884753363761789 0.7536668633570237 1.0638285058731796 1.1157695858532872
56 504 0.532415231358321 1.1145872693405463 0.08224422846949014 0.08224422846949014 0.24021584660465456 0.5764201083832708 0.7348030733910075 1.0530488981058366 1.1145872693405463
57 513 0.49317410516831345 1.139186467942564 0.07769685827665228 0.07769685827665228 0.21870362505738328 0.6204678671612645 0.7126639038412884 1.05648006913937 1.139186467942564
58 522 0.4396755193949116 1.1379010825080844 0.07112064313973575 0.07112064313973575 0.21864154978844108 0.6298079670345165 0.7068960186247863 1.1103817735588961 1.1379010825080844
59 531 0.41794838767860304 1.1504378805155608 0.06839531380202882 0.06839531380202882 0.2129621326978363 0.6316528302186314 0.7135187293537452 1.0389026303140394 1.1504378805155608
60 540 0.36403437133096356 1.2026036202765107 0.06544958763663326 0.06544958763663326 0.20977247826822118 0.6130529411298283 0.6796498639343269 1.004083249477001 1.2026036202765107
61 549 0.32009117579483887 1.2029632705245692 0.06307428506206361 0.06307428506206361 0.190421081274418 0.5918551513322501 0.678566722585548 0.9847880901188688 1.2029632705245692
62 558 0.2988259720502837 1.1879833139060416 0.056675076801175284 0.056675076801175284 0.18799813822154476 0.5894383048869052 0.6958878835670617 0.9974322874240428 1.1879833139060416
63 567 0.2790446459276675 1.1113788536718174 0.0547202448365749 0.0547202448365749 0.18643437018800543 0.5811627635036839 0.6862162523052167 1.00283361307448 1.1113788536718174
64 576 0.26232917744800416 1.1644789787544563 0.0535840506042091 0.0535840506042091 0.1735093202278981 0.5793210625743026 0.6379656375484974 0.9730805976436036 1.1644789787544563
65 585 0.28187962343470596 1.115679266655993 0.04992137271732203 0.04992137271732203 0.163833408649235 0.5599792639064264 0.6390805194050424 1.0182584730064035 1.115679266655993
66 594 0.2763851108683433 1.1938770883589638 0.048742179294330015 0.048742179294330015 0.15948140590410245 0.5406956870558802 0.6225679053092243 1.003579773621289 1.1938770883589638
67 603 0.2702410971010362 1.2410726534410061 0.045806970916344565 0.045806970916344565 0.14214384328548518 0.5311862221927617 0.6352210775135309 0.999450017181469 1.2410726534410061
68 612 0.23516852482319742 1.264079859828382 0.042339058045241025 0.042339058045241025 0.1374609483639237 0.5193721885721421 0.6394732158636186 1.0057407626354866 1.264079859828382
69 621 0.19425970247334243 1.2150557186757187 0.04150424715789488 0.04150424715789488 0.13058470634820424 0.5173678878723738 0.6557690662409916 1.0546026904598167 1.2150557186757187
70 630 0.19773008096161018 1.180374728292503 0.039140886255737285 0.039140886255737285 0.1273048612469836 0.49699132785058914 0.635375213693236 1.0392577095191564 1.180374728292503
71 639 0.20345939647626982 1.137168459435522 0.03754504250964184 0.03754504250964184 0.12318560087472005 0.5019039620111386 0.6230140877986763 1.1073824758067121 1.137168459435522
72 648 0.20809332779881956 1.1779701696979175 0.03494252955918879 0.03494252955918879 0.12129566671705859 0.504006037160308 0.599991349345519 1.1500100434453115 1.1779701696979175
73 657 0.22034644534690376 1.2155232304621166 0.032918798178182454 0.032918798178182454 0.11386732591116316 0.49628929130170185 0.6243332704513838 1.1052154367048568 1.2155232304621166
74 666 0.24938749064630292 1.306215044210611 0.029559949157411412 0.029559949157411412 0.1120967731029594 0.4836107561941298 0.6199583178388777 1.0825390510439818 1.306215044210611
75 675 0.26064506765116774 1.520790879066101 0.02877952013514022 0.02877952013514022 0.09452197833344073 0.48131478570941005 0.6194914429523427 1.0796369994454618 1.520790879066101
76 684 0.3061977324340004 1.5780952794130692 0.026601619146144218 0.026601619146144218 0.09646065727452935 0.4679849067684697 0.6066013463622145 1.0762525044017175 1.5780952794130692
77 693 0.35060188017774113 1.849093247299899 0.026023854497171147 0.026023854497171147 0.0932689433864221 0.4430855582802245 0.585097763971168 1.0800454247504467 1.849093247299899
78 702 0.4034971450746004 2.1069871387180084 0.025436117347678283 0.025436117347678283 0.0831395770218555 0.435576879457829 0.5990317291731799 1.0701264708347302 2.1069871387180084
79 711 0.44770369915931496 2.3147470714446374 0.0251491742725687 0.0251491742725687 0.08435102358888762 0.42245224144838767 0.5715761377776218 1.0795123162270348 2.3147470714446374
80 720 0.48980483000555264 2.4636117483013678 0.024471672560286865 0.024471672560286865 0.08615080142909425 0.4156934026796603 0.5261989630181677 1.1106868454209342 2.4636117483013678
81 729 0.5422775074956635 2.693733801381596 0.02406822529590357 0.02406822529590357 0.08076217758803628 0.3971837157933269 0.5266631573949468 1.0999416031682574 2.693733801381596
82 738 0.5573927169193165 2.883137571917648 0.02326646292033166 0.02326646292033166 0.0743980839848709 0.39136669466062624 0.5420111547938548 1.082998470942537 2.883137571917648
83 747 0.6900886120467449 2.858628509042744 0.022348680945671738 0.022348680945671738 0.07208869438560403 0.40100557675443316 0.5280367306459638 1.1004414051541824 2.858628509042744
84 756 0.7914056860081846 2.8099209267712264 0.023512186170187938 0.023512186170187938 0.06964671470733005 0.40675295645806714 0.5224692404206945 1.1517880634845645 2.8099209267712264
85 765 0.8434642550637507 2.595496707961851 0.022448946912938566 0.022448946912938566 0.07011092091972082 0.4191669981385607 0.5284840372179093 1.1923583481093356 2.595496707961851
86 774 0.9387302808805231 2.48047744754913 0.021953033296458938 0.021953033296458938 0.06906277418938712 0.44292575026496867 0.5090456347296322 1.1848486981307393 2.48047744754913
87 783 1.1460997771661756 2.3074145169231906 0.021177343609016217 0.021177343609016217 0.0666396481722822 0.4577386510371259 0.5062185392504973 1.2779122054845198 2.3074145169231906
88 792 1.3710854047070578 2.2283396613287176 0.020711102351725033 0.020711102351725033 0.063834042105831 0.44341365126394505 0.5122417038151011 1.3553784286713286 2.2283396613287176
89 801 1.4848751894965078 2.051144524264743 0.020598410518797704 0.020598410518797704 0.06895356117084821 0.4232239989668205 0.5131562063661109 1.3769891052866392 2.051144524264743
90 810 1.6025083482391957 2.0357837544914603 0.02035550073885252 0.02035550073885252 0.0641843348346823 0.42848720554870184 0.5196318015461441 1.3955447832895613 2.0357837544914603
91 819 1.5715904620625556 2.0143696176900514 0.020481733817496392 0.020481733817496392 0.06452003733365776 0.4364763376647673 0.5131729193897403 1.3151767686018911 2.0143696176900514
92 828 1.7319523003229147 1.9525645390167767 0.020373117545011723 0.020373117545011723 0.06398560261069769 0.41163599670463547 0.5175418553605485 1.2699519866477822 1.9525645390167767
93 837 1.904268061251726 1.9655165553368605 0.019834350266352253 0.019834350266352253 0.060776225450828926 0.42942868007656604 0.5163775911397096 1.2836395598608599 1.9655165553368605
94 846 1.860257589474494 1.846712306584216 0.020343900085724047 0.020343900085724047 0.059077331815723104 0.44053306638742845 0.523118925466136 1.2867339410338556 1.846712306584216
95 855 1.9029641056810598 1.8812077734698294 0.01985339548070456 0.01985339548070456 0.0603975151239402 0.415545679085394 0.5391254232461864 1.1968645346797921 1.8812077734698294
96 864 2.120639359455508 1.7587984422792644 0.01935497653587585 0.01935497653587585 0.06043492295734448 0.4167517285051707 0.5201764282615225 1.2584702110185162 1.7587984422792644
97 873 2.120144396473876 1.7459870283197119 0.019298571419932384 0.019298571419932384 0.06194396159081844 0.41343249830279954 0.5164159863672166 1.31021158370251 1.7459870283197119
98 882 2.024735856887031 1.6877787687913233 0.018905614304864548 0.018905614304864548 0.058966550326295046 0.40344227767446933 0.514855793295044 1.3106368481225716 1.6877787687913233
99 891 1.8100211479151067 1.7252926031653166 0.017833055981975106 0.017833055981975106 0.060501047162865446 0.40459100647654206 0.5118490549077276 1.2111255352341312 1.7252926031653166
100 900 1.6873227745304067 1.5992930685530926 0.017596078048342175 0.017596078048342175 0.059696480867411944 0.38680713838274 0.5120771843179279 1.1865762538640148 1.5992930685530926
101 909 1.7455493142021334 1.553598822615012 0.017315939497718418 0.017315939497718418 0.059766881845378865 0.38472589290966946 0.496613450107199 1.1476372938511716 1.553598822615012
102 918 1.549574749358356 1.6507648791430067 0.01701645669865689 0.01701645669865689 0.05983928302060957 0.35200387803292493 0.4938503338041168 1.219209125798323 1.6507648791430067
103 927 1.3747178154205069 1.6881778318285499 0.01631727160788975 0.01631727160788975 0.05595701797385207 0.3573748134351889 0.4855366440055144 1.2330989598465774 1.6881778318285499
104 936 1.2486782076346583 1.6601659557003245 0.016348144805707933 0.016348144805707933 0.05631140713924484 0.33504304072459484 0.46862860481781526 1.1656900897643578 1.6601659557003245
105 945 1.17099870547536 1.6192897003153859 0.015274086822758215 0.015274086822758215 0.056489277303126625 0.32120342568209914 0.486877181975422 1.166397419506712 1.6192897003153859
106 954 1.0297110279170982 1.567932109127845 0.015459294566395951 0.015459294566395951 0.054453658864363715 0.3043046305551235 0.49910486639261187 1.1356824038613516 1.567932109127845
107 963 0.9807952887265359 1.5232630957267141 0.015433921649322401 0.015433921649322401 0.051573363777547655 0.2974668119780798 0.502722280132308 1.0444619745034127 1.5232630957267141
108 972 1.196786622940282 1.5764368365054144 0.01588234683476374 0.01588234683476374 0.052755990191106765 0.28826920809994444 0.4954905732842989 0.9626474630987099 1.5764368365054144
109 981 1.5405646780535718 1.6063388520924085 0.016220270554915442 0.016220270554915442 0.05295961842749498 0.2891815904296469 0.49773302096082284 0.9690485505497113 1.6063388520924085
110 990 1.9268254055838445 1.6335773836990846 0.01616425910868301 0.01616425910868301 0.04943754899377375 0.292257322770258 0.49747425274709395 0.9561233173554607 1.6335773836990846
111 999 2.0840699856551224 1.5957356725129626 0.015936495825017986 0.015936495825017986 0.04829344258902174 0.2776525181202407 0.5096101973000681 0.9577071616754476 1.5957356725129626
112 1008 2.1370872343586766 1.6260555510602581 0.017148919232501718 0.017148919232501718 0.04700022756182813 0.24028515754961832 0.5106496516351955 0.9417244622273175 1.6260555510602581
113 1017 2.067329079649605 1.7300433781164501 0.016922676682055868 0.016922676682055868 0.04758849153671487 0.22552563037771498 0.5194565058317556 0.8829644881591604 1.7300433781164501
114 1026 2.1094904121861466 1.787852386135191 0.016950434212698765 0.016950434212698765 0.04752198868949839 0.2063578880188073 0.5133725481913526 0.8365859082810604 1.787852386135191
115 1035 2.15340550999563 1.7741843908212027 0.017186089447988998 0.017186089447988998 0.047548757131845316 0.20640962428156134 0.47739664645797614 0.8477936344390854 1.7741843908212027
116 1044 2.0884689316757368 1.7336340719985015 0.018028752672141712 0.018028752672141712 0.04733548511302562 0.18400246824003164 0.48201925215494407 0.8707622803561649 1.7336340719985015
117 1053 1.8830684991659306 1.7668429434434407 0.017224976734170436 0.017224976734170436 0.04577448035360294 0.18018589833747198 0.5018549958264693 0.8093204383277507 1.7668429434434407
118 1062 2.1139096950072114 1.7326145841883247 0.017118128005079884 0.017118128005079884 0.043257143671468226 0.17739676035858704 0.4968397874581101 0.7690936168057051 1.7326145841883247
119 1071 2.0371857591224645 1.6710086495621184 0.018087012382123395 0.018087012382123395 0.04159086087103377 0.15994238297344546 0.5405499024458519 0.7944636921036744 1.6710086495621184
120 1080 1.995634065986487 1.8023634465866312 0.017655176765190336 0.017655176765190336 0.04013710711377197 0.14159178885012197 0.541627350920362 0.775163913148829 1.8023634465866312
121 1089 2.135085495504554 1.7384738901024235 0.016928406258749615 0.016928406258749615 0.04003114041390721 0.13350572626272378 0.5545889980656595 0.7670738888883234 1.7384738901024235
122 1098 2.06303036207444 1.7577255176477993 0.01643043219926731 0.01643043219926731 0.03992792671817474 0.1229289763753256 0.5684334794399589 0.8191562724981367 1.7577255176477993
123 1107 1.9588693758606635 1.7701345550186192 0.01655156050996872 0.01655156050996872 0.03926145480397716 0.10938515009885072 0.5638982165975117 0.8082610270616065 1.7701345550186192
124 1116 1.9396071873687952 1.8113788531541672 0.017467085542917326 0.017467085542917326 0.038914564443730676 0.10028541683927016 0.5575893823298466 0.7503486549684119 1.8113788531541672
125 1125 1.978755700477984 1.7770241799674704 0.017532584594304346 0.017532584594304346 0.041450859404711354 0.0958930831732911 0.5552906748908337 0.698893583086843 1.7770241799674704
126 1134 1.9099358640449118 1.7861220046739512 0.01820835295034466 0.01820835295034466 0.041821981879889336 0.09143992772488994 0.5365554498481324 0.7034221945107333 1.7861220046739512
127 1143 1.7386792266457716 1.672794628383731 0.016935754840939045 0.016935754840939045 0.04165082124857217 0.09207478337042571 0.5344831542176876 0.7019370786776135 1.672794628383731
128 1152 1.6730425126764803 1.6381557630661423 0.016285659926618675 0.016285659926618675 0.04104825721216365 0.08772527737972657 0.5316884051852975 0.6654283303951093 1.6381557630661423
129 1161 1.5934704650659826 1.715538799586044 0.01598543240121442 0.01598543240121442 0.039895205932032066 0.08362794109013139 0.5195557730069227 0.6849135162361953 1.715538799586044
130 1170 1.6429224530445485 1.6882948340886608 0.0163632614679134 0.0163632614679134 0.04067198848058621 0.07680843775475688 0.5112533824720669 0.6608617437374692 1.6882948340886608
131 1179 1.4753809922964052 1.7008141252700946 0.017106396192928745 0.017106396192928745 0.039813786226324484 0.07300282095411045 0.480143295050458 0.6699391171691127 1.7008141252700946
132 1188 1.4323954605664047 1.62751206851572 0.01642896636044093 0.01642896636044093 0.03755542668758606 0.06932502703788673 0.4733888913304763 0.6800023395724911 1.62751206851572
133 1197 1.4781223780372308 1.5709763397244882 0.016963630621356893 0.016963630621356893 0.036305682619824156 0.06738691962348281 0.4564277848783283 0.7024888039143885 1.5709763397244882
134 1206 1.5463184110803474 1.5199982557067073 0.017136723233745252 0.017136723233745252 0.03453311249027004 0.0679903141774676 0.4617267538629582 0.6957832755236898 1.5199982557067073
135 1215 1.6393510016796287 1.6084634729635499 0.016087277938884266 0.016087277938884266 0.03370020594353622 0.06747524597084852 0.4603911754072824 0.7078953964309014 1.6084634729635499
136 1224 1.7703219306532811 1.6522494142839388 0.014961688015895175 0.014961688015895175 0.032548204878551666 0.06683383157744785 0.46245711980995036 0.7186475363279133 1.6522494142839388
137 1233 1.681441433441701 1.6361493728554917 0.014555560955522991 0.014555560955522991 0.033064595644576436 0.06677824502559174 0.47905290433843184 0.7111288779497154 1.6361493728554917
138 1242 1.6714315082828284 1.605055244804903 0.013572193141614982 0.013572193141614982 0.032930216032113616 0.06453128276084182 0.4902373088057148 0.7249888149022135 1.605055244804903
139 1251 1.7744589226452916 1.4937815310996048 0.013691164209331714 0.013691164209331714 0.03266580609917244 0.06124557427473568 0.4917725273765239 0.7226474575389226 1.4937815310996048
140 1260 1.6832752769426473 1.463806097688135 0.013525789425840316 0.013525789425840316 0.03209306112728156 0.05766117142086192 0.5494093084709439 0.6894958741965596 1.463806097688135
141 1269 1.594388839395955 1.4098845645772644 0.012798402589189576 0.012798402589189576 0.03139730523636643 0.05779724472021119 0.5447509449783791 0.6762365288963341 1.4098845645772644
142 1278 1.4744419349811966 1.4722509381864555 0.012522608623097122 0.012522608623097122 0.03232525160513595 0.05505501393587936 0.5027125973257979 0.6883412267655923 1.4722509381864555
143 1287 1.7362433298539415 1.42693376412502 0.012019306576472525 0.012019306576472525 0.031594112718317933 0.05425647205351599 0.4680237560807661 0.687337931299894 1.42693376412502
144 1296 1.7753343604089042 1.4259229308046357 0.012322487540756879 0.012322487540756879 0.03088793533434894 0.050513280713253214 0.5400296275004914 0.6879968443602127 1.4259229308046357
145 1305 1.6569734093010242 1.4453293490354246 0.011314477379405772 0.011314477379405772 0.03109564094068297 0.04995839234678588 0.5345918010310517 0.6898200694747021 1.4453293490354246
146 1314 1.5188583229439458 1.397453029052139 0.011014350338443895 0.011014350338443895 0.031063603221146718 0.04855430888811833 0.529830235177147 0.6871053361725727 1.397453029052139
147 1323 1.383903613077617 1.3867808869907994 0.01027185902184904 0.01027185902184904 0.02966187111066637 0.04741952054474339 0.5289387739243798 0.6900637645175529 1.3867808869907994
148 1332 1.179496742778703 1.2639436752640183 0.010192036302112132 0.010192036302112132 0.02916342497822796 0.0465832996167171 0.5113614397939065 0.7033217020621247 1.2639436752640183
149 1341 1.1512805389413088 1.2841401016147154 0.009395929357305028 0.009395929357305028 0.027839522471250263 0.04614795004809676 0.491284784630916 0.7162580874897359 1.2841401016147154
150 1350 1.1600512818392699 1.2692134012455132 0.00841547085684473 0.00841547085684473 0.027686615555684788 0.04479265123393501 0.48319923462697584 0.777464807517266 1.2692134012455132
151 1359 1.0107075635890266 1.262031105337294 0.007705770146574676 0.007705770146574676 0.026602717128225102 0.04276324416944505 0.49286802827352894 0.8301967568128473 1.262031105337294
152 1368 0.8994341555801396 1.2511119618366728 0.006995622901566422 0.006995622901566422 0.026046871776553435 0.04128975847417832 0.49061271938764844 0.8287288914056646 1.2511119618366728
153 1377 0.9375659674285582 1.2271524235282825 0.006026563093636292 0.006026563093636292 0.025619221429988907 0.04083093591137712 0.4879488011639461 0.8493483581742185 1.2271524235282825
154 1386 0.9265469885047459 1.1233843744659324 0.005960520717800188 0.005960520717800188 0.024648566732804467 0.04398030213719804 0.4641485569150599 0.9152986374933563 1.1233843744659324
155 1395 0.8244428110025941 1.1878572984916271 0.005843501832530408 0.005843501832530408 0.02384014717294101 0.04172133686371046 0.4853777264397452 0.9159019315001965 1.1878572984916271
156 1404 0.8008257061794261 1.2006714594092467 0.005735939572366642 0.005735939572366642 0.021776050163104296 0.040063714506199076 0.5002502674138063 0.9066449458712476 1.2006714594092467
157 1413 0.6888774147410189 1.289101231488513 0.005734361884405609 0.005734361884405609 0.020640012202412256 0.038759505553355694 0.479181255707652 0.9089541974226623 1.289101231488513
158 1422 0.6725691044559897 1.2788464797265304 0.005536474503857665 0.005536474503857665 0.020165832683220468 0.03550829905729717 0.47132621444815487 0.9148646067417979 1.2788464797265304
159 1431 0.5663984849733972 1.3190820069163975 0.0050003166529209 0.0050003166529209 0.019331394407906516 0.03576492423486297 0.4734351973410765 0.9093355422250031 1.3190820069163975
160 1440 0.48623348030381086 1.2730396489589537 0.004980070632021537 0.004980070632021537 0.01784463760805757 0.03530440386313084 0.4427908247360303 0.9160666636671108 1.2730396489589537
161 1449 0.3888032588479882 1.2885018277689713 0.004869251741597459 0.004869251741597459 0.016437230624981647 0.03341328046456353 0.4270107447293906 0.9318894244890221 1.2885018277689713
162 1458 0.3242225278695931 1.2767053697995727 0.004244319448464829 0.004244319448464829 0.016073634497381757 0.03276017416174844 0.4157407559853013 0.9180083390053949 1.2767053697995727
163 1467 0.27942729528322935 1.3029192085376369 0.004061946618586048 0.004061946618586048 0.014676500947790121 0.03313653498677215 0.406412434684349 0.8896104983582377 1.3029192085376369
164 1476 0.2658765326049949 1.3056391127871239 0.0038276931450376014 0.0038276931450376014 0.013388538280905906 0.03284775793863737 0.39649213463669136 0.8963858599075931 1.3056391127871239
165 1485 0.23799830740691977 1.3413766300087844 0.0036860638329936305 0.0036860638329936305 0.0128814819092105 0.03241349042056472 0.4007028228872822 0.8464430646236708 1.3413766300087844
166 1494 0.19964968199517671 1.3436442441503675 0.0036982476006734177 0.0036982476006734177 0.012493073282878754 0.03206207550816924 0.3918268997073687 0.7914770487741682 1.3436442441503675
167 1503 0.17321630355133041 1.319488244221718 0.003398293644061534 0.003398293644061534 0.012033059295500002 0.029751116688572537 0.39816143341757604 0.7940055432780928 1.319488244221718
168 1512 0.15501415180769307 1.2554677862247101 0.0033171954674259332 0.0033171954674259332 0.011244468781005313 0.029872866450668268 0.40360961395499906 0.7535106432486639 1.2554677862247101
169 1521 0.14674682663591535 1.2294453868061357 0.003326381500143001 0.003326381500143001 0.010839352750115919 0.029906104464281685 0.39490971745779285 0.7076255473604778 1.2294453868061357
170 1530 0.13867580238117752 1.2100544722014017 0.003345833379077372 0.003345833379077372 0.01062158053528052 0.029301321246853116 0.3976244578503008 0.6630888016860829 1.2100544722014017
171 1539 0.1343944729311419 1.2080002509731906 0.0033267078920363835 0.0033267078920363835 0.01064496234128887 0.027086513950939296 0.39320205958590543 0.6156127841623842 1.2080002509731906
172 1548 0.14244993925036561 1.1600589045153913 0.003240322312325697 0.003240322312325697 0.010333737962408378 0.028461771053023728 0.3913472201859584 0.6189477087476558 1.1600589045153913
173 1557 0.14015657508928606 1.097282631829173 0.0031663558554972013 0.0031663558554972013 0.010802933303601154 0.028798515397344567 0.39514008767865166 0.5858145330597804 1.097282631829173
174 1566 0.13606401062612264 0.9960023839062258 0.0030539448380168866 0.0030539448380168866 0.011314450266427982 0.028476839045687326 0.384928021794702 0.6053893976891735 0.9960023839062258
175 1575 0.129119377871489 0.9979346384288672 0.0029313582950608553 0.0029313582950608553 0.010836029338693527 0.028007226539730597 0.39412846816752367 0.5920432829603043 0.9979346384288672
176 1584 0.11764524000905809 0.9081057297667819 0.0028570161477740525 0.0028570161477740525 0.01099000819076242 0.026762868534969137 0.4096690497748254 0.5903365167200713 0.9081057297667819
177 1593 0.1062430545160128 0.9198930275837658 0.0027861306525643883 0.0027861306525643883 0.010939662949674855 0.026241407305153844 0.42531210979389755 0.5295966580634419 0.9198930275837658
178 1602 0.10613951926694967 0.8756540552278322 0.0027015368629851495 0.0027015368629851495 0.011139977334737625 0.02532654885306334 0.4209362592151757 0.5162831829853649 0.8756540552278322
179 1611 0.09484220501918651 0.8767122920041995 0.0025214134801251073 0.0025214134801251073 0.011029001925887912 0.026428985056114573 0.3990515195928332 0.5216709518520432 0.8767122920041995
180 1620 0.08536111535274435 0.8558364075236519 0.00247695452059165 0.00247695452059165 0.010671201901835008 0.025912885608779083 0.38132195818128417 0.505593205020721 0.8558364075236519
181 1629 0.07887871732676101 0.7829677180012535 0.0024759289318234713 0.0024759289318234713 0.010117991746053401 0.02519902603410688 0.39439233778223276 0.49822198948668706 0.7829677180012535
182 1638 0.08401755466410833 0.7463281815876354 0.0023605359186499816 0.0023605359186499816 0.010312501950603537 0.025256330701360453 0.4145465541673743 0.47805107862633817 0.7463281815876354
183 1647 0.08208062305856649 0.7262457144744513 0.002207500141140052 0.002207500141140052 0.010480626859464616 0.024837939386607825 0.41543817243554587 0.5147442959367585 0.7262457144744513
184 1656 0.07417405151363443 0.7321384357598695 0.002024597926423271 0.002024597926423271 0.010489622259224531 0.02430610374273432 0.4201779259394225 0.5165719166170673 0.7321384357598695
185 1665 0.07247827208460352 0.7224987613533889 0.0021307956515990802 0.0021307956515990802 0.009923619472714492 0.024105894768355913 0.39589128018247327 0.5259938572986468 0.7224987613533889
186 1674 0.06286521809624905 0.6848430603987751 0.0022045811437771557 0.0022045811437771557 0.009611728142260958 0.025071403377448488 0.352792570229076 0.5348222556588034 0.6848430603987751
187 1683 0.055568355976178076 0.6745860634119372 0.002214161785116908 0.002214161785116908 0.009217513974232844 0.02449141710692295 0.35941565657755287 0.5014865555605568 0.6745860634119372
188 1692 0.05135094649653664 0.6698597394387927 0.0021654345051473236 0.0021654345051473236 0.009186915183593634 0.02320684845861429 0.3566741423283509 0.48165343117643733 0.6698597394387927
189 1701 0.05308670156396197 0.6719499485906135 0.002136862562872996 0.002136862562872996 0.00937555465979656 0.02289515977179239 0.3281845192465482 0.4471094986021412 0.6719499485906135
190 1710 0.05478837912642713 0.6603831394631529 0.0021115263303406466 0.0021115263303406466 0.00948656638940741 0.022896013756969986 0.3158691191645619 0.4605428048890583 0.6603831394631529
191 1719 0.0489661473650178 0.6972033700093443 0.001960163589500592 0.001960163589500592 0.009297058109000871 0.0228629185616711 0.3126347604916151 0.45731586974096966 0.6972033700093443
192 1728 0.04712141132493583 0.6709258036916006 0.0021017913413531523 0.0021017913413531523 0.009321055465476865 0.02266202204223451 0.29884265152393974 0.4218891699857253 0.6709258036916006
193 1737 0.04526080496679787 0.7059865392807846 0.0020018624069799164 0.0020018624069799164 0.009338758974019971 0.021843718448924507 0.29495755725715517 0.40639033336668834 0.7059865392807846
194 1746 0.04693161124664151 0.6730525184441423 0.002026791025130765 0.002026791025130765 0.00929901388019535 0.021945494590463945 0.3055424173409593 0.38870995561547156 0.6730525184441423
195 1755 0.0465920948903304 0.6418601706429129 0.0020390708462459084 0.0020390708462459084 0.009644123945276608 0.02193249957061155 0.2969732632149897 0.4098113416866688 0.6418601706429129
196 1764 0.038991907983649765 0.6500425184835591 0.00199881534092072 0.00199881534092072 0.009425165259247683 0.0216671236568189 0.2943840164637053 0.39803600912610637 0.6500425184835591
197 1773 0.033536122640141 0.648548206149486 0.0020260022219036828 0.0020260022219036828 0.009487230652417218 0.021193141646935195 0.28072287090287135 0.35812272371639775 0.648548206149486
198 1782 0.035815889783690276 0.650843889825157 0.0020125381548815728 0.0020125381548815728 0.009140030457256533 0.021042485883137823 0.2669567985761953 0.3365353534472009 0.650843889825157
199 1791 0.039361179017592035 0.6274864252094664 0.002102675361150979 0.002102675361150979 0.009036837461725636 0.02222560704952803 0.2600422091474066 0.32726190452052445 0.6274864252094664
200 1800 0.037854905886281126 0.673888538064218 0.002194916304904073 0.002194916304904073 0.009048747795332747 0.022704060526335463 0.24491752693561156 0.3125114436304699 0.673888538064218
201 1809 0.03423826379830544 0.6606629573630888 0.0020804223026534207 0.0020804223026534207 0.008832372307689724 0.022848921172603287 0.23653927112866735 0.305791616898285 0.6606629573630888
202 1818 0.034298431116652456 0.6424609520322285 0.001958236571034893 0.001958236571034893 0.008961322275774633 0.02235397062887104 0.2275006972755633 0.29917989138119444 0.6424609520322285
203 1827 0.03574540501595596 0.6153170326716337 0.001926770954172664 0.001926770954172664 0.00912870951807122 0.022236649488586044 0.22858769951678456 0.2916219897750606 0.6153170326716337
204 1836 0.03674652422563658 0.6113159231340227 0.0019730748644679256 0.0019730748644679256 0.009138154765233587 0.02205301107978363 0.2315667973398429 0.28748923723292746 0.6113159231340227
205 1845 0.03586394623007592 0.6071742414133046 0.0019417474163529842 0.0019417474163529842 0.009066218751668513 0.023766251973295443 0.222838997438002 0.29357117039336317 0.6071742414133046
206 1854 0.035928405312751946 0.5912365818655337 0.001806366203790465 0.001806366203790465 0.009105085115378378 0.023114825619592425 0.2249061199723907 0.28398371916480164 0.5912365818655337
207 1863 0.03413447532791787 0.5690824376747211 0.0017627443294531474 0.0017627443294531474 0.009129226683582937 0.02224191523885814 0.2246335552566811 0.28913833012589185 0.5690824376747211
208 1872 0.03688405238663207 0.5488831458750064 0.0017006976586308425 0.0017006976586308425 0.009027241731620152 0.02217776844617769 0.23298653173223588 0.2804886381305948 0.5488831458750064
209 1881 0.03518570746551607 0.5596244579977288 0.0017184580780292952 0.0017184580780292952 0.008486375179023925 0.022237004771215464 0.2476649205428878 0.2719696730356009 0.5596244579977288
210 1890 0.033304734868593935 0.5530016760064674 0.001782863040609646 0.001782863040609646 0.00836535536101177 0.02192662544477132 0.2326304722000095 0.26998402488809287 0.5530016760064674
211 1899 0.033738124103601094 0.5353934720332402 0.0017695774795363933 0.0017695774795363933 0.008177439881162986 0.02129292812258675 0.21936706166155054 0.2835837014199314 0.5353934720332402
212 1908 0.03271164486285121 0.5350235895689722 0.0017860636883749014 0.0017860636883749014 0.008261828064493796 0.020336339607054985 0.21062626927432893 0.2729002238669079 0.5350235895689722
213 1917 0.03113240492902852 0.5439912477486744 0.0017703101090000065 0.0017703101090000065 0.00795076618864681 0.01898365870683229 0.20455512118547295 0.2786529201089416 0.5439912477486744
214 1926 0.02783533125150351 0.5557405707431408 0.0017080111341750011 0.0017080111341750011 0.007966574789606643 0.018000440988791905 0.19538992189359894 0.28264387996598134 0.5557405707431408
215 1935 0.0329980453200695 0.5633330770222377 0.0016838955170064007 0.0016838955170064007 0.007705401215509569 0.018106730312469198 0.19570289842815927 0.24970929394253671 0.5633330770222377
216 1944 0.03292827463021492 0.5643549233603049 0.0016519162239596703 0.0016519162239596703 0.00834886589483537 0.019373094743269672 0.17400067182124263 0.2667791502947495 0.5643549233603049
217 1953 0.03033061448340465 0.5443478237183639 0.00158034567634625 0.00158034567634625 0.0081675346694809 0.018468793370234392 0.17833689969666383 0.27256238535721306 0.5443478237183639
218 1962 0.030137421684575273 0.5444978221702236 0.0015184642919888523 0.0015184642919888523 0.007911975163047282 0.01838133309044826 0.1688422578855627 0.2727245373724988 0.5444978221702236
219 1971 0.02709545983996368 0.5253628627438447 0.0014273174653025326 0.0014273174653025326 0.008794130862428117 0.017245036250349514 0.16817325343076775 0.2790931729828142 0.5253628627438447
220 1980 0.02330410904336275 0.534293926256252 0.0014338710430217842 0.0014338710430217842 0.008195032764255473 0.018012837899489317 0.16476638949469777 0.2684902825383572 0.534293926256252
221 1989 0.020926226763113016 0.5398168002597512 0.0014173924967271284 0.0014173924967271284 0.007600896058898697 0.017073300506045337 0.16172551840384747 0.26972212046705224 0.5398168002597512
222 1998 0.018122445680704338 0.5286227210012298 0.0013937177585916598 0.0013937177585916598 0.007228112883287075 0.016114376596170495 0.16109259303776702 0.28297889270284227 0.5286227210012298
223 2007 0.016523859804726038 0.519885364596933 0.0012634060306316419 0.0012634060306316419 0.007217489549482879 0.01618407787573145 0.1564765037902904 0.2730440625858106 0.519885364596933
224 2016 0.015493471070599302 0.5326751793621547 0.0011556861757081678 0.0011556861757081678 0.0073182534340021765 0.01601141445917703 0.15704179564415546 0.26247219118898424 0.5326751793621547
225 2025 0.013614627813138698 0.5171506684488519 0.001084721472835698 0.001084721472835698 0.0075622854982525176 0.015391817628317692 0.15938379445863995 0.2615579056447462 0.5171506684488519
226 2034 0.01292017570990625 0.5052124490068611 0.0010671748296898276 0.0010671748296898276 0.007152561482912367 0.014560477762002214 0.15449205531761917 0.26856904030724543 0.5052124490068611
227 2043 0.011547640269469904 0.537166961384682 0.001002020652974701 0.001002020652974701 0.006862133566348531 0.014805268739732105 0.15119620668825245 0.27435639836433373 0.537166961384682
228 2052 0.010068530399524624 0.547197236140131 0.0009645994139426489 0.0009645994139426489 0.006696393268722225 0.014148523282611078 0.15295273632584386 0.2665645871267291 0.547197236140131
229 2061 0.010030025492929836 0.5727937691845024 0.0009684909354153266 0.0009684909354153266 0.006703014414418141 0.013417480795260268 0.1425026825854045 0.2672149213950281 0.5727937691845024
230 2070 0.010045020185482898 0.6138540651006329 0.0009597458440918594 0.0009597458440918594 0.006368665003018886 0.012414601056269533 0.14554529292153473 0.2684749314890647 0.6138540651006329
231 2079 0.010530535513973658 0.6642862509648221 0.000863052603184233 0.000863052603184233 0.006176165519647455 0.012156124537669307 0.13990575192059385 0.27211113451522767 0.6642862509648221
232 2088 0.011248779093846212 0.6486782078603343 0.0008478016520866757 0.0008478016520866757 0.0064823246844589845 0.012137839419209867 0.1385180890094675 0.26316134184229373 0.6486782078603343
233 2097 0.010726375312532548 0.6808626594521264 0.000821923370248664 0.000821923370248664 0.0064756601623853875 0.011578847984412874 0.14026401975798072 0.26721332424277855 0.6808626594521264
234 2106 0.011932823183079233 0.6873548531195955 0.0008112978071336043 0.0008112978071336043 0.00614893134161467 0.011024629871184856 0.13182038152453285 0.26595373061912253 0.6873548531195955
235 2115 0.012164950505040009 0.6581567077117308 0.0008578839051576278 0.0008578839051576278 0.005994135973187368 0.011606086566318551 0.13853157787007145 0.2599314659508747 0.6581567077117308
236 2124 0.011429641759033621 0.6642972968452292 0.000825097165459078 0.000825097165459078 0.0058521481385242595 0.011760023793566431 0.1403171032616438 0.25053809806959787 0.6642972968452292
237 2133 0.010227515100396559 0.6279376999241413 0.0008100662071743448 0.0008100662071743448 0.005728901602752271 0.011554850413241089 0.143476235423933 0.2374958005098322 0.6279376999241413
238 2142 0.009055965899341739 0.6021836499521034 0.0007953652992025604 0.0007953652992025604 0.0054549473049065635 0.010890706771587308 0.1429848274175877 0.24628723974013653 0.6021836499521034
239 2151 0.009669364716482123 0.5926021601018657 0.000784925864308654 0.000784925864308654 0.005551818819757863 0.010844460422562038 0.1348485641159986 0.2360875124587341 0.5926021601018657
240 2160 0.009424192126472308 0.5759339276823511 0.0008678849765411233 0.0008678849765411233 0.005254904273896816 0.011039350308576496 0.1314116800621301 0.243502793712982 0.5759339276823511
241 2169 0.011589765808487446 0.5755944790381067 0.0008551036927806249 0.0008551036927806249 0.00508150787493427 0.011558992289021928 0.12986447374152202 0.2284736595793712 0.5755944790381067
242 2178 0.01142233149771658 0.5611013749553168 0.0008648045449594484 0.0008648045449594484 0.004897096733652651 0.011926524825255073 0.136070410609984 0.22615480037369942 0.5611013749553168
243 2187 0.012413093810255734 0.5576456022228019 0.0008995138432127826 0.0008995138432127826 0.004939253833371671 0.011845130507002106 0.13429297952214136 0.23354877441630542 0.5576456022228019
244 2196 0.012567714307803853 0.5457812382875957 0.0008906894406628583 0.0008906894406628583 0.00491919739979213 0.011462707462615131 0.1295467494093419 0.2650258542818214 0.5457812382875957
245 2205 0.010560956797435154 0.5617530455587915 0.0008338385068032503 0.0008338385068032503 0.004563195298650379 0.011416808277639582 0.13566373097967352 0.2712465848643762 0.5617530455587915
246 2214 0.011410542966240974 0.5182537237347788 0.0008252770601285744 0.0008252770601285744 0.004391681935117757 0.01136095871953138 0.1366049385667949 0.2785878276951538 0.5182537237347788
247 2223 0.012475336451346545 0.5191746507434184 0.0008180582290311221 0.0008180582290311221 0.004585327913681802 0.01187136051331912 0.13170228035152742 0.27786423250800735 0.5191746507434184
248 2232 0.014626167188609103 0.5593589658506295 0.0008344902515251349 0.0008344902515251349 0.004532859555815808 0.011949448728248492 0.12085295613609502 0.265691043994897 0.5593589658506295
249 2241 0.016357642936993533 0.5559761025304668 0.0008944170407233403 0.0008944170407233403 0.004529199015068356 0.012832330669405902 0.12041805480284624 0.267998779349741 0.5559761025304668
250 2250 0.016087166654553668 0.6026937279395741 0.0008623563890764618 0.0008623563890764618 0.0044433826500926395 0.012763734660522923 0.12045001787420981 0.2662378643570131 0.6026937279395741
251 2259 0.01635893998058677 0.6230899143108231 0.0008769515116326588 0.0008769515116326588 0.004269082143839214 0.012400369760343843 0.11622085661073328 0.26629351449988525 0.6230899143108231
252 2268 0.016083666342998418 0.6312313609692568 0.0008723387425051905 0.0008723387425051905 0.004338556294789694 0.012578569390359963 0.11577343128777413 0.26171981548581225 0.6312313609692568
253 2277 0.01607221982089817 0.6252127526075861 0.0008703832534719111 0.0008703832534719111 0.004113312945117904 0.012187702730394788 0.11529084645590996 0.2614020863977825 0.6252127526075861
254 2286 0.017149833184595484 0.6391403496508506 0.0008426354454587041 0.0008426354454587041 0.004108454819925158 0.012333155756447233 0.11567885992253789 0.25183391284326734 0.6391403496508506
255 2295 0.019200602031501417 0.6314535662851115 0.0008514237631934674 0.0008514237631934674 0.004293917424164328 0.012537506812720476 0.1166540942728388 0.23069656316155893 0.6314535662851115
256 2304 0.017119562121624157 0.7130688700886779 0.0008254658873655168 0.0008254658873655168 0.004199656320646731 0.01294546709797474 0.11459079255096706 0.21639391861123056 0.7130688700886779
257 2313 0.01426361592185637 0.7018725558700059 0.0007736389536446829 0.0007736389536446829 0.004150297048443166 0.013024868560891236 0.11364202683492824 0.20747960459865608 0.7018725558700059
258 2322 0.014157116389169944 0.7034368757511434 0.0006454594107525927 0.0006454594107525927 0.004165590716012017 0.012965476941075312 0.11077422880893079 0.215286304518709 0.7034368757511434
259 2331 0.014454650297170088 0.6822521557149831 0.000650269171634415 0.000650269171634415 0.004166693873533711 0.01288808214391707 0.10852014209691715 0.21421976256247655 0.6822521557149831
260 2340 0.014867368804803395 0.7312989557697522 0.000625425279273833 0.000625425279273833 0.003991934323989387 0.012289541457510253 0.10895541428476739 0.21716472326313183 0.7312989557697522
261 2349 0.016774815309212113 0.7495791780818889 0.000621919518640423 0.000621919518640423 0.0037103220013226454 0.012244406114754093 0.11004192628857305 0.22965769356570254 0.7495791780818889
262 2358 0.01606197057606105 0.7783708573711207 0.0006440767460597219 0.0006440767460597219 0.0035971692802502305 0.012680975898410638 0.10768669058342754 0.2419035638615374 0.7783708573711207
263 2367 0.015414685874608895 0.7741432456366014 0.0006379150564852985 0.0006379150564852985 0.0035547041509465427 0.011921053358984388 0.10175329562132009 0.24539842480620155 0.7741432456366014
264 2376 0.01495547639189856 0.7538721593875123 0.0006475736976166199 0.0006475736976166199 0.0035565046569155986 0.012215540399817405 0.09634455605740336 0.25120788446273196 0.7538721593875123
265 2385 0.015710707527029175 0.7486035904365446 0.0006343640565282347 0.0006343640565282347 0.0036852891562089195 0.012096388471387332 0.09461005456242061 0.25595750331154443 0.7486035904365446
266 2394 0.015603346026508952 0.7370563453640028 0.000673786519279388 0.000673786519279388 0.0036949394564625387 0.011549942796742773 0.09674576704331828 0.24446843320208705 0.7370563453640028
267 2403 0.015170151253357534 0.7171056149736077 0.0006380434189309488 0.0006380434189309488 0.003559562346770814 0.011148058909720926 0.09651850070804585 0.2556363594595269 0.7171056149736077
268 2412 0.01462149848271739 0.7621604368842423 0.0006036595121018089 0.0006036595121018089 0.0034637405888825576 0.011146909980230008 0.0929535563858183 0.25074632005755704 0.7621604368842423
269 2421 0.014569426146098501 0.7353172106316456 0.000606787633498717 0.000606787633498717 0.0035428562573178862 0.011575862499515144 0.08869984425920051 0.24253301157086007 0.7353172106316456
270 2430 0.012973575310388018 0.7192885051635204 0.0005827803785148491 0.0005827803785148491 0.0035065295250955634 0.011550209464934087 0.08657962380878241 0.24428716666180258 0.7192885051635204
271 2439 0.013206408517611153 0.703951555212297 0.0005675165624430872 0.0005675165624430872 0.003419209796019021 0.011710508676578647 0.08560940573186614 0.2269219654646134 0.703951555212297
272 2448 0.011156375352267635 0.7075932241625811 0.0005405117970688859 0.0005405117970688859 0.003415412269471741 0.011787453902251638 0.0831551868435236 0.23740418104626093 0.7075932241625811
273 2457 0.01267284532737547 0.7150372748037187 0.0005104143796987608 0.0005104143796987608 0.0034090896247645024 0.012359833570563203 0.08412208565544643 0.2274282096027705 0.7150372748037187
274 2466 0.012615213429795706 0.7126756306233158 0.0005287675402411618 0.0005287675402411618 0.003359016326603891 0.012555338341524433 0.10111960546110568 0.2038156775777959 0.7126756306233158
275 2475 0.01298047577277177 0.6493216831048283 0.0005331076043583997 0.0005331076043583997 0.003384092680864277 0.011783192760893105 0.10161800943232478 0.20348776219780376 0.6493216831048283
276 2484 0.012859132904000863 0.6455069922399449 0.0005424695061860824 0.0005424695061860824 0.003215982952968173 0.012187431496037055 0.10151878151825852 0.19688302040631736 0.6455069922399449
277 2493 0.012132273191134467 0.6176412038036119 0.0005305844726264532 0.0005305844726264532 0.0030983048721896873 0.012384240475591536 0.10203609734519047 0.19527869246140475 0.6176412038036119
278 2502 0.012480984534711506 0.6016645759751572 0.0005028710455055633 0.0005028710455055633 0.0030132212118792272 0.012157967230696646 0.10509455024611734 0.18658600091649208 0.6016645759751572
279 2511 0.012607640266598132 0.5986136465231903 0.0005218663919498921 0.0005218663919498921 0.003036567829536744 0.011850457107012302 0.10472466732035894 0.17941753498365542 0.5986136465231903
280 2520 0.011589810834062058 0.5791538828173994 0.000499335854740493 0.000499335854740493 0.002996835124909416 0.011562986028733874 0.111269673486812 0.17216622052800437 0.5791538828173994
281 2529 0.01202386481015714 0.5353010052971772 0.0004985152555295139 0.0004985152555295139 0.0028889396167818917 0.011618286457130443 0.11119114887289651 0.17044307238800713 0.5353010052971772
282 2538 0.012759643144110789 0.5547258618507521 0.00046521509024825586 0.00046521509024825586 0.0027542337622967106 0.011482607527051792 0.11501581604392544 0.17532921546588004 0.5547258618507521
283 2547 0.012056095632424149 0.5518440351895836 0.0004582381867175658 0.0004582381867175658 0.002683744539638549 0.011476667324403035 0.1166492666564095 0.173728668734343 0.5518440351895836
284 2556 0.011114698055224527 0.5337648613427712 0.00043716705117494695 0.00043716705117494695 0.002579242860135938 0.012140583005737232 0.11614828696627641 0.17009175289581238 0.5337648613427712
285 2565 0.010089273626292045 0.5387187416604692 0.0004226223963611471 0.0004226223963611471 0.0024864091295056976 0.012169950118650689 0.11694254330873631 0.16627262089100997 0.5387187416604692
286 2574 0.008465298349674718 0.5277888855601413 0.0004268542288950295 0.0004268542288950295 0.002406748248727508 0.01169548315073117 0.11575456897251248 0.1656082207396465 0.5277888855601413
287 2583 0.008131304499155024 0.5213786520692455 0.0004106358543758009 0.0004106358543758009 0.0023466908983973108 0.011173648029363242 0.1114212865603666 0.1623714016830839 0.5213786520692455
288 2592 0.008564295566908492 0.5125273254068698 0.00040320605334035137 0.00040320605334035137 0.0022981267217279857 0.011097612500867087 0.11434487120638799 0.15976181738052092 0.5125273254068698
289 2601 0.007687042742113626 0.5052216879471979 0.0003925657400155715 0.0003925657400155715 0.0023349509947464204 0.011487116584585224 0.11476463498814109 0.16131937354391337 0.5052216879471979
290 2610 0.007623487328116796 0.5033435716480804 0.000400788496011977 0.000400788496011977 0.002328894550654209 0.011444546517010806 0.11256852617144689 0.15102181046603458 0.5033435716480804
291 2619 0.007266142383701591 0.5147525988361459 0.0003919374514643943 0.0003919374514643943 0.002283139326651256 0.011725258730978938 0.10612435240958146 0.15139561302501045 0.5147525988361459
292 2628 0.006820627066294381 0.5447931561887891 0.00037527457769568484 0.00037527457769568484 0.0021983047980533516 0.011160984480024495 0.10162339338484501 0.15311500507657086 0.5447931561887891
293 2637 0.006941004336839338 0.549261482877072 0.00036952160173496745 0.00036952160173496745 0.0021031042360663303 0.010697938314211527 0.10507890142917127 0.14771965909838264 0.549261482877072
294 2646 0.006868377317062644 0.5427275479843038 0.00037683949787806393 0.00037683949787806393 0.0021714464527510784 0.00995973111731662 0.1059391390114895 0.14310286119405902 0.5427275479843038
295 2655 0.007043809365157503 0.5749840188361663 0.0003455798456193845 0.0003455798456193845 0.00214328907087091 0.009667266579219772 0.10744198145450509 0.14798414525165643 0.5749840188361663
296 2664 0.007576040195294981 0.586367603239587 0.000327856830293873 0.000327856830293873 0.0021801882835649176 0.00996442916817898 0.1070313679006531 0.14205714887438817 0.586367603239587
297 2673 0.008515292848675847 0.5734152205922668 0.0003291817608975449 0.0003291817608975449 0.0021646148631602516 0.010425327977785595 0.11140014863619428 0.1428771947010456 0.5734152205922668
298 2682 0.008661292159582461 0.5396304176900809 0.0003494975231160282 0.0003494975231160282 0.002254783066229402 0.010363982906325394 0.11033687871562001 0.13884993399796647 0.5396304176900809
299 2691 0.007814248067363345 0.5050042513221129 0.00034636516055466045 0.00034636516055466045 0.0022035480059713966 0.010079726598981825 0.11400598437966444 0.14339789934079736 0.5050042513221129
300 2700 0.007114012316592417 0.5121613343541577 0.0003260989188828959 0.0003260989188828959 0.0021782760602306332 0.00946697994373773 0.1152341891670906 0.14539625126960334 0.5121613343541577
301 2709 0.0063997848150389195 0.49880715991109814 0.000316023613343694 0.000316023613343694 0.0020636140753359324 0.009203941877987938 0.11189035379733278 0.14792749015127946 0.49880715991109814
302 2718 0.0054733773028279465 0.48505483104415703 0.0003184187019350641 0.0003184187019350641 0.002010646369393033 0.00867987845543041 0.10834788061204301 0.14522339700682155 0.48505483104415703
303 2727 0.005304759338913373 0.487824981339298 0.0003140807020907023 0.0003140807020907023 0.001951567646461584 0.008534655772668888 0.10146079682157544 0.13659012947837895 0.487824981339298
304 2736 0.004896941458442107 0.49368479772965695 0.00029893184204575994 0.00029893184204575994 0.0019047406636827316 0.008503548460165725 0.10279251729149264 0.13477187385572686 0.49368479772965695
305 2745 0.004613007780669916 0.5069409670006936 0.0002947093147592802 0.0002947093147592802 0.0019356512065311228 0.00833057550345782 0.10045939305078228 0.12406314010851942 0.5069409670006936
306 2754 0.004217412911915568 0.5216349188729902 0.0002849006235019196 0.0002849006235019196 0.0019081644585762574 0.008467901342449307 0.090069587597277 0.12856698898053356 0.5216349188729902
307 2763 0.00438475928423858 0.4911107588842899 0.0002769331181689648 0.0002769331181689648 0.001819649214822589 0.008409807151676144 0.09566694935977801 0.1270341377220485 0.4911107588842899
308 2772 0.004077699752709055 0.5010615692601568 0.00026800622965073386 0.00026800622965073386 0.0017506156955429907 0.008360601803935207 0.09496763126907286 0.1252047259631362 0.5010615692601568
309 2781 0.004041754842865813 0.4805247442663542 0.0002635927824494567 0.0002635927824494567 0.0017046995383988514 0.00837102914149959 0.09771739022742328 0.12481406956869079 0.4805247442663542
310 2790 0.004440264415817254 0.48254574465495986 0.00026224307166596565 0.00026224307166596565 0.0017086124077222429 0.007697659941459955 0.0958190563404435 0.1252012188755674 0.48254574465495986
311 2799 0.004956715694073519 0.4524499484697494 0.0002503359087866483 0.0002503359087866483 0.001846003339372906 0.007911108152977924 0.09792783733856367 0.12592071172033206 0.4524499484697494
312 2808 0.0048570940912499435 0.4525027521436194 0.00025042934847161125 0.00025042934847161125 0.0020330816804712093 0.007997051868080652 0.0974919949158281 0.11821026296521356 0.4525027521436194
313 2817 0.005459563819334243 0.46417967345407013 0.00025137567910604264 0.00025137567910604264 0.0018789755217249204 0.007753172756666444 0.09827548382549159 0.12188287417906285 0.46417967345407013
314 2826 0.00517880812194443 0.45910725886758125 0.00025829999389519073 0.00025829999389519073 0.0020021288161538356 0.007562337767333065 0.09630786168071817 0.13147655309120787 0.45910725886758125
315 2835 0.004442282858832058 0.4644804321405212 0.00026237268214709627 0.00026237268214709627 0.0020793175425252836 0.006906397444262744 0.09103848417049466 0.13230713204457992 0.4644804321405212
316 2844 0.004409828244347045 0.4436190359304685 0.00025514556399569446 0.00025514556399569446 0.001987973879153555 0.006863150113014876 0.09287536563396662 0.13255622353940438 0.4436190359304685
317 2853 0.005031683674826578 0.4213097863400266 0.0002488069386651447 0.0002488069386651447 0.001957163933094684 0.006557752283394473 0.09372392232278276 0.13743859128393496 0.4213097863400266
318 2862 0.005135078101145915 0.43635107056602457 0.00025009553478815423 0.00025009553478815423 0.0018109321681302987 0.00642894882652667 0.0955642021805377 0.14807475958614558 0.43635107056602457
319 2871 0.0048451616033741785 0.4321048424940068 0.0002431484830122073 0.0002431484830122073 0.0017889699830030104 0.006369386220037847 0.09741613203538159 0.1492805746321036 0.4321048424940068
320 2880 0.005005292735514789 0.431621815663687 0.0002380107826437955 0.0002380107826437955 0.0017645721608444338 0.006208428516530135 0.09464714385405691 0.14769524386782157 0.431621815663687
321 2889 0.004917756878387336 0.44576986986953887 0.00022651905343693357 0.00022651905343693357 0.0018443936353156368 0.005945182184101978 0.09986140646699003 0.1455830927964863 0.44576986986953887
322 2898 0.0052430142841781765 0.4402111129219987 0.0002251818174982045 0.0002251818174982045 0.0017524537045967691 0.0061518447525691425 0.09968954035290763 0.1435427986488145 0.4402111129219987
323 2907 0.005070409533067727 0.43248698700790045 0.00020531315837668808 0.00020531315837668808 0.001974373429941307 0.005959781769411531 0.10664347343893488 0.14218685095700043 0.43248698700790045
324 2916 0.005126931574710761 0.4289297788883594 0.00020871448228015324 0.00020871448228015324 0.0019501875398487774 0.006345857630607701 0.09648953887612041 0.13874026340813056 0.4289297788883594
325 2925 0.0058535041981254525 0.42331129650429206 0.0002133397312305781 0.0002133397312305781 0.0018770285009056854 0.006193489208850516 0.09129434815891779 0.14286219842007594 0.42331129650429206
326 2934 0.006057469805791973 0.487906921154935 0.00020742576236081178 0.00020742576236081178 0.0018679295957019992 0.006256774822283577 0.08962092474603829 0.13539409041373351 0.487906921154935
327 2943 0.00641219682690122 0.48565014651741567 0.00021441506862773818 0.00021441506862773818 0.001901125707861707 0.006146796535772463 0.08341407882378608 0.13317819599123443 0.48565014651741567
328 2952 0.006431039595025697 0.5109180156440087 0.00021060956303150445 0.00021060956303150445 0.001938069698476963 0.00604729932228067 0.08288048014102943 0.13429477010676272 0.5109180156440087
329 2961 0.006515364244269559 0.5473662938551918 0.000209124295738611 0.000209124295738611 0.0018731847471527797 0.005594308366303522 0.0811403093748637 0.12935099444641254 0.5473662938551918
330 2970 0.007591598364353987 0.5473399867253047 0.00020064560995560182 0.00020064560995560182 0.001851205362897103 0.005683386787179318 0.0842926437506826 0.12412043132600434 0.5473399867253047
331 2979 0.009048668739527609 0.5388149945347754 0.0001973360777057569 0.0001973360777057569 0.0018643478880345362 0.005191452254542345 0.08467034517213744 0.1556787240198798 0.5388149945347754
332 2988 0.009278170219570342 0.5960629932947998 0.00019829787296800556 0.00019829787296800556 0.0018752692290792568 0.004732509668234371 0.08502433158302486 0.1575454686882816 0.5960629932947998
333 2997 0.01005150574761396 0.6307245166274059 0.00019569032226725736 0.00019569032226725736 0.0018186505850610174 0.004376745833622736 0.08376076742620786 0.16115154706467227 0.6307245166274059
334 3006 0.009825898505179351 0.6595895838787693 0.00018797474654729527 0.00018797474654729527 0.0019161109066021553 0.004403271654159262 0.08142149249446741 0.15322856496032725 0.6595895838787693
335 3015 0.008701786366643871 0.6650787693791045 0.00018375259288753404 0.00018375259288753404 0.001794770531646653 0.004588476906676512 0.07846440479116568 0.15763530444175394 0.6650787693791045
336 3024 0.008069701559593976 0.6586563432210245 0.00017685851785741437 0.00017685851785741437 0.0016468171540672605 0.004486190984693133 0.07776081205814799 0.15475798229768709 0.6586563432210245
337 3033 0.008038261242977686 0.6570329546176634 0.00016811165423584606 0.00016811165423584606 0.0016894325951134414 0.0045508416726099355 0.06941444438740803 0.1586790441646056 0.6570329546176634
338 3042 0.007214483657720225 0.6606765091751251 0.00016384072226103598 0.00016384072226103598 0.0016931283770533 0.0044085901967638496 0.07032024431907116 0.15687435761844376 0.6606765091751251
339 3051 0.0072195462469030955 0.6500420846450135 0.00015155073835379284 0.00015155073835379284 0.0016652747330063423 0.004501513433392222 0.06796075995660461 0.15957908251200828 0.6500420846450135
340 3060 0.006868397120463313 0.6832506516939698 0.00015849850518569403 0.00015849850518569403 0.0015880998665423977 0.0044510443857408545 0.06996770045165136 0.15291668478066775 0.6832506516939698
341 3069 0.006728956901144863 0.6670066239791513 0.00015363858756493848 0.00015363858756493848 0.001653465204584478 0.004404468666482635 0.06815481326599494 0.14300438714260955 0.6670066239791513
342 3078 0.007305612226125033 0.6498888294444095 0.00014358752671488566 0.00014358752671488566 0.0017526793347419618 0.004451299505356513 0.06717472508192289 0.13945928783954656 0.6498888294444095
343 3087 0.007821987606169813 0.6623984722382777 0.00013972084293257102 0.00013972084293257102 0.0018868017993643918 0.004262613374253394 0.06400901800332477 0.1413487653522866 0.6623984722382777
344 3096 0.00774202617507782 0.6650181530964759 0.00013924166818251376 0.00013924166818251376 0.001960130793053673 0.004286136936804877 0.06338649805172768 0.1372281645583376 0.6650181530964759
345 3105 0.008604346530894761 0.6328081708897891 0.00013978186813202887 0.00013978186813202887 0.0018483709209076882 0.004311986421265995 0.0627704030040677 0.1408404214664999 0.6328081708897891
346 3114 0.011045056049346564 0.597276811792974 0.00014215167911082143 0.00014215167911082143 0.0018552277194871518 0.0040203352553698874 0.0730964907902745 0.14694722590140816 0.597276811792974
347 3123 0.012094971741222888 0.5895731313931126 0.00014719912828911524 0.00014719912828911524 0.0018302262306122625 0.004282646606114993 0.07434112077678408 0.1542894964946997 0.5895731313931126
348 3132 0.012273367914346684 0.5837064607470154 0.00013532048184898123 0.00013532048184898123 0.0017458889612544124 0.004343331376533766 0.07651800927866419 0.15270217400128988 0.5837064607470154
349 3141 0.011101955339326735 0.588900960824419 0.00012651243066731985 0.00012651243066731985 0.0017216298275018564 0.004316327921273612 0.07383365757549183 0.14335629874899877 0.588900960824419
350 3150 0.010628225489837363 0.5833458653905949 0.00012449488229376618 0.00012449488229376618 0.0016604708199025086 0.004253351823340356 0.07115937087689164 0.14173475885830392 0.5833458653905949
351 3159 0.01177004528171675 0.5627927138342192 0.00013002369388422105 0.00013002369388422105 0.0016642416969428607 0.004132807070507681 0.06661488931819502 0.13573572366421063 0.5627927138342192
352 3168 0.010288669570319889 0.522610957971239 0.00013718374854553025 0.00013718374854553025 0.0016420432070943702 0.004237070708974241 0.0670941993939208 0.13665489579500623 0.522610957971239
353 3177 0.010807920752602899 0.5166326158475911 0.0001379446583025468 0.0001379446583025468 0.0016001708602639585 0.004218764550149905 0.06589101098845083 0.1356954237061823 0.5166326158475911
354 3186 0.01080557938276957 0.5100417408642959 0.00013681570956519223 0.00013681570956519223 0.0015993841035166676 0.00402961844905915 0.07469812501241804 0.1335774633478554 0.5100417408642959
355 3195 0.012287437208840237 0.48810308199850033 0.00013814558276129376 0.00013814558276129376 0.0015210425786891942 0.0042725331688223695 0.07426955772543282 0.12630446671498657 0.48810308199850033
356 3204 0.013539004525305787 0.6095443146515352 0.00013536598139839078 0.00013536598139839078 0.0015039375778383717 0.004131335478392838 0.06644889069680511 0.12790575579196686 0.6095443146515352
357 3213 0.015511928762977722 0.6567044236028295 0.00013385441640986737 0.00013385441640986737 0.0014602151670945929 0.00414737458527054 0.06760112354805346 0.12391834412031259 0.6567044236028295
358 3222 0.015773527243812233 0.6453220889233666 0.00012533165355430685 0.00012533165355430685 0.0014071602576443062 0.004812960828631357 0.06854933963567565 0.12361194475155322 0.6453220889233666
359 3231 0.01690890514780845 0.6304317942541634 0.00012235517822813827 0.00012235517822813827 0.0013202236078324067 0.004804638797854684 0.07033285357003365 0.12675881709179918 0.6304317942541634
360 3240 0.014105462803549036 0.5927312941172619 0.00011973489809138926 0.00011973489809138926 0.0014024046444383 0.004497114342815645 0.06894509983295144 0.1347214114342013 0.5927312941172619
361 3249 0.014115491884255198 0.5617837475371168 0.0001181585754905038 0.0001181585754905038 0.001348690659668517 0.004525120824204018 0.07012462900464103 0.1302656370760733 0.5617837475371168
362 3258 0.012523298207394376 0.5577778174828506 0.00011737752049694552 0.00011737752049694552 0.001303304418360235 0.004562464625315165 0.07101553425461823 0.12653159499281588 0.5577778174828506
363 3267 0.011684727414519532 0.5301507837855975 0.00011271494885102328 0.00011271494885102328 0.0013030628283786374 0.0045466509558288095 0.06971507333345038 0.12322244664836947 0.5301507837855975
364 3276 0.010372793526752177 0.5239805334697895 0.00011287775012096098 0.00011287775012096098 0.0012455886156301022 0.004495085533617367 0.06446122220849082 0.13254889585678656 0.5239805334697895
365 3285 0.00893534118401761 0.5205035804668232 0.00010871870833551646 0.00010871870833551646 0.0011625718441972935 0.004469098118767051 0.06487490132028248 0.12719565124412027 0.5205035804668232
366 3294 0.0075867515850261205 0.49804471023864144 0.00011295011303425786 0.00011295011303425786 0.0011260041219639091 0.0047388689825963 0.06091773496801514 0.12305381726166587 0.49804471023864144
367 3303 0.006496816376614485 0.47755088415612645 0.00011220989049632704 0.00011220989049632704 0.0011410856054742396 0.004675935324558455 0.059454320056446346 0.1179471689595715 0.47755088415612645
368 3312 0.006501465550946217 0.4592878789211643 0.00011585807305497109 0.00011585807305497109 0.0011137900556835167 0.00462516057307914 0.05870175140870586 0.11039081615828063 0.4592878789211643
369 3321 0.006188218101524027 0.4196399982827749 0.00011458160918515107 0.00011458160918515107 0.0010529875995975515 0.00499382972441082 0.05918876122272557 0.11511057431515519 0.4196399982827749
370 3330 0.0060923199826661235 0.4072610054312409 0.00011246259350259993 0.00011246259350259993 0.0010613260113314575 0.0048590189417082276 0.061253724400278535 0.11294833350845448 0.4072610054312409
371 3339 0.0066001034966775216 0.40552186269585555 0.00010597103459973317 0.00010597103459973317 0.001090421301810687 0.004797486019601954 0.05913136858566884 0.11803324771109233 0.40552186269585555
372 3348 0.0073388111647288675 0.391932546472733 0.00010107359890027737 0.00010107359890027737 0.0010845881078240351 0.005320301656867139 0.06154183575711031 0.11748709222872522 0.391932546472733
373 3357 0.007730803345178204 0.4519203627227629 9.654922107954544e-05 9.654922107954544e-05 0.0010811422148451248 0.00524887898944792 0.05958150796362097 0.11576979506508336 0.4519203627227629
374 3366 0.008171707960035359 0.45886595248683876 9.357720771863769e-05 9.357720771863769e-05 0.0010646835397254317 0.005223304171742281 0.056780558954622355 0.11926903407913021 0.45886595248683876
375 3375 0.007878846163078945 0.4853422257598262 9.506831732823466e-05 9.506831732823466e-05 0.0010334084308803752 0.005252484088873289 0.05594884365285289 0.11825353917630513 0.4853422257598262
376 3384 0.007050362702038295 0.4822976697691624 9.321925774019484e-05 9.321925774019484e-05 0.0010082639273367626 0.005218720726739796 0.05214657134645528 0.11926812661808442 0.4822976697691624
377 3393 0.007451437473094912 0.46611537912082557 8.989747660971873e-05 8.989747660971873e-05 0.0009855302631513732 0.005246914021461698 0.051833399422049425 0.1117386471102196 0.46611537912082557
378 3402 0.007578934733512421 0.4949841062859241 8.896060149003634e-05 8.896060149003634e-05 0.000984047668722294 0.005144767766751531 0.04940329403510434 0.11417476304947526 0.4949841062859241
379 3411 0.0075583905504963975 0.5070304279325998 9.61946615893819e-05 9.61946615893819e-05 0.0009926943292694252 0.0048799294425117224 0.05032129894676921 0.11163423323764393 0.5070304279325998
380 3420 0.0072137433489485765 0.5144119747870431 9.229139547995506e-05 9.229139547995506e-05 0.0009874867290500286 0.004752740051092663 0.04819623072228472 0.11588755559311045 0.5144119747870431
381 3429 0.008264402272251213 0.5194214424973153 9.251905514476542e-05 9.251905514476542e-05 0.0009898004939304268 0.004373041447746906 0.04708466193124231 0.11370372309872334 0.5194214424973153
382 3438 0.008180257127076429 0.5209555883064767 9.415996370298303e-05 9.415996370298303e-05 0.0009687813632309136 0.004365638069950518 0.048138267487542415 0.1152414904242951 0.5209555883064767
383 3447 0.008431232531006423 0.5126534371648427 9.304427612386021e-05 9.304427612386021e-05 0.000961481388940274 0.004140959383850726 0.047294559087698695 0.11431096427704959 0.5126534371648427
384 3456 0.007589615399912553 0.4898667421236296 9.717321013563307e-05 9.717321013563307e-05 0.0009836999725540833 0.004357792353048 0.04746015040064075 0.11030714598403311 0.4898667421236296
385 3465 0.00725372007371901 0.48429622522404026 9.177270142231918e-05 9.177270142231918e-05 0.0009475725458676567 0.004213531717667693 0.047406440576944604 0.11095885967572222 0.48429622522404026
386 3474 0.007257517362856005 0.48509087232123355 9.930168232411937e-05 9.930168232411937e-05 0.0008809505500826633 0.004020573817049578 0.04698190463586671 0.10847238346774035 0.48509087232123355
387 3483 0.00628096621406058 0.48936122485192735 9.60865535915317e-05 9.60865535915317e-05 0.000840249722057138 0.003927111327281546 0.046859784321307114 0.10975268873049417 0.48936122485192735
388 3492 0.005443975869671751 0.4695171717975909 9.410833116324941e-05 9.410833116324941e-05 0.0007890679282231388 0.004025492120631292 0.04535477696500766 0.10919264519957483 0.4695171717975909
389 3501 0.0056291012667239815 0.47308030474213025 9.441405235059437e-05 9.441405235059437e-05 0.0007815928810185585 0.0037641560844136066 0.04621352995593329 0.10086519597445065 0.47308030474213025
390 3510 0.005526551084378149 0.4656548837671052 9.286323379193841e-05 9.286323379193841e-05 0.0007623650992160082 0.0037519709113158052 0.04722934075064909 0.10479079469254504 0.4656548837671052
391 3519 0.005613373472479828 0.445453110012579 9.019913075548407e-05 9.019913075548407e-05 0.0007399774335054068 0.0035070505418496422 0.04906049213132193 0.10665578094201232 0.445453110012579
392 3528 0.005659027649745577 0.46022655587927896 8.716179084380082e-05 8.716179084380082e-05 0.0007546329040801946 0.0034214875624815995 0.04583321841651775 0.11024280940454394 0.46022655587927896
393 3537 0.00537228244842993 0.41923776945195046 8.52868303331513e-05 8.52868303331513e-05 0.0007946402871103537 0.003381313724718071 0.04681464367137528 0.11015059106004438 0.41923776945195046
394 3546 0.005418305388397841 0.42738291011489604 8.271978434139755e-05 8.271978434139755e-05 0.0008237933610924861 0.003210488849426758 0.04356497224041926 0.10970879091648256 0.42738291011489604
395 3555 0.005622549842667914 0.4241246767246004 7.922575335713636e-05 7.922575335713636e-05 0.000791961274909897 0.003192422486822405 0.042748951359196465 0.12077113678348723 0.4241246767246004
396 3564 0.005960388224353307 0.43107857655217646 7.728853785127817e-05 7.728853785127817e-05 0.0008282895181180663 0.0030305108435292965 0.042540100872100105 0.1233111345676411 0.43107857655217646
397 3573 0.005981711778908325 0.4101118889859474 7.558004172313312e-05 7.558004172313312e-05 0.0008180182550349941 0.00304877746342631 0.04436907175759802 0.11711996649255835 0.4101118889859474
398 3582 0.005671282840837663 0.4083483205630174 6.586116525434248e-05 6.586116525434248e-05 0.0008382455100940121 0.0030763565056614907 0.04226124359674586 0.12303357891304265 0.4083483205630174
399 3591 0.005514664736167687 0.40858740698204593 6.207768014431643e-05 6.207768014431643e-05 0.000817647346933536 0.003267454279801399 0.041973432076725124 0.12132376701565409 0.40858740698204593
400 3600 0.0057682378841321155 0.3929814410831004 6.467408114518471e-05 6.467408114518471e-05 0.0007834945615277123 0.0033458617174096754 0.0404803335166305 0.12401300475759527 0.3929814410831004
401 3609 0.006179406390298355 0.4008552329628817 6.370887932402663e-05 6.370887932402663e-05 0.0007988139221536975 0.0033721191255250507 0.03949780282569383 0.11515166821136814 0.4008552329628817
402 3618 0.006102127386013676 0.4152427969550099 6.322860071616623e-05 6.322860071616623e-05 0.0007885811918512882 0.003403849867615037 0.038282572476557836 0.11787760399114199 0.4152427969550099
403 3627 0.0059360025669606 0.40262912769838904 6.164964115370695e-05 6.164964115370695e-05 0.000759836148590304 0.0033685646640994587 0.04011634472377096 0.12096502077079924 0.40262912769838904
404 3636 0.005835403001780728 0.3983163478024622 6.370013687087469e-05 6.370013687087469e-05 0.0007371276450297011 0.0032296889526097026 0.04141057977415835 0.11485693094015022 0.3983163478024622
405 3645 0.006795084308676663 0.37103410227889677 6.429304785388852e-05 6.429304785388852e-05 0.0007655906642194528 0.0031963866248163374 0.04005836562052274 0.11540767011469846 0.37103410227889677
406 3654 0.006403886349097398 0.3955234565144262 6.441044518154139e-05 6.441044518154139e-05 0.0007753114722961722 0.0031364891130801343 0.040691638233326305 0.1177580205585858 0.3955234565144262
407 3663 0.006285291485988703 0.404852146961595 6.409002716646513e-05 6.409002716646513e-05 0.0007314506098772765 0.0030913218763588177 0.03888439324203046 0.11857828261323822 0.404852146961595
408 3672 0.007056375382787145 0.39673466754739356 6.191818986527178e-05 6.191818986527178e-05 0.0006903892276322292 0.002947354739723677 0.038694997789527695 0.1324255921538833 0.39673466754739356
409 3681 0.007968976422734225 0.40593088244581615 6.25922793038892e-05 6.25922793038892e-05 0.0006900855181614437 0.0029748682952691046 0.03928074847337623 0.13350110224184483 0.40593088244581615
410 3690 0.008718491141316615 0.4326038517604931 5.9987014139167335e-05 5.9987014139167335e-05 0.0006840711133262456 0.003005265600488631 0.03780204572043586 0.13368154049032108 0.4326038517604931
411 3699 0.009737347938790608 0.47459690588162406 5.645380899496406e-05 5.645380899496406e-05 0.0006559760092348089 0.0030039791367727315 0.03699345595394803 0.13070931799749083 0.47459690588162406
412 3708 0.01041071395909328 0.49576789495077767 6.148500441504916e-05 6.148500441504916e-05 0.0006144490398001519 0.0029718784684316405 0.035672986548493116 0.1292343617462664 0.49576789495077767
413 3717 0.011162420726101015 0.4793952567432818 6.67322024642491e-05 6.67322024642491e-05 0.0006072940875351394 0.0029693823035528886 0.032469174279845914 0.1308948775903559 0.4793952567432818
414 3726 0.009501280311389975 0.4934287746096657 6.792165355270752e-05 6.792165355270752e-05 0.0005830297286908558 0.002851319769792919 0.03224164572285067 0.12709116172747076 0.4934287746096657
415 3735 0.009418019305676395 0.4982140799436122 6.45105132705998e-05 6.45105132705998e-05 0.0005776643881594724 0.0028826795731052147 0.0314723569704392 0.12015887570609883 0.4982140799436122
416 3744 0.009768654822187028 0.4989389794176023 6.337079535888362e-05 6.337079535888362e-05 0.0005438665502506666 0.002715589391186393 0.034020303186826216 0.12060421222485208 0.4989389794176023
417 3753 0.00919176500113236 0.4454016917402807 6.326331422538105e-05 6.326331422538105e-05 0.0005712816098641704 0.002765895617914927 0.03475193419452333 0.12088243179857186 0.4454016917402807
418 3762 0.007673902460150542 0.4418077864025842 5.809247654852134e-05 5.809247654852134e-05 0.0005825690710324633 0.002733796991148364 0.03422855202001507 0.121720547727158 0.4418077864025842
419 3771 0.006654925161713398 0.42210818931563576 5.771047865298839e-05 5.771047865298839e-05 0.0005905644555594051 0.002466510647605385 0.0337585409952345 0.12055656194597957 0.42210818931563576
420 3780 0.006516103872163196 0.4195939341815597 5.534586373965089e-05 5.534586373965089e-05 0.0005734360620349719 0.0023957403891830577 0.032841392691360875 0.12032512495476623 0.4195939341815597
421 3789 0.006414643943877166 0.41664441276287356 5.697123349005268e-05 5.697123349005268e-05 0.000567978313561438 0.0021990472216879705 0.032161556840449274 0.1203966759501455 0.41664441276287356
422 3798 0.005751695572847874 0.4156773244166364 5.60952108599467e-05 5.60952108599467e-05 0.0005517572656466137 0.0020760871264245946 0.03237740636463368 0.11664948412213827 0.4156773244166364
423 3807 0.005076905994508617 0.40948328665268896 5.4782581000019056e-05 5.4782581000019056e-05 0.0005561729373799113 0.0019561879499219044 0.031059425289038173 0.11413958780107121 0.40948328665268896
424 3816 0.00458990153867739 0.3836367475062906 5.30395892671802e-05 5.30395892671802e-05 0.000555260776058428 0.0019430866019343577 0.030911508120779852 0.11043882029924729 0.3836367475062906
425 3825 0.004229242113254366 0.3824173052667011 5.46736606703279e-05 5.46736606703279e-05 0.0005751749630238955 0.0019073843434723175 0.02940728253298936 0.10204189116677469 0.3824173052667011
426 3834 0.0041738283340902295 0.3728499827763694 5.2736770976067145e-05 5.2736770976067145e-05 0.0005491696145888187 0.0019102600539752043 0.030155107268634726 0.09582808435295105 0.3728499827763694
427 3843 0.004487039175996673 0.35285133423989246 5.2560307984858426e-05 5.2560307984858426e-05 0.0005371605408020889 0.0018054923844751253 0.02982028613656568 0.10191756477968657 0.35285133423989246
428 3852 0.005181286373085006 0.37225060378535024 5.093302430987593e-05 5.093302430987593e-05 0.0005421086027562212 0.0017897156131336982 0.030845564009683815 0.1008651106351941 0.37225060378535024
429 3861 0.00557010878907018 0.41947771758321983 4.888368062831567e-05 4.888368062831567e-05 0.0005479852749294826 0.0018148024772778662 0.029680039344172023 0.09627729207289053 0.41947771758321983
430 3870 0.0056812561901443195 0.44444531516914204 4.947798355354628e-05 4.947798355354628e-05 0.0005413628650496529 0.001692848568257278 0.032333453082051544 0.09261459774459894 0.44444531516914204
431 3879 0.0055709516974799655 0.430623302413236 4.8073326311963675e-05 4.8073326311963675e-05 0.0005568349562647581 0.001667510223434131 0.031992005116603585 0.09233029779298935 0.430623302413236
432 3888 0.005088445863267885 0.42449389266777865 4.745311762201473e-05 4.745311762201473e-05 0.0005542367673101988 0.001685142985923267 0.02977437332847209 0.09135248681435226 0.42449389266777865
433 3897 0.004488231691135108 0.3898876831794519 4.6084219184355115e-05 4.6084219184355115e-05 0.0005604428693283703 0.001717222041128002 0.02997112009390502 0.08820808869930605 0.3898876831794519
434 3906 0.003868273276620242 0.3772209803826828 4.5840840791248556e-05 4.5840840791248556e-05 0.0005742384589278607 0.0017150128348557 0.027906919111872906 0.08450113907790587 0.3772209803826828
435 3915 0.0033479710334315283 0.36840921148488265 4.5017100112425124e-05 4.5017100112425124e-05 0.00056648675716293 0.001677939915336558 0.02521351530736985 0.08421387789518384 0.36840921148488265
436 3924 0.003136313486031215 0.34975140296601087 4.2353280256156185e-05 4.2353280256156185e-05 0.0005651596362805945 0.0017679927969216976 0.025689890091702177 0.08126588363197176 0.34975140296601087
437 3933 0.0030941573874289203 0.37381138854776175 4.1298694129268024e-05 4.1298694129268024e-05 0.0005646484986145344 0.001706789741696006 0.02493185520098407 0.07980106225611507 0.37381138854776175
438 3942 0.003110525479535151 0.3764402311696229 3.815207082862901e-05 3.815207082862901e-05 0.000574562581246292 0.0016342858364778007 0.024794685354705477 0.08310088129027632 0.3764402311696229
439 3951 0.0032313221752489703 0.4007389600910468 3.887106469589224e-05 3.887106469589224e-05 0.0005971714609463736 0.0014734977501502202 0.02434887653291764 0.08260679203818592 0.4007389600910468
440 3960 0.003480513114267663 0.41535928062193367 4.0082052348349566e-05 4.0082052348349566e-05 0.0005954729164542673 0.0014296888485938646 0.022212882459870915 0.08357700529417009 0.41535928062193367
441 3969 0.004354378348599492 0.40880580092059254 4.263454631898206e-05 4.263454631898206e-05 0.0005942574205909945 0.0013207795968000304 0.022422534232407938 0.07989280545749307 0.40880580092059254
442 3978 0.0045271127031535395 0.4120769216147317 4.262312560195799e-05 4.262312560195799e-05 0.0006114934888878257 0.0012973918299412984 0.023302767829790266 0.07813317628791061 0.4120769216147317
443 3987 0.004961411930933472 0.3978533385921431 4.185006024278726e-05 4.185006024278726e-05 0.0005848285284144918 0.0013305517789442731 0.022921009209446487 0.07485449538540594 0.3978533385921431
444 3996 0.004769376184526782 0.40269581238672025 3.7005876668342455e-05 3.7005876668342455e-05 0.0006119630202728748 0.0013296585181460459 0.028058664414254846 0.07316444990009015 0.40269581238672025
445 4005 0.004480717268294237 0.3812803527890259 3.752120723487549e-05 3.752120723487549e-05 0.0006052874137918661 0.0014343490889564222 0.02548118622153211 0.07174170107565982 0.3812803527890259
446 4014 0.003844026747524602 0.3896104203872563 3.784312762424708e-05 3.784312762424708e-05 0.0005996685663861713 0.0013024566993114703 0.024831116438739916 0.06985660523461226 0.3896104203872563
447 4023 0.0037065982203461287 0.3919537073232581 3.743589556773037e-05 3.743589556773037e-05 0.0005927565530285528 0.0013197886217830093 0.024226585189832145 0.06541572908097697 0.3919537073232581
448 4032 0.003326953222288124 0.3885079524709761 3.809859928863194e-05 3.809859928863194e-05 0.0005704956499635638 0.001335697020871541 0.02438455089746907 0.06410430394634786 0.3885079524709761
449 4041 0.0028851953885210284 0.38166486429158264 3.834865011436535e-05 3.834865011436535e-05 0.0005617441360029482 0.0012715220739687616 0.025642333452117902 0.06302515744067778 0.38166486429158264
450 4050 0.0027137472547793923 0.3836670419053653 3.61470860245777e-05 3.61470860245777e-05 0.0005516384961556138 0.0012614120162479376 0.024986903771396164 0.06079727501547102 0.3836670419053653
451 4059 0.0025949445229346627 0.3699482916250119 3.619446684808916e-05 3.619446684808916e-05 0.0005463069069545326 0.0012885680961326439 0.02463214474600025 0.05745389782141938 0.3699482916250119
452 4068 0.002356057678114713 0.36350225224443894 3.638437481126802e-05 3.638437481126802e-05 0.000551729258869818 0.0011357185060485574 0.025245797796158365 0.057615824689596785 0.36350225224443894
453 4077 0.0023229846434181687 0.35511176506948333 3.78653160952574e-05 3.78653160952574e-05 0.000552699814254495 0.0010893866632426484 0.02497048941755534 0.05645586784554099 0.35511176506948333
454 4086 0.002728948569672794 0.3565897903810714 4.012413433436235e-05 4.012413433436235e-05 0.0005530103214952016 0.0010465653236670308 0.024603318439721637 0.05525700411591272 0.3565897903810714
455 4095 0.0028599945493601978 0.363225408576735 3.819257503243725e-05 3.819257503243725e-05 0.0005578550851504363 0.0010460864858567215 0.024837345062569825 0.06131426436607534 0.363225408576735
456 4104 0.003066946320269605 0.35960897919270846 3.8092212604278834e-05 3.8092212604278834e-05 0.0005395453849714349 0.0010714585926445586 0.02426018414653538 0.06236929557883491 0.35960897919270846
457 4113 0.0036805763491416267 0.37598077460518536 3.663767572716232e-05 3.663767572716232e-05 0.0005307443893904316 0.0010895274557378193 0.02411662264668902 0.06203272581109939 0.37598077460518536
458 4122 0.003612865031941743 0.3710766727323547 3.636773690073245e-05 3.636773690073245e-05 0.0005298511950045117 0.0012435142693129639 0.024648909915454223 0.057775748100335825 0.3710766727323547
459 4131 0.0031992417160627696 0.3655854987006497 3.814319085555209e-05 3.814319085555209e-05 0.0004950902562341303 0.0012720217276754662 0.023682719515474883 0.056544434587303044 0.3655854987006497
460 4140 0.002783063725537678 0.3369068531056701 3.890147987446958e-05 3.890147987446958e-05 0.0004917536342759515 0.0012511662960792067 0.022718330524870576 0.05524579177893499 0.3369068531056701
461 4149 0.0026237237629210815 0.33249824707320397 3.752819113345877e-05 3.752819113345877e-05 0.0004936303269380569 0.00118833874950652 0.021722093782933077 0.05479703818761291 0.33249824707320397
462 4158 0.0026077530038291505 0.3547437767759239 3.653621678565757e-05 3.653621678565757e-05 0.00047604604792623464 0.0011804373377155666 0.02025948915387152 0.05547426543113067 0.3547437767759239
463 4167 0.0024399549247227214 0.33825967662563083 3.6491525867182204e-05 3.6491525867182204e-05 0.0004694127015597104 0.001155792879405307 0.0209830503635443 0.0551558402707984 0.33825967662563083
464 4176 0.0023517586764238573 0.3621387239705274 3.743856879729972e-05 3.743856879729972e-05 0.0004306802857064875 0.0011541686162966623 0.019884721585008102 0.05552515006869652 0.3621387239705274
465 4185 0.0023063356350838072 0.3622855411248738 3.838452411940221e-05 3.838452411940221e-05 0.0004179896259256522 0.0012697796887854364 0.018218874400025883 0.05482270976746593 0.3622855411248738
466 4194 0.0022518888783595132 0.37050348134336636 3.842245915823928e-05 3.842245915823928e-05 0.0004204964954890579 0.001205344116395347 0.017620106760982773 0.053999502658935654 0.37050348134336636
467 4203 0.00194995646088316 0.38451541728377553 3.67204841903539e-05 3.67204841903539e-05 0.000381199168441811 0.001245969712611929 0.01743668372230208 0.052898184635727714 0.38451541728377553
468 4212 0.0017590283277765261 0.36645935380884026 3.7315711317674377e-05 3.7315711317674377e-05 0.0003636379898415036 0.0011722956165491592 0.017570791593719496 0.05112153500840839 0.36645935380884026
469 4221 0.0017097182073523912 0.37264063709621204 3.799920745668872e-05 3.799920745668872e-05 0.00037258654316060753 0.001169459879462173 0.01621560953121703 0.05060669731343178 0.37264063709621204
470 4230 0.0016651154483180513 0.3694448298789087 3.807513047413457e-05 3.807513047413457e-05 0.00035038951213172765 0.0011915985367127022 0.015775321353007275 0.04952880274473323 0.3694448298789087
471 4239 0.0017266744702149608 0.3680370774220534 3.6108888760507654e-05 3.6108888760507654e-05 0.0003475648998320028 0.001186351668193902 0.01499371184046189 0.05001945467206035 0.3680370774220534
472 4248 0.001649788903752124 0.3628395254227617 3.67213893671643e-05 3.67213893671643e-05 0.0003519363746544945 0.001191897184351336 0.013970598476432958 0.05183951418311146 0.3628395254227617
473 4257 0.001571893018162544 0.3496951652314226 3.617635242740572e-05 3.617635242740572e-05 0.0003516664446276973 0.0011642655424040711 0.013816028788857302 0.051575909013111154 0.3496951652314226
474 4266 0.0014121365600652342 0.35158151502823853 3.447964511008702e-05 3.447964511008702e-05 0.00033067773407727036 0.0011280256308849352 0.014484373091682533 0.05010196728835404 0.35158151502823853
475 4275 0.0012637116919493533 0.3480560074380744 3.361386281517893e-05 3.361386281517893e-05 0.00032659701623272684 0.0010815819458948478 0.014123328745501297 0.048663522496235394 0.3480560074380744
476 4284 0.0011740035025522087 0.3473478724506552 3.367277045377342e-05 3.367277045377342e-05 0.00032708255118249485 0.001050659181347173 0.014572763958679099 0.04604908911179007 0.3473478724506552
477 4293 0.0011575083892120175 0.3470851146972753 3.322426142911476e-05 3.322426142911476e-05 0.00032665884194703766 0.0009649953325219892 0.014674617444596067 0.04514908669129231 0.3470851146972753
478 4302 0.0013264445574061368 0.349361998341896 3.348846176248568e-05 3.348846176248568e-05 0.00033520384133033424 0.0009307334623635381 0.014294317919809996 0.04383005929893176 0.349361998341896
479 4311 0.0011555639837628519 0.34651089904864757 3.2768697002896767e-05 3.2768697002896767e-05 0.0003594977769115938 0.0009609794591352229 0.013627937137102662 0.04316799060946527 0.34651089904864757
480 4320 0.0012419844659806241 0.34756642269411453 3.0417282804303227e-05 3.0417282804303227e-05 0.00037181668235720277 0.0009360362680076323 0.013280724274155872 0.04293941868251511 0.34756642269411453
481 4329 0.001305173027212635 0.3516554822860325 3.177540496156365e-05 3.177540496156365e-05 0.0003697904059986869 0.0009279862772322875 0.013292219304598776 0.044669263005273095 0.3516554822860325
482 4338 0.0014105751529277387 0.36622041778048214 3.256838393452533e-05 3.256838393452533e-05 0.00033397175896813635 0.0008911192677354557 0.01344944676818265 0.05138171072057683 0.36622041778048214
483 4347 0.0016242533555888828 0.35555868394102413 3.235686184841204e-05 3.235686184841204e-05 0.00031596608671699376 0.0008554076278666539 0.013425602800861183 0.06009583573981606 0.35555868394102413
484 4356 0.0017510239165038207 0.36070952126701444 3.1359390387045596e-05 3.1359390387045596e-05 0.0003053484807038799 0.0008676565479525914 0.013417623277628615 0.06542241414135981 0.36070952126701444
485 4365 0.0018747256711689855 0.3885670125728488 3.123420556392743e-05 3.123420556392743e-05 0.0003015499540935835 0.0008555770752886173 0.012532300527519302 0.06477212838384531 0.3885670125728488
486 4374 0.0020020369949065174 0.363770368824566 3.060879773181508e-05 3.060879773181508e-05 0.0003131595256611824 0.0008463709519458299 0.0132746356653954 0.06346121621752686 0.363770368824566
487 4383 0.0019324175933465781 0.34065638277070776 3.1328581918565664e-05 3.1328581918565664e-05 0.0003050283110179946 0.0009049287002750524 0.013747306395641775 0.05671320844779645 0.34065638277070776
488 4392 0.0020697230743938395 0.3215307655024575 2.9885183866201452e-05 2.9885183866201452e-05 0.00030740010379721636 0.0008546744990406012 0.013545958083699875 0.05844092847229362 0.3215307655024575
489 4401 0.002297882057937945 0.31982417812947256 2.731636416476026e-05 2.731636416476026e-05 0.00030669469086081077 0.0009109414555305687 0.013759272729147969 0.05829822124484598 0.31982417812947256
490 4410 0.0023953258163198106 0.3053302232511537 2.7167446555055567e-05 2.7167446555055567e-05 0.00031817246507516553 0.0009214115930515248 0.013921053986593048 0.058957175293291746 0.3053302232511537
491 4419 0.0022772498647876268 0.3330035749589009 2.692286901529874e-05 2.692286901529874e-05 0.0003168111190325204 0.0008913686277590057 0.013291322685714892 0.06017629874507764 0.3330035749589009
492 4428 0.002366518647005503 0.3472254402353794 2.4504249192232622e-05 2.4504249192232622e-05 0.0003151127698342214 0.0008426473045454629 0.013148668928279924 0.0607167384609336 0.3472254402353794
493 4437 0.0022190562372854873 0.3504391002201148 2.4146537539544224e-05 2.4146537539544224e-05 0.00031866225438368864 0.0008281215104032439 0.014170556158015258 0.05605258253402727 0.3504391002201148
494 4446 0.0021793271236839776 0.3621526019373748 2.375066596771674e-05 2.375066596771674e-05 0.00030305867984301786 0.0008014296494400363 0.013389119309291164 0.05684983612867884 0.3621526019373748
495 4455 0.00217794382313172 0.3559703179445992 2.3991260851855464e-05 2.3991260851855464e-05 0.00030427948475825916 0.0007371870680049304 0.013145899015724988 0.057826615422382786 0.3559703179445992
496 4464 0.0023107923375183643 0.3530124712280489 2.2802130341122162e-05 2.2802130341122162e-05 0.00027853372445462246 0.000774755953776463 0.013083724678509476 0.058731744894879 0.3530124712280489
497 4473 0.0024150627929816616 0.3229538109680174 2.1847922638447877e-05 2.1847922638447877e-05 0.00027469958434599227 0.0008041566810626787 0.01286355389854788 0.06419328853599751 0.3229538109680174
498 4482 0.002327289127628668 0.35854087475728524 2.1748311144860242e-05 2.1748311144860242e-05 0.00027204582913576146 0.0007987165763093054 0.012558180505676728 0.05961130053393238 0.35854087475728524
499 4491 0.002285277882752871 0.36732501755757846 2.0397268076721914e-05 2.0397268076721914e-05 0.00027200820963602806 0.0007437026194880976 0.012254551147586409 0.05958555029415669 0.36732501755757846
500 4500 0.002108943299714679 0.3630991153424912 2.0145055171244978e-05 2.0145055171244978e-05 0.00026296265184284754 0.0007245686576574363 0.012595258775955808 0.05949970378966821 0.3630991153424912
501 4509 0.001976825310690736 0.3618414346748119 1.9301223660030814e-05 1.9301223660030814e-05 0.0002617159285472183 0.0007166037272284757 0.013047934828283682 0.055988733140426745 0.3618414346748119
502 4518 0.0019422525931074056 0.3198585491615274 1.8905172312514364e-05 1.8905172312514364e-05 0.0002691137017922835 0.000717483633653529 0.013009901715164834 0.055853225742168285 0.3198585491615274
503 4527 0.0023670996920971223 0.3180372667662919 1.9522414341135147e-05 1.9522414341135147e-05 0.0002674634675594083 0.0007117520614468682 0.013105150192599615 0.05302464513294301 0.3180372667662919
504 4536 0.0026703144671087263 0.3200431884043129 2.082476498230752e-05 2.082476498230752e-05 0.00025460466026663175 0.0007253588944656985 0.012515083733902232 0.05638065030172901 0.3200431884043129
505 4545 0.0027493922953635915 0.31438101219842085 2.043844798250775e-05 2.043844798250775e-05 0.00025046449111121435 0.0006898888030495977 0.01385019587753513 0.05601280583654482 0.31438101219842085
