% # columns="iteration, evaluation, sigma, void, void,  stds==sigma*sqrt(diag(C))", seed=397341, Thu Nov 30 11:14:31 2023, <python>{}</python>
1 9 1.824422803865915 0 0 1.7699664661012295 1.824438850434056 1.767009782620519 1.7852680032462935 1.839945041048138 1.766161170378313
2 18 1.8334676519240458 0 0 1.834162704864563 1.9585161993752673 1.7218973223816876 1.8035694184562254 1.7525144534224966 1.7433531019094306
3 27 2.0104529249684924 0 0 1.9915247865079126 2.1806060988155287 1.8746837688217823 2.066106417166523 2.0432920213392527 1.7956340232994201
4 36 1.915000978086876 0 0 1.921571529467409 1.9865717966025578 1.81399043236382 1.8798600577325468 1.9079314459618684 1.6435102152983092
5 45 2.0701617210769725 0 0 2.1282600384276913 2.1819484880965065 1.8620815975777598 2.092527510105407 2.213656363187982 1.6881700816125622
6 54 2.174780752749574 0 0 2.200426938522632 2.271204292731449 1.8637660441615147 2.2968030334742733 2.4217252865398957 1.743968383768541
7 63 2.069257715544373 0 0 2.0501888431277138 2.0394761064610867 1.7392600675198038 2.1566136508124374 2.3063497348272644 1.6052789489306218
8 72 2.2354317525690472 0 0 2.303824379273031 2.18376567892774 1.8549154121472042 2.3477316661782477 2.57794231658614 1.8040964177441838
9 81 2.472871460881335 0 0 2.7662614847981613 2.4847401602962744 2.280109105771853 2.491433972643365 2.7235230878316696 1.879067996992233
10 90 2.846568903518165 0 0 3.633523973602814 2.772135057004159 2.757855878312801 2.836778262224241 3.2056105554322984 2.1288237332443902
11 99 2.6502680194207446 0 0 3.366612216995658 2.555422561434857 2.5769202788571937 2.519388949333813 2.934406462219075 2.011798908446836
12 108 2.5084855749913944 0 0 3.3065064286204047 2.3188220038761025 2.4416850484809296 2.274905028302345 2.660608138908369 1.8893408137700671
13 117 2.6177924553066276 0 0 3.3451326371153787 2.4010109672665987 2.637751457957134 2.3685110859137355 2.7283928717591635 2.1428995638302526
14 126 2.5594170423639864 0 0 3.4301312164679243 2.211146872214765 2.5823666855187266 2.269226722438254 2.570266812254771 2.1043849613181083
15 135 2.332457100272925 0 0 3.1156291512302268 1.8810983343128564 2.315881562964497 2.057569779156037 2.2289261293307 1.919176780730257
16 144 2.3133466078190335 0 0 3.104346650816643 1.7658914300015167 2.183811802205526 2.1396893498543292 2.2686861969088943 1.9721222262048397
17 153 2.27465869089176 0 0 2.80817905324275 1.794641516226742 2.0399134283465297 2.0126661676820685 2.330638288009666 2.0139457506781246
18 162 2.2063138893757084 0 0 2.813120139683267 1.7140158405475951 2.049518869614019 1.9401870387691602 2.2381139630196913 1.9422064488293418
19 171 2.399400145911865 0 0 3.2164711293472075 1.8294842896853845 2.253541165506888 2.043597497022224 2.4737883292003575 2.0559546226984593
20 180 2.120626591770561 0 0 2.907774317944267 1.5536674942005608 2.014102102189 1.8578994338655583 2.0513738832258728 1.817626971195165
21 189 1.7972260943204734 0 0 2.357567076550134 1.3180634322174996 1.7417720285552871 1.5008228066364684 1.6720855185441545 1.4560712284486272
22 198 1.5741974586981904 0 0 1.9383676495280668 1.1626528198406525 1.54446369463097 1.2616095686595161 1.4583820894791109 1.2105602658391879
23 207 1.4955432682735628 0 0 1.773207137520676 1.072161492108899 1.374237469229884 1.1452825677876677 1.359608284974685 1.1589611939684266
24 216 1.4431645791875274 0 0 1.6618062257340127 0.9857644249300994 1.3392752861669526 1.1131850556567109 1.2775509913541183 1.143692360462311
25 225 1.5691631303758122 0 0 1.6042949164080318 1.0833654840782097 1.559751000747415 1.156666476563022 1.3395220134617776 1.2163631561188302
26 234 1.5624578163847525 0 0 1.6013068193730262 1.0569728766053406 1.5985023221205537 1.1527674864995459 1.3495241860568432 1.1565387343759113
27 243 1.5647635581661026 0 0 1.560317431377363 1.0530160982806094 1.6431977560417592 1.1256727808105644 1.3378449796476344 1.0967979522570974
28 252 1.713988914750613 0 0 1.6899085153122742 1.1687143036048369 1.8937018179017306 1.1779652948139525 1.4611297254889943 1.1256850451675173
29 261 1.6409694683154152 0 0 1.5080650651515488 1.0598535325701837 1.8527233099688762 1.1416799582205779 1.3863714274856356 1.087347223982604
30 270 1.4598976266828265 0 0 1.3196445121008311 0.9417955828493766 1.6621532048640988 0.9271794668973594 1.2288607926272281 0.9525318259072326
31 279 1.3115712820312366 0 0 1.1895535517079028 0.8065780089025297 1.4173009857422274 0.8071292645205852 1.0811799452620332 0.8485608468148382
32 288 1.357683546707703 0 0 1.2750177241322016 0.8297264358173991 1.3574741257169751 0.8466337868437224 1.0917427179239578 0.8583100316723429
33 297 1.3797700701235098 0 0 1.2883513795898631 0.8413755272382578 1.366979506559605 0.8529152040466269 1.125182688501502 0.8706607547570924
34 306 1.481974573387946 0 0 1.3339927614047975 0.9411705821562671 1.400449014794987 0.8858663748288579 1.20178443691892 1.0161394726207504
35 315 1.3735108464261916 0 0 1.2172398730741203 0.8826071576059394 1.2946620463351766 0.8801047059695887 1.1454867565940159 0.9345857951908304
36 324 1.2829592077727145 0 0 1.0749098550968081 0.845549825990588 1.077460912880032 0.8263475751616641 1.0905796619519075 0.8695437629182999
37 333 1.1093287858106753 0 0 0.8772269553087557 0.7205245855656671 0.9228172934605547 0.6898288871981608 0.905096052446731 0.7285939955674918
38 342 1.0545189322490645 0 0 0.8420784840951312 0.672729968715406 0.8870172549879861 0.6247621562878626 0.8704470586415326 0.7013089043095215
39 351 1.0488471205409793 0 0 0.8525941084831122 0.6783968638567824 0.8886233178890871 0.6430150165144594 0.8754683426910802 0.7518021066769407
40 360 0.9710035949937338 0 0 0.8673270090422986 0.6321997505017819 0.796197766481617 0.6082315924468876 0.8269736550664855 0.7076002505978662
41 369 0.95097309895752 0 0 0.8337803130630574 0.6593644609389632 0.7649919100332518 0.5916187379421028 0.8385384274632287 0.665297756128801
42 378 0.8752357243001878 0 0 0.7084099455919022 0.5980115679011403 0.6907774850889301 0.5403235712558171 0.7456023422279178 0.6121880153682703
43 387 0.8499311252576558 0 0 0.6722540677258795 0.610127338830986 0.6539470487050255 0.5271560816192145 0.7122881230991251 0.6039532187186022
44 396 0.8528309789797289 0 0 0.713386141862829 0.6188605703424087 0.6590891916400567 0.5366560161548106 0.7155425852988218 0.5982619026463893
45 405 0.8352220255938535 0 0 0.6849183825512196 0.5850819497928202 0.6642660804292677 0.5255291991436019 0.687686054353311 0.5890525149621302
46 414 0.7178163516045518 0 0 0.581324517771763 0.4764513610720582 0.5647200323626834 0.46690644370789997 0.5887704423613038 0.512280127539587
47 423 0.6248548356116129 0 0 0.492389191988789 0.4233157736785486 0.4723718828213961 0.4063922379554584 0.501649476032362 0.4473939635390369
48 432 0.6130122645211216 0 0 0.47066211929137003 0.4107487903418427 0.458274546803616 0.38901429962633105 0.495262426746302 0.45922652654617085
49 441 0.6561372700209462 0 0 0.5046707442227745 0.46327171239489484 0.49913376726566744 0.42329758326779077 0.5379642700080767 0.49929851567355027
50 450 0.6943523236326001 0 0 0.5405490018082906 0.5065447520825673 0.5304432715853908 0.4434718969759776 0.5907735660667506 0.5374310400965325
51 459 0.6584436102559292 0 0 0.5040295065079323 0.49375691258419996 0.5027114661852442 0.416496818085968 0.5586193123022694 0.5182761539253212
52 468 0.6796433545826911 0 0 0.5187142144257036 0.510940103212717 0.5512950808203155 0.42205084672627685 0.5820991476257921 0.5170155573468457
53 477 0.6724305635376602 0 0 0.4908009007129585 0.522683722042521 0.5512087926290606 0.4121755286536247 0.5951769951289115 0.4959921317644438
54 486 0.6580904832747113 0 0 0.48491663141261904 0.5093696126145177 0.5213141244250227 0.39707663151280154 0.5691083983687207 0.45675282721578625
55 495 0.564493981006938 0 0 0.4112568144664347 0.42545554580109485 0.4425634392240387 0.3386608175401523 0.48268380791285237 0.392444388653562
56 504 0.532415231358321 0 0 0.3917143285676367 0.3932662004843178 0.41149152727445215 0.33497250692213726 0.4594070542704401 0.3897952718732722
57 513 0.49317410516831345 0 0 0.360659829882392 0.3729584061913463 0.3896498266150028 0.3115867462894973 0.44387948144879547 0.3613307298799294
58 522 0.4396755193949116 0 0 0.3371279284276218 0.3250507121148849 0.33146292073960076 0.27935939722661085 0.37314200711035805 0.321346042195518
59 531 0.41794838767860304 0 0 0.3154521299743269 0.3085387354136569 0.31939723677055687 0.26940297360791077 0.343054631159492 0.31069836716119326
60 540 0.36403437133096356 0 0 0.2795487913554951 0.263587755662613 0.27301684308494784 0.22929514055028472 0.2964844868560884 0.2653742891162457
61 549 0.32009117579483887 0 0 0.25330140920705174 0.23903434895599454 0.22963708028403232 0.19885978501051635 0.267301807766888 0.22509952209274614
62 558 0.2988259720502837 0 0 0.23418205586548027 0.21879227261814893 0.21551242645133684 0.17354483299191723 0.2446985913108359 0.1911241336063476
63 567 0.2790446459276675 0 0 0.2144781197934125 0.1984061795542208 0.21007704311575934 0.16813666180479103 0.22226044797019368 0.1803921163079622
64 576 0.26232917744800416 0 0 0.19817227660061962 0.18622080650200126 0.1870362107982187 0.1564485398746284 0.21555093677392403 0.16983587908204753
65 585 0.28187962343470596 0 0 0.1917827076780936 0.2136284643381483 0.20890361884267433 0.16219744944648667 0.25741516927294583 0.1757397355382757
66 594 0.2763851108683433 0 0 0.18772726040421178 0.21873649807664483 0.20441449216776356 0.15609409906762517 0.2632910997684098 0.1717092219325753
67 603 0.2702410971010362 0 0 0.18555662094147948 0.21793761890091212 0.19596441338837964 0.15075130732096015 0.2656492243163658 0.1673768402766207
68 612 0.23516852482319742 0 0 0.16286770354429697 0.1848450300723163 0.16953325825509588 0.13666860009685858 0.22617793720292514 0.15333624282770275
69 621 0.19425970247334243 0 0 0.13172094267719187 0.14957640911953926 0.13892480549438013 0.11058824149580766 0.17976999735623847 0.12243473889278977
70 630 0.19773008096161018 0 0 0.13658292910568745 0.15186952173938664 0.15215023726061935 0.11159929606421766 0.1770038538686608 0.12458865039833539
71 639 0.20345939647626982 0 0 0.14493085273700412 0.16138642527663236 0.15695197975162548 0.11794299824721469 0.19041891033459551 0.12810448388081516
72 648 0.20809332779881956 0 0 0.14280496210943722 0.16495834755355368 0.1670244869708311 0.12730997094313926 0.187195969673048 0.13518691274472577
73 657 0.22034644534690376 0 0 0.14267493153549532 0.18013943037628763 0.18635235480780532 0.13893921228433173 0.20760331741870855 0.1430762633659158
74 666 0.24938749064630292 0 0 0.16027737054818247 0.22258512690912208 0.23421722753332744 0.17237241445317844 0.2540368900532874 0.17573612872607225
75 675 0.26064506765116774 0 0 0.16434395473288402 0.23614041805777106 0.25364182672587704 0.18388052100809074 0.2693792312523725 0.1869546569446604
76 684 0.3061977324340004 0 0 0.18733909927929762 0.30545701048789564 0.34338156916981716 0.2385821938074769 0.3444142836260041 0.24385576429134231
77 693 0.35060188017774113 0 0 0.21683724748340505 0.4059430521735859 0.4338333123944395 0.2909048661868137 0.4294103653916907 0.29289184034934473
78 702 0.4034971450746004 0 0 0.24329883863255894 0.49504871879090123 0.5548131689902511 0.3630337802578775 0.5228784337267798 0.358191630741993
79 711 0.44770369915931496 0 0 0.2748156915537342 0.5579354833439881 0.6621403009657921 0.43895079738253795 0.5942725409462791 0.42949251916039405
80 720 0.48980483000555264 0 0 0.30779341248702347 0.6558517134535449 0.79342431309153 0.5238634802835582 0.6662002366718999 0.514319161783022
81 729 0.5422775074956635 0 0 0.3338867417285621 0.7538886595008825 0.949370168734739 0.622532232635402 0.757234495673768 0.6168050550176027
82 738 0.5573927169193165 0 0 0.3552558639784431 0.7778256597055363 0.9587093086665636 0.6438504915149869 0.7695881423972206 0.6295175173518183
83 747 0.6900886120467449 0 0 0.44909838118395884 0.9361598913192328 1.1694913199313572 0.784530560677734 0.9763545432381814 0.7672416793416972
84 756 0.7914056860081846 0 0 0.5218297718302881 1.007830081769188 1.2354473989892627 0.87057996191886 1.0450366749343678 0.856588559297486
85 765 0.8434642550637507 0 0 0.5659918984891982 1.0224767128697325 1.2615311651108498 0.9187171559457656 1.0422416433285033 0.9033908120754848
86 774 0.9387302808805231 0 0 0.684019293462918 1.0555943577791553 1.3052187275368496 0.9969999815469638 1.1310735753261572 0.9932133530915995
87 783 1.1460997771661756 0 0 0.8733548366908825 1.242371459773142 1.5604732631082314 1.1869491205930103 1.4092307332432237 1.1866768208768164
88 792 1.3710854047070578 0 0 1.0598490000268996 1.4412803951402617 1.6359991035374806 1.36079181815041 1.6635103981376038 1.348639248791185
89 801 1.4848751894965078 0 0 1.1469132923062473 1.5795799859937565 1.6937204101329562 1.4854290737432143 1.8278032912971345 1.4884586628615724
90 810 1.6025083482391957 0 0 1.2508340739540433 1.601146982919248 1.7525102232972292 1.6767274879787462 1.7741485463666176 1.6973190601662254
91 819 1.5715904620625556 0 0 1.2284442653654128 1.4937954583296604 1.6446032716035073 1.623863067122759 1.6429853098154277 1.646071608600029
92 828 1.7319523003229147 0 0 1.3316377712899141 1.6005250102120072 1.7385647111899196 1.9249603084050868 1.7273302300623041 1.962054784027539
93 837 1.904268061251726 0 0 1.391975429196565 1.7237139735887186 1.8239842176084988 2.015019100800763 1.9085068109606178 2.0353017289468975
94 846 1.860257589474494 0 0 1.3926121678974557 1.5971148074852164 1.7431399864482555 2.038897438892629 1.6915992903178176 2.0673668061530672
95 855 1.9029641056810598 0 0 1.4365447295237908 1.5870205221017921 1.6445837896449123 1.9899585277613456 1.8026451224881952 2.015960544451698
96 864 2.120639359455508 0 0 1.6273982813722259 1.8491906689821223 1.7283282429968352 2.2345152113238833 2.0624098631548864 2.261542696315068
97 873 2.120144396473876 0 0 1.5682644511882753 1.8445253159344817 1.6667636613674923 2.1704952591956754 2.076878719514902 2.191337594611489
98 882 2.024735856887031 0 0 1.4611510407102501 1.6742447560747409 1.5283523358882698 2.1416156547306957 1.8387675389705598 2.1762647011613314
99 891 1.8100211479151067 0 0 1.2411534657516212 1.3902151678323285 1.2962394124264751 1.7884640729257817 1.6508616782529837 1.8102355983893361
100 900 1.6873227745304067 0 0 1.1080816567502136 1.221456798437284 1.1357103556461783 1.6252555725939015 1.5430885415826234 1.6504549529548573
101 909 1.7455493142021334 0 0 1.2047728492143195 1.360986952081453 1.089894198442189 1.7454639182555771 1.8216696886374986 1.7629151072455997
102 918 1.549574749358356 0 0 1.0435914292775321 1.2510731920526545 0.965863543248802 1.5738402032811318 1.6759038812303106 1.581904740572474
103 927 1.3747178154205069 0 0 0.9054060027597819 1.0596035675588966 0.810375251181625 1.3884188177434373 1.3885524819428419 1.3983427213318838
104 936 1.2486782076346583 0 0 0.8302051864636302 0.9946138889926127 0.701836391408159 1.2085798901112272 1.2766959533383877 1.2180937282603979
105 945 1.17099870547536 0 0 0.7771809070099273 0.9315581220193537 0.6168781576707867 1.0698178698575203 1.1999570027120812 1.084367687538536
106 954 1.0297110279170982 0 0 0.6739378899304143 0.7656803561207027 0.499264955486681 0.9010230648181535 1.0169538975161623 0.9198091510292253
107 963 0.9807952887265359 0 0 0.6395180660705034 0.7109976211535 0.4042637291013452 0.857551922702424 1.0105033764276512 0.8755807511346259
108 972 1.196786622940282 0 0 0.7783688854928321 0.8809498128634005 0.4984311380012318 1.0726968634365293 1.2428674039530307 1.092723761596067
109 981 1.5405646780535718 0 0 1.0129865295232596 1.145669096866725 0.6372467033917557 1.3820199333662309 1.6332149755547358 1.4062059875795478
110 990 1.9268254055838445 0 0 1.2646389535430336 1.4544174584854341 0.7696861311254647 1.6563661536439074 2.0603389843211217 1.6803155315006009
111 999 2.0840699856551224 0 0 1.3816719603408385 1.553628550305672 0.7753338115680083 1.8370127317875031 2.224311533614922 1.8665643509174585
112 1008 2.1370872343586766 0 0 1.5442896491078344 1.5561171544254961 0.7432431066062405 1.9455437808082723 2.3810527540494366 1.9731631902324613
113 1017 2.067329079649605 0 0 1.481172703445764 1.5177262872247343 0.6502185909749547 1.9253753016396573 2.356043133784293 1.9476297346367701
114 1026 2.1094904121861466 0 0 1.4623371591325474 1.5918499129346433 0.6402650548855022 1.958320913878325 2.364650750173936 1.9778406854992705
115 1035 2.15340550999563 0 0 1.4583747207873208 1.7150124885279283 0.6147255383649272 1.8943584555172737 2.4491365908474148 1.9147731173210234
116 1044 2.0884689316757368 0 0 1.4931993042791663 1.623326137954629 0.5573005352976937 1.8423548265397711 2.3836363286558124 1.8633719045478387
117 1053 1.8830684991659306 0 0 1.308953069711672 1.3978142392799833 0.49558940382270866 1.6283048656557055 2.1097065675279887 1.649758260249142
118 1062 2.1139096950072114 0 0 1.452899460465016 1.5455546745131 0.5083102298733515 1.7954807163165025 2.335863806028327 1.813616954191586
119 1071 2.0371857591224645 0 0 1.4809125050568195 1.5072482744345186 0.4391325589438366 1.8508854634739245 2.384173346703769 1.8751888616186818
120 1080 1.995634065986487 0 0 1.423878961421932 1.3986084609548846 0.3888856223011916 1.7835980265971108 2.2645219504380694 1.7997653254541808
121 1089 2.135085495504554 0 0 1.6043605006915083 1.4779934948689812 0.4021357690402587 1.8816638851383487 2.5739335722032317 1.8993432512296449
122 1098 2.06303036207444 0 0 1.5689791599221399 1.4286832804651728 0.3664367957707812 1.8019233829340386 2.514281849631688 1.8228417593702277
123 1107 1.9588693758606635 0 0 1.486726747322852 1.3743113070142872 0.29741657639828434 1.703561086485916 2.4427405347533786 1.7124398538605645
124 1116 1.9396071873687952 0 0 1.4893141475853753 1.311069525178217 0.2689070499326882 1.6092251914591136 2.391118433483871 1.6135217487124471
125 1125 1.978755700477984 0 0 1.4750952590495898 1.3627020216729298 0.26532850285230214 1.6460078128482087 2.4580186969818216 1.6559938291394525
126 1134 1.9099358640449118 0 0 1.3639241110227969 1.2570359949692775 0.26209695340948463 1.510586851037423 2.237605885897453 1.5124321473239581
127 1143 1.7386792266457716 0 0 1.2294758579626357 1.1116250930066016 0.22111671172317465 1.339174168361767 1.9863237064905173 1.3415022198862094
128 1152 1.6730425126764803 0 0 1.2553692234059355 1.0509638746554721 0.19848069518319703 1.3460388641725385 1.985577797759516 1.3627345908581863
129 1161 1.5934704650659826 0 0 1.1791156189886722 0.9743490409661553 0.18170534971324057 1.2715133086461163 1.8410086373147938 1.2849802594407997
130 1170 1.6429224530445485 0 0 1.2468504118707517 0.9640875549879863 0.18831387837045077 1.2964516243720579 1.9323966560603352 1.314079620493723
131 1179 1.4753809922964052 0 0 1.0865664174696483 0.8222366111152539 0.1570795966908464 1.1495253796523879 1.649793109537555 1.1617320794344144
132 1188 1.4323954605664047 0 0 1.040113505296976 0.7601012662624655 0.13685277323213726 1.1141309282434138 1.5288983919068937 1.1220961840487622
133 1197 1.4781223780372308 0 0 1.0640215694963984 0.7631594486430276 0.1425004233098081 1.1096602346837319 1.5412319905755396 1.1149468682876502
134 1206 1.5463184110803474 0 0 1.2014850605785177 0.8114831642097892 0.15434743421437222 1.177056430935942 1.7297449718494984 1.1840737213217523
135 1215 1.6393510016796287 0 0 1.3218048789438588 0.8785073857263522 0.174702117261047 1.229317078862307 1.9297030916401263 1.237067313255833
136 1224 1.7703219306532811 0 0 1.4342510175303167 0.9266579875391915 0.17608930991191318 1.3353895778121931 2.0387543731883286 1.3510784270553255
137 1233 1.681441433441701 0 0 1.3257336827252149 0.876312921761177 0.15787607736491768 1.3030669813749591 1.864311174510515 1.3192276410982504
138 1242 1.6714315082828284 0 0 1.2610296011735287 0.8120717563967411 0.144682911993626 1.2583006077122125 1.7007153840895357 1.279046457626136
139 1251 1.7744589226452916 0 0 1.3400847733240635 0.9176724211788777 0.14357951708038716 1.2930345132452135 1.7729912948543876 1.3169857698291898
140 1260 1.6832752769426473 0 0 1.2822902535868204 0.8541734974454466 0.12758108960712455 1.1454206278982901 1.6484248859791613 1.1670469431412092
141 1269 1.594388839395955 0 0 1.221768074382186 0.7921776470585679 0.11543971152813418 1.1317277572960927 1.6202311493523072 1.1524431108565674
142 1278 1.4744419349811966 0 0 1.1150975187723957 0.6692414298618004 0.10048754576861667 1.0296538651457097 1.4436932993154008 1.0453754851942063
143 1287 1.7362433298539415 0 0 1.3218146950577672 0.8695436201697003 0.11619393086898909 1.2218187244436958 1.7016724559356513 1.2413970560724392
144 1296 1.7753343604089042 0 0 1.4298091870092462 0.8683891985296595 0.11733487018238196 1.2327621065523144 1.7567201132642134 1.2561597232922133
145 1305 1.6569734093010242 0 0 1.2680389240320795 0.81544140804215 0.10091772491867158 1.1393615695804586 1.5840177506760387 1.1609627519712864
146 1314 1.5188583229439458 0 0 1.1475035266136888 0.7517530555713476 0.09119584611473015 1.0430100538221239 1.439667034444877 1.066439016285011
147 1323 1.383903613077617 0 0 0.9932351058038248 0.6938681928089263 0.08000484806985224 0.8721318449870865 1.2217225663598352 0.8866710025173528
148 1332 1.179496742778703 0 0 0.8422060711960125 0.5866907563632437 0.0677002687294737 0.7627831020089321 1.052873246745281 0.7741618646577197
149 1341 1.1512805389413088 0 0 0.8228132882717635 0.5855592232768125 0.06428606079237674 0.7611411257619244 1.0247695428370887 0.7720417209551776
150 1350 1.1600512818392699 0 0 0.825479532929786 0.5797705849425099 0.06177556949548101 0.8177731883796665 1.0118754337420268 0.829002144911672
151 1359 1.0107075635890266 0 0 0.7196222708186817 0.4934564929083065 0.05349702791852684 0.7051616902051926 0.8820367229315009 0.7137701055650408
152 1368 0.8994341555801396 0 0 0.6361436519442338 0.4393064418392027 0.04679712038238962 0.6291082055696757 0.7716680175937547 0.6365979551122039
153 1377 0.9375659674285582 0 0 0.6559151715316797 0.41291940543048133 0.0463018890556057 0.6532653772137075 0.7561524770352492 0.6603034431970992
154 1386 0.9265469885047459 0 0 0.6409765987928612 0.44109624870751146 0.04512911421348749 0.668974145053768 0.7873015151883959 0.6789255219523261
155 1395 0.8244428110025941 0 0 0.5724198535596378 0.39400243874220314 0.03773003157463656 0.6063907467246893 0.6922567021748893 0.6155251535926639
156 1404 0.8008257061794261 0 0 0.5668019110314924 0.38753447039151334 0.035657743785956535 0.6107969910908068 0.7188700967324037 0.6176927135537659
157 1413 0.6888774147410189 0 0 0.4791668587201099 0.3342607342650504 0.029039652538118757 0.5271645783264284 0.613163929351636 0.5324233856032897
158 1422 0.6725691044559897 0 0 0.44145802785882354 0.34734881704084397 0.027933571426232272 0.548379974652565 0.5827746922798003 0.5537203296785699
159 1431 0.5663984849733972 0 0 0.36414875100237776 0.28577576530792537 0.0237760060689062 0.449949274560703 0.4796655638432164 0.45294820222586685
160 1440 0.48623348030381086 0 0 0.31360050586871324 0.24296934224781205 0.019428377213252093 0.3971672632079025 0.4075040769517547 0.39964520258893804
161 1449 0.3888032588479882 0 0 0.24808793571686466 0.18870144328308497 0.015208805258478453 0.31617882382657686 0.31886866410469417 0.3179527662346922
162 1458 0.3242225278695931 0 0 0.20098364032165253 0.15526958970866628 0.012716673801005919 0.26619482046321363 0.2680959402903314 0.26785738926424024
163 1467 0.27942729528322935 0 0 0.17408587280366167 0.13100530038780359 0.010966716433945927 0.23103319934062136 0.23074980032101122 0.23238542267930526
164 1476 0.2658765326049949 0 0 0.15668561963339328 0.12789339132490038 0.009951797465805816 0.2287977945614998 0.20721092818687079 0.23018678528872316
165 1485 0.23799830740691977 0 0 0.1359788459537775 0.11321182881409089 0.008298533999808944 0.2043574538692891 0.1763389422640489 0.20561266799590427
166 1494 0.19964968199517671 0 0 0.11538435351085895 0.09381724349338046 0.0066383912438676106 0.1675272517130523 0.14891723186310618 0.16878194752123515
167 1503 0.17321630355133041 0 0 0.09743675631256314 0.07741073335492603 0.005697884025395969 0.1362837789918559 0.12804766556311675 0.13695961709622884
168 1512 0.15501415180769307 0 0 0.08309640971625916 0.06856005889530824 0.004779993598279581 0.11955529094530472 0.10856044356188656 0.1200769885124737
169 1521 0.14674682663591535 0 0 0.08174065834791316 0.06403278127995715 0.004437544653490706 0.10333833685891564 0.11050278324361547 0.10360974955481188
170 1530 0.13867580238117752 0 0 0.07569184773914679 0.06004245599428703 0.0039107001012157125 0.09378827150247344 0.1065339488505481 0.09405114712347905
171 1539 0.1343944729311419 0 0 0.07369060254551833 0.0580701224652577 0.0038889624649639447 0.08587981781811163 0.10190985259392887 0.0861998120534823
172 1548 0.14244993925036561 0 0 0.074412704576015 0.06121710061171042 0.004209072261411786 0.08512846495201708 0.10358207544073106 0.08546941166514889
173 1557 0.14015657508928606 0 0 0.07159244565906979 0.0577041302828168 0.004094057479464592 0.07761757318441856 0.0950453202350533 0.07801071078021259
174 1566 0.13606401062612264 0 0 0.06983119557700136 0.05719761215657924 0.003763770658573409 0.07231679134697148 0.09549295679550533 0.07285726136131151
175 1575 0.129119377871489 0 0 0.06466102345913793 0.05426071795089637 0.0034249459198699038 0.06332335816519523 0.08455780541124838 0.0638264705787572
176 1584 0.11764524000905809 0 0 0.05993460217543026 0.049373028511171334 0.003015585667286183 0.053312677468727816 0.07958127593447831 0.05379748665584497
177 1593 0.1062430545160128 0 0 0.051334004703799736 0.04300320825194507 0.002635429891677706 0.047063841333889175 0.06856652340622871 0.04758819638210067
178 1602 0.10613951926694967 0 0 0.05301573266512777 0.04197208409734043 0.0027820396460637754 0.044175154584909934 0.07078060246021459 0.044572490523363435
179 1611 0.09484220501918651 0 0 0.046681777336741864 0.03700156307475318 0.002451857254891981 0.036962421315861 0.06242136451389348 0.03722795617785925
180 1620 0.08536111535274435 0 0 0.040520314732029196 0.03256996202722436 0.0021365753388171435 0.031012821955431834 0.05265463222201417 0.03119049997623513
181 1629 0.07887871732676101 0 0 0.03849059658831073 0.029468315327276225 0.0019965070947358826 0.026341226993537394 0.04699432167415892 0.02655499839658936
182 1638 0.08401755466410833 0 0 0.041785540621487996 0.03450237535877454 0.0021073864555350885 0.027011076221903962 0.04899122497483443 0.0273186559004362
183 1647 0.08208062305856649 0 0 0.040485918137221896 0.03385601242431093 0.0020775594204993715 0.02708918576299895 0.048245853419304395 0.027426306758426753
184 1656 0.07417405151363443 0 0 0.03596440478353406 0.031410108404838454 0.001889186101293476 0.02333477835426951 0.043284028350976465 0.023634171722561194
185 1665 0.07247827208460352 0 0 0.03463762402850732 0.030102227754406984 0.0018674935082409563 0.021245508511900078 0.04005708088242781 0.02141530701232798
186 1674 0.06286521809624905 0 0 0.029823153420580426 0.025105702093582472 0.0015949513330364208 0.01759399493746189 0.034064255253497586 0.017703005285513634
187 1683 0.055568355976178076 0 0 0.025029392813134904 0.022085882477947655 0.0013501255002810184 0.015304258245124725 0.030148683857774822 0.01540843998522369
188 1692 0.05135094649653664 0 0 0.021604603567701972 0.018971624028969996 0.0012312056419011717 0.014034572895094731 0.027921658416334087 0.014092622728532834
189 1701 0.05308670156396197 0 0 0.02306615090560402 0.01925273272928579 0.0012577741123981634 0.014304749594725566 0.02819746931892436 0.014341403537374415
190 1710 0.05478837912642713 0 0 0.025164643001878987 0.01938934016188347 0.0012956209365750791 0.014816411309012342 0.030494955199036004 0.014892971492873426
191 1719 0.0489661473650178 0 0 0.021138484277536722 0.01632044399248082 0.0011198653483532068 0.012542978169626327 0.026282809795780075 0.01261279912867572
192 1728 0.04712141132493583 0 0 0.02073340618313731 0.016306873208394065 0.0010814900504563703 0.011150965684357817 0.02685844366949177 0.01118795986194828
193 1737 0.04526080496679787 0 0 0.018252522298567008 0.015802249235948293 0.0010374636592588283 0.01078037633385957 0.02473643327759936 0.01085724220117051
194 1746 0.04693161124664151 0 0 0.0206545749568567 0.015875565846890677 0.0010564260564809727 0.01027187166746427 0.024089005704728814 0.0103591758257481
195 1755 0.0465920948903304 0 0 0.02083091060097282 0.015178511845663965 0.0010197984243415417 0.010165848102985653 0.02402083727405097 0.010240675847286686
196 1764 0.038991907983649765 0 0 0.017364656334885317 0.0116730049411278 0.0008370394056498632 0.007748251913032916 0.01987226714208738 0.007854014720829685
197 1773 0.033536122640141 0 0 0.01477517279557017 0.009543176275942866 0.000727858874112739 0.00631360316943283 0.017140129492900544 0.006401414829290928
198 1782 0.035815889783690276 0 0 0.015122281524381883 0.009954367175962323 0.0007974064736451192 0.006604277363610295 0.01768993076880546 0.006707845291579717
199 1791 0.039361179017592035 0 0 0.017872866243752502 0.01040672787003018 0.0008608316172014577 0.006867436460702122 0.020590068670194275 0.007011599872053075
200 1800 0.037854905886281126 0 0 0.01699859251505555 0.009727705470217281 0.0008282636097735862 0.006440331458682856 0.019276693144294994 0.006570543520338312
201 1809 0.03423826379830544 0 0 0.01455049875513183 0.008735955390670345 0.0007388131486333933 0.005680224300402847 0.01719311526112673 0.005804542162087955
202 1818 0.034298431116652456 0 0 0.01447958550850257 0.008156582425449926 0.0007528460571835977 0.005875345616016886 0.016122591302153353 0.006031565020915923
203 1827 0.03574540501595596 0 0 0.01533298318956444 0.008415555125454947 0.0007656623044482064 0.006112561205784915 0.016413839992807135 0.006250331107563243
204 1836 0.03674652422563658 0 0 0.015896688559584014 0.008710198383564089 0.0008249245957443829 0.006032082025366397 0.016670278486123277 0.006210810515286952
205 1845 0.03586394623007592 0 0 0.01518148231396398 0.008213285896172547 0.0007768010415053851 0.005839647798555985 0.015819613772182058 0.006025010242716861
206 1854 0.035928405312751946 0 0 0.015132045301033441 0.008299883778406734 0.0007556474883806986 0.005823646562628793 0.0149415570158824 0.006020662280621441
207 1863 0.03413447532791787 0 0 0.013754591850033067 0.007606608176549121 0.0007192800386370411 0.005793494945480327 0.013797941746455588 0.005924917372197544
208 1872 0.03688405238663207 0 0 0.01514597404413435 0.007999576811156752 0.0007855542324606011 0.006754969264513539 0.014993401976447407 0.006816598096389963
209 1881 0.03518570746551607 0 0 0.014266554188204147 0.007533843762592057 0.0007407202254312233 0.006118163821484831 0.014135516075041774 0.006200310888019026
210 1890 0.033304734868593935 0 0 0.013116222838361538 0.007468911449408397 0.0006756972681081503 0.00545671694047239 0.013130448270033446 0.005536075992356456
211 1899 0.033738124103601094 0 0 0.013079886943094178 0.007408604092595317 0.0006413404009810435 0.005154328326591385 0.01346846968535171 0.005224866321816164
212 1908 0.03271164486285121 0 0 0.01273067968823995 0.007174082929787587 0.0005782194544750146 0.005060801440348428 0.013370829012363824 0.00516828881559204
213 1917 0.03113240492902852 0 0 0.012594117400888845 0.006824704000930693 0.0005276960219316261 0.004778421232566198 0.012724125237513194 0.0048938440122936865
214 1926 0.02783533125150351 0 0 0.011086096724410356 0.00563656561388915 0.00047408003628424486 0.003992192213280596 0.011698728519076619 0.004058919272166991
215 1935 0.0329980453200695 0 0 0.013111437290338394 0.007287278479060669 0.0006096360415109069 0.004205002733576147 0.01401575658490417 0.004271164139760018
216 1944 0.03292827463021492 0 0 0.012621908264253868 0.007420659925254228 0.0005858669066899324 0.004484522218209615 0.013458657184055398 0.004560355995879433
217 1953 0.03033061448340465 0 0 0.011536469918416198 0.006843351063846945 0.0005376983028794448 0.004036751677063198 0.012427465617568549 0.004100753641612081
218 1962 0.030137421684575273 0 0 0.01112735383940188 0.006962075487317586 0.0005100971852920318 0.003977477905359829 0.011951962455423834 0.0040305616884749144
219 1971 0.02709545983996368 0 0 0.010015421121995953 0.006062989236854911 0.00048070388097916773 0.0036017153476905917 0.010916323938970657 0.0036452026943282778
220 1980 0.02330410904336275 0 0 0.008645566794186032 0.005259317196688627 0.00038662858908233274 0.0030410378344930857 0.009535707490716885 0.003070198357111064
221 1989 0.020926226763113016 0 0 0.007901197651014531 0.0048679855217453475 0.0003246008968700902 0.0026461112433567636 0.008268821122021383 0.0027074892114152156
222 1998 0.018122445680704338 0 0 0.006751414591221742 0.004065046248508364 0.00028478659598197653 0.002253396336566682 0.006990995225653191 0.0022928861794858373
223 2007 0.016523859804726038 0 0 0.006245034564301887 0.00357120671608131 0.0002572531499014025 0.0020289385161452204 0.0065485202177303645 0.002069158587271527
224 2016 0.015493471070599302 0 0 0.005676340863045591 0.003341450585349442 0.00023546923955155769 0.001930685878726604 0.005978592852012023 0.001969243325498007
225 2025 0.013614627813138698 0 0 0.004988792690700817 0.0030037257603154734 0.0002039323572224044 0.0016208111339891145 0.005084278384352828 0.0016506478765140136
226 2034 0.01292017570990625 0 0 0.005008488933501557 0.002914524941131611 0.000197242521733455 0.001469234983857489 0.005154413218503535 0.0014995125535533966
227 2043 0.011547640269469904 0 0 0.00448582009556623 0.0025409203487452886 0.0001665029095441851 0.0012914265695343587 0.004746023756891654 0.001325243969087877
228 2052 0.010068530399524624 0 0 0.0040443402540174984 0.0022343193985337262 0.00014036359024574593 0.0010616034512699387 0.004350405934953788 0.0010765705868167495
229 2061 0.010030025492929836 0 0 0.0042171152093201094 0.002268641029117238 0.00013287875493050004 0.0011271755680179304 0.004670015604505967 0.0011323745908035352
230 2070 0.010045020185482898 0 0 0.004508480538354909 0.0023358328923965953 0.00013603709647314828 0.001067340626610408 0.005088420468934953 0.001076435649040457
231 2079 0.010530535513973658 0 0 0.004591103053121223 0.0023798654767421836 0.0001421466632333647 0.0011014416975523376 0.005222054796963368 0.0011157400891130698
232 2088 0.011248779093846212 0 0 0.004996148325153331 0.0026657572559330143 0.0001528976969448518 0.0012945514176045476 0.005899137285663744 0.0012799630995641372
233 2097 0.010726375312532548 0 0 0.004704381383961717 0.002608367745881828 0.00014562986707668336 0.0011824861051048115 0.005727808113913196 0.001162840693308794
234 2106 0.011932823183079233 0 0 0.004936612763924574 0.002889771640106201 0.0001616030112580539 0.0013293255687629468 0.006147297179952182 0.0013245298631103593
235 2115 0.012164950505040009 0 0 0.004997446353341577 0.002918084177705654 0.00016287026233905642 0.0013888746808974077 0.006338410550931996 0.0013829501151983571
236 2124 0.011429641759033621 0 0 0.004427216573615748 0.0026098557828543065 0.00014702726633697473 0.0012945893225067286 0.005639494306424673 0.001295080277033497
237 2133 0.010227515100396559 0 0 0.003808063283947568 0.0023933190943245526 0.0001329681674311468 0.001139697587609657 0.004855368787854124 0.0011444862562029494
238 2142 0.009055965899341739 0 0 0.0034219644649712794 0.001954048445368788 0.00011271099785838579 0.0009614307425097233 0.0041809367785517314 0.0009640342445698713
239 2151 0.009669364716482123 0 0 0.0035838637746299896 0.0021186555608856223 0.00012058174155397417 0.0009867104570643204 0.00434581091393701 0.0009890498526441897
240 2160 0.009424192126472308 0 0 0.003449904535325047 0.001973796976723086 0.00012162340432637191 0.0009511992996857281 0.004236125773834516 0.0009547517905078807
241 2169 0.011589765808487446 0 0 0.004206630165578195 0.002354201194209669 0.00015740755935981826 0.0011954940980687557 0.005053248287365527 0.0012006843141247536
242 2178 0.01142233149771658 0 0 0.004254732052148878 0.0023111767077881903 0.00015602614292433553 0.0011315098795650575 0.004903588129106489 0.001126448076641642
243 2187 0.012413093810255734 0 0 0.00469573654107158 0.002761756890510129 0.00017440900385415987 0.001167782616749199 0.005182136969522419 0.00118540249543438
244 2196 0.012567714307803853 0 0 0.004945269050846869 0.0028428317567675983 0.0001780607101456162 0.001237392621637957 0.005361418134550013 0.001244901936845758
245 2205 0.010560956797435154 0 0 0.0038303313607683004 0.002462389009869268 0.00014985166292363545 0.0010310921226575427 0.004220341608376047 0.0010387733270941376
246 2214 0.011410542966240974 0 0 0.00418269545505307 0.0026396664824012636 0.0001600676311167993 0.0010816629195408176 0.004537025561488087 0.0010879789573304674
247 2223 0.012475336451346545 0 0 0.004847320493631155 0.0027720729007969986 0.00017634048724670347 0.0010932566531446219 0.005327149352882076 0.0010929455865083084
248 2232 0.014626167188609103 0 0 0.005704830373249853 0.003256076280102203 0.00021892471967192528 0.0012769900963471013 0.006177710757848107 0.001281754323014524
249 2241 0.016357642936993533 0 0 0.00696417688542965 0.0035816594398076873 0.00024696197436985197 0.0014533562775863504 0.007379292280197163 0.001461172832470393
250 2250 0.016087166654553668 0 0 0.007040552185434028 0.0035230589978572603 0.00023500287613074214 0.0014039403041050335 0.007509854122797884 0.0014008250019256533
251 2259 0.01635893998058677 0 0 0.007234626216319012 0.003510603745158186 0.0002446417310297648 0.0014556471209366739 0.0077225975793365565 0.0014546455472931193
252 2268 0.016083666342998418 0 0 0.007118461658411743 0.0034223284326248657 0.00023967940666238025 0.0014447256612795717 0.0074609493146976175 0.0014421146597075097
253 2277 0.01607221982089817 0 0 0.007256464888664656 0.003308151351514888 0.00023075461658457393 0.0014038663699771697 0.00760347350178636 0.0014029472376344875
254 2286 0.017149833184595484 0 0 0.007662793572974914 0.003206897808243172 0.00023772690145180725 0.001525411162813201 0.007952539486167934 0.0015338805380035114
255 2295 0.019200602031501417 0 0 0.009636825114324434 0.0033976461022877298 0.0002663825643355568 0.001614741308069823 0.009991771429245438 0.0016430080336112029
256 2304 0.017119562121624157 0 0 0.008402028712277807 0.002935534127907344 0.00023365015892105358 0.0013886208197488505 0.00880904159021369 0.0014286662672164455
257 2313 0.01426361592185637 0 0 0.007032139263058132 0.002533789670349457 0.00019285386608423356 0.0011303137908457526 0.007355304313061691 0.0011617821796919155
258 2322 0.014157116389169944 0 0 0.006566481022923792 0.0025636275155786733 0.00018807497835907403 0.0011390590785118444 0.007247789250930795 0.001153882968334718
259 2331 0.014454650297170088 0 0 0.007152086084158894 0.0026811837266632202 0.00018230614501138883 0.0011608290635442557 0.007937457689858738 0.001175964395067402
260 2340 0.014867368804803395 0 0 0.007673980575336681 0.002841682674655735 0.00019436785118278084 0.001217666546720656 0.008281079789838906 0.0012263298215224804
261 2349 0.016774815309212113 0 0 0.009274029878445349 0.003306874158178649 0.0002215983356702048 0.0013405387406190288 0.00946937960150548 0.0013439664612974957
262 2358 0.01606197057606105 0 0 0.008888051644049906 0.0031982781696728003 0.00020827379384470615 0.001246791122010048 0.008972192500553746 0.0012384055582579376
263 2367 0.015414685874608895 0 0 0.008341533868266611 0.0031411427032168914 0.00019651362686591423 0.0011427100194544453 0.008378400588065037 0.001135580506066124
264 2376 0.01495547639189856 0 0 0.007961904481585564 0.003124077386544142 0.0001950174928182751 0.0010634923762077753 0.008159806295262742 0.0010640414819719675
265 2385 0.015710707527029175 0 0 0.00829926468206343 0.0031136080535632354 0.0001933567623659618 0.001162672295839677 0.008359900950669874 0.0011565443190083794
266 2394 0.015603346026508952 0 0 0.00804539848098802 0.0032297067541083246 0.00018131344152203427 0.0011583716206972445 0.008097460914195737 0.0011437364979922236
267 2403 0.015170151253357534 0 0 0.008352857584986936 0.003097743082432511 0.00017549532639039004 0.0010606005654531815 0.008277033606021793 0.0010676749008960507
268 2412 0.01462149848271739 0 0 0.007755000881926824 0.0028705953253756016 0.00017114280396070942 0.0010201538430840806 0.007707519717041185 0.0010129958958563575
269 2421 0.014569426146098501 0 0 0.007673692824098734 0.0029074662677716907 0.00017047321848083632 0.000983338697961106 0.0074037425317036295 0.0009806332020965874
270 2430 0.012973575310388018 0 0 0.006666262428049452 0.0024042063734548225 0.00015039923842477914 0.0008453757629275449 0.006453488971362191 0.0008538968310161184
271 2439 0.013206408517611153 0 0 0.00697688822500676 0.002612385546140028 0.00014888215697933613 0.000855849687841949 0.006434718932957812 0.0008514759359408377
272 2448 0.011156375352267635 0 0 0.00603024742284919 0.002179359155355885 0.0001300578592134774 0.0007170995485043862 0.005368440359205828 0.0007143876119168333
273 2457 0.01267284532737547 0 0 0.006874222080545917 0.0023178441965816046 0.00014935975375614838 0.0009059886607488257 0.005962509779753835 0.0009429599925887517
274 2466 0.012615213429795706 0 0 0.006220676622409259 0.002235877518259132 0.00013877307277033405 0.0009024070391711405 0.00547168106732889 0.0009413159218637845
275 2475 0.01298047577277177 0 0 0.006322394638493863 0.0022025251120042348 0.00014728999138020608 0.0009196168931355934 0.0056463760889297315 0.0009639927734142621
276 2484 0.012859132904000863 0 0 0.005878464876627263 0.002082439820744299 0.0001502941371512782 0.0009207171546162481 0.005518333560920979 0.0009589990174338499
277 2493 0.012132273191134467 0 0 0.005349966573900061 0.001860082199097222 0.00013781048576233583 0.0008845604823245554 0.005129928073979491 0.0009258257707250768
278 2502 0.012480984534711506 0 0 0.005407506314947384 0.001825772451181729 0.00014193809049946695 0.0009113173764109243 0.0053139042143680836 0.0009505907568206683
279 2511 0.012607640266598132 0 0 0.0052178030276641765 0.0017629207731098622 0.0001398206365226068 0.00098696579328328 0.005258033803404233 0.0010217998122508776
280 2520 0.011589810834062058 0 0 0.004457652465502827 0.0016061479300149234 0.00012816385484302524 0.0009112551475740501 0.00445992515975324 0.0009403027769442173
281 2529 0.01202386481015714 0 0 0.004726271326746855 0.0017258726986102825 0.00013210666312629194 0.0009584032852766625 0.004858285395100069 0.0010049596119470552
282 2538 0.012759643144110789 0 0 0.004884913393509723 0.0018374677715375868 0.00013923985823377464 0.0010363519646201889 0.005215100239724351 0.0010967420129696385
283 2547 0.012056095632424149 0 0 0.004405150531502146 0.0017240664323849406 0.00013759738072212228 0.0009757373037794352 0.004815747268847889 0.0010290657034083817
284 2556 0.011114698055224527 0 0 0.004064465825583746 0.0015713433481647381 0.000126046744936447 0.0009106558853085864 0.004497750587994393 0.00095521541408918
285 2565 0.010089273626292045 0 0 0.0035929090308180352 0.00141877129643116 0.00010935476953560766 0.0008370513261456294 0.00401434721439585 0.0008811694960224764
286 2574 0.008465298349674718 0 0 0.002967195399853996 0.0011694271591812298 8.807668636818003e-05 0.0006849745930731003 0.003331747951388534 0.0007204938535322309
287 2583 0.008131304499155024 0 0 0.002813055276750282 0.0010993826995467613 8.315688913987542e-05 0.0006769439214281504 0.003136442139933691 0.0007102086982552286
288 2592 0.008564295566908492 0 0 0.002942582542427175 0.0011610638696004708 9.112578150356478e-05 0.0006949097268519781 0.0032505330783349244 0.0007366660094987487
289 2601 0.007687042742113626 0 0 0.002603349834366584 0.0009917622204700138 8.231595542563886e-05 0.0006185210111987752 0.0029159724568707 0.0006497614385590448
290 2610 0.007623487328116796 0 0 0.002683192290734872 0.0009518861454409647 8.427929455674145e-05 0.0005989093998040243 0.0029195973319679574 0.0006315903495532802
291 2619 0.007266142383701591 0 0 0.002703604614420261 0.0009162298994138453 7.896214451871948e-05 0.0005650073358600334 0.002938139351608663 0.0005940182782532123
292 2628 0.006820627066294381 0 0 0.0025311002994841507 0.0008477745681186252 7.059013262549553e-05 0.0005411532501468542 0.002797727620452151 0.0005646775280758791
293 2637 0.006941004336839338 0 0 0.0025585581932422445 0.0008318276923261115 6.689898293303795e-05 0.000554954928555574 0.0028002835708493476 0.0005752977141287622
294 2646 0.006868377317062644 0 0 0.0027163227378032267 0.0008455582529375349 6.311917082082853e-05 0.0005545068684561839 0.0029064834343812728 0.000571005414133215
295 2655 0.007043809365157503 0 0 0.002806543372194245 0.0008549168955537891 6.54191594219447e-05 0.0005670887603829891 0.0030600515962541978 0.0005800863823373768
296 2664 0.007576040195294981 0 0 0.0029332677136708154 0.000934260244153275 7.28708179344885e-05 0.0006421857635468892 0.003231835989061037 0.0006506357004844416
297 2673 0.008515292848675847 0 0 0.0030902109407896124 0.0010283603315209204 8.110304740053949e-05 0.0006997775318051169 0.0034343888736167727 0.0007111200770771322
298 2682 0.008661292159582461 0 0 0.0029383192437645025 0.0010720924352609247 7.951495852134267e-05 0.0007307660276601978 0.0032818900435152222 0.0007504396596017305
299 2691 0.007814248067363345 0 0 0.0026865624046956207 0.0009836720735177178 6.789986355485669e-05 0.0006654823525525962 0.003004266732314688 0.0006829375799558315
300 2700 0.007114012316592417 0 0 0.002381501725509014 0.0009092673529686375 6.0329993804584366e-05 0.0005821352099621176 0.0026715498352995705 0.0005996191643263025
301 2709 0.0063997848150389195 0 0 0.0020717447845310295 0.0008113320690765838 5.09288627985801e-05 0.000504536618209637 0.0023468489476514203 0.0005186081269782491
302 2718 0.0054733773028279465 0 0 0.0017835612090363333 0.0006493377419485174 4.3001451191893665e-05 0.0004109822980504358 0.0020110991469720063 0.00042517807285577357
303 2727 0.005304759338913373 0 0 0.0017505530784005371 0.0006212799448150634 4.1176792403839376e-05 0.0004145892305497643 0.001965919114106809 0.0004246095882450034
304 2736 0.004896941458442107 0 0 0.0016519520522496264 0.0005385030430763081 3.7542707927229025e-05 0.0003827506048303366 0.0018595932397942542 0.00038799565094124234
305 2745 0.004613007780669916 0 0 0.0015927159541454748 0.0005299239301909638 3.589836571493092e-05 0.00033304749072878915 0.001810448322875789 0.00032984130934727966
306 2754 0.004217412911915568 0 0 0.0013733164828653036 0.00047684216004650356 3.271931729755064e-05 0.00030253539585879625 0.001562574544601858 0.00030571709722772663
307 2763 0.00438475928423858 0 0 0.0014479671652587929 0.0004989482945296741 3.395588551209699e-05 0.0002965074301010557 0.0016658669725259905 0.0003056366941737624
308 2772 0.004077699752709055 0 0 0.0012901155878945083 0.0004590611252740702 3.136117261931036e-05 0.00028075623378750634 0.0014889441051046696 0.0002941287816913072
309 2781 0.004041754842865813 0 0 0.0012722544222812486 0.0004641651678341508 2.911327214772699e-05 0.00027018351733604413 0.0014901108638449296 0.00028723685197899073
310 2790 0.004440264415817254 0 0 0.001327435754656758 0.0004910069124642948 3.371349013272929e-05 0.00030551087537643133 0.0015277493649307025 0.00032771578254252976
311 2799 0.004956715694073519 0 0 0.0014809041601359198 0.0005197397249673039 3.752254107297274e-05 0.0003424189466444055 0.0017009837499074507 0.00036609782147473526
312 2808 0.0048570940912499435 0 0 0.0014654060581052195 0.000541194111657074 3.558971490109273e-05 0.00034252453459583264 0.0017224508981422716 0.00037032087763667773
313 2817 0.005459563819334243 0 0 0.0016464731903293962 0.0006151825222884341 3.8347698595074825e-05 0.0003984390175656567 0.0019074346111086142 0.0004339920135372618
314 2826 0.00517880812194443 0 0 0.0016002523486239345 0.0005622744188115046 3.364179630579184e-05 0.0003685797806949207 0.0018176676871409032 0.00040190396298764867
315 2835 0.004442282858832058 0 0 0.0013020221064539595 0.0004704795043526698 2.8779669181389754e-05 0.0003365261593733491 0.0014962216606476775 0.0003635815273667484
316 2844 0.004409828244347045 0 0 0.001229290276506676 0.0004661282904343141 2.65007409353047e-05 0.0003509396957166447 0.0014125404086154302 0.0003785667832285253
317 2853 0.005031683674826578 0 0 0.00143789532866944 0.0005558899729566234 3.2003431415481686e-05 0.00043916243657504206 0.0016761427085406116 0.0004776443431888519
318 2862 0.005135078101145915 0 0 0.0014165587178614927 0.000596766467644464 3.137742459407581e-05 0.0004629701895170892 0.001710811068311177 0.0005074778424230448
319 2871 0.0048451616033741785 0 0 0.0013154885757584514 0.0005656947340985278 2.868040763959713e-05 0.0004346832729269277 0.0016213572156148577 0.00047719880361539837
320 2880 0.005005292735514789 0 0 0.0014075222746792826 0.0005881191942622352 2.9263102381138026e-05 0.00046020109224934334 0.0017223829522181008 0.0005038209688272681
321 2889 0.004917756878387336 0 0 0.0013641151596273937 0.0005660899089022114 2.964287870282224e-05 0.00045660758667366797 0.0016693744110132843 0.0004987729663419484
322 2898 0.0052430142841781765 0 0 0.001432804911927297 0.0006138930411963767 3.125576702283348e-05 0.0004909555237006516 0.0017477263948429433 0.000533692079200821
323 2907 0.005070409533067727 0 0 0.0013758316720647232 0.000572866476230447 3.0562239119344784e-05 0.00045057726950319674 0.0016720594862204303 0.0004944762012865667
324 2916 0.005126931574710761 0 0 0.0013834242595570261 0.0005724428318872716 2.997521326217827e-05 0.0004653295245169624 0.001655103549526107 0.0005181277042250768
325 2925 0.0058535041981254525 0 0 0.0017925953313394506 0.000646554840774354 3.625147494816514e-05 0.0005256240739465646 0.0021940099495389187 0.0005818926067954146
326 2934 0.006057469805791973 0 0 0.0018529533157279157 0.0006588317144736483 3.820103677116438e-05 0.0005045268846847449 0.002263840142662951 0.0005598277197419272
327 2943 0.00641219682690122 0 0 0.0021135990632208477 0.0007233198636880825 4.054668498613729e-05 0.0004694439218049825 0.002504257035780657 0.0005241076253611666
328 2952 0.006431039595025697 0 0 0.0022871581782710924 0.00069645971182301 3.8961377241813906e-05 0.00046711835419704066 0.002673733855297919 0.000521875214808528
329 2961 0.006515364244269559 0 0 0.0023140567431733086 0.000700359110983913 3.9704500222326314e-05 0.000470030440283117 0.0027079530763429475 0.0005229208677470491
330 2970 0.007591598364353987 0 0 0.0025771200464787714 0.0009337574058986397 4.7656109962580144e-05 0.0007165423744955323 0.0031406203933696795 0.0008068244838067496
331 2979 0.009048668739527609 0 0 0.0033737857985621676 0.0011566128765312942 6.044821621140005e-05 0.0009568621614601951 0.004111706466031677 0.0010823212628224609
332 2988 0.009278170219570342 0 0 0.0036906179115092238 0.001159846567171863 6.481181839809262e-05 0.001033425002245708 0.0044376871525403086 0.0011644303431821638
333 2997 0.01005150574761396 0 0 0.004272154505871407 0.0011722651506467134 6.821900969633121e-05 0.001055782483453556 0.004984857356510267 0.0011856588440350975
334 3006 0.009825898505179351 0 0 0.004193113103723322 0.0012042327591129237 7.110026070562333e-05 0.001033892506189334 0.00492199495604273 0.0011703253762823987
335 3015 0.008701786366643871 0 0 0.0036520832603055805 0.0010755574915139372 6.278542343072889e-05 0.0009261615965210212 0.0043203362964938765 0.0010495246170834215
336 3024 0.008069701559593976 0 0 0.0033785389159710385 0.00101212823059835 5.9048047859373394e-05 0.000837957308275903 0.0040009301356449265 0.0009564406501718865
337 3033 0.008038261242977686 0 0 0.0033592123578243343 0.0010534383344651325 5.793812103530511e-05 0.00082481805969821 0.0040175628003321145 0.0009465550954270513
338 3042 0.007214483657720225 0 0 0.002963907449130488 0.0009400196779933607 5.144704924579312e-05 0.000755340262503845 0.0035453065046344204 0.0008658694420610598
339 3051 0.0072195462469030955 0 0 0.0031271878714882765 0.000941419971987592 5.339067296780903e-05 0.0007486686262330927 0.003720193357237504 0.0008593411992755458
340 3060 0.006868397120463313 0 0 0.0029080289634859373 0.0008666224153459943 5.061511912011495e-05 0.0006535873476537076 0.0034598989858445643 0.0007514053484839132
341 3069 0.006728956901144863 0 0 0.002735616570100455 0.0008800903284423025 4.940229568775562e-05 0.0006336725770874532 0.0033185494708728096 0.0007313314166428013
342 3078 0.007305612226125033 0 0 0.0029966346081985763 0.0010111005113695023 5.246948664621758e-05 0.0006961484169122071 0.003682811938997669 0.0008072590273529638
343 3087 0.007821987606169813 0 0 0.0032628463548740883 0.001021806138885746 5.686655670497992e-05 0.0007413972377549132 0.003935023931404062 0.0008544836749727117
344 3096 0.00774202617507782 0 0 0.0030929297159637786 0.0009943086475859954 5.477291730789736e-05 0.0007158383714295965 0.0036982434225852354 0.0008255159514647016
345 3105 0.008604346530894761 0 0 0.0032761333780439356 0.0011463185456185936 5.773083201315011e-05 0.000722167739816315 0.0038912965963151867 0.0008322796245574127
346 3114 0.011045056049346564 0 0 0.004229160768625088 0.0014606906279434225 8.028327687371343e-05 0.0009514064306290723 0.004885640613446178 0.0010885052959916032
347 3123 0.012094971741222888 0 0 0.004588817361282909 0.0015690628131589082 8.977522600831902e-05 0.0010601804265257028 0.005291875651413927 0.0012074985975648004
348 3132 0.012273367914346684 0 0 0.004695956300822961 0.0015324812929601928 9.156857415109379e-05 0.0010380386652655478 0.005411380113378132 0.0011797308845548577
349 3141 0.011101955339326735 0 0 0.00422389540993455 0.0013638285477243594 8.055126236356884e-05 0.0008953806042790766 0.004847430760680718 0.0010187193298744604
350 3150 0.010628225489837363 0 0 0.0038927235078880843 0.0012479227455720588 7.338699168151355e-05 0.0008087282651860269 0.004487393777394509 0.0009252815741494376
351 3159 0.01177004528171675 0 0 0.004011674256083828 0.0013618976338188602 7.732482035588012e-05 0.0008543321724206642 0.004627012805558465 0.0009781875226927957
352 3168 0.010288669570319889 0 0 0.003494823053460219 0.0011718769992402364 6.623980081148334e-05 0.0007154921791274507 0.00398639894175444 0.0008187034908863218
353 3177 0.010807920752602899 0 0 0.0036321944575155303 0.0012013734416036815 6.669676251173888e-05 0.0007646979181348949 0.004140988177511388 0.0008675601953104532
354 3186 0.01080557938276957 0 0 0.0034956665780673814 0.0011496293314523355 6.398550931195302e-05 0.000689871735585789 0.003961848338387538 0.0007804426667715111
355 3195 0.012287437208840237 0 0 0.0047832775603687495 0.0015202697781349702 7.471405189425237e-05 0.0007863328441450256 0.00570713424333868 0.0009216969409938529
356 3204 0.013539004525305787 0 0 0.005634786159065988 0.0016940744013973236 9.576659667789922e-05 0.0009597592160302949 0.006774705225241854 0.0011227022843888236
357 3213 0.015511928762977722 0 0 0.006357521224417937 0.0019073637210305235 0.00011192613478747286 0.0010937649177547074 0.0076244309361248935 0.0012729423499517876
358 3222 0.015773527243812233 0 0 0.0062774583533344915 0.0019798969353501668 0.00011324276169167409 0.001157080039283922 0.007591948413836169 0.0013433713597966648
359 3231 0.01690890514780845 0 0 0.006370838881298571 0.002124989896161615 0.00011270301011723091 0.0012345007860882717 0.007635929349821912 0.0014340914739260097
360 3240 0.014105462803549036 0 0 0.005039671007626926 0.001701562271539146 9.106281890109097e-05 0.0010243344844606391 0.006033709643289592 0.0011813302193395322
361 3249 0.014115491884255198 0 0 0.004962347198165147 0.0017174006869519049 9.070959207995614e-05 0.0010255197485131123 0.006013047559361642 0.001182072786216911
362 3258 0.012523298207394376 0 0 0.004196465405918838 0.0014661709924435593 7.755687831031086e-05 0.0008697375871781273 0.005070021479614311 0.000999484340970525
363 3267 0.011684727414519532 0 0 0.0038416402371924782 0.0014629781564416855 7.260945585543528e-05 0.0007802402392431544 0.004702411700315874 0.0009108825083061191
364 3276 0.010372793526752177 0 0 0.003347381227202375 0.0012849572809114451 6.455417538902766e-05 0.0007109410875015462 0.004158660773374963 0.0008281107586840862
365 3285 0.00893534118401761 0 0 0.002795470412091907 0.0010215323798409097 5.796636398300773e-05 0.0006052997793292578 0.003404573187524977 0.0007016885469320423
366 3294 0.0075867515850261205 0 0 0.002314081432249618 0.0007943141856196625 4.62786799688387e-05 0.00048783268068144556 0.002755241903775795 0.000560981387332097
367 3303 0.006496816376614485 0 0 0.0019216656206392441 0.0006242905908736416 3.890938194956153e-05 0.00040400637126810984 0.002259470281232613 0.00046043098631267314
368 3312 0.006501465550946217 0 0 0.0017613055363614077 0.0006374117517649714 3.833882434704227e-05 0.0003994991969491567 0.0020679025917569927 0.0004549393026586087
369 3321 0.006188218101524027 0 0 0.001655771612197195 0.0005631981722731507 3.6544853096239356e-05 0.0003834814195280393 0.0018949655655858537 0.00043197910779754474
370 3330 0.0060923199826661235 0 0 0.001647110560168395 0.0005508385908498436 3.4970547588586534e-05 0.0003723174284279766 0.0018491010732842995 0.00041961049664383305
371 3339 0.0066001034966775216 0 0 0.0017265631856050842 0.0006036581618071778 3.6578190017408995e-05 0.0004069898316185719 0.001933110670552339 0.00045798148413870465
372 3348 0.0073388111647288675 0 0 0.0022474798565213327 0.0006466695511091307 4.209774492935191e-05 0.0004720582060218223 0.0024375296915786953 0.0005278560103847699
373 3357 0.007730803345178204 0 0 0.0024223286923684873 0.0006865520007585048 4.4696503950055846e-05 0.0004714360117113278 0.0026043811527323235 0.0005315404021954402
374 3366 0.008171707960035359 0 0 0.0026820127808862585 0.0007355602283424635 5.382735627621396e-05 0.0005314740944964372 0.0029152055356821633 0.0005970490715485933
375 3375 0.007878846163078945 0 0 0.002582828640887364 0.0007077987867546489 5.045103226403387e-05 0.0005076540119846021 0.0027811036360976538 0.0005713303231896745
376 3384 0.007050362702038295 0 0 0.0022180769718842547 0.000600355895547055 4.440020339218307e-05 0.0004375214835896087 0.0024163614861896546 0.0004926996771858449
377 3393 0.007451437473094912 0 0 0.00254131693099965 0.0006347741115383893 4.696992513108448e-05 0.0004560675797517169 0.0026705967929125103 0.0005110745966987642
378 3402 0.007578934733512421 0 0 0.002671767790318714 0.0006260511450341742 4.9094231048489424e-05 0.00046507319035404566 0.002759302804027603 0.0005164322386007196
379 3411 0.0075583905504963975 0 0 0.0027045280802792883 0.000645424514814119 4.8623238306033854e-05 0.00045895099074375365 0.002795009299327365 0.0005125417931131398
380 3420 0.0072137433489485765 0 0 0.002609465337244081 0.0005981740790422627 4.398382207872048e-05 0.00044469605610513195 0.002686373988977437 0.0004955604539801105
381 3429 0.008264402272251213 0 0 0.0029467562912187735 0.0007002082672886549 5.069533398526203e-05 0.0005590361196527635 0.0031180414405847026 0.0006261974188464674
382 3438 0.008180257127076429 0 0 0.00283485461101016 0.0007044559995662673 4.876276643193262e-05 0.000562869506599274 0.003059363657917818 0.0006327023818487326
383 3447 0.008431232531006423 0 0 0.0028086975166865262 0.0007023044553026989 5.025115690288061e-05 0.0005399721110388342 0.003006922997922742 0.0006059540534283851
384 3456 0.007589615399912553 0 0 0.0024966079651006826 0.0006383161735829372 4.283925596077155e-05 0.0004888987871983396 0.0026771930683589288 0.0005488159036923678
385 3465 0.00725372007371901 0 0 0.002383964383000446 0.0005951508901246196 4.205980759853128e-05 0.00046861950604936087 0.0025657510155596415 0.0005249120140415132
386 3474 0.007257517362856005 0 0 0.002462948115525457 0.0005763853371013099 4.004617768457407e-05 0.0004386744734056257 0.0025556455669425424 0.0004906781940610571
387 3483 0.00628096621406058 0 0 0.002051642588326397 0.0004969695292540975 3.2855462482135606e-05 0.00035347127269331195 0.002123408179777273 0.00039725841649586573
388 3492 0.005443975869671751 0 0 0.0017951864780399336 0.00039403609355411184 2.716199132284597e-05 0.0002983688589767755 0.0018491483018382535 0.0003332600788522712
389 3501 0.0056291012667239815 0 0 0.0018016787085422693 0.0004431845687921726 2.8067081762157623e-05 0.000292789067879043 0.0019107800473204435 0.000331414782398113
390 3510 0.005526551084378149 0 0 0.0016994348021914668 0.0004360895956606619 2.6029503579370086e-05 0.0002918786682872735 0.001791409324472057 0.0003295885894767508
391 3519 0.005613373472479828 0 0 0.0017939346139201502 0.0004595499294648042 2.609083345914246e-05 0.00029548129774484673 0.0018691589496429674 0.0003353798829161586
392 3528 0.005659027649745577 0 0 0.0016577265551966367 0.00046385766135271687 2.3275660816528572e-05 0.00028355653540385273 0.001714432373279464 0.0003230141199613031
393 3537 0.00537228244842993 0 0 0.0015791038215610023 0.0004463624910298384 2.248899123383339e-05 0.0002769525289177617 0.0016743571454551488 0.00031732813208783386
394 3546 0.005418305388397841 0 0 0.0015783318459215083 0.000497427468789136 2.27435499154187e-05 0.00028648168020896993 0.001683089261635741 0.0003304625325715999
395 3555 0.005622549842667914 0 0 0.0016569965923472758 0.0005330817561915242 2.2993094207931788e-05 0.0003021884098436692 0.001780295401819639 0.0003488869925735108
396 3564 0.005960388224353307 0 0 0.001641253652579477 0.0005536070648034826 2.5007462122881716e-05 0.00032382595226492866 0.001813316235620943 0.00037286470442901505
397 3573 0.005981711778908325 0 0 0.0016507258626676856 0.0005733884481693254 2.507730129293476e-05 0.000324116968629821 0.0018088470851500013 0.0003755221574635014
398 3582 0.005671282840837663 0 0 0.0015414720266031987 0.0005518999925761693 2.418505349129705e-05 0.0003071638141426667 0.0017309664493572023 0.00035781738442835316
399 3591 0.005514664736167687 0 0 0.0014359115844818986 0.0005540090057663106 2.2898378997155806e-05 0.0002898673724103943 0.0016265736105758569 0.00033974725629937284
400 3600 0.0057682378841321155 0 0 0.0015161040403187534 0.0005550319013455824 2.5234533835003084e-05 0.0003008975152642442 0.0017374660202661427 0.0003511443790951108
401 3609 0.006179406390298355 0 0 0.0016494537091042674 0.0006495266805539586 2.7023103315101247e-05 0.0003088890486227077 0.001949087959788629 0.00036532988187702606
402 3618 0.006102127386013676 0 0 0.0015789963404752145 0.0006513209426690101 2.695841864813944e-05 0.000316153017393114 0.0018668958734791821 0.0003716536441983435
403 3627 0.0059360025669606 0 0 0.0015302358848171427 0.0005949396763034318 2.653070251366984e-05 0.0003130907168620728 0.001785979647712711 0.00036337554722716157
404 3636 0.005835403001780728 0 0 0.0014326496299315787 0.0005651780633932198 2.4636264181784632e-05 0.00027727498997796754 0.0016258512720334595 0.0003218022152715017
405 3645 0.006795084308676663 0 0 0.0017098501624828026 0.0007243952150779523 2.7556308953481124e-05 0.00033204694155740893 0.0020558779485447764 0.00039307536040362643
406 3654 0.006403886349097398 0 0 0.0016519759229245649 0.0006877338615287225 2.5898803708165075e-05 0.0003066012617516401 0.0019825198320360636 0.00036565586286946755
407 3663 0.006285291485988703 0 0 0.0016090384860665678 0.0007280891195462119 2.469289784142697e-05 0.00029985698380744695 0.0019056989739837896 0.00035911968875678547
408 3672 0.007056375382787145 0 0 0.0019051727589691645 0.000788337793315128 2.8264769953215218e-05 0.0003219404613759141 0.0021601970493276457 0.00038400094645265226
409 3681 0.007968976422734225 0 0 0.0023541418087645793 0.0008593607403143873 3.404691595450897e-05 0.00036105461942570385 0.002552592924383787 0.0004279324996323755
410 3690 0.008718491141316615 0 0 0.002804490196131955 0.000931956437777826 4.084495459055617e-05 0.000403197576353354 0.003065876799784466 0.00047643459203390175
411 3699 0.009737347938790608 0 0 0.0032678238456228343 0.0010333155059608484 4.6854759066838427e-05 0.00045544505294837584 0.0035725689731317635 0.000538728423992285
412 3708 0.01041071395909328 0 0 0.0033899711469184343 0.0011151116671932505 4.7118668877482995e-05 0.0004430101683877524 0.0036965262003395894 0.0005316247424951886
413 3717 0.011162420726101015 0 0 0.0037641774173742095 0.0011487315305872088 4.9369197761199385e-05 0.0004715204701844906 0.004055781430195555 0.0005629417469791596
414 3726 0.009501280311389975 0 0 0.003270765379067307 0.0009059105411098429 4.242887942592241e-05 0.00039324264250189227 0.0034510349764397784 0.00046537899913287525
415 3735 0.009418019305676395 0 0 0.003232048412625254 0.0009063168285568386 4.2516024320922816e-05 0.0004229102010530906 0.0034323250001497196 0.0004951751555717192
416 3744 0.009768654822187028 0 0 0.0029290717391110797 0.0009720908906824888 4.277367586526697e-05 0.0004372776237476401 0.0032336730435711726 0.0005170276150114412
417 3753 0.00919176500113236 0 0 0.002723863642426956 0.0009288822302133678 4.00646568663226e-05 0.00040229969489170213 0.0030279976584648405 0.0004781332044249645
418 3762 0.007673902460150542 0 0 0.002176311761916175 0.0007660837166622943 3.0061760024988036e-05 0.0003256510938515503 0.0024157506851499493 0.0003871434461258543
419 3771 0.006654925161713398 0 0 0.0018774628428918536 0.0006646457240910323 2.682523236770212e-05 0.0002724605715816899 0.002083081552046267 0.0003251915476746091
420 3780 0.006516103872163196 0 0 0.0018168097086892381 0.0006551849581449142 2.742548473901857e-05 0.0002674164831604926 0.002031139121946063 0.0003200361673468093
421 3789 0.006414643943877166 0 0 0.0017798202869649688 0.0006298022446241896 2.629721501985005e-05 0.00025935280758968433 0.001996153890173143 0.000309894943238855
422 3798 0.005751695572847874 0 0 0.0015810836798953417 0.0005475241999769188 2.263442715533015e-05 0.00021932485790811246 0.0017585452503676823 0.0002634555714362467
423 3807 0.005076905994508617 0 0 0.0013178571750962962 0.00046091882555532895 1.9087533299777222e-05 0.00018957842415720297 0.0014477859332472096 0.00022585310565618493
424 3816 0.00458990153867739 0 0 0.0011967726484872622 0.00038113987554396265 1.7257188403317782e-05 0.0001654700085627584 0.0012942702893220853 0.00019557427424810302
425 3825 0.004229242113254366 0 0 0.0010707309534011326 0.0003306329605005823 1.583825200430274e-05 0.0001552105088085062 0.0011635225265770957 0.00018222702981397703
426 3834 0.0041738283340902295 0 0 0.0010082394182692016 0.0003407962716494723 1.402515768549749e-05 0.00014682928758372453 0.001086458342188464 0.00017503312721037348
427 3843 0.004487039175996673 0 0 0.001141753993242755 0.00035906039515497376 1.5580733969967516e-05 0.00018232361390627824 0.0012257117092928083 0.0002135231667809564
428 3852 0.005181286373085006 0 0 0.001496481642460796 0.0003931487589028533 1.8920829430100308e-05 0.00021651372654024064 0.0015785686457322294 0.00025152408944052214
429 3861 0.00557010878907018 0 0 0.0016915061271907295 0.00041706022252467243 2.1083672673485945e-05 0.00023309106410037306 0.0018067677312580486 0.0002701493178126902
430 3870 0.0056812561901443195 0 0 0.001682612665663394 0.00041965292088201806 2.11178903598602e-05 0.00022719355603881896 0.001779037976331802 0.00026311084764870567
431 3879 0.0055709516974799655 0 0 0.0016259433149595234 0.0004096161518278785 1.9886003496056725e-05 0.00020535481083243961 0.0017226413021380652 0.0002398317456700788
432 3888 0.005088445863267885 0 0 0.0013718372126358684 0.00035825743446440484 1.778544227647974e-05 0.0001812467301726742 0.001439854001080881 0.00021004275543872792
433 3897 0.004488231691135108 0 0 0.0011829607457560273 0.00029595001690816525 1.5249914570773825e-05 0.00015597646426394643 0.0012173821486914952 0.0001801820411578036
434 3906 0.003868273276620242 0 0 0.0009931873104858037 0.0002568639717457303 1.2746587903942316e-05 0.00013023223299745486 0.0010267844122910956 0.00015100599211509438
435 3915 0.0033479710334315283 0 0 0.0008213025869324365 0.00021413597088202306 1.052327353691075e-05 0.00010825231701886375 0.0008395823140183945 0.00012443127996004594
436 3924 0.003136313486031215 0 0 0.0008262526701933232 0.00019619407908680843 1.0083062338161254e-05 0.00010364700788376334 0.0008349946283433114 0.00011848373463748923
437 3933 0.0030941573874289203 0 0 0.0008227706668357893 0.00020063744467801333 9.941825172107502e-06 0.00010371723661420598 0.000828519823887361 0.00011915953743294266
438 3942 0.003110525479535151 0 0 0.0008750454185030215 0.00019978385038106362 1.0273161752677531e-05 0.00011119435523117399 0.000889484564045871 0.00012766257309618814
439 3951 0.0032313221752489703 0 0 0.0009379370286054274 0.00021062782414450187 1.0771200161181575e-05 0.00011773471848813263 0.0009607147327913248 0.00013588227215772277
440 3960 0.003480513114267663 0 0 0.0009885638921428939 0.000217856680744213 1.1339346695265572e-05 0.00012764881743276794 0.0010223250636881324 0.00014717231514179237
441 3969 0.004354378348599492 0 0 0.0012439088324157303 0.0002683912576168473 1.4346751068357021e-05 0.00016099110393155664 0.0012907095410978058 0.0001853086754830364
442 3978 0.0045271127031535395 0 0 0.0012457190855971725 0.0002678215069205914 1.4487606299863953e-05 0.00016375565459774162 0.0012974960792331589 0.00018878198510676714
443 3987 0.004961411930933472 0 0 0.0013753108220247254 0.0002936482551874117 1.613518191937162e-05 0.00017845808371781615 0.0014461283979675065 0.00020459707669067128
444 3996 0.004769376184526782 0 0 0.0012444273820229525 0.00028206436417775474 1.53407929864513e-05 0.00016449887671935907 0.001321913251456669 0.00018926590476437172
445 4005 0.004480717268294237 0 0 0.0011935498746895594 0.00025889844358657115 1.4598908926040495e-05 0.00015507970625893656 0.0012689385419519985 0.0001786736994936651
446 4014 0.003844026747524602 0 0 0.001030888966991368 0.00020837465170466625 1.2324417657432787e-05 0.0001316495768152221 0.0010933943566609986 0.00015124549684063156
447 4023 0.0037065982203461287 0 0 0.000990021004851641 0.00019430126916502365 1.2182285962348535e-05 0.00012734242521538958 0.0010406646308167458 0.00014538835466691965
448 4032 0.003326953222288124 0 0 0.0008678534093226885 0.00017497928850078939 1.0938675460144742e-05 0.00011468228039811672 0.0009216493164514053 0.0001308186383885069
449 4041 0.0028851953885210284 0 0 0.0007545316644255756 0.00014733506435508188 9.476897206738078e-06 9.991729086027269e-05 0.0008044706948793678 0.0001142733838270664
450 4050 0.0027137472547793923 0 0 0.0006882394767749222 0.00012986800109328526 8.620130512189511e-06 8.940164350752879e-05 0.0007264844806906394 0.00010155934842763166
451 4059 0.0025949445229346627 0 0 0.0006429184484004252 0.00012683398657954467 7.687634548646644e-06 8.310370810467251e-05 0.0006863142977258932 9.479935859398804e-05
452 4068 0.002356057678114713 0 0 0.0005670710720312168 0.00011449764309541213 6.803436796634806e-06 7.465365736768198e-05 0.0006111921020285718 8.552065124040051e-05
453 4077 0.0023229846434181687 0 0 0.0005565488713403859 0.0001141815074927557 6.65269244258349e-06 7.458139067983164e-05 0.0006083900931728932 8.596203515300025e-05
454 4086 0.002728948569672794 0 0 0.0006571947487572173 0.0001516628969936788 7.906869938827879e-06 9.411692286753535e-05 0.000734307545939997 0.00010995916205756514
455 4095 0.0028599945493601978 0 0 0.0006811376356683459 0.00016235191324374983 8.302004863390458e-06 9.907632776746413e-05 0.0007621449991494138 0.00011557566925015793
456 4104 0.003066946320269605 0 0 0.0007684437263612507 0.00017128291933826413 8.68709555920624e-06 0.0001086288655036229 0.0008506914302598674 0.0001263093994345157
457 4113 0.0036805763491416267 0 0 0.000911834338874433 0.00019229407629878462 1.0242270969250465e-05 0.00012797883936718383 0.0010059281562619807 0.000148407595526844
458 4122 0.003612865031941743 0 0 0.0008865464918891 0.00018168596448190746 9.605435729009572e-06 0.00011911365764421679 0.0009701523400019816 0.00013845622375661365
459 4131 0.0031992417160627696 0 0 0.0007235233796218025 0.0001548913966465068 7.889745794167476e-06 0.00010012111692238409 0.0007919334852883304 0.00011649121698693079
460 4140 0.002783063725537678 0 0 0.000620701228683738 0.00013450489222668492 7.071737106993036e-06 8.534497266571735e-05 0.0006801961188940009 9.930230423831567e-05
461 4149 0.0026237237629210815 0 0 0.0006289693880104149 0.0001269300700816048 6.459140018288386e-06 7.777862321237794e-05 0.0006813672684250076 9.082863221347023e-05
462 4158 0.0026077530038291505 0 0 0.0005983927536281114 0.0001222882715406224 6.7284223912413225e-06 7.562477372463839e-05 0.0006443771447018471 8.817218542027043e-05
463 4167 0.0024399549247227214 0 0 0.0005929330038495696 0.00012086945225341026 6.342351451786065e-06 7.43476043185438e-05 0.0006496899983467344 8.732966324744463e-05
464 4176 0.0023517586764238573 0 0 0.000570357161618321 0.00011660684159225972 6.139595537577909e-06 6.96106196633922e-05 0.0006275741611728916 8.215472731855769e-05
465 4185 0.0023063356350838072 0 0 0.0005721161668968672 0.00011312075792469588 5.911490637887779e-06 6.96894329352299e-05 0.0006289583775744864 8.219853199745545e-05
466 4194 0.0022518888783595132 0 0 0.0005787083759019532 0.00011029531287822375 5.615430182691763e-06 6.894165734275076e-05 0.0006379529548288097 8.161996804931854e-05
467 4203 0.00194995646088316 0 0 0.0004771849200854781 9.27877426505747e-05 4.551193042129903e-06 5.65769108282882e-05 0.000526990371254906 6.697338263772967e-05
468 4212 0.0017590283277765261 0 0 0.0004368518996068471 8.457347391225883e-05 3.938886839043517e-06 5.0795747176557886e-05 0.0004839169045686065 6.033400027085132e-05
469 4221 0.0017097182073523912 0 0 0.0004209026206901263 8.108588067947501e-05 3.867168438046422e-06 4.81120800627684e-05 0.0004664221300443804 5.715610503128948e-05
470 4230 0.0016651154483180513 0 0 0.0004082574076482609 7.924837910388953e-05 3.7817379492939976e-06 4.7067753469925424e-05 0.00045255068806263255 5.5962357906433715e-05
471 4239 0.0017266744702149608 0 0 0.0004141094725557868 8.645902559008175e-05 3.7435397859186483e-06 4.888454640491686e-05 0.00046507076295375626 5.87507380596024e-05
472 4248 0.001649788903752124 0 0 0.00038143339295724 8.1455136328184e-05 3.509507518955964e-06 4.413466754025496e-05 0.0004285827822774011 5.323905964588204e-05
473 4257 0.001571893018162544 0 0 0.0003653528671200157 7.63411995615808e-05 3.401581920472676e-06 4.224613483087096e-05 0.00041043952465026883 5.076340378548077e-05
474 4266 0.0014121365600652342 0 0 0.00032863602164823327 6.36733554949946e-05 3.000853829829737e-06 3.666177985795541e-05 0.00036245663482192326 4.3745548920157425e-05
475 4275 0.0012637116919493533 0 0 0.0002924135432247702 5.534363618898968e-05 2.7415485207929183e-06 3.3843924316459724e-05 0.0003241223617101842 4.0318867109896075e-05
476 4284 0.0011740035025522087 0 0 0.00027174768329681407 5.037596350226664e-05 2.4890625869441275e-06 3.118413273096702e-05 0.00030067243542002906 3.714750783857388e-05
477 4293 0.0011575083892120175 0 0 0.00027010715115732256 4.8320099128276644e-05 2.4284527197519508e-06 3.1356588091038604e-05 0.00029785196466368576 3.717757103456385e-05
478 4302 0.0013264445574061368 0 0 0.0003074394852578898 5.421972769879706e-05 2.6331014778235947e-06 3.4159646955708674e-05 0.0003384790584238288 4.0792821262113815e-05
479 4311 0.0011555639837628519 0 0 0.0002684977531988436 4.7258313420388635e-05 2.25869890678153e-06 2.9496890537348525e-05 0.0002959123146159149 3.5300928210606844e-05
480 4320 0.0012419844659806241 0 0 0.0002950884028030689 4.96193679193202e-05 2.398970243245893e-06 3.067704431229895e-05 0.0003198003982793657 3.667009012392638e-05
481 4329 0.001305173027212635 0 0 0.0003241875128448795 5.7389414583411745e-05 2.6914828957266415e-06 3.437350515448328e-05 0.00034928879724956054 4.1113382618854945e-05
482 4338 0.0014105751529277387 0 0 0.0003448706959636796 6.793359276416176e-05 2.9000632310461384e-06 3.599552370411494e-05 0.000363831852040795 4.315492349280402e-05
483 4347 0.0016242533555888828 0 0 0.00040835843151367136 8.329519665421828e-05 3.247767803862516e-06 4.08211729770446e-05 0.0004210374719977174 4.8830481025847957e-05
484 4356 0.0017510239165038207 0 0 0.00047862460715131125 8.81554214573703e-05 3.5018945226593513e-06 4.5232349751807794e-05 0.0004842477467744495 5.358498723200363e-05
485 4365 0.0018747256711689855 0 0 0.00048227216667205724 9.23609668949774e-05 3.6519719773949382e-06 4.49839916117848e-05 0.0004836091234674815 5.317470224958299e-05
486 4374 0.0020020369949065174 0 0 0.00047973872850169073 8.854027918220345e-05 4.017566413166072e-06 4.5709584945015655e-05 0.00048560142824465794 5.369502709962868e-05
487 4383 0.0019324175933465781 0 0 0.0004385598249444626 8.777209642742167e-05 3.957518714995785e-06 4.2286824661275703e-05 0.0004417771096609816 4.985547323576792e-05
488 4392 0.0020697230743938395 0 0 0.0004669141444492367 9.391290523228729e-05 4.3310216994170025e-06 4.485654937228547e-05 0.00047105250019701197 5.290330533422007e-05
489 4401 0.002297882057937945 0 0 0.0004981670002637579 0.00010526619102117137 4.994917488845835e-06 4.84055838759728e-05 0.0004967574258277128 5.7056911120103955e-05
490 4410 0.0023953258163198106 0 0 0.0005703620358647922 0.00011208267923777513 5.140768249293725e-06 5.0773958873893775e-05 0.0005603388640823635 5.987463510341563e-05
491 4419 0.0022772498647876268 0 0 0.0005675061954351385 0.00010786460525597775 4.93077119211359e-06 4.881573524355631e-05 0.0005530318088576976 5.749552474131172e-05
492 4428 0.002366518647005503 0 0 0.0005915190046059869 0.00010447219061855062 5.121986131549589e-06 5.2856402264483066e-05 0.000582329068833871 6.132945681503191e-05
493 4437 0.0022190562372854873 0 0 0.000567857225516465 9.915676576733578e-05 4.77865968525291e-06 5.2133324672715224e-05 0.0005691207751097889 6.0830028668097314e-05
494 4446 0.0021793271236839776 0 0 0.0005485205619132535 9.914979232858667e-05 4.5961848138129306e-06 5.11225365229894e-05 0.0005492158161771918 5.962826549484055e-05
495 4455 0.00217794382313172 0 0 0.0005437326532196256 0.00010125309374071697 4.525929481085652e-06 5.04241288586851e-05 0.0005444074815279959 5.877367411265736e-05
496 4464 0.0023107923375183643 0 0 0.0005350372302475301 0.00011819545572847789 4.737673747473019e-06 5.038900988252622e-05 0.0005230504583872462 5.870055434443101e-05
497 4473 0.0024150627929816616 0 0 0.0006233537937952258 0.00011567748583311352 4.9172850444025125e-06 5.5172767931815204e-05 0.0006019869640880488 6.342534585511424e-05
498 4482 0.002327289127628668 0 0 0.0006163162158411342 0.00011176773636418999 4.69557491843352e-06 5.314711067580976e-05 0.0005932391886496867 6.111579541938905e-05
499 4491 0.002285277882752871 0 0 0.0005996682414834952 0.0001098668704700296 4.68908313995745e-06 5.184451830128604e-05 0.0005743957396920188 5.95492736868208e-05
500 4500 0.002108943299714679 0 0 0.0005556224488183345 9.858821170073054e-05 4.351692893452538e-06 4.683461009951901e-05 0.0005230307027643665 5.30924399697007e-05
501 4509 0.001976825310690736 0 0 0.00045970812642025195 9.053911184567412e-05 4.225749179183311e-06 4.220385767474219e-05 0.00043477552599294314 4.801905660276253e-05
502 4518 0.0019422525931074056 0 0 0.0004486738815061591 8.44544305055586e-05 4.193390992483573e-06 4.122545712429486e-05 0.0004248234938500193 4.6771329011879295e-05
503 4527 0.0023670996920971223 0 0 0.0005473271337525055 0.00010713288527413716 5.0062601673330795e-06 5.1004666973249744e-05 0.0005248932026307571 5.853915209029022e-05
504 4536 0.0026703144671087263 0 0 0.0006045526238968994 0.00011761667201297671 5.943127101893664e-06 5.781658162136131e-05 0.0005842462163570027 6.676787216531133e-05
505 4545 0.0027493922953635915 0 0 0.0006189846278695369 0.0001239866674673567 6.228035737384791e-06 6.123239268469121e-05 0.0005965249743524128 7.114964865324106e-05
