% # columns="iteration, evaluation, sigma, axis ratio, bestever, best, median, worst objective function value, further objective values of best", seed=387043, Thu Nov 30 10:59:17 2023, <python>{}</python>
1 9 1.8712835524540727 1.0000416675347343 3.5944399883598783 3.5944399883598783e+00 779.2463780907791 346118.73946308275   
2 18 1.927674872640888 1.235424924553685 1.2764522702337007 1.2764522702337007e+00 156.65246220820669 3496.3256334821713   
3 27 2.245739660400644 1.3327635212326934 0.08876718028340641 8.8767180283406411e-02 17.41691955979834 46381.59181038669   
4 36 2.2530942485773022 1.6424526086890139 0.08876718028340641 2.3296493547004196e-01 0.3410421199342914 12524.81975954822   
5 45 2.3653916843722342 1.8553294308485873 0.07485373169051406 7.4853731690514055e-02 0.30270145193082143 11.8056926914869   
6 54 2.294339798679876 1.8799602966207936 0.07485373169051406 1.2481957811973513e-01 0.3105919278300781 283747.83921381104   
7 63 2.077105532615383 2.1432487987014333 0.06995318313548082 6.9953183135480823e-02 0.274122177808075 6.088413613949527   
8 72 1.8815471085360753 2.163835157446574 0.06648133006535528 6.6481330065355282e-02 0.28770874104926525 12.391263395171093   
9 81 1.7733688211778194 2.2995226571085823 0.062053035266476556 6.2053035266476556e-02 0.21730376541749055 0.7619846763624251   
10 90 1.6800396222564151 2.455596197506017 0.062053035266476556 6.9838515298822262e-02 0.16776535905663806 0.5886067990946121   
11 99 1.8961291338408028 2.4421891099250828 0.062053035266476556 7.3989343624766571e-02 0.1936691417573901 2.0744111121268443   
12 108 2.0411939419139116 2.9107808111812354 0.062053035266476556 7.1646589139533173e-02 0.23281297600095238 0.8078102859518904   
13 117 2.2200981514640143 3.21673893794523 0.062053035266476556 6.7920333362906607e-02 0.12492864144373332 0.9314992265427869   
14 126 2.224829116636293 3.6948976993981746 0.062053035266476556 7.3935968377508141e-02 0.09148917136907156 0.22997534916098397   
15 135 1.8433305659699053 4.120818245603981 0.062053035266476556 7.0673121758973556e-02 0.12269300668658262 0.2728124232797442   
16 144 1.649564217220764 4.277452079910629 0.062053035266476556 6.7964977729723708e-02 0.11540880236567022 0.2301653717543436   
17 153 1.6038743505076836 4.442489276627113 0.062053035266476556 8.2743106080041609e-02 0.1760317707582729 0.46628352664870054   
18 162 1.628885111273186 4.606991791473383 0.062053035266476556 7.0701480169398326e-02 0.15776316070550528 0.7233284136429536   
19 171 1.755920313322188 5.017656438950759 0.062053035266476556 7.3819400320368656e-02 0.11148497958334447 0.3079742015787704   
20 180 1.8367990169668436 6.032021748752717 0.062053035266476556 7.6764658780347397e-02 0.08708797790986941 0.7903032913551726   
21 189 1.7204217744100188 6.872924951489183 0.062053035266476556 6.8028956465479892e-02 0.11722495861627331 0.26500272321303425   
22 198 1.7025839843182795 7.867306063699653 0.062053035266476556 6.8833253053116467e-02 0.08306746658611365 0.17858189551066217   
23 207 1.6710481613884396 8.33987036832584 0.062053035266476556 6.8034098480905733e-02 0.08754837231602927 0.7416567785172882   
24 216 1.779303972333266 9.529394109403663 0.062053035266476556 7.0721902629176825e-02 0.07628895627378057 0.15088824729697572   
25 225 1.729479176296686 10.793224933436061 0.062053035266476556 6.8005360419435834e-02 0.0775317195114297 0.21874184541117575   
26 234 1.5220628999567756 12.626249997702772 0.062053035266476556 6.8181675580609141e-02 0.07998412562548175 0.8256481119594428   
27 243 1.3460304533927838 13.94639538152252 0.062053035266476556 6.7985723309478829e-02 0.07053261439828261 0.12150771596943745   
28 252 1.3205067740178378 14.469058679257078 0.062053035266476556 6.7982879529959878e-02 0.06984820474440748 0.08508121285675599   
29 261 1.2675141234809837 15.362370915074719 0.062053035266476556 6.7981673676755353e-02 0.07042953964379634 0.07549725609256402   
30 270 1.4011578043789203 16.62941513486124 0.062053035266476556 6.8177738065418811e-02 0.06987856530447166 0.08339119879163401   
31 279 1.5678867263674854 18.142457509954006 0.062053035266476556 6.8962375636685599e-02 0.07307809942728784 0.08410429559758952   
32 288 1.6993197404189615 19.670250440279737 0.062053035266476556 6.8025657120045782e-02 0.06929386424215311 0.0777157354633334   
33 297 1.5357605606084515 22.102420467933133 0.062053035266476556 6.7992645143369140e-02 0.07129973764009398 0.10905944336324726   
34 306 1.370065196497421 22.7284599799223 0.062053035266476556 6.7995191425391593e-02 0.07149777093324107 0.08001712849906836   
35 315 1.153089283685463 23.030660354442006 0.062053035266476556 6.8116357312439715e-02 0.06919155685851831 0.07005992657251574   
36 324 1.075338739698115 22.199994441753724 0.062053035266476556 6.7996522030401726e-02 0.06899630936265955 0.07670641681646327   
37 333 0.9385975304378807 23.89631624612904 0.062053035266476556 6.7986052193292359e-02 0.06896490351269187 0.07233256364536146   
38 342 0.929004235594789 24.467679673152286 0.062053035266476556 6.8200775493316323e-02 0.06947396385484107 0.0741570023079538   
39 351 0.8347882505357007 27.784483733806987 0.062053035266476556 6.8098596278017370e-02 0.06917550452199361 0.07259649809394092   
40 360 0.8942678612482561 29.898021543618572 0.062053035266476556 6.7975848869479882e-02 0.06865039916992746 0.07122184637470977   
41 369 0.9583575265911586 31.61114480579847 0.062053035266476556 6.7989873847382587e-02 0.06830151745595736 0.06980435533701718   
42 378 0.8508027644807061 38.90958035804249 0.062053035266476556 6.7998975821225938e-02 0.06826450227063222 0.06850035832682877   
43 387 0.8188906263739278 42.12842771733781 0.062053035266476556 6.7976376578905373e-02 0.06828148695740141 0.07205959221617309   
44 396 0.8095683208638007 48.23440604633172 0.062053035266476556 6.7978237798646604e-02 0.06806448381681722 0.06906060121786754   
45 405 0.7577924705014579 50.79186614240257 0.062053035266476556 6.7999037917596539e-02 0.06814313928155455 0.06885133064230059   
46 414 0.6661181291134489 52.38096403771768 0.062053035266476556 6.7988062999551957e-02 0.06807422890271589 0.06824935108177907   
47 423 0.5587341062512629 52.50425864192931 0.062053035266476556 6.7981265003042232e-02 0.06803238658828088 0.06842393160255485   
48 432 0.4882033023849301 58.89258588690991 0.062053035266476556 6.7975275135626151e-02 0.06802392625970534 0.0683793017623322   
49 441 0.48209022800651374 63.154233416849245 0.062053035266476556 6.7976961435021660e-02 0.06802726968235971 0.06815254030509328   
50 450 0.4474292423169158 66.3350274173385 0.062053035266476556 6.7975175448519137e-02 0.06798732258753411 0.06825693636182735   
51 459 0.3831104792264474 80.44063674449878 0.062053035266476556 6.7975112376447863e-02 0.06798630864374916 0.06804063246462341   
52 468 0.37566954828193494 87.78433550673228 0.062053035266476556 6.7975113581718261e-02 0.06799332292726068 0.06802636002338068   
53 477 0.36020937322222973 109.67344146275958 0.062053035266476556 6.7975954794936261e-02 0.06798403721645548 0.06801654644279877   
54 486 0.3446382178244387 119.63178021606444 0.062053035266476556 6.7975244794867440e-02 0.06798356557803353 0.0680395195400198   
55 495 0.3768521387539581 133.97017339442357 0.062053035266476556 6.7975116853744841e-02 0.06797628603881323 0.0679899220178275   
56 504 0.40097039926816475 137.54149090374335 0.062053035266476556 6.7975109675182666e-02 0.06797759457925662 0.06798620561057499   
57 513 0.39945131973506626 140.57647147362027 0.062053035266476556 6.7975149253627742e-02 0.06797621551487154 0.06803303490778154   
58 522 0.40398114297871757 152.70630915871004 0.062053035266476556 6.7975107340108462e-02 0.06798225232574259 0.06800856706402644   
59 531 0.3528195015575022 181.61455546894314 0.062053035266476556 6.7975114142216742e-02 0.06797598030374395 0.0679785747716759   
60 540 0.3233670457149416 183.97935474556243 0.062053035266476556 6.7975156086945487e-02 0.06797713075513523 0.06798372355463507   
61 549 0.2963483245579308 192.57952970380825 0.062053035266476556 6.7975161744356888e-02 0.06797621734215033 0.06798794779482613   
62 558 0.3052314966943765 223.6692187633887 0.062053035266476556 6.7975153383725562e-02 0.06797665955926205 0.06798862667123676   
63 567 0.3155589371266614 246.01850323812522 0.062053035266476556 6.7975119384141650e-02 0.06797533147926867 0.06797911061114159   
64 576 0.3098932199928845 262.38098910769804 0.062053035266476556 6.7975108110787247e-02 0.06797539287132928 0.06798616037311651   
65 585 0.29829052981029713 295.8169563182943 0.062053035266476556 6.7975106269505287e-02 0.06797597534665652 0.06798081504202474   
66 594 0.2788188218625743 322.77721942479957 0.062053035266476556 6.7975105704411190e-02 0.0679755104540113 0.06797739508860187   
67 603 0.2630958666500005 372.71468001961637 0.062053035266476556 6.7975108409661283e-02 0.06797563984710948 0.06797633437199968   
68 612 0.2551471848313522 388.8200121046889 0.062053035266476556 6.7975106688194384e-02 0.06797541935621754 0.06797680711562232   
69 621 0.24453194036649759 429.97656536477774 0.062053035266476556 6.7975117595763218e-02 0.06797520607355947 0.06797693154509853   
70 630 0.2500273449557527 458.72618714115566 0.062053035266476556 6.7975106556642517e-02 0.06797528650341766 0.06797784462998872   
71 639 0.26446360611822395 513.4245708435665 0.062053035266476556 6.7975134626700628e-02 0.06797563830069984 0.06797667785280397   
72 648 0.2772795944879389 570.4303641124209 0.062053035266476556 6.7975109142719314e-02 0.06797519547560361 0.06797558025488208   
73 657 0.302616010257566 597.1491544555654 0.062053035266476556 6.7975107806910906e-02 0.06797519264210695 0.06797606389602338   
74 666 0.26229128033338395 694.2475322145804 0.062053035266476556 6.7975107127581133e-02 0.06797514735142961 0.06797560381874737   
75 675 0.2425798571237545 686.3216923202045 0.062053035266476556 6.7975106119351328e-02 0.06797517473649646 0.0679753815467596   
76 684 0.2592516742257542 713.40002228305 0.062053035266476556 6.7975118325907607e-02 0.06797516706781498 0.06797532831681122   
77 693 0.2569721824120556 780.0611308189799 0.062053035266476556 6.7975116653952575e-02 0.06797520212956044 0.06797534114324258   
78 702 0.26335318108579897 818.2218307317354 0.062053035266476556 6.7975111387956838e-02 0.06797518666603751 0.06797587035875449   
79 711 0.23933643602202034 933.6428631755144 0.062053035266476556 6.7975107232790349e-02 0.06797512367272568 0.06797521452099908   
80 720 0.22981286519938787 986.5583841071367 0.062053035266476556 6.7975106557101886e-02 0.06797511565712486 0.06797520343502891   
81 729 0.23048872649489963 1083.9842723966865 0.062053035266476556 6.7975108211113300e-02 0.06797511671916857 0.0679751666447055   
82 738 0.24762062136896346 1128.1662485104343 0.062053035266476556 6.7975106443054698e-02 0.06797514138828178 0.06797541328674353   
83 747 0.2265819998643356 1270.6758486494418 0.062053035266476556 6.7975106617378336e-02 0.06797515490405007 0.06797530908676302   
84 756 0.20149826782528085 1331.5995871355979 0.062053035266476556 6.7975106791387171e-02 0.06797516091813416 0.0679752554253494   
85 765 0.18928808116810977 1475.400113629253 0.062053035266476556 6.7975106926853324e-02 0.06797511507124228 0.06797515251770472   
86 774 0.1618790176957174 1636.2678092742897 0.062053035266476556 6.7975107482107514e-02 0.0679751185127205 0.0679751420220837   
87 783 0.16814025526249804 1759.3326241989594 0.062053035266476556 6.7975107294855966e-02 0.06797511054259778 0.06797513844116916   
88 792 0.17259675182421885 1823.0066630229944 0.062053035266476556 6.7975107267714233e-02 0.06797511731559455 0.06797515858127942   
89 801 0.17732243512657436 2067.4674009438786 0.062053035266476556 6.7975106502692076e-02 0.067975111130609 0.06797516553729487   
90 810 0.18504203747961948 2039.2048209009104 0.062053035266476556 6.7975106473969593e-02 0.06797510866213156 0.06797512135801016   
91 819 0.18034910691399691 2170.3568423382476 0.062053035266476556 6.7975107201618507e-02 0.06797511314069264 0.06797511858895336   
92 828 0.16193853128338384 2351.125532373641 0.062053035266476556 6.7975106524028148e-02 0.0679751078754104 0.0679751289716676   
93 837 0.16805552505297697 2407.878456804329 0.062053035266476556 6.7975106581710160e-02 0.06797510853858965 0.06797513678825995   
94 846 0.17276538694321583 2979.967666372021 0.062053035266476556 6.7975106545802591e-02 0.06797510960107495 0.06797513892992849   
95 855 0.17511026519440198 3369.1446575642985 0.062053035266476556 6.7975106525019410e-02 0.06797510872309113 0.06797512691265153   
96 864 0.1614814194779606 3701.8497372214188 0.062053035266476556 6.7975106546010924e-02 0.06797510702072987 0.06797511189800726   
97 873 0.14342333507070712 3867.3559231124464 0.062053035266476556 6.7975106576581304e-02 0.06797511053909222 0.06797512891667151   
98 882 0.1447837770743682 4306.869353188657 0.062053035266476556 6.7975106560771603e-02 0.06797510741985859 0.06797511260626006   
99 891 0.15300939817938758 4721.170634440047 0.062053035266476556 6.7975106550069567e-02 0.06797510720679767 0.06797510975507533   
100 900 0.1481198525621505 5089.871880538583 0.062053035266476556 6.7975106731120380e-02 0.06797510783473056 0.06797511977960298   
101 909 0.14494964999323287 5341.696611969599 0.062053035266476556 6.7975106620557751e-02 0.06797510752111206 0.06797511109442515   
102 918 0.15239171954890082 5876.158944827195 0.062053035266476556 6.7975106435301552e-02 0.06797510686216618 0.06797511161521348   
103 927 0.16528171473706524 6329.06720173807 0.062053035266476556 6.7975105479871845e-02 0.06797510668100987 0.06797511167955894   
104 936 0.1707579439590998 7288.032677381447 0.062053035266476556 6.7975103866187922e-02 0.06797510616296144 0.06797511276913928   
105 945 0.15278754993571317 7820.519954977567 0.062053035266476556 6.7975106585124775e-02 0.06797510716435484 0.06797511414687545   
106 954 0.1411662087383393 8178.418750571515 0.062053035266476556 6.7975105977008954e-02 0.06797510725444648 0.06797510904069966   
107 963 0.14005035140853803 9307.36467353918 0.062053035266476556 6.7975106287672435e-02 0.06797510710513206 0.06797510792307082   
108 972 0.1361579721093043 10051.899023869182 0.062053035266476556 6.7975105927037677e-02 0.06797510661023286 0.06797510837919651   
109 981 0.12349652773077577 9927.189811284517 0.062053035266476556 6.7975106135893526e-02 0.06797510657457667 0.06797510730802245   
110 990 0.12044911098265289 10867.630016776491 0.062053035266476556 6.7975106078430172e-02 0.06797510663560434 0.0679751070087485   
111 999 0.10596731801038294 10952.099796146444 0.062053035266476556 6.7975106063414753e-02 0.06797510613969682 0.06797510657902049   
112 1008 0.11179943890362425 10956.826460871433 0.062053035266476556 6.7975105951780357e-02 0.067975106149231 0.06797510643475178   
113 1017 0.13709413653304076 12323.812767221943 0.062053035266476556 6.7975105980446274e-02 0.06797510636069547 0.067975106787623   
114 1026 0.15532632914916833 12954.921545645333 0.062053035266476556 6.7975105118920034e-02 0.06797510603597004 0.06797510850013891   
115 1035 0.1690838196127626 14261.578510240628 0.062053035266476556 6.7975103311657070e-02 0.06797510613239918 0.06797510659995643   
116 1044 0.1865848250570413 14455.478984393203 0.062053035266476556 6.7975106212023934e-02 0.06797510670087181 0.06797510829811562   
117 1053 0.1836417020794036 14353.666214650471 0.062053035266476556 6.7975105645972395e-02 0.06797510652088527 0.06797510818401833   
118 1062 0.16486517313136953 15331.524872168564 0.062053035266476556 6.7975106119218628e-02 0.06797510687329265 0.06797511223435194   
119 1071 0.15784591419928032 16458.89137322823 0.062053035266476556 6.7975105116277509e-02 0.06797510599958649 0.06797510748019449   
120 1080 0.14684580545977577 18559.001753971246 0.062053035266476556 6.7975105779747413e-02 0.06797510652675826 0.06797510688763511   
121 1089 0.17329433741491954 18955.222539050574 0.062053035266476556 6.7975105069193006e-02 0.067975106219463 0.06797510697022502   
122 1098 0.18517296595573826 19062.73347330066 0.062053035266476556 6.7975105962688007e-02 0.06797510644229737 0.0679751071030014   
123 1107 0.19695713916846724 19190.080419792812 0.062053035266476556 6.7975106028480489e-02 0.0679751061721027 0.067975107465088   
124 1116 0.16932725033336332 20411.080546355948 0.062053035266476556 6.7975105681367609e-02 0.06797510634728118 0.0679751071331591   
125 1125 0.18083450486009792 22228.457191326266 0.062053035266476556 6.7975106052091921e-02 0.06797510625087493 0.06797510904115482   
126 1134 0.19001979819180997 22984.977108875006 0.062053035266476556 6.7975105488233128e-02 0.06797510613296688 0.06797510733534548   
127 1143 0.18538151641996103 24449.251246461034 0.062053035266476556 6.7975105863236240e-02 0.06797510649064471 0.06797511183539527   
128 1152 0.1685482652021011 25709.33237033531 0.062053035266476556 6.7975105985383338e-02 0.06797510630748624 0.06797510741657051   
129 1161 0.14601791637694472 25378.614197189057 0.062053035266476556 6.7975105951287015e-02 0.06797510645956338 0.06797510843089123   
130 1170 0.12716213978072022 25996.066204045164 0.062053035266476556 6.7975105961549889e-02 0.06797510611769876 0.06797511723896221   
131 1179 0.12272845322290869 26177.43187706455 0.062053035266476556 6.7975105953647169e-02 0.06797510603449589 0.06797510704919457   
132 1188 0.12773810020437007 28130.948662599396 0.062053035266476556 6.7975105968669125e-02 0.0679751060764328 0.06797511339066313   
133 1197 0.12278975907649975 26875.15539105958 0.062053035266476556 6.7975105278871517e-02 0.06797510599508996 0.06797510614128278   
134 1206 0.12396093079684813 30573.00223265456 0.062053035266476556 6.7975105986211593e-02 0.06797510604383458 0.06797511854424523   
135 1215 0.13012753303938787 30756.64990829482 0.062053035266476556 6.7975106048968559e-02 0.0679751061154444 0.06797510719219683   
136 1224 0.12054571749337584 30919.869737929475 0.062053035266476556 6.7975105970679295e-02 0.06797510621908473 0.06797510849869665   
137 1233 0.11286318031168857 31314.926461655 0.062053035266476556 6.7975105962583049e-02 0.06797510610316894 0.06797511715683212   
138 1242 0.09986250055788214 31251.359987480322 0.062053035266476556 6.7975105962698207e-02 0.06797510603520873 0.06797510626260994   
139 1251 0.11195518397194297 26685.599120558785 0.062053035266476556 6.7975105959507676e-02 0.06797510603218439 0.06797510638365695   
140 1260 0.13691889370946256 27248.33899203222 0.062053035266476556 6.7975105774911809e-02 0.06797510608613407 0.06797510612706459   
141 1269 0.14115840454101594 27160.96095871034 0.062053035266476556 6.7975105700098779e-02 0.06797510613499047 0.06797510636628266   
142 1278 0.16036225076320534 29477.491180472825 0.062053035266476556 6.7975105145044734e-02 0.06797510614254823 0.06797510653016997   
143 1287 0.18585151223965998 29520.25645565918 0.062053035266476556 6.7975105548601492e-02 0.06797510626835779 0.06797510724088834   
144 1296 0.1896040044774669 31117.152791111796 0.062053035266476556 6.7975106089351450e-02 0.06797510619539665 0.06797510673681322   
145 1305 0.18140693874918376 28965.9223959918 0.062053035266476556 6.7975105209825123e-02 0.067975106108254 0.06797510628464179   
146 1314 0.18426521514063757 32163.087942856277 0.062053035266476556 6.7975105952455969e-02 0.06797510611586327 0.06797510652088276   
147 1323 0.1722428319698831 31666.470486289094 0.062053035266476556 6.7975106039649638e-02 0.06797510617249539 0.06797510662960275   
148 1332 0.1634877699893458 32508.617105152727 0.062053035266476556 6.7975105988945711e-02 0.06797510610395366 0.06797511731449979   
149 1341 0.15765996623177056 32140.180191509073 0.062053035266476556 6.7975105530111823e-02 0.06797510614364154 0.06797510662076259   
150 1350 0.14995585585659083 33771.75459877382 0.062053035266476556 6.7975105963933663e-02 0.06797510610236296 0.0679751075215976   
151 1359 0.1431127833659777 33861.46786541494 0.062053035266476556 6.7975105968050550e-02 0.06797510604633428 0.06797510657607811   
152 1368 0.14544857952095291 32168.488874685267 0.062053035266476556 6.7975105982035461e-02 0.06797510604729745 0.067975106143388   
153 1377 0.14793747646494745 32572.521514152817 0.062053035266476556 6.7975105963774332e-02 0.06797510601373415 0.067975106101779   
154 1386 0.15780156381541502 32286.461611748196 0.062053035266476556 6.7975106020218556e-02 0.0679751060656109 0.06797510660614024   
155 1395 0.16560463900525438 29865.169365691632 0.062053035266476556 6.7975106022213364e-02 0.06797510607868802 0.06797510620679297   
156 1404 0.15368351784141565 25703.08652736102 0.062053035266476556 6.7975105957634591e-02 0.06797510612136262 0.06797510673558292   
157 1413 0.15180469420463472 26189.27316362801 0.062053035266476556 6.7975105965472238e-02 0.06797510605936702 0.06797510610399989   
158 1422 0.14322135728002472 25183.592513229753 0.062053035266476556 6.7975105957401333e-02 0.06797510601352336 0.06797510610326576   
159 1431 0.12813956602371032 26808.20828507767 0.062053035266476556 6.7975105966972149e-02 0.0679751060573621 0.06797510610396844   
160 1440 0.12519730988964692 26297.929576809594 0.062053035266476556 6.7975105955564524e-02 0.06797510598491746 0.06797510602745327   
161 1449 0.12282112478270968 27563.857198002766 0.062053035266476556 6.7975105956969567e-02 0.0679751060292947 0.06797510611973329   
162 1458 0.10411045216867175 25244.44301874045 0.062053035266476556 6.7975105958204149e-02 0.0679751060188396 0.06797510615197898   
163 1467 0.10072519530460128 23777.9770967048 0.062053035266476556 6.7975105954098392e-02 0.067975105961891 0.06797510598790511   
164 1476 0.10509536677761828 25629.9330166232 0.062053035266476556 6.7975105951759457e-02 0.0679751059568654 0.06797510608083301   
165 1485 0.10082927432945123 27054.144618501334 0.062053035266476556 6.7975105950486295e-02 0.06797510607554143 0.06797510609797654   
166 1494 0.10782266229246562 28053.306756269267 0.062053035266476556 6.7975105950504086e-02 0.06797510595575781 0.06797510610503908   
167 1503 0.11192476594273792 27307.224278122576 0.062053035266476556 6.7975105950499770e-02 0.06797510606890134 0.06797510613110502   
168 1512 0.10387793986900817 29988.86483090306 0.062053035266476556 6.7975105951978212e-02 0.06797510596378407 0.06797510606657273   
169 1521 0.11104745681272024 29948.9721523251 0.062053035266476556 6.7975105951478793e-02 0.06797510596041094 0.06797510615596522   
170 1530 0.10911936413777588 32073.126848220094 0.062053035266476556 6.7975105952360254e-02 0.06797510595535339 0.0679751060866372   
171 1539 0.09740541804822175 33058.426801342684 0.062053035266476556 6.7975105951432260e-02 0.0679751059798603 0.06797510611279849   
172 1548 0.09718878381401835 34917.86702631618 0.062053035266476556 6.7975105948537839e-02 0.06797510595324256 0.06797510595753095   
173 1557 0.0964146198053576 35732.40237241433 0.062053035266476556 6.7975105949872605e-02 0.06797510595604792 0.06797510608342106   
174 1566 0.08720223402831861 36398.620044568466 0.062053035266476556 6.7975105950148385e-02 0.06797510596382308 0.06797510607980417   
175 1575 0.075098990730007 40004.13782188691 0.062053035266476556 6.7975105949410849e-02 0.06797510595124566 0.06797510609713682   
176 1584 0.07598162783257358 42580.03955066601 0.062053035266476556 6.7975105949358489e-02 0.06797510595171949 0.06797510607149465   
177 1593 0.07615249591713964 43550.98400227741 0.062053035266476556 6.7975105948631209e-02 0.06797510595266197 0.0679751060643715   
178 1602 0.07273844556200097 42218.96044047976 0.062053035266476556 6.7975105949850845e-02 0.067975105951771 0.0679751060598159   
179 1611 0.07094805865624712 45309.65889872222 0.062053035266476556 6.7975105948820128e-02 0.0679751059499577 0.06797510595729188   
180 1620 0.06924233960116419 42967.25364105154 0.062053035266476556 6.7975105949645342e-02 0.06797510595148618 0.0679751060605199   
181 1629 0.06578941237257462 41856.35640819796 0.062053035266476556 6.7975105948500605e-02 0.06797510595101246 0.06797510595297375   
182 1638 0.07027865330456996 39183.94044180083 0.062053035266476556 6.7975105947445366e-02 0.06797510595067588 0.06797510605919928   
183 1647 0.07666659198571857 45621.07777150289 0.062053035266476556 6.7975105947171571e-02 0.06797510594865688 0.06797510595649439   
184 1656 0.07492631176127516 51380.234450288866 0.062053035266476556 6.7975105947320660e-02 0.067975105950985 0.06797510606196663   
185 1665 0.07172739314451519 54093.44240395362 0.062053035266476556 6.7975105946668321e-02 0.0679751059481005 0.06797510606192941   
186 1674 0.07426617206350564 56522.75238945436 0.062053035266476556 6.7975105945798489e-02 0.06797510594973706 0.06797510606234253   
187 1683 0.08153135067105986 56719.074593271376 0.062053035266476556 6.7975105945267164e-02 0.06797510594941943 0.06797510595624069   
188 1692 0.07781232476974777 66440.87728770764 0.062053035266476556 6.7975105945949327e-02 0.06797510594830586 0.06797510606345036   
189 1701 0.06766402060803643 67742.126866897 0.062053035266476556 6.7975105946220540e-02 0.06797510594826048 0.06797510606082811   
190 1710 0.06262414858050963 67926.31883003168 0.062053035266476556 6.7975105945886932e-02 0.06797510594880808 0.06797510605854228   
191 1719 0.06591759376794183 69886.00697131068 0.062053035266476556 6.7975105945336289e-02 0.06797510594662018 0.06797510595062131   
192 1728 0.07492798007172448 80025.61739291053 0.062053035266476556 6.7975105944552999e-02 0.06797510594596097 0.06797510605774414   
193 1737 0.0726728819850642 98897.61778499138 0.062053035266476556 6.7975105944395542e-02 0.0679751059479106 0.06797510605640421   
194 1746 0.07840256604280135 99049.611569304 0.062053035266476556 6.7975105943723566e-02 0.06797510594511266 0.06797510605675625   
195 1755 0.0822468983113407 97264.19717370108 0.062053035266476556 6.7975105942469957e-02 0.06797510594550979 0.06797510606061566   
196 1764 0.08405862880000171 104635.97916918584 0.062053035266476556 6.7975105942276223e-02 0.0679751059455967 0.06797510605423042   
197 1773 0.0923934041761628 102813.4330450013 0.062053035266476556 6.7975105942244429e-02 0.0679751059444329 0.06797510605261704   
198 1782 0.08922127313880839 107385.8994740322 0.062053035266476556 6.7975105941308858e-02 0.06797510594374308 0.06797510605557505   
199 1791 0.08418493071021929 105875.11390552291 0.062053035266476556 6.7975105941766437e-02 0.06797510604935195 0.06797510607152688   
200 1800 0.07707277636098725 113909.70036523505 0.062053035266476556 6.7975105939868288e-02 0.0679751059462059 0.06797510605430204   
201 1809 0.0720756046711553 117168.90596279052 0.062053035266476556 6.7975105940400488e-02 0.06797510594315678 0.06797510605363492   
202 1818 0.07324349183902086 119077.54766956487 0.062053035266476556 6.7975105938418393e-02 0.06797510594122215 0.06797510595338607   
203 1827 0.07407748719191722 130811.52196258005 0.062053035266476556 6.7975105936915553e-02 0.0679751059405095 0.06797510605133085   
204 1836 0.09254597699197117 137842.96977277222 0.062053035266476556 6.7975105930304439e-02 0.0679751059385974 0.06797510604910502   
205 1845 0.10754445540251832 144996.9686678174 0.062053035266476556 6.7975105932912366e-02 0.06797510593685802 0.06797510594744832   
206 1854 0.1116730410472343 148043.17662307282 0.062053035266476556 6.7975105927398666e-02 0.06797510594381502 0.06797510606866015   
207 1863 0.12144899681517407 160701.77458069878 0.062053035266476556 6.7975105924271334e-02 0.06797510593057664 0.06797510604767362   
208 1872 0.1421300697578634 166706.51497878376 0.062053035266476556 6.7975105916421044e-02 0.06797510592535241 0.06797510604837957   
209 1881 0.16800704357928478 190617.42930106595 0.062053035266476556 6.7975105897871160e-02 0.06797510592453183 0.06797510594619618   
210 1890 0.19756041787870993 215718.17803449457 0.062053035266476556 6.7975105890504331e-02 0.06797510592589931 0.06797510595754226   
211 1899 0.20355644648052953 48.93743505291502 0.062053035266476556 6.7975105900299926e-02 0.06797510592436506 0.06797510594226067   
212 1908 0.23133070638201303 48.45824971109193 0.062053035266476556 6.7975105873141969e-02 0.06797510592862667 0.06797510604068738   
213 1917 0.2731769372772633 50.266289213824656 0.062053035266476556 6.7975105873360475e-02 0.06797510590693447 0.06797510635407636   
214 1926 0.31352220927260305 50.924510110197126 0.062053035266476556 6.7975105861807258e-02 0.06797510591510969 0.06797510632100903   
215 1935 0.3296389332292739 47.848468094385844 0.062053035266476556 6.7975104972273770e-02 0.0679751059028669 0.0679751067981065   
216 1944 0.3296529879275289 48.148236881520226 0.062053035266476556 6.7975105864593349e-02 0.06797510658318462 0.06797510893209355   
217 1953 0.2912587834752971 49.53632398959001 0.062053035266476556 6.7975105890589110e-02 0.06797510648058573 0.06797510955840569   
218 1962 0.34428386926750315 47.38554294863764 0.062053035266476556 6.7975105776664435e-02 0.06797510596194949 0.06797510785296057   
219 1971 0.37326312252298743 45.660163363739365 0.062053035266476556 6.7975105833241872e-02 0.06797510589142472 0.06797510638551332   
220 1980 0.4226477523191865 48.86910041782721 0.062053035266476556 6.7975105827588894e-02 0.06797510585783147 0.06797511799995312   
221 1989 0.43845087238340885 49.229846712485056 0.062053035266476556 6.7975105813453202e-02 0.06797510590387527 0.06797510599301701   
222 1998 0.47899618083408935 49.84606028985869 0.062053035266476556 6.7975105687604204e-02 0.0679751058793063 0.0679751062434396   
223 2007 0.5329422272568174 55.777046548906306 0.062053035266476556 6.7975105518445489e-02 0.06797510577551845 0.0679751060092729   
224 2016 0.507228637962393 58.87364806337142 0.062053035266476556 6.7975105527831148e-02 0.0679751058383576 0.06797510626918352   
225 2025 0.5741210941167858 58.4850056669714 0.062053035266476556 6.7975104796831123e-02 0.06797510566035364 0.06797511154481922   
226 2034 0.7014696180748834 69.71352282671303 0.062053035266476556 6.7975100465758248e-02 0.06797510499365635 0.067975106254613   
227 2043 0.8546822494233137 71.85426053824833 0.062053035266476556 6.7975093555744326e-02 0.06797509971951722 0.06797512554623518   
228 2052 1.0218625547276983 71.55529533862622 0.062053035266476556 6.7975092340085405e-02 0.06797510406780441 0.06797510532941448   
229 2061 1.1236092783164442 71.1846478582813 0.062053035266476556 6.7975064273165159e-02 0.06797510063595281 0.06797510703397333   
230 2070 1.3953454747516243 69.16820886511877 0.062053035266476556 6.7974920528364319e-02 0.06797507129212105 0.06797510312769806   
231 2079 1.7945778843167448 71.84173496347782 0.062053035266476556 6.7974477392758928e-02 0.06797508794210043 0.06797515173854288   
232 2088 2.22668858974643 78.27450258489243 0.062053035266476556 6.7971300728937104e-02 0.06797503069934942 0.06798243304102591   
233 2097 2.4250777042785487 76.93791024735302 0.062053035266476556 6.7968986254444391e-02 0.06797504564863105 0.0679751317179156   
234 2106 2.918745948532622 73.514107581604 0.062053035266476556 6.7755629093250030e-02 0.06797453921879747 0.06797573664230859   
235 2115 3.3117552205978504 73.88406147051468 0.062053035266476556 6.2909297224192265e-02 0.06792576436862043 0.06797519249667844   
236 2124 3.7979605518209847 76.70020355589736 0.05972210588023939 5.9722105880239393e-02 0.06465598209666747 0.06796114103314597   
237 2133 4.206131315133286 81.23168993418197 0.029887760200327677 2.9887760200327677e-02 0.05296843757720875 216.64838107571595   
238 2142 4.925246493223222 82.30987405895874 0.029887760200327677 3.9505430908510553e-02 0.497285276768316 1685288.4910875864   
239 2151 4.935071242794704 77.7863580420797 0.029887760200327677 3.8643082371357274e-02 0.06651362093572206 90.77316991755737   
240 2160 5.277031106249735 74.55005369073817 0.029887760200327677 6.1886466839385784e-02 0.23462972706568233 1535.2739866593222   
241 2169 4.774168055001904 72.45999404862823 0.029887760200327677 5.5548340671811074e-02 0.0679731813960834 0.3292602038460357   
242 2178 4.375904774752228 73.83296746466847 0.029887760200327677 6.1839004985095813e-02 0.06730921040716302 2.2741080429614824   
243 2187 4.0211058173020735 70.92738164293458 0.029887760200327677 4.8489034235667416e-02 0.06775285722353595 0.4344456300142131   
244 2196 3.822454697488118 69.2292248601333 0.029887760200327677 4.1375043869212237e-02 0.06476189503744113 0.06791667771799058   
245 2205 3.4012079014566656 76.46261731935407 0.029887760200327677 3.0989315858652212e-02 0.06724510340362615 219.7504079573522   
246 2214 3.415301849632047 77.83381243849077 0.029887760200327677 3.6344038218301018e-02 0.05471567247977493 30.620481856820856   
247 2223 3.2314687967076527 77.93451595490883 0.029887760200327677 3.1280926335622593e-02 0.06442609538308125 1.6389511070444505   
248 2232 3.701959729944092 74.0966115868675 0.02855706229519153 2.8557062295191529e-02 0.05739033012901299 4.585174559656303   
249 2241 3.5945845603767057 74.03243715623246 0.028132377000423682 2.8132377000423682e-02 0.04819501578771923 5.752148708909141   
250 2250 3.4594492578883447 77.42853664691098 0.028132377000423682 3.2225369886193067e-02 0.058891092987152574 7.039479124752643   
251 2259 3.4811119785023066 77.89574935549452 0.028132377000423682 3.1040028536140039e-02 0.06778677695853956 0.469463920041422   
252 2268 3.188456665588177 76.62035501609479 0.027254700049801434 2.7254700049801434e-02 0.03630742763788737 0.062156775331314494   
253 2277 2.950008359023549 78.77306258598485 0.027254700049801434 2.8800283408302010e-02 0.037186125776223156 1.8948618482692274   
254 2286 3.1171241476199314 76.68914367216767 0.026990542702207583 2.6990542702207583e-02 0.059050218640160496 1.7036904332776486   
255 2295 3.6275878621820254 79.64007158253773 0.026990542702207583 2.9790242340945954e-02 0.04345825891170539 0.06626682827905651   
256 2304 3.116677106080049 82.3083437936161 0.026990542702207583 2.8757896320327377e-02 0.07833249791470215 1.718632260546319   
257 2313 2.9206691162041403 85.854107098381 0.026990542702207583 2.9071091290461998e-02 0.04482896969089089 0.09243229573224658   
258 2322 2.5143590996804677 81.46892215833216 0.026990542702207583 2.8938535512693979e-02 0.039959799299839296 4.893132200145539   
259 2331 2.2193108348275934 81.50396670732952 0.026990542702207583 2.8659814790019948e-02 0.04351569709769268 0.06219802191620704   
260 2340 2.0007978839777714 81.50854986068023 0.026912801977568422 2.6912801977568422e-02 0.028621986190952076 0.04422621519840748   
261 2349 1.8047891401870484 75.05727161706635 0.026912801977568422 2.6922633739330654e-02 0.0307966454177346 0.13072915218771047   
262 2358 1.5710979605781754 80.69373638037874 0.026912801977568422 2.6920895390270313e-02 0.027460351898477106 0.05377832784698751   
263 2367 1.5755215059731602 83.31826005694091 0.026882801949587323 2.6882801949587323e-02 0.029253024482228118 0.03702371544744212   
264 2376 1.3937555569330577 92.19795297329323 0.02687905116675555 2.6879051166755551e-02 0.027161079986192885 0.0401916290550453   
265 2385 1.1650679634002001 87.88123504145577 0.02687905116675555 2.6907468584752393e-02 0.027984293678971386 0.03491344753281694   
266 2394 1.0651918360235733 90.86895224586641 0.02687905116675555 2.7043277549703759e-02 0.027183517661046926 0.030970820790964842   
267 2403 1.187397587274696 92.48718223939751 0.02687905116675555 2.6995975230841230e-02 0.027506711566687422 0.03229280873525113   
268 2412 1.23569925226376 92.5217678893274 0.02687905116675555 2.6948565204355943e-02 0.028356345057650233 0.030046252453569046   
269 2421 1.2697447739655732 94.43741489965053 0.02687905116675555 2.6893517819301667e-02 0.027098208300049366 0.029705051572800227   
270 2430 1.0577394665170599 92.75197824733182 0.02687905116675555 2.6960563917751066e-02 0.027676432602501095 0.029726474060580245   
271 2439 1.062206994730899 94.24557194859376 0.026858338300434933 2.6858338300434933e-02 0.027226448739257718 0.02809688077712987   
272 2448 0.9660063659388507 94.14039726858411 0.026858338300434933 2.6869660268056393e-02 0.027865708705352668 0.030550258777204308   
273 2457 0.9663420262195157 94.03553376257767 0.026858338300434933 2.6877856505846270e-02 0.027345368467719483 0.02904982702021018   
274 2466 0.8889660529218576 98.14841823152773 0.026858338300434933 2.6961264466761233e-02 0.027041406640232826 0.02834488781465709   
275 2475 0.8814128453822038 103.17958834457004 0.026858338300434933 2.6875219997565709e-02 0.027268773927375735 0.027594169700609086   
276 2484 0.8398989900685815 103.758650350573 0.026858338300434933 2.6879972075663290e-02 0.026978016135170407 0.02767716447577671   
277 2493 0.7683398832655625 105.89471441676552 0.026851441730904264 2.6851441730904264e-02 0.027033604577519122 0.027487917921852355   
278 2502 0.7086331568476052 109.0848039635428 0.026851441730904264 2.6864844544774280e-02 0.027029230734290463 0.027197913654204504   
279 2511 0.651672876754277 109.22197669147707 0.026851441730904264 2.6852290701001914e-02 0.027000309223458464 0.02730720801972157   
280 2520 0.6860409190710516 101.71069127301637 0.026851441730904264 2.6855334676473285e-02 0.02694667539375079 0.027011856042962447   
281 2529 0.7302704206211248 84.44104090944326 0.026851441730904264 2.6858287694417272e-02 0.02688346496307126 0.027042820163389474   
282 2538 0.6395283960640377 85.78825179228295 0.02684987745702193 2.6849877457021928e-02 0.0270854479101754 0.02726478772526224   
283 2547 0.5160205506771081 82.08190585727448 0.02684987745702193 2.6866462296373319e-02 0.026877922000880617 0.026970220769800643   
284 2556 0.5098538851444783 84.09979263640851 0.02684987745702193 2.6850880800730177e-02 0.026898640202611374 0.026953955748257083   
285 2565 0.4961842868295014 73.25442832542032 0.02684987745702193 2.6852670908064341e-02 0.026917659188482494 0.026975962124654553   
286 2574 0.46314061971039727 70.31372994868185 0.02684987745702193 2.6862953740118226e-02 0.026866531240279427 0.026907782523238773   
287 2583 0.4799886243487717 66.766212122608 0.02684987745702193 2.6858153968859075e-02 0.026866987447500497 0.027048072012450897   
288 2592 0.4288448712037575 65.70238029072094 0.02684987745702193 2.6854253961468001e-02 0.026865589933657803 0.02689857175090745   
289 2601 0.39167989179813234 64.05340957330844 0.02684987745702193 2.6853881006928069e-02 0.02686315704318905 0.02690920219119119   
290 2610 0.36120728781106703 67.64239616899394 0.02684987745702193 2.6850589376947318e-02 0.026865198942490003 0.026873234870328055   
291 2619 0.3303830666508905 67.54757653769643 0.02684987745702193 2.6851662557915282e-02 0.026861518392449213 0.026894686044326294   
292 2628 0.31559365011609547 69.85652467531487 0.02684987745702193 2.6851772151124872e-02 0.02685904574122749 0.026904932005631935   
293 2637 0.29375961072928564 69.0040473332529 0.02684987745702193 2.6851268810066817e-02 0.02685614324801369 0.02687796498227317   
294 2646 0.28744335302140017 71.37035662606202 0.02684987745702193 2.6851341248054751e-02 0.026856410273910596 0.02686436416900901   
295 2655 0.30792387153275647 68.14888648662037 0.02684987745702193 2.6850790470697963e-02 0.026853442609961066 0.026863882013505203   
296 2664 0.27641598003037265 81.25652558099421 0.026849440571331876 2.6849440571331876e-02 0.02685293090321449 0.026859246254154045   
297 2673 0.2654651599071782 84.6613707809327 0.026849440571331876 2.6850625006959342e-02 0.026852244170322198 0.026857585625818997   
298 2682 0.3116698607605997 84.99014454419587 0.026849440571331876 2.6851039252526288e-02 0.02685358429148103 0.0268621243149387   
299 2691 0.30671756203176453 93.07991061144995 0.026849440571331876 2.6849761269499256e-02 0.02685655617686859 0.02686653223845433   
300 2700 0.2955986548002375 96.48454659618433 0.026849440571331876 2.6850989750854141e-02 0.026852638262099934 0.026854822162516598   
301 2709 0.2882753830706251 104.62967198025319 0.026849440571331876 2.6850146783278812e-02 0.02685251223858854 0.02686479142769969   
302 2718 0.2797114473260828 107.4592453096056 0.026849440571331876 2.6849909232639860e-02 0.02685274160307368 0.02685890679984892   
303 2727 0.2702726570242645 107.71027731584368 0.026849440571331876 2.6850070114755775e-02 0.02685295127251967 0.02686471431638586   
304 2736 0.24147260584674873 105.33887111439759 0.026849440571331876 2.6850108264038060e-02 0.0268538621515076 0.026882441896208586   
305 2745 0.2367587249645432 112.71154525903474 0.02684846058087657 2.6848460580876570e-02 0.026850145381842928 0.026851988020612658   
306 2754 0.20958645993226688 109.9505373886215 0.02684846058087657 2.6849173651844121e-02 0.02685013517293897 0.026854061653993046   
307 2763 0.19154321747971084 108.17560892248176 0.02684846058087657 2.6848888743648970e-02 0.026850357457540053 0.02685231186552082   
308 2772 0.18512204676020122 116.7727159757049 0.02684846058087657 2.6849982752085600e-02 0.026850744485207762 0.02685331117139668   
309 2781 0.19038484707125927 115.66338316888533 0.02684846058087657 2.6848584332665335e-02 0.02685043279759469 0.02685315729876148   
310 2790 0.18861979485487548 121.79398807683094 0.02684846058087657 2.6849098977881864e-02 0.02685038095662564 0.02685235249270181   
311 2799 0.19181669144499772 134.150758121047 0.02684846058087657 2.6849122196229907e-02 0.02685002455439837 0.026852164956579442   
312 2808 0.18007016600120423 138.50631810676143 0.02684846058087657 2.6848805191212639e-02 0.026850609655942357 0.026851411718609785   
313 2817 0.19295009051088843 152.90540532186802 0.02684846058087657 2.6849342449542405e-02 0.026850279938488417 0.02685103674893895   
314 2826 0.1880653760297153 160.37211468306592 0.02684846058087657 2.6849289667764002e-02 0.02684975985442819 0.026851533038496668   
315 2835 0.20457149376855074 158.411687354786 0.02684846058087657 2.6849600109436888e-02 0.026850575234013362 0.0268512415524462   
316 2844 0.23152485080866195 159.24499141354457 0.02684846058087657 2.6849324736531073e-02 0.02685045344536165 0.026852455750774842   
317 2853 0.21079010239101267 155.69251717458775 0.02684846058087657 2.6849419872498163e-02 0.026850125457919018 0.026850893352456752   
318 2862 0.17464026370462138 155.41220037833548 0.02684846058087657 2.6848866995474806e-02 0.02685094299703054 0.02685161551454766   
319 2871 0.1706095272169875 157.71923643601133 0.02684846058087657 2.6849281968481926e-02 0.02685029962268533 0.026851915233879604   
320 2880 0.1660125019061725 156.62381287961367 0.02684846058087657 2.6849223448751014e-02 0.026850117480776384 0.02685150515805519   
321 2889 0.17577816065295943 153.29898934121994 0.02684846058087657 2.6848921418388048e-02 0.026849626311418854 0.0268507796326363   
322 2898 0.1894528163233692 155.19323274477134 0.02684846058087657 2.6849456605246836e-02 0.026849762600933455 0.026850582109954783   
323 2907 0.1622937280607152 177.47132726497162 0.02684846058087657 2.6849536796430169e-02 0.026850240997681556 0.026853671715854028   
324 2916 0.16887485307797098 179.18804060574172 0.02684846058087657 2.6848986581433469e-02 0.02684959839126324 0.02685041076628577   
325 2925 0.19825796690607858 189.4211895186471 0.02684846058087657 2.6848639309083225e-02 0.026850575396363225 0.026851114473968048   
326 2934 0.20289118189408192 208.69528521281407 0.02684846058087657 2.6848974487794077e-02 0.026850105096615187 0.026851571774512795   
327 2943 0.19004213300656536 207.98048427405809 0.02684846058087657 2.6848935110699041e-02 0.026849704043731014 0.02685149590434827   
328 2952 0.18182758943540178 214.97620404408397 0.026848385342051032 2.6848385342051032e-02 0.026850021509123693 0.026851044514730065   
329 2961 0.18586060345585284 216.8882379457842 0.026848385342051032 2.6848870682434127e-02 0.026849772612231957 0.026850735159994532   
330 2970 0.19182462301357933 212.70170528235317 0.026848385342051032 2.6848730685881211e-02 0.026850197306826928 0.026851119847905832   
331 2979 0.182024966330096 216.38863142665272 0.026848385342051032 2.6849352341113065e-02 0.026850307822469117 0.026851169514915833   
332 2988 0.16634791634829216 207.81934550947636 0.026848385342051032 2.6848901578186191e-02 0.026850029562825686 0.026850438764713488   
333 2997 0.1538253191582421 203.50878697778023 0.026848385342051032 2.6848940657605659e-02 0.026849642079729362 0.026850015553465768   
334 3006 0.15607961153538175 196.63434174208643 0.026848385342051032 2.6848519601711768e-02 0.02684985306758215 0.02685220162126379   
335 3015 0.17311374848941855 213.2305856746782 0.026848385342051032 2.6848849502097170e-02 0.026849835954704263 0.026850566201205288   
336 3024 0.17631129490498001 210.9148724393469 0.026848385342051032 2.6848655472779693e-02 0.02684930212948858 0.026850179296724095   
337 3033 0.18723339742683553 233.50188035223633 0.026848385342051032 2.6849292472083591e-02 0.026850074571988125 0.026852656838101837   
338 3042 0.16795626401650418 242.25057168211538 0.026848385342051032 2.6849082768947728e-02 0.0268501101714045 0.02685192666592099   
339 3051 0.1718462494719899 229.29700993101974 0.026848385342051032 2.6849100230667253e-02 0.02685021346123534 0.026852063643805324   
340 3060 0.17289896678982314 237.24123550050044 0.026848385342051032 2.6848702784761681e-02 0.026850212871351604 0.026852277911358587   
341 3069 0.15293183118201345 233.8186413306336 0.026848385342051032 2.6848859453390515e-02 0.026849972921318965 0.026850606777182637   
342 3078 0.14112034777261628 241.42004247202837 0.026848385342051032 2.6848897004112037e-02 0.026849238685424312 0.026850347636176563   
343 3087 0.13791439092588 249.29119688199825 0.026848054846241354 2.6848054846241354e-02 0.026849633774418003 0.02685037134676008   
344 3096 0.15227174998945442 256.07680642489225 0.026848054846241354 2.6848339291350515e-02 0.026848702807667664 0.02684999603930737   
345 3105 0.14305229176378156 281.0158165922446 0.026848054846241354 2.6848125394808017e-02 0.02684974402917702 0.026850155815944212   
346 3114 0.12851012133616718 297.1057937303848 0.026848054846241354 2.6848351419405402e-02 0.026849281006881758 0.026850038281777996   
347 3123 0.1308978660506689 318.8943093835828 0.026848054846241354 2.6848745447963507e-02 0.02684930766948702 0.026850185769309306   
348 3132 0.1285516155877354 325.7592485731431 0.026848054846241354 2.6848383962857710e-02 0.02684935021653764 0.02685024900520424   
349 3141 0.12273927286645196 331.95162706933945 0.026848054846241354 2.6848693603616202e-02 0.02684935250724913 0.026849910996752865   
350 3150 0.12233714925236022 357.4969899806236 0.026848054846241354 2.6848668292479717e-02 0.026849225237472307 0.02684994685312004   
351 3159 0.11909808319562787 369.4341732091228 0.026848054846241354 2.6848449738395102e-02 0.026848787467144315 0.026849753160125264   
352 3168 0.1354078351670855 359.7692023218546 0.026848054846241354 2.6848566599742368e-02 0.026849012733665353 0.026850161064306797   
353 3177 0.12713981662693336 379.943006774283 0.026848054846241354 2.6848994809691041e-02 0.026849310648542984 0.02684992737106885   
354 3186 0.11283158129465835 369.49633876174124 0.026848054846241354 2.6848228645331942e-02 0.026849019779476423 0.026849497690161112   
355 3195 0.10684788480071548 367.0841957230682 0.026848054846241354 2.6848475853213170e-02 0.02684894305658991 0.026849555875865305   
356 3204 0.09690685317380282 364.7946005772209 0.026848054846241354 2.6848630354014778e-02 0.026849233074830493 0.026849745630942203   
357 3213 0.10088075372049791 359.2491380904717 0.026848054846241354 2.6848375341696314e-02 0.026848927108534155 0.026849286034635777   
358 3222 0.11093141984801982 382.63126813699785 0.026848054846241354 2.6848800077554722e-02 0.026848967111023123 0.026849497419400785   
359 3231 0.10465574036757742 412.7439666993027 0.026848054846241354 2.6848345852654699e-02 0.02684906915527691 0.026849802663693228   
360 3240 0.10224235141173454 407.9767314197405 0.026848054846241354 2.6848165866670659e-02 0.02684899350158252 0.026849395214674072   
361 3249 0.08764840451689034 397.21615245010315 0.026848054846241354 2.6848780355946837e-02 0.02684907362030609 0.026849615876275792   
362 3258 0.08948352383863338 412.6540793391001 0.026848054846241354 2.6848735881504979e-02 0.026848884284317445 0.026849467747212596   
363 3267 0.09973497944218647 418.9558162408353 0.026848054846241354 2.6848396517416877e-02 0.026848883593390892 0.02684911124744259   
364 3276 0.10082112395156596 466.9986805645737 0.026848054846241354 2.6848280403687599e-02 0.026849329312826426 0.02684960277656817   
365 3285 0.09828987556690268 471.0701745273945 0.026848054846241354 2.6848217567545928e-02 0.026848948125847982 0.02684986164101938   
366 3294 0.0946748481894018 500.20810247932747 0.026848054846241354 2.6848482910191721e-02 0.026849478947782154 0.026849952216933037   
367 3303 0.10132646272854781 515.6276790908788 0.026848054846241354 2.6848972269610111e-02 0.026849239401808958 0.026849496404527214   
368 3312 0.1073407118576734 462.68121445025713 0.026848054846241354 2.6848092028741603e-02 0.026848699455632927 0.02684944629273546   
369 3321 0.09637056427246163 437.83529644579363 0.026848054846241354 2.6848308891030528e-02 0.026848803344400676 0.02684937392267424   
370 3330 0.09609209293082492 428.00737395087737 0.026848054846241354 2.6848981272159993e-02 0.026849185401641947 0.026849455549070797   
371 3339 0.08834393697808172 421.80188030657206 0.026848054846241354 2.6848079174090038e-02 0.02684893187760561 0.026849247874831027   
372 3348 0.08632109548763811 413.60413459501825 0.026848054846241354 2.6848143880567398e-02 0.026849064621596565 0.026849708064458935   
373 3357 0.08531779106545048 454.34280765556474 0.026848054846241354 2.6848649482765576e-02 0.02684895048806744 0.02684952678670199   
374 3366 0.09111599505565816 447.25155043735776 0.026848054846241354 2.6848158712981948e-02 0.02684882828188542 0.026849275591688926   
375 3375 0.08871288104046109 396.9146501103695 0.026848018179151348 2.6848018179151348e-02 0.02684887721192596 0.02684931487512279   
376 3384 0.08014229778833001 396.38009646611476 0.026848018179151348 2.6848021517547990e-02 0.026848894517094865 0.026849186302117446   
377 3393 0.0725913788022646 386.6144718168806 0.026848018179151348 2.6848104850984829e-02 0.02684919954443963 0.026849441432907177   
378 3402 0.07556950540980428 413.14743327380654 0.026848018179151348 2.6848040763466630e-02 0.026848663314975374 0.026849293469853437   
379 3411 0.06796301095353467 397.64640914726647 0.026848011034877085 2.6848011034877085e-02 0.02684913499160869 0.02684935218502527   
380 3420 0.06544129459323819 402.505096843812 0.026848011034877085 2.6848087151036086e-02 0.02684899539240548 0.02684940920283112   
381 3429 0.0673182815221273 395.993322880927 0.026848011034877085 2.6848073626895862e-02 0.026848666911938098 0.02684937303001723   
382 3438 0.06674415075931686 359.08695240368115 0.026848011034877085 2.6848504813581604e-02 0.026848935926940782 0.026849374958320252   
383 3447 0.06606344750060542 361.0926564085308 0.026848011034877085 2.6848028206392469e-02 0.026848754148198054 0.02684890132419153   
384 3456 0.059752305555123515 388.12646979628227 0.026848011034877085 2.6848027861251664e-02 0.02684890950855184 0.026849417484311435   
385 3465 0.05341945861634789 425.27752752355707 0.026848011034877085 2.6848022783678649e-02 0.02684898366271516 0.026849442200722835   
386 3474 0.053699173595938475 426.3955744358562 0.026848011034877085 2.6848344060009098e-02 0.026848827926685023 0.026849419360578372   
387 3483 0.05434445463982538 436.1375300691013 0.026848011034877085 2.6848012033825270e-02 0.026848654160909077 0.02684903934015505   
388 3492 0.051886693443374 459.1265742991992 0.026848011034877085 2.6848142792378502e-02 0.02684863224212529 0.026849146208459317   
389 3501 0.05380772142450764 428.21839471549544 0.026848011034877085 2.6848140147987500e-02 0.026848832820293635 0.026849171373324775   
390 3510 0.05207466388482508 453.0375718768926 0.026848011034877085 2.6848137817942055e-02 0.02684909249607605 0.026849414336516206   
391 3519 0.05171637609149217 458.12440700251216 0.026848011034877085 2.6848033291900733e-02 0.026848661468666213 0.02684943818165619   
392 3528 0.05495934900571202 481.36048015384637 0.026848011034877085 2.6848015405413823e-02 0.026849070407692945 0.026849581343173952   
393 3537 0.05234205998438888 489.3500829204157 0.026848011034877085 2.6848024512776861e-02 0.026848900559524835 0.026849280498065113   
394 3546 0.050022001008509294 466.871562737508 0.026848011034877085 2.6848014351403868e-02 0.026848850028384566 0.026849153018789436   
395 3555 0.04586184392493443 482.5249750512168 0.02684800679107274 2.6848006791072739e-02 0.026848654689469988 0.02684893334440223   
396 3564 0.042639712735920994 501.51175552489036 0.02684800679107274 2.6848043524613178e-02 0.026848805516419952 0.02684957363691932   
397 3573 0.0407433108200075 461.3302660606142 0.02684800679107274 2.6848124052166609e-02 0.026848531151557276 0.026849283069007426   
398 3582 0.037085672164785206 455.48978403367704 0.02684800679107274 2.6848038284337107e-02 0.0268487736068168 0.026849144121987502   
399 3591 0.03883470130289419 461.49079885224506 0.02684800679107274 2.6848017383740395e-02 0.026848421281044317 0.026849283551433116   
400 3600 0.04013279838975422 525.2976123056658 0.02684800679107274 2.6848026552885051e-02 0.02684908767091539 0.02684941002741441   
401 3609 0.041261133559942015 553.7957727095526 0.02684800679107274 2.6848132403105556e-02 0.026848656379077875 0.026849016094507124   
402 3618 0.0407223081002161 518.6663833518563 0.02684800679107274 2.6848020388676307e-02 0.026848647814051753 0.026849146901433356   
403 3627 0.03791929194981495 499.88271672111466 0.02684800679107274 2.6848125258233574e-02 0.026848178264292203 0.026848931499446727   
404 3636 0.03309288120104917 480.0356762855319 0.02684800679107274 2.6848017195883620e-02 0.026848916774190643 0.026849395851095012   
405 3645 0.028302098811120915 452.0373370546457 0.02684800679107274 2.6848107143775047e-02 0.026848979658680786 0.0268491287366279   
406 3654 0.023629221275363668 471.0864656212362 0.02684800679107274 2.6848085808914565e-02 0.02684860849513748 0.026848884280174824   
407 3663 0.021606496283182616 471.69470178363486 0.02684800679107274 2.6848031870594688e-02 0.0268480804643037 0.026848862338844443   
408 3672 0.02066880712317408 472.7281920459498 0.02684800679107274 2.6848030280852531e-02 0.02684885333644485 0.026849109413968612   
409 3681 0.019857391794294646 491.17018387999053 0.02684800679107274 2.6848021319836692e-02 0.026848660800735693 0.02684928651946754   
410 3690 0.019185397506824603 462.8077265716519 0.02684800679107274 2.6848022855508642e-02 0.0268486470256875 0.026849291835336273   
411 3699 0.01777705325001351 475.7202944333638 0.02684800679107274 2.6848148124315893e-02 0.026848804686052025 0.02684939351550779   
412 3708 0.017660954209557482 487.70306857704855 0.02684800679107274 2.6848098908502677e-02 0.02684898603318555 0.026849375274295352   
413 3717 0.01745712144111662 514.9035718131196 0.02684800679107274 2.6848029238434445e-02 0.026848664407247973 0.026849349241828496   
414 3726 0.015910804266661607 524.2035016785347 0.02684800679107274 2.6848054186343756e-02 0.0268491427521258 0.02684935257434378   
415 3735 0.01370918337640745 542.3611601318655 0.02684800679107274 2.6848013207947798e-02 0.026848608299388056 0.026849295235063606   
416 3744 0.012896304135096863 549.8972236726622 0.02684800679107274 2.6848040382629945e-02 0.026848914689223166 0.026849309926389685   
417 3753 0.015051297836588816 546.6008377377243 0.02684800679107274 2.6848588932645336e-02 0.02684887517993631 0.026849219003729996   
418 3762 0.018311704080858 523.4825822554867 0.02684800679107274 2.6848018209690749e-02 0.0268488659652591 0.02684905481333798   
419 3771 0.02128788289063678 586.455414251294 0.02684800679107274 2.6848065860253723e-02 0.026848950291396605 0.026849312369264102   
420 3780 0.021763832379149237 635.9158844592108 0.02684800679107274 2.6848019084772769e-02 0.02684892187996137 0.02684929811541406   
421 3789 0.021804219269651988 647.9606324500039 0.02684800679107274 2.6848015655379254e-02 0.026848616420554326 0.026849102447574408   
422 3798 0.018878431136655018 629.182522245637 0.02684800679107274 2.6848021269459614e-02 0.02684886284740388 0.026849064738600745   
423 3807 0.016771486793197673 661.7372951109554 0.02684800679107274 2.6848036997804966e-02 0.02684887827542369 0.02684917958749249   
424 3816 0.016980131284630343 610.6711294099953 0.02684800679107274 2.6848019621779202e-02 0.026848601974488486 0.026849003929487945   
425 3825 0.017814530321150247 614.4453615881524 0.02684800679107274 2.6848026505234688e-02 0.026848125144733923 0.026849294513760672   
426 3834 0.018631129208090895 565.1976490468418 0.02684800679107274 2.6848086533219642e-02 0.026848879242759315 0.02684917079581728   
427 3843 0.021077540059448657 611.8824419180664 0.02684800679107274 2.6848015888805657e-02 0.026848875427516294 0.026849108344614184   
428 3852 0.02046027532839485 607.2580090641264 0.02684800679107274 2.6848034558357728e-02 0.026848724151286037 0.026849352869562953   
429 3861 0.01967822563351323 605.1573598843592 0.02684800679107274 2.6848020393502699e-02 0.02684885768629978 0.026849388110594116   
430 3870 0.020455671632311868 607.2944917244178 0.02684800679107274 2.6848045624843012e-02 0.026848737131122017 0.02684890399234289   
431 3879 0.021503915336484644 617.6029634205253 0.02684800679107274 2.6848019669156554e-02 0.026848692465234622 0.026849296756690212   
432 3888 0.025530455096764028 592.7434243892628 0.02684800679107274 2.6848184336994235e-02 0.026848907405085935 0.02684935541434664   
433 3897 0.03289961689501603 658.7766806590502 0.02684800679107274 2.6848127294745162e-02 0.026848744312214654 0.02684931257496119   
434 3906 0.03297789585794646 691.8410966347378 0.02684800679107274 2.6848019545148878e-02 0.026848929244791 0.026849291249424024   
435 3915 0.035503649787532156 699.3256904386902 0.02684800679107274 2.6848129483199878e-02 0.02684921272436684 0.026849364630371374   
436 3924 0.03454250983810574 709.5224569129181 0.02684800679107274 2.6848126075109755e-02 0.02684919547699504 0.026849419186970418   
437 3933 0.03750328266503041 634.8520027494183 0.02684800679107274 2.6848145517878751e-02 0.02684851172695472 0.02684960005724211   
438 3942 0.03795517312635856 629.1406138603 0.02684800679107274 2.6848128668725553e-02 0.0268488716456569 0.02684931238104524   
439 3951 0.03740131963750851 652.9501714716267 0.02684800679107274 2.6848116274628860e-02 0.026848678415567817 0.02684941297803464   
440 3960 0.04295549457566148 595.1009564088268 0.02684800679107274 2.6848122263962250e-02 0.02684886973199794 0.026849307353069833   
441 3969 0.04415767442194063 623.9502151151758 0.02684800679107274 2.6848150508719120e-02 0.026848667763100232 0.02684929292647616   
442 3978 0.04521372049543661 662.0703717847683 0.02684800679107274 2.6848645369790907e-02 0.026848931691496932 0.02684920014298004   
443 3987 0.046112886353968624 677.2196144786717 0.02684800679107274 2.6848030249742239e-02 0.026848733157842225 0.026849358287613426   
444 3996 0.05097765938125971 638.0139434219548 0.02684800679107274 2.6848074244523498e-02 0.02684873235291514 0.026849013821446215   
445 4005 0.050141545270520727 655.9945932292818 0.02684800679107274 2.6848039848623412e-02 0.02684887941710372 0.026849195337475013   
446 4014 0.05068714998790589 624.729140085411 0.02684800679107274 2.6848139310184774e-02 0.026848854775951704 0.026849291953342205   
447 4023 0.04594457062059286 592.1467796816419 0.02684800679107274 2.6848099690767280e-02 0.02684909438223383 0.026849565435193727   
448 4032 0.04451853560764185 600.5124437546516 0.02684800679107274 2.6848025632497420e-02 0.026848612305466014 0.026849294760406168   
449 4041 0.044938168489596045 550.4908546103956 0.02684800679107274 2.6848023814455023e-02 0.026848660408645322 0.026849230569536635   
450 4050 0.04774717155310461 497.12346199280057 0.02684800679107274 2.6848104836960630e-02 0.02684917246781869 0.026849272413064267   
451 4059 0.04990876570168913 461.605758238704 0.02684800679107274 2.6848014883306681e-02 0.026848867476081457 0.026849357726284495   
452 4068 0.06111167506715361 464.6962984205477 0.02684800679107274 2.6848023809773438e-02 0.026848640730655775 0.026849183830602297   
453 4077 0.06689508438987679 428.9968191338406 0.02684800679107274 2.6848049425263462e-02 0.0268490978880388 0.026849361064637613   
454 4086 0.0660208758112131 449.3765742450495 0.02684800679107274 2.6848194849919613e-02 0.026848887562737216 0.026849349854490237   
455 4095 0.06880552849545368 447.20478502226695 0.02684800679107274 2.6848046748964606e-02 0.026848875043242855 0.02684906627108375   
456 4104 0.07203424084746428 474.92237369755844 0.02684800679107274 2.6848023639311623e-02 0.026848670061081954 0.026849045956089196   
457 4113 0.07452743152451254 478.0674729449912 0.02684800679107274 2.6848064290891979e-02 0.026848657796434444 0.02684921692660572   
458 4122 0.0755063858212467 506.7799045269929 0.02684800679107274 2.6848157704261289e-02 0.026848838526335034 0.026849163006769754   
459 4131 0.07948943346830956 468.35008387441434 0.02684800679107274 2.6848049975372098e-02 0.026848596006679742 0.026849271243331325   
460 4140 0.08399809339586449 459.90599884073856 0.02684800679107274 2.6848179334289669e-02 0.026848870748226512 0.02684942843378949   
461 4149 0.08702612449959152 468.60018598245836 0.02684800679107274 2.6848130548210922e-02 0.0268487041733867 0.026849543746675412   
462 4158 0.08254168509079197 477.40547458302683 0.02684800679107274 2.6848157329846623e-02 0.02684879588627656 0.026849502266013573   
463 4167 0.07572730133897333 455.60852180347507 0.02684800679107274 2.6848351286766124e-02 0.02684863973885576 0.02684934201824446   
464 4176 0.06988009756716632 461.39201695915676 0.02684800679107274 2.6848678897312073e-02 0.02684887347752372 0.026849470869282275   
465 4185 0.06941727591023088 546.0640380712384 0.02684800679107274 2.6848179473593036e-02 0.026848848277142377 0.02684907739280721   
466 4194 0.0642082086992257 508.9944988262356 0.02684800679107274 2.6848044388710066e-02 0.026848643139532617 0.02684884523074442   
467 4203 0.061025302707600246 491.0656211244192 0.02684800679107274 2.6848051176307175e-02 0.02684866225355646 0.026849018981373825   
468 4212 0.059186977089416275 492.33275683824706 0.02684800679107274 2.6848056329238701e-02 0.02684890680193578 0.026849419154112212   
469 4221 0.0563014279845786 497.73765339705795 0.02684800679107274 2.6848253821263591e-02 0.026848917202925766 0.0268491568479321   
470 4230 0.05306887910880127 521.7337939764307 0.02684800679107274 2.6848060939985721e-02 0.026848819742918886 0.0268491099343084   
471 4239 0.05387335124670702 546.5278865330013 0.02684800679107274 2.6848071452176457e-02 0.026848895185860353 0.02684919014202381   
472 4248 0.05442109129207461 504.7803900676771 0.02684800679107274 2.6848036175551773e-02 0.026848777582504736 0.02684923740314054   
473 4257 0.053369054982983874 555.8829416316491 0.02684800679107274 2.6848151548863403e-02 0.026848665546890086 0.02684945800029918   
474 4266 0.0521056422058712 529.52500512585 0.02684800679107274 2.6848056014238505e-02 0.026848897083710632 0.026849164945034944   
475 4275 0.049411076892822155 476.3875390861652 0.02684800679107274 2.6848051748631609e-02 0.026848673555061507 0.02684905825812613   
476 4284 0.045400672180356046 519.7013563719037 0.02684800679107274 2.6848252029339083e-02 0.026848773914589345 0.02684917254599051   
477 4293 0.043194786896887494 493.5422017877518 0.02684800679107274 2.6848058520636080e-02 0.026848769066271125 0.026849009350951327   
478 4302 0.04573264509396086 519.8933997882223 0.02684800679107274 2.6848049319902829e-02 0.02684886870323182 0.02684937856848512   
479 4311 0.05134841981491825 480.67423061380174 0.02684800679107274 2.6848035130134579e-02 0.026848744086495246 0.026849374892300222   
480 4320 0.05440458801052759 476.902456577372 0.02684800679107274 2.6848070207277475e-02 0.02684874626256037 0.026849140303133415   
481 4329 0.052249890147426585 470.7787351189864 0.02684800679107274 2.6848030456146102e-02 0.02684877491104617 0.026849022217407766   
482 4338 0.051611526527793015 456.4802950313059 0.02684800679107274 2.6848063190683849e-02 0.026848867505558652 0.02684917831082116   
483 4347 0.04873875550292079 455.9908036965442 0.02684800679107274 2.6848042140668892e-02 0.026848605978979645 0.026849323386572494   
484 4356 0.048095523511222926 471.6622360438899 0.02684800679107274 2.6848591372244018e-02 0.026848836907730413 0.02684922419771532   
485 4365 0.04997798978857327 453.048412969551 0.02684800679107274 2.6848046037173643e-02 0.026848974000129283 0.026849344699491174   
486 4374 0.054081362828292776 423.20623282529783 0.02684800679107274 2.6848050653228570e-02 0.026848865211824363 0.026849372953135057   
487 4383 0.06298093749404221 419.58432804615364 0.02684800679107274 2.6848055187855848e-02 0.026848616796739257 0.026849444992783012   
488 4392 0.059770902597967177 402.97043379815756 0.02684800679107274 2.6848040910538742e-02 0.026848728489600855 0.02684910868852631   
489 4401 0.057219705186063084 393.10214336310236 0.02684800679107274 2.6848039705958796e-02 0.02684863405388367 0.026849097874357443   
490 4410 0.057459386835505416 412.42821880459263 0.02684800679107274 2.6848043388915985e-02 0.026848573117557 0.026849060185737135   
491 4419 0.05688213126585138 427.9345349393873 0.02684800679107274 2.6848023091255703e-02 0.026848557008792788 0.02684888321947158   
492 4428 0.06125896279855909 433.49364184934495 0.02684800679107274 2.6848018431196882e-02 0.02684864884720754 0.026849153444313746   
493 4437 0.08502657020411854 420.2788084415583 0.02684800679107274 2.6848029411632938e-02 0.026848702649163485 0.026849134055155932   
494 4446 0.09609512129495114 411.0693252641968 0.02684800679107274 2.6848178544927534e-02 0.02684860343745108 0.026849127527142004   
495 4455 0.10561573288971024 386.03278196482785 0.02684800679107274 2.6848134371797436e-02 0.02684914121986674 0.026849269391227736   
496 4464 0.13826597219170736 341.6100357480762 0.02684800679107274 2.6848076104966898e-02 0.026848678703626276 0.026849470269902823   
497 4473 0.13266367023955727 344.61590042965224 0.02684800679107274 2.6848611068585066e-02 0.026848825982617393 0.026849238233531757   
498 4482 0.11998796374670637 355.84539385075277 0.02684800679107274 2.6848021460055486e-02 0.026848669089053152 0.02684926560798214   
499 4491 0.10553620587158803 372.33805199461 0.02684800679107274 2.6848208931675440e-02 0.026848793857432985 0.026849007872728266   
500 4500 0.09461212066088467 362.0429579277848 0.02684800679107274 2.6848147498892003e-02 0.026848913475010134 0.02684948726469444   
501 4509 0.08366507271049049 383.553507098799 0.02684800679107274 2.6848057978849104e-02 0.026848860827505518 0.02684908709488675   
502 4518 0.07470866209909745 388.5981944084142 0.02684800679107274 2.6848104867216189e-02 0.02684878061689362 0.02684899417460459   
503 4527 0.08509334772359331 384.41515672337783 0.02684800679107274 2.6848159885021098e-02 0.02684864315569114 0.026849517095848954   
504 4536 0.08468204522977664 390.80684708304636 0.02684800679107274 2.6848034585511524e-02 0.02684916605042907 0.026849601302297913   
505 4545 0.08090471822490407 400.68374941645067 0.02684800679107274 2.6848152913894814e-02 0.026848674057416817 0.026849121888776202   
506 4554 0.0700805204511603 409.3539281860232 0.02684800679107274 2.6848040834114493e-02 0.026848424026387232 0.026848859079011644   
507 4563 0.06208019240855506 380.90042426199227 0.02684800679107274 2.6848053630408243e-02 0.026848448426191364 0.026849516142511687   
508 4572 0.05720935408368956 379.52347605891623 0.02684800679107274 2.6848043649811238e-02 0.02684887118667414 0.026849191981088254   
509 4581 0.056629175060734976 353.2476884085263 0.02684800679107274 2.6848077420773754e-02 0.026848639427857878 0.026848959640614258   
510 4590 0.05704771260288796 335.5368046532541 0.02684800679107274 2.6848121184320676e-02 0.026848820898092526 0.02684907021712681   
511 4599 0.057348451285947157 332.43876403416385 0.02684800679107274 2.6848029693655507e-02 0.02684883529060876 0.026849191049930655   
512 4608 0.05400558632908482 332.96192051545285 0.02684800679107274 2.6848036799652374e-02 0.026848612773920512 0.02684894479538437   
513 4617 0.04727011231668155 371.2932243121 0.02684800679107274 2.6848127177804521e-02 0.026848828018429024 0.026848913018011775   
514 4626 0.04505819218603646 376.52617402271625 0.02684800679107274 2.6848037828785660e-02 0.026848607452921364 0.026849108723180425   
515 4635 0.044068456703797304 339.4589420689876 0.02684800679107274 2.6848037982497307e-02 0.026848665364231788 0.02684940278621669   
516 4644 0.043739321401262465 333.83374544711376 0.02684800679107274 2.6848042721821338e-02 0.026848479387585077 0.02684926012484751   
517 4653 0.04532816549027767 311.7920215949116 0.02684800679107274 2.6848049972250140e-02 0.026848890680009715 0.026849507822159044   
518 4662 0.05873154536050172 313.9278464422962 0.02684800679107274 2.6848221483130378e-02 0.026848771423122593 0.026849367168498253   
519 4671 0.07377846378925909 304.11613742021837 0.02684800679107274 2.6848076751712482e-02 0.026848797535361527 0.026849095411016412   
520 4680 0.08386211183833449 302.00216062143124 0.02684800679107274 2.6848131610801410e-02 0.026848777498238077 0.026849541982062953   
521 4689 0.09722486569367324 305.23286230123205 0.02684800679107274 2.6848243240322874e-02 0.026848805966349792 0.026849429592964495   
522 4698 0.09851054208491139 322.6906835275844 0.02684800679107274 2.6848712246083324e-02 0.0268488278977423 0.026850095672061088   
523 4707 0.09894518994259423 323.8387555817918 0.02684800679107274 2.6848092476969104e-02 0.026848816968991756 0.026849501279651463   
524 4716 0.10630881386392067 341.9400011590879 0.02684800679107274 2.6848168976724127e-02 0.02684871666886974 0.026849618582257328   
525 4725 0.10239266440512777 327.34252258160967 0.02684800679107274 2.6848077634100114e-02 0.026848824307182537 0.026849554428076447   
526 4734 0.1085763013412886 332.7624810072673 0.02684800679107274 2.6848097851293346e-02 0.026848695921976296 0.026849107691438858   
527 4743 0.10896422813745398 331.01465436778784 0.02684800679107274 2.6848080964315787e-02 0.02684864909075931 0.026849178246704398   
528 4752 0.11169297796668663 337.3973311663806 0.02684800679107274 2.6848153394750711e-02 0.026848795231117113 0.026849155667557304   
529 4761 0.13104482919123123 337.48039524475786 0.02684800679107274 2.6848259321484109e-02 0.02684892292349785 0.026849350638741352   
530 4770 0.13770524729457817 387.6602937911192 0.02684800679107274 2.6848278903838764e-02 0.02684885923172278 0.026849662983958432   
531 4779 0.13347932870768536 416.4990264061877 0.02684800679107274 2.6848323604398257e-02 0.026848699485476427 0.026849371327041457   
532 4788 0.12772765234424768 415.1362250392654 0.02684800679107274 2.6848134467150158e-02 0.026848693478218697 0.02684947911953209   
533 4797 0.11583368450463871 447.44491012265263 0.02684800679107274 2.6848694168869695e-02 0.02684906224240278 0.026849588606621597   
534 4806 0.11932311921354971 441.27920775658635 0.02684800679107274 2.6848267856872679e-02 0.026849083575179046 0.02684963818418006   
535 4815 0.11926776729840047 461.5848192015676 0.02684800679107274 2.6848205369545936e-02 0.026849260857913154 0.02684965675401827   
536 4824 0.11566434601533394 442.5963590069175 0.02684800679107274 2.6848212729494659e-02 0.026848815985512205 0.02684939277002921   
537 4833 0.1067100013857307 456.9251896278902 0.02684800679107274 2.6848237063770371e-02 0.026848693423010356 0.026849554747938695   
538 4842 0.09977399867713309 449.83349810013317 0.02684800679107274 2.6848190488296335e-02 0.026848876224213062 0.02684940538819064   
539 4851 0.09003704634638604 435.2784593308201 0.02684800679107274 2.6848069853777332e-02 0.026848630637037373 0.026849181381948754   
540 4860 0.09888858267163235 436.08750792469806 0.02684800679107274 2.6848251881956501e-02 0.026848860660797315 0.026849566719054526   
541 4869 0.11243656001853664 438.777077267812 0.02684800679107274 2.6848235903920752e-02 0.026849171814931443 0.026849512622260773   
542 4878 0.12068298083282032 538.4764243789106 0.02684800679107274 2.6848179582798205e-02 0.026848900533887856 0.026849358047250412   
543 4887 0.14158553356329634 556.7623584872113 0.02684800679107274 2.6848214507943023e-02 0.026848535224686203 0.026849319156955587   
544 4896 0.15060147738550744 610.8721129203517 0.02684800679107274 2.6848081093645188e-02 0.026848755110079763 0.02684959312708995   
545 4905 0.1664660774885813 621.4008326680618 0.02684800679107274 2.6848053814082621e-02 0.026848651799110893 0.026849008655983907   
546 4914 0.1825451852257363 610.8232511328629 0.02684800679107274 2.6848775088431379e-02 0.026848833508795123 0.026849644758524867   
547 4923 0.17187819956407252 652.6321784989813 0.02684800679107274 2.6848149600845028e-02 0.02684878025950659 0.02684923269351283   
548 4932 0.155902244054283 659.4065624161623 0.02684800679107274 2.6848190886062120e-02 0.026849021134291943 0.026849278247454072   
549 4941 0.1488655523360576 683.9910957581212 0.02684800679107274 2.6848124863951064e-02 0.026848727027007236 0.02684971838605537   
550 4950 0.13066572477908653 696.1380145340122 0.02684800679107274 2.6848119813079115e-02 0.026848363934792646 0.026849097421896475   
551 4959 0.12332848542089887 749.6280484119733 0.02684800679107274 2.6848052668938457e-02 0.026848619313853878 0.026849303514863105   
552 4968 0.12205953459569718 771.7032454193281 0.02684800679107274 2.6848404672838232e-02 0.026848792842771006 0.02684913028580374   
553 4977 0.11209868136553575 768.2910956190361 0.02684800679107274 2.6848050348316825e-02 0.02684874670985988 0.026849142724188906   
554 4986 0.10973721281473797 780.9521268703589 0.02684800679107274 2.6848614016330905e-02 0.02684889722995098 0.026849088736118992   
555 4995 0.09906224489537391 728.8884461599647 0.02684800679107274 2.6848053024306911e-02 0.026848708775222465 0.026849109704858914   
556 5004 0.0966491313530111 666.4965691030618 0.02684800679107274 2.6848065786671784e-02 0.026848694511646017 0.026848881671479974   
557 5013 0.10220132295893744 735.1609053131418 0.02684800679107274 2.6848201553605757e-02 0.026848736973500976 0.02684914520179604   
558 5022 0.10483221729803092 768.7334029965214 0.02684800679107274 2.6848506594945584e-02 0.02684882325454806 0.026849472044453572   
559 5031 0.12492642125156869 779.6163364842465 0.02684800679107274 2.6848208260853563e-02 0.026848668350737404 0.026849178536693927   
560 5040 0.12491228474412426 800.9057309095366 0.02684800679107274 2.6848021760947527e-02 0.02684857375585215 0.026849133227451045   
561 5049 0.12480761921736541 817.8976778085082 0.02684800679107274 2.6848019274655598e-02 0.02684883649376154 0.026849416857295152   
562 5058 0.12295770981784129 878.580610783482 0.02684800679107274 2.6848027420687873e-02 0.026848685710186705 0.02684917592067936   
563 5067 0.11571026732961201 1009.183381905205 0.02684800679107274 2.6848017744316131e-02 0.026848938542599662 0.02684913083527262   
564 5076 0.10690846573748315 1066.6040810633965 0.02684800679107274 2.6848081723378502e-02 0.026848792196624977 0.026849335509968698   
565 5085 0.09562604814397428 1190.608658958402 0.02684800679107274 2.6848164913209405e-02 0.026848630198554123 0.026849185958866158   
566 5094 0.09529497861479513 1266.9118321980277 0.02684800679107274 2.6848601843295579e-02 0.026848853589978215 0.026849054442504194   
567 5103 0.09067073156130676 1334.3323382678345 0.02684800679107274 2.6848044009304010e-02 0.026848833044533015 0.02684933281715228   
568 5112 0.08393928973280644 1372.0874541834023 0.02684800679107274 2.6848030819337031e-02 0.02684807263843151 0.026849144094528724   
569 5121 0.07855605893688312 1349.6411168756558 0.02684800679107274 2.6848046001433905e-02 0.026848622192329908 0.026848875906290492   
570 5130 0.08560404188159927 1399.8111617454679 0.02684800679107274 2.6848047661611103e-02 0.02684887642845991 0.02684943039514008   
571 5139 0.08834762492232207 1329.058621564891 0.02684800679107274 2.6848040824292704e-02 0.02684858480903547 0.026848885925638416   
572 5148 0.10589161111022752 1316.635886365976 0.02684800679107274 2.6848050560395544e-02 0.02684862029704407 0.026849454821628413   
573 5157 0.11703014592088114 1298.6124776972351 0.02684800679107274 2.6848182620804652e-02 0.026848792535820544 0.026849211017284356   
574 5166 0.12322195287420112 1308.0949299777194 0.02684800679107274 2.6848023131008102e-02 0.026848654614810254 0.026849153130217806   
575 5175 0.13053139454445017 1408.351254489231 0.02684800679107274 2.6848422466369488e-02 0.026848868977078263 0.026849426112272527   
576 5184 0.11545327218928556 1396.214926724256 0.02684800679107274 2.6848033207649561e-02 0.02684861890560439 0.026849345409233987   
577 5193 0.10871134407068979 1331.2216747993668 0.02684800679107274 2.6848575984814202e-02 0.026848652210775606 0.026849355642142237   
578 5202 0.10162701059331296 1334.317206513697 0.02684800679107274 2.6848028297144225e-02 0.02684887448046384 0.026849135158727527   
579 5211 0.1027902858168086 1239.5701679573563 0.02684800679107274 2.6848041414346741e-02 0.026848869845807987 0.02684937065240341   
580 5220 0.11282489456968088 1263.6162429313993 0.02684800679107274 2.6848136772113812e-02 0.026848829480125708 0.02684941144589205   
581 5229 0.11758657707637578 1137.9928593391385 0.02684800679107274 2.6848127465092689e-02 0.02684865350085511 0.026849093013074418   
582 5238 0.10377345535563005 1128.7675745299239 0.02684800679107274 2.6848040695884159e-02 0.026848947915717354 0.026849360458907994   
583 5247 0.10485396236342279 1384.76864924058 0.02684800679107274 2.6848029560575581e-02 0.026848218287824056 0.026848936754152813   
584 5256 0.0935664841576679 1390.4328036467484 0.02684800679107274 2.6848189271927541e-02 0.02684891978171068 0.02684936247797256   
585 5265 0.08261555957152387 1444.3399678931883 0.02684800679107274 2.6848152002415717e-02 0.026848714036070094 0.026849349215115576   
586 5274 0.09178864344930175 1448.0683468554403 0.02684800679107274 2.6848115880253008e-02 0.026848698171532355 0.02684934509999712   
587 5283 0.10549590734515833 1499.5892935359564 0.02684800679107274 2.6848026174017638e-02 0.02684866066586185 0.026849406903609492   
588 5292 0.10604647772709724 1593.3230709656602 0.02684800679107274 2.6848024932956654e-02 0.026848613215521625 0.02684955882637376   
589 5301 0.10631950129624154 1635.5438360469516 0.02684800679107274 2.6848068378112738e-02 0.026848615109585545 0.02684916105872244   
590 5310 0.10197862068304898 1638.8098844694891 0.02684800679107274 2.6848022843061672e-02 0.026848656048043925 0.026849313280581218   
591 5319 0.10191825272340531 1645.7802930113198 0.02684800679107274 2.6848029570996326e-02 0.026848705959765053 0.026848923938802366   
592 5328 0.10073160793496516 1767.4988980187338 0.02684800679107274 2.6848020742864808e-02 0.02684864524449027 0.026848929450928337   
593 5337 0.09714290071251014 1884.6104687656446 0.02684800679107274 2.6848020965129470e-02 0.026848796679007053 0.026849174522433433   
594 5346 0.09466513032431456 1986.8172994740007 0.02684800679107274 2.6848016478607451e-02 0.02684856078878119 0.02684887043157445   
595 5355 0.09143709632195214 1986.0423019846141 0.02684800679107274 2.6848052947932903e-02 0.02684885561029236 0.026848936729476913   
596 5364 0.08886110172768553 2230.3965750051134 0.02684800679107274 2.6848041087231614e-02 0.026848615409280355 0.026849160399635925   
597 5373 0.08812749577589422 2277.861877954704 0.02684800679107274 2.6848594514669203e-02 0.026848772479344068 0.02684914116647925   
598 5382 0.087761540528038 2372.1838754873916 0.02684800679107274 2.6848022923883056e-02 0.026848671077508768 0.02684914698396187   
599 5391 0.08332802190123044 2465.8503480072386 0.02684800679107274 2.6848022110799341e-02 0.026848804703178353 0.026849136861431856   
600 5400 0.0796183815087253 2517.0626585622294 0.02684800679107274 2.6848052154565170e-02 0.026848695730794216 0.026849174537903163   
601 5409 0.08014390205197532 2380.9912765319727 0.02684800679107274 2.6848132239300406e-02 0.026848848439698914 0.026849167354427748   
602 5418 0.08007479370865145 2410.432127585724 0.02684800679107274 2.6848046646117139e-02 0.026848835746375973 0.026849078754431644   
603 5427 0.08604302628104613 2537.690244855319 0.02684800679107274 2.6848021495684389e-02 0.02684886135147659 0.02684916642195192   
604 5436 0.08803038147279192 2556.486466257852 0.02684800679107274 2.6848066606779422e-02 0.02684860044273488 0.026849080820438565   
605 5445 0.10077582896672098 2553.484135776101 0.02684800679107274 2.6848034784660291e-02 0.02684883141359024 0.026849104137296232   
606 5454 0.08929071425322253 2407.0283750927606 0.02684800679107274 2.6848564672871150e-02 0.0268486697838444 0.026849159280956676   
607 5463 0.08409629071408659 2491.6897543060263 0.02684800679107274 2.6848619329441794e-02 0.026848836955786288 0.02684906546648319   
608 5472 0.09012475229947207 2425.8155512783296 0.02684800679107274 2.6848014086655585e-02 0.026848851682687018 0.0268489494063983   
609 5481 0.09652279362121571 2575.0688184352184 0.02684800679107274 2.6848037467432136e-02 0.026848646672645218 0.026849122700913244   
610 5490 0.11263030107555133 2574.3205381345347 0.02684800679107274 2.6848030863820423e-02 0.026848655023596728 0.026849185026378848   
611 5499 0.11929692297621536 2548.5376851343603 0.02684800679107274 2.6848032498658247e-02 0.026848665840808684 0.02684918478544138   
612 5508 0.10870955819030918 2578.0795391385304 0.02684800679107274 2.6848061533594248e-02 0.026848638712229828 0.026849525964614103   
613 5517 0.10781320500608212 2455.7634559409544 0.02684800679107274 2.6848606445289476e-02 0.02684902018803211 0.026849376540861898   
614 5526 0.11563212437890867 2494.4367666565972 0.02684800679107274 2.6848078196324357e-02 0.026848792301915763 0.026849434484783694   
615 5535 0.1323163155292507 2800.041416702273 0.02684800679107274 2.6848261555032914e-02 0.02684886199239731 0.026849448798478396   
616 5544 0.15602087511841323 2878.5113496694553 0.02684800679107274 2.6848025754304412e-02 0.02684864580138341 0.026849176646842738   
617 5553 0.18163476464339362 3057.302227843447 0.02684800679107274 2.6848637207247804e-02 0.026848717554476396 0.02684898410807635   
618 5562 0.18011942115123042 3150.174596002069 0.02684800679107274 2.6848303516137952e-02 0.02684887204150387 0.026848965636046294   
619 5571 0.20481623554259498 3238.1963555612833 0.02684800679107274 2.6848096864055038e-02 0.026848663406239166 0.02684901609778162   
620 5580 0.2240876632439365 3072.2563070123233 0.02684800679107274 2.6848147801321283e-02 0.026848855060687613 0.0268495401100156   
621 5589 0.2557890470268954 3005.2814544046346 0.02684800679107274 2.6848161376530556e-02 0.026848849023042257 0.026849684111561703   
622 5598 0.25709214208255254 2947.3722243018856 0.02684800679107274 2.6848129790812143e-02 0.026848594946263144 0.026849117980323942   
623 5607 0.2704111062818063 2865.5322614948536 0.02684800679107274 2.6848055127946677e-02 0.02684869143319182 0.02684948100928885   
624 5616 0.28046704325810073 2807.422821375069 0.02684800679107274 2.6848014722153417e-02 0.026848639659304518 0.02684918270945535   
625 5625 0.3068883078728185 2679.5536984586142 0.02684800679107274 2.6848131013426257e-02 0.02684885536140978 0.026849571331828737   
626 5634 0.33263467631187166 2655.501273681736 0.02684800679107274 2.6848143164986724e-02 0.026848686335140773 0.026849712775070488   
627 5643 0.3078677454899025 2756.899616164478 0.02684800679107274 2.6848243561715661e-02 0.026849232561940592 0.026849694666907144   
628 5652 0.2910950485647169 2710.753175241633 0.02684800679107274 2.6848234082911718e-02 0.02684874242529174 0.026849480685116514   
629 5661 0.28519315838145204 2582.8884084558135 0.02684800679107274 2.6848258081424371e-02 0.026848882654638716 0.026849318339004842   
630 5670 0.28836044647358144 2337.5763636568513 0.02684800679107274 2.6848246042098844e-02 0.026849005947800687 0.02684923135726675   
631 5679 0.26253023202380193 2316.504636236254 0.02684800679107274 2.6848145920275603e-02 0.026848657792266507 0.026849458203121287   
632 5688 0.274329553713497 2417.187059563767 0.02684800679107274 2.6848140461876245e-02 0.026848830617968132 0.026849616712382368   
633 5697 0.3013558403380895 2542.087489200714 0.02684800679107274 2.6848143704454402e-02 0.026848838111483458 0.026849539544507386   
634 5706 0.3193218329789618 2634.5040287363227 0.02684800679107274 2.6848126271718561e-02 0.026848847015889767 0.026849430014781562   
635 5715 0.3025903363509588 2794.7464542108446 0.02684800679107274 2.6848135218915232e-02 0.02684893671513431 0.02684962971829557   
636 5724 0.30555759641805746 2928.9186455383747 0.02684800679107274 2.6848082239926553e-02 0.02684862617094242 0.026849414464787752   
637 5733 0.28947900724690173 3089.9684017999257 0.02684800679107274 2.6848303545878312e-02 0.026848756357569153 0.02684920348837115   
638 5742 0.2852948914516094 3108.0180666422502 0.02684800679107274 2.6848168834281684e-02 0.026848903012854277 0.026849378450610206   
639 5751 0.271157941649455 3056.1563494866004 0.02684800679107274 2.6848101577516031e-02 0.0268485933790411 0.02684943801986091   
640 5760 0.2460541017721693 2933.6039256925264 0.02684800679107274 2.6848227795421051e-02 0.0268487831132373 0.026849406650566305   
641 5769 0.21529303173035752 3035.274850221098 0.02684800679107274 2.6848142882580903e-02 0.026848983154727495 0.026849320373453677   
642 5778 0.19195783264069552 2920.206258016645 0.02684800679107274 2.6848474454435420e-02 0.02684910556791701 0.026849528247441183   
643 5787 0.1952127724862585 3025.7144025150596 0.02684800679107274 2.6848054899993336e-02 0.026848991615402648 0.02684962240313161   
644 5796 0.17775388277472362 3045.557194949923 0.02684800679107274 2.6848081186693001e-02 0.026848414695385146 0.02684953457324549   
645 5805 0.16727199334079623 3112.3139719965334 0.02684800679107274 2.6848103985779699e-02 0.026849001670346193 0.026849348984095942   
646 5814 0.17797590375273306 2965.9096415305276 0.02684800679107274 2.6848169521014053e-02 0.026849131382121815 0.026849384322144614   
647 5823 0.18037327110232576 2752.5853491738744 0.02684800679107274 2.6848144877016453e-02 0.02684925358827233 0.02684950844144581   
648 5832 0.16901452484011445 2609.753106772893 0.02684800679107274 2.6848193788530796e-02 0.026849323880528138 0.02684945560887356   
649 5841 0.16669275581204746 2483.6309580783445 0.02684800679107274 2.6848090973962985e-02 0.026848930931261283 0.026849291968602244   
650 5850 0.17106020698070895 2664.1620887022195 0.02684800679107274 2.6848275172499582e-02 0.02684865183828144 0.02684892083510711   
