% # columns="iteration, evaluation, sigma, void, void,  stds==sigma*sqrt(diag(C))", seed=498978, Thu Nov 30 10:56:13 2023, <python>{}</python>
1 9 1.8619381287926386 0 0 1.8752089132258016 1.8381986983312026 1.8365639792060497 1.8066835708800502 1.7624338944370879 1.8744300949768191
2 18 1.7746899818647262 0 0 1.7508318650423773 1.8236702886772762 1.7156306729727215 1.797857381729083 1.66147029731836 1.7621038958353465
3 27 1.690531722148195 0 0 1.704104691921309 1.751837013758205 1.7088572272226694 1.6596085372166787 1.5170046698315702 1.6080993869620759
4 36 1.8031053690387373 0 0 1.8969050397701055 1.8981491509069535 1.8402160362259385 1.7551380089530324 1.4662355348858211 1.7623319192349107
5 45 1.7279107895498482 0 0 1.7917030138440275 1.8366671483563144 1.6851802999200785 1.6960200164848327 1.3696666459719222 1.686276868538715
6 54 1.7434941054826147 0 0 1.812609146833493 1.9474230435166597 1.7076410616990192 1.5694144885032069 1.3270187121620605 1.6954982449423635
7 63 1.6604869499973303 0 0 1.7591527244714353 1.8136096104143664 1.6166854499550534 1.447768162592561 1.2250712130108516 1.5834954087737818
8 72 1.5695850852518507 0 0 1.5943896739918042 1.782924818462315 1.5290689938005728 1.3324367601778335 1.1028509919294534 1.4660846717270783
9 81 1.51631734197887 0 0 1.5131558694274843 1.7056692162991052 1.51191615963043 1.312785995903948 1.0003197386408245 1.4515482547667917
10 90 1.5111566550462634 0 0 1.550744226811531 1.6971004272279426 1.4862411011616712 1.3750212370069668 0.9401454487250043 1.4079407495824845
11 99 1.4678193988939352 0 0 1.4715135934204537 1.6810052560236208 1.4350433356622885 1.2422629205303821 0.8760377910239966 1.3394824327863948
12 108 1.4078018523646558 0 0 1.5016984700402565 1.6839846391902824 1.3692394395124357 1.1577656020430027 0.7890616842636391 1.262094383487968
13 117 1.2500830183249994 0 0 1.2837202464172788 1.4911015227981093 1.2209077910759851 1.0474379227261232 0.6075179235955285 1.1258669339307874
14 126 1.2466563082843976 0 0 1.2449554974725028 1.3868305414867623 1.2199390283938492 1.0093636440054317 0.5747613225560446 1.2336297889119925
15 135 1.1331962944550493 0 0 1.0805793597660258 1.2494829812774224 1.08972041133914 0.8700081183415371 0.5053294435795013 1.1227809481243212
16 144 1.032676287388655 0 0 0.9560865493411264 1.1364187674982822 0.9667061816328639 0.7256717605601376 0.4334932342935735 1.0447091949245857
17 153 0.9402321253709682 0 0 0.8678602356126844 1.0545315302148552 0.8413407013551817 0.6483603531175051 0.3641041119181245 0.9528950129769423
18 162 0.854614639040369 0 0 0.8396074869382867 0.9751219323979596 0.7642654302388998 0.6055731938741509 0.3233289922815095 0.7917794358842627
19 171 0.7742325396874568 0 0 0.7435156623146912 0.9021510559384397 0.6834365162822159 0.5518235273745042 0.27493508988447407 0.7180038285830985
20 180 0.6474561730339369 0 0 0.6159925784045616 0.7071605122898893 0.5597373263225505 0.45850446488715035 0.2104948390362258 0.5926492276902294
21 189 0.5770730995971152 0 0 0.5377189742816806 0.6342263260299843 0.5001415580463465 0.3959588178043351 0.16511826918112307 0.5427231531292367
22 198 0.5296163508814484 0 0 0.47384725537495315 0.5899749022710201 0.46272702847998176 0.37094763347810117 0.14499818877984708 0.482493055392204
23 207 0.49341331094920476 0 0 0.4357458091239194 0.5285580923098414 0.4407317470179673 0.3485038502235441 0.1359047450655842 0.41441936200059726
24 216 0.4207696688130677 0 0 0.34692199054547157 0.43220061860718123 0.38325565537943357 0.285012394152622 0.10781065960728377 0.34173719350478915
25 225 0.4129643948328299 0 0 0.3410999127865081 0.4380911308730007 0.3697050014772916 0.28383503523501036 0.10397635612064081 0.3111258654955163
26 234 0.3577652908288358 0 0 0.29244169939454273 0.37911840427548854 0.3147016905045461 0.25210959171656233 0.0852578768276938 0.24858159004524377
27 243 0.3106024111978204 0 0 0.2586900527891467 0.33851283620194056 0.269531414760046 0.21429177699326038 0.07215038459963644 0.20980837968020521
28 252 0.2898118100060547 0 0 0.2397994298852351 0.3123128265166856 0.2540588020494127 0.19309519865756283 0.05977955850040661 0.19972545159944677
29 261 0.29316804537347063 0 0 0.23889395732480506 0.36531918978060823 0.25151918986458094 0.19477694198533752 0.05921159797281631 0.19416508662926338
30 270 0.27894762773488224 0 0 0.23049155732617968 0.3504456591425374 0.2328311065677109 0.18886132730078103 0.0469771594949802 0.1938768697147756
31 279 0.24882478909279535 0 0 0.20488909712775283 0.31678215687989414 0.19350662061669308 0.1628514255791273 0.04069458211510261 0.17346053025431293
32 288 0.22478641770751465 0 0 0.18349458471763977 0.29285632716286925 0.169782476969462 0.1449448981166795 0.03598130712465253 0.14713465157555147
33 297 0.18796930146212745 0 0 0.15308244448127034 0.24671399041608963 0.13813911783614774 0.12002766503639616 0.02866960964927447 0.11980898991916011
34 306 0.1727433207538473 0 0 0.13982703785717476 0.2240811933038779 0.13029041513717024 0.1017129776668386 0.026186886053721034 0.10901545005520692
35 315 0.1605859876876571 0 0 0.1338924325164157 0.2084762128289741 0.12297815305391073 0.09632724396022599 0.023503598344399072 0.10212510322779986
36 324 0.14166307945743256 0 0 0.11438354981154895 0.1848206009078368 0.10908395924484668 0.08499521440310161 0.01882016667183437 0.08984929128717849
37 333 0.12793065252470953 0 0 0.10447803177270308 0.16540117377136013 0.09516636072193926 0.07860793989144446 0.016132085977658778 0.0815536582347444
38 342 0.120549619624729 0 0 0.09995587535084688 0.15421338829998432 0.08957579268399832 0.07061526836708515 0.014201490454017874 0.07283081687974666
39 351 0.11673801446831526 0 0 0.0970489088041672 0.15322631231106149 0.0881341083504868 0.06656738269201976 0.013052192359306655 0.0658964787241951
40 360 0.1244798368438582 0 0 0.09891916999093567 0.15898821333010654 0.09841131338504575 0.07828344198110947 0.012880455674445278 0.07935283591111879
41 369 0.11599860763754279 0 0 0.09515705733960397 0.14230664437053323 0.08893758702994506 0.07447280842259073 0.01127293705602492 0.07483402169320977
42 378 0.10815531005651331 0 0 0.0897774073847021 0.13190536567150285 0.08465815902381851 0.07040858894020915 0.010282802683611326 0.06789718830620123
43 387 0.10573104179654237 0 0 0.08648654090914114 0.13188911979940993 0.08614782207739034 0.0684499426726565 0.009265881198724617 0.06402097187644948
44 396 0.10554627494113486 0 0 0.0861280219542293 0.12803359690034 0.08830127623830045 0.068641863369671 0.008649042930310496 0.06452612343310837
45 405 0.09945246795750808 0 0 0.07644169443443939 0.11349582663322812 0.08430763828324087 0.06531017512960835 0.007845860043724335 0.061101900110580136
46 414 0.10545056734439315 0 0 0.08835339739766844 0.13370320536105565 0.08765604582507444 0.06966688216758224 0.008266588835582088 0.06550235547664335
47 423 0.10414608619618038 0 0 0.08823198797895421 0.13645664100145902 0.08943237633083793 0.06562023375352044 0.007970395352951845 0.06309827723504491
48 432 0.09406884125843615 0 0 0.08088213799176243 0.12899102464668638 0.07591635326292802 0.057911215523112174 0.006835889843915551 0.05601401781182361
49 441 0.08429669730610402 0 0 0.0700954568643044 0.1113379865633515 0.06937088382862568 0.05085531364593525 0.005665946473093461 0.05024430221850532
50 450 0.08276525410001095 0 0 0.06884026973308599 0.10673767967561908 0.06729437876310082 0.0516713413187005 0.005230064457032109 0.05210993437399128
51 459 0.08108670447201456 0 0 0.0695299641981834 0.0985264356469324 0.07223249242297941 0.04833155797203093 0.005065131982887164 0.04918250733365033
52 468 0.09417162980603715 0 0 0.08655239166067127 0.11619820021195838 0.0970110007027857 0.06288403103287273 0.005570441053095204 0.06199416048007554
53 477 0.10275551090622383 0 0 0.09755337275805882 0.13756922455990048 0.1189576154237163 0.070554552422546 0.0054040582013357786 0.06963599501443175
54 486 0.09202375304330662 0 0 0.08506670106441172 0.12082040239786059 0.10772817128054958 0.06215176223345903 0.004726283916499137 0.06257645608619988
55 495 0.08428556868266143 0 0 0.07933920415781545 0.11040783373570952 0.09759728573687802 0.05580009038725298 0.0041168764266467095 0.05559821538929819
56 504 0.08823853415443372 0 0 0.0900285649657623 0.12428807075486686 0.09820175621706029 0.06057030883387543 0.004271132700621617 0.05854757787300151
57 513 0.0821501842187443 0 0 0.08443417736455969 0.1189381795517766 0.09096182349024788 0.05841092997380514 0.0037378722659509272 0.05661209750951217
58 522 0.07794519944169756 0 0 0.0786710007893669 0.1083536322474396 0.08495411431668164 0.059135825624801935 0.0034600411281039 0.057939159087627735
59 531 0.06800921486655134 0 0 0.06937818734473215 0.09877319079937344 0.07454822106261261 0.052153243779442436 0.0028548450615884877 0.05029233370954803
60 540 0.061268086117118654 0 0 0.059618470635051685 0.08852581320792295 0.06640277926378761 0.0465634037008309 0.0025082518346863786 0.04519246152693122
61 549 0.05789383013913256 0 0 0.05643255047733969 0.08533812477478893 0.06308179453040179 0.0428034678536735 0.002325137922472094 0.04126719686638778
62 558 0.06044409960577882 0 0 0.06017562058022277 0.09145450346352776 0.06409850213593998 0.045787559895204756 0.002245400611270122 0.04456084972642932
63 567 0.06452798615407576 0 0 0.06621497100849161 0.10192656865212796 0.06798895979245492 0.05017236984748706 0.002249745945162324 0.04899263088797929
64 576 0.06692165692739445 0 0 0.07076522420238301 0.11257576612359488 0.0693567067316718 0.05214494639743818 0.002287462753398785 0.05116114496019356
65 585 0.060040167362347484 0 0 0.06242347184655014 0.09643710146136134 0.06129847058661807 0.047340081412806434 0.0019572190581460345 0.04654849224217453
66 594 0.06425415111370308 0 0 0.0670044466162047 0.100318314771692 0.06697088593182761 0.05246535267212967 0.0019251723417965493 0.05171485956323809
67 603 0.0589008630789862 0 0 0.06332839171607252 0.09055905206179522 0.05976839289778501 0.046394235566146254 0.0016558632107701841 0.045705204590684285
68 612 0.050129112275897884 0 0 0.05117696548282619 0.07423248653650844 0.05113120429243627 0.04015511516045587 0.001310652572141314 0.03936920312838769
69 621 0.040996663545662115 0 0 0.04156042091285267 0.06071372684529459 0.04039788489943644 0.030200560532735603 0.0009985017722450075 0.029722923759242487
70 630 0.03956264277709922 0 0 0.04109841835799494 0.057564154623824276 0.0386117191711119 0.03054411423807629 0.0009466308087379986 0.02994803158194358
71 639 0.039128020567397774 0 0 0.041872290663843605 0.060693922352923264 0.0378206646002468 0.027593481641085424 0.0009093729394472127 0.027128722867167682
72 648 0.03731175835398231 0 0 0.04001205494273905 0.05534947330082935 0.03466384206843869 0.02630308267679975 0.0008175082583506599 0.025731179309989905
73 657 0.033784075136963694 0 0 0.03513969098081918 0.047774871230870986 0.03127076486164094 0.023812145592077998 0.0007156424751801309 0.023236373488157658
74 666 0.030531948605012484 0 0 0.032108581173369434 0.04251367710300557 0.028815795165531836 0.020937815957269592 0.0006165676822760851 0.020291170136989434
75 675 0.028848072186198843 0 0 0.03025988908003247 0.042729557655350046 0.027487789867427653 0.018080374949634947 0.0005794134323182969 0.017644933919084383
76 684 0.028801338758487765 0 0 0.030245675117424747 0.04433535226164443 0.028775016353273817 0.01772661143882958 0.0005438170575965836 0.017416255650735568
77 693 0.024201174835250337 0 0 0.024569526363795377 0.0364717473352368 0.024145581080698517 0.014433194904135813 0.0004309799177055044 0.014261304170604004
78 702 0.020127595099796256 0 0 0.020558431513665064 0.030009496426807756 0.019993148952166556 0.011738977390376014 0.0003490134570529786 0.011617836681413089
79 711 0.018137604723904126 0 0 0.01814816923657131 0.0266348994185468 0.017997970466996836 0.0106061967031276 0.0003119029670044257 0.010536267824680643
80 720 0.01706483890333655 0 0 0.016808458897171908 0.024926600807653743 0.016654812698675758 0.009911347127236158 0.00028355660587560876 0.009863425920658416
81 729 0.016700083545676436 0 0 0.01742724238694971 0.025263527854350196 0.016573309076210758 0.00965083185807152 0.00027450625041228134 0.009608897216259757
82 738 0.017078346844659698 0 0 0.018863624856706698 0.026435740960923885 0.017383195342227566 0.009947899614812602 0.0002705505354920778 0.009889388554148263
83 747 0.015278918795404299 0 0 0.01730799853130285 0.023801613760586537 0.015358188237769575 0.008759432838092138 0.00023195760140099904 0.008718052940031229
84 756 0.015390047273587925 0 0 0.01723325641621386 0.023597583153593803 0.0163054392840774 0.008752602590564451 0.0002495867529323035 0.008699663243236773
85 765 0.01489981938676834 0 0 0.017076466730857002 0.023528296312902156 0.016298270103787336 0.008648544299200294 0.00024476613051767316 0.008549455774145495
86 774 0.012879504792388937 0 0 0.014003747732142347 0.019228041888866464 0.013505678048735661 0.0072752130989907635 0.00021197393409561004 0.0072022942816892385
87 783 0.01375268198082734 0 0 0.015240106505531011 0.0211664719639032 0.014201293715587671 0.008947379594824853 0.0002263440907196345 0.008794784194847407
88 792 0.015103047594198414 0 0 0.017771516150413558 0.024634728515301622 0.015691517295133958 0.009964365711060007 0.000245616257523202 0.009805084118142373
89 801 0.01713294583718635 0 0 0.02164888022362453 0.028505668785991756 0.01752570934747326 0.01185357286062527 0.0002764713541693871 0.01161559348217983
90 810 0.01766362538780052 0 0 0.022329695830573038 0.03106957714921551 0.017575532773936812 0.011561609341760466 0.0002751476138465416 0.011228444465708242
91 819 0.017825190073910042 0 0 0.02124075472004936 0.032146467804077795 0.016776568378024326 0.011675598144757082 0.00026630268719339377 0.011383066445933045
92 828 0.02005613139075722 0 0 0.027096638497424993 0.042331183148874886 0.018211884481594144 0.012822494026406275 0.0002949055113420734 0.012464646068854878
93 837 0.020813927252122368 0 0 0.029001830226465596 0.04431927533275689 0.018284394964218992 0.01458233389190592 0.00030060908335612714 0.01420807887123204
94 846 0.020360322071891732 0 0 0.02957560673585389 0.04560082162561878 0.016698627031421415 0.013995728419242223 0.00026355394718475015 0.013609254096622609
95 855 0.019571434741135672 0 0 0.029060879873317683 0.04631376304413659 0.015276385730941614 0.013159727357127362 0.00024218190075506958 0.012760190926387291
96 864 0.019161781669465753 0 0 0.02716311390141988 0.045320258063266575 0.015300012641035672 0.012526476022648187 0.00023690573206170404 0.012192717849528762
97 873 0.01802662664171465 0 0 0.025330421101081003 0.04300914695612813 0.014509733634957254 0.011276578914714721 0.00022203588939773277 0.011013037746983879
98 882 0.01773734127758047 0 0 0.02476594003185752 0.041552451853850834 0.014740511160935096 0.010536659711578123 0.00021578030580120432 0.010329967543529389
99 891 0.019130706721682777 0 0 0.026572119944901246 0.04528397124236925 0.01613283676563501 0.012298416823249728 0.00023882962203119215 0.012260349278987396
100 900 0.0198399356268197 0 0 0.028714946568041955 0.04905117831087627 0.01684403750028963 0.012498479241800054 0.0002480839835432928 0.012505698872283052
101 909 0.019301341090000923 0 0 0.028089391281208298 0.047855356398133826 0.017359006162334642 0.012010873572723743 0.0002447494665179208 0.012023695088672121
102 918 0.019577577550438558 0 0 0.028440201597217527 0.04825360754089729 0.017655060788795408 0.012106553354818944 0.00022799333834013072 0.012066348370384148
103 927 0.01874473277571977 0 0 0.0282644872064887 0.047416694656723705 0.016367410333568946 0.011475573472019416 0.0002107304605197215 0.011446392186821896
104 936 0.019273826315685947 0 0 0.02771954968865591 0.047743423126946474 0.01697583773529642 0.011840731260616424 0.0002145078907959 0.011891794754178843
105 945 0.016740778479409794 0 0 0.02426596454261932 0.04168458034362088 0.014807972626854756 0.01033239867276435 0.00017788197775913612 0.010407718375430851
106 954 0.014457265749626557 0 0 0.02106625079879012 0.03580271846254222 0.01268318933448205 0.00840843608175326 0.00015163277001479782 0.008476099348902316
107 963 0.01596551253693313 0 0 0.025371947484428115 0.0407362200620532 0.012900596865031389 0.009156204933409408 0.000160413133258601 0.009191031249847595
108 972 0.018056149844556002 0 0 0.029368398372776758 0.04697713410870353 0.013275268474874384 0.012505892843329374 0.00017472321071154267 0.012445612445613879
109 981 0.01622975407595299 0 0 0.025836473249368514 0.04026278043163264 0.01199567295038571 0.011574385409926058 0.00015385080529156946 0.011510401699671165
110 990 0.013891432478640688 0 0 0.02185253567247364 0.03282043809186428 0.009538031979578279 0.009772300047485355 0.00012091436625705252 0.009698486141178525
111 999 0.012594762109010593 0 0 0.01994453480208591 0.029850745860752155 0.008413914009273202 0.008685765788551457 0.00010864084327365479 0.00863208487428845
112 1008 0.011918448904458196 0 0 0.018885075178079212 0.02847295330014936 0.00812740898289467 0.008598291807304995 0.0001006745295048841 0.008502609731385313
113 1017 0.011854923255978119 0 0 0.01899853723314793 0.02885999171407676 0.0078005316798507975 0.008625508846251486 0.00010050933129493677 0.008547334449643867
114 1026 0.011618991630992448 0 0 0.018640872294594726 0.028469835692970423 0.00735681578508519 0.00872136324739598 0.00010234881819118234 0.008621137606773634
115 1035 0.01218775853141534 0 0 0.019111361176138195 0.02950271483224794 0.00771893107939807 0.009706687396712262 0.0001075385871350505 0.009612510451627207
116 1044 0.012291591633517446 0 0 0.019011819977462048 0.029188716487187044 0.007726175478102538 0.009809720919954325 0.00010372367392971546 0.009732713947993016
117 1053 0.01281693908124718 0 0 0.01919346066197131 0.030715790448735146 0.008399401019076868 0.011095748421557411 0.00011221506848715947 0.011081367253575647
118 1062 0.01179246768687098 0 0 0.017584124967247195 0.02835092552134178 0.0077011965508000015 0.01015829567840943 0.00010289732711974073 0.010154907574346353
119 1071 0.011167929168818319 0 0 0.016924862060396687 0.0269162079776955 0.007365810562161426 0.009510619638932799 9.61283056260405e-05 0.009510824326720558
120 1080 0.011120963830593269 0 0 0.017293665858100077 0.027735230481236016 0.006983637061171551 0.009083486000577456 9.696470856927118e-05 0.009117457743832443
121 1089 0.01152006510764905 0 0 0.019315227011397523 0.03006627877780547 0.007450340221180268 0.009957074526517437 0.00010066777597575947 0.009927087860341315
122 1098 0.012865608514347085 0 0 0.020484287805107342 0.031945178751619244 0.009285237804781212 0.011384579851660956 0.00012962829996978072 0.011388586397463783
123 1107 0.01584066650951982 0 0 0.024608678879117257 0.03719988408663519 0.012048609180522706 0.014365632467873493 0.0001617891399330059 0.01438973749036621
124 1116 0.01664419049252017 0 0 0.025029250803423622 0.03833152804236279 0.012725996383414234 0.015088276862048881 0.00016824175947671705 0.015158905684917023
125 1125 0.018309136227463985 0 0 0.02808743582895117 0.04162642847199297 0.014997760299701788 0.017863946315574784 0.00019959828186933592 0.01792084338326602
126 1134 0.018166284441818267 0 0 0.026410776639733763 0.0385581184249326 0.014806731217444389 0.017866802906891844 0.00019784113464542275 0.01790661721343248
127 1143 0.016448801389383934 0 0 0.023212326392051175 0.03321270224657182 0.01289374239649442 0.015289921645638376 0.00017519677329777984 0.015305088153167876
128 1152 0.017813361221720624 0 0 0.02428299514392451 0.0364683687388996 0.014872652948998127 0.016731172312496226 0.00021564420654496502 0.0168156547716475
129 1161 0.020104768348528073 0 0 0.027434216041817075 0.039212260954887175 0.017935447194442275 0.01977004587313398 0.0002515271993382742 0.019828057929126466
130 1170 0.024054637731296034 0 0 0.032694977357231564 0.04513636058520605 0.021073255564896094 0.023312222720986375 0.0002881253134892671 0.02338829824463419
131 1179 0.024455958722261063 0 0 0.033113374291062134 0.045519354766167724 0.021825548817503104 0.02342874409708092 0.0002887010913950137 0.023486500447214065
132 1188 0.024317497964802596 0 0 0.032941734137192535 0.04288588011922591 0.021416504238521 0.0222946163096888 0.00028515079086967776 0.022303813347514502
133 1197 0.020915313681686212 0 0 0.028277631337000775 0.036545853051539 0.018284121230366455 0.01862494176716278 0.00024358646013313603 0.018609640264014515
134 1206 0.019940106823646782 0 0 0.024846673882800128 0.03152269911558726 0.017239407504592526 0.017602619178649834 0.0002308692263066564 0.01757938630313485
135 1215 0.020142619406926795 0 0 0.024468000346443333 0.030549534343083593 0.016052247002542413 0.016065500193659623 0.0002104085015824066 0.015997051764046703
136 1224 0.018203805751031147 0 0 0.021778168969159975 0.02693552985189394 0.014300460633047912 0.013942016705781476 0.00018524081995494236 0.013868181706875364
137 1233 0.015968500484383877 0 0 0.019010072561810365 0.022534402322050336 0.012286784680106227 0.012491324506238473 0.00015542401319688405 0.01237766093380492
138 1242 0.014917961714518346 0 0 0.01845755113058102 0.020597764227274204 0.012424137277123295 0.011804478467616111 0.00015502600524454945 0.011684022522968227
139 1251 0.01456049968144389 0 0 0.018279837502797353 0.02010991304084402 0.012215466712214464 0.010924096057905194 0.00015377016256110419 0.010829109793977618
140 1260 0.014844196095634575 0 0 0.018589389129967583 0.020922407705575317 0.012587299543058428 0.01093114658246624 0.00016122715008432215 0.010849692377938229
141 1269 0.012945346534388277 0 0 0.01589034637306455 0.016982123775091534 0.010652438052702953 0.009205809864204035 0.00013313298919815814 0.009143046987410726
142 1278 0.012704654143525338 0 0 0.01454233403711461 0.016249692882991818 0.010398456201987935 0.008891224998908254 0.0001294394403515777 0.00884687922791171
143 1287 0.012105031486225758 0 0 0.013692980728657933 0.015194392877188323 0.00982630521702169 0.008266103964994892 0.00012115929679185845 0.00822120040162067
144 1296 0.013182732401033619 0 0 0.014421133525854384 0.016071896361597584 0.010884257235716524 0.00873458199336084 0.0001304418979660468 0.008718243381179694
145 1305 0.014374710219419837 0 0 0.016497560465685353 0.017668855948979257 0.011978668518114867 0.00954532032342778 0.00014093177989797298 0.009494048605316833
146 1314 0.013700326448536521 0 0 0.015503407437367089 0.017848488177596947 0.011011827237321956 0.008772606068223804 0.00013058994958069944 0.008757027005716775
147 1323 0.013305668386676846 0 0 0.014936396896700678 0.016468673721437548 0.010740838740004833 0.008645111722916567 0.00012562763947280447 0.008589617313345725
148 1332 0.013317024177631774 0 0 0.015467399488312127 0.01635964452289361 0.010697027360035125 0.00875657645365605 0.0001329087747568099 0.008709378770274912
149 1341 0.012255626777965132 0 0 0.014111303279092751 0.014792017921428155 0.009982765451713827 0.008032782667731043 0.00012545998540885797 0.007987092418534517
150 1350 0.012675659631313535 0 0 0.01449303235965062 0.015253246065121864 0.010169318179991196 0.008199452432416226 0.00012677973579800923 0.0081617484376941
151 1359 0.012000794427297 0 0 0.012814934695345056 0.014195257152836226 0.00955870645839502 0.007588723791447333 0.00011572998953397705 0.0075525314226703374
152 1368 0.011884517373204246 0 0 0.01279514377440752 0.013800083148100908 0.009833636739734839 0.00747943226719484 0.00011829267734061319 0.007444815311513292
153 1377 0.011066652708344026 0 0 0.01220777508339595 0.012804476687495986 0.009366161430861792 0.007007063785373626 0.00011095284025621024 0.006964509055256636
154 1386 0.009985588599297539 0 0 0.011242080691941662 0.011828548000498665 0.008078690650205469 0.006083665952050686 9.590750927321564e-05 0.006037207133047294
155 1395 0.010091615415828 0 0 0.01113079124468084 0.012110009964364715 0.008223224158970243 0.006153635122062474 9.587676598110438e-05 0.006115238170410184
156 1404 0.010937785441028277 0 0 0.012732681545560754 0.013182790982067554 0.008597462802801006 0.007213070918285323 9.999937059894953e-05 0.0071343682805865925
157 1413 0.012776601481611442 0 0 0.014756343088500426 0.014674172486851711 0.010233106517421414 0.008616741153373677 0.00011661628330890838 0.008525836829425072
158 1422 0.011689545658013629 0 0 0.012737278847692041 0.012813227190596039 0.00906833926477076 0.007879980749259755 0.00010415573591776433 0.007793245998583223
159 1431 0.011806474980921612 0 0 0.012695174167059984 0.013008461586534174 0.00899466285050455 0.00791482943965855 0.000102824045099281 0.007818999809699632
160 1440 0.011482992912891442 0 0 0.011481311626886925 0.012183420976446912 0.008812129589495099 0.00743658703965157 9.905505085145334e-05 0.007356830312378145
161 1449 0.011433011421456533 0 0 0.011566644930314092 0.012777624452508615 0.0087517293364043 0.0076653040633489645 9.887462833799352e-05 0.0075708455875171795
162 1458 0.011433916452896207 0 0 0.011764493000088052 0.013446419409191569 0.008871572235417853 0.007690299508771994 0.00010042183592399277 0.007572640830850716
163 1467 0.011878419477521026 0 0 0.012816680403917896 0.013993023207517077 0.009396696488443004 0.008247542868586916 0.00011149998826275795 0.008118310034415523
164 1476 0.011810820456003556 0 0 0.012504444346861742 0.014331182167653675 0.009031801929204109 0.008023174028205534 0.00010932364903748958 0.007896561343439096
165 1485 0.010165588396621275 0 0 0.010153584703209173 0.012230862007324457 0.007164331739650356 0.006685363781567303 9.12725219675063e-05 0.006589441518333628
166 1494 0.00864969417008152 0 0 0.008577420268216063 0.009931406311276978 0.005850890465181229 0.0056738993545068115 7.499086271375674e-05 0.0056031559992345764
167 1503 0.008741063405839833 0 0 0.008870551569725882 0.009904369615518384 0.005994390427729658 0.006089759964632845 7.632914306428346e-05 0.005996345609394624
168 1512 0.00947445442978441 0 0 0.009340327866950021 0.01065450106815177 0.006501518564264479 0.0066354702774264205 7.957825080612088e-05 0.006519284189380361
169 1521 0.008021099253440564 0 0 0.007785219758974211 0.008731571451668764 0.0055665798998449775 0.005788187443062272 6.83047901142873e-05 0.005696741248659539
170 1530 0.007303912823324654 0 0 0.006781085739198603 0.007773722967950426 0.004872670851672634 0.004908332908680606 6.156889220899766e-05 0.004836949925475153
171 1539 0.006938155222111796 0 0 0.006630139920066262 0.006880123840275836 0.004804513900731082 0.004661765490722414 5.594468557952041e-05 0.004592023153266072
172 1548 0.006705791641926058 0 0 0.006421627014042575 0.006369425215548258 0.004784487224975424 0.0045361687552257736 5.476218883819297e-05 0.0044619386703460585
173 1557 0.006580459743313104 0 0 0.006212082835993275 0.005740983862362018 0.0045402056400062184 0.004470663694076643 5.2033315903382156e-05 0.00439720660518242
174 1566 0.005657111523144283 0 0 0.005167057567333143 0.004851162575923322 0.003886482780521899 0.003691832628596392 4.2578319007254306e-05 0.0036248389581566547
175 1575 0.005114342792516492 0 0 0.00460326528256074 0.004373109404486874 0.003436945565390353 0.003415614084811227 3.661592187549865e-05 0.0033522040196197612
176 1584 0.004548367638258464 0 0 0.004098575042160436 0.003770168573968841 0.0030624671457521262 0.0030596411067747202 3.189202068834362e-05 0.0030024234061890526
177 1593 0.004160133811760451 0 0 0.003523431500036099 0.0032527031842108953 0.002761166538520164 0.0025523068752810467 2.8101514969655996e-05 0.002503923574180703
178 1602 0.004531479757527658 0 0 0.003668628292870438 0.0034336421627960086 0.0031438479949195343 0.002855174938012551 3.0151570414119316e-05 0.0028032523356664196
179 1611 0.004365676666424956 0 0 0.0035938228642118865 0.0034139529210978443 0.0029854412629212205 0.002598626146226306 2.740840896578128e-05 0.002539031392514828
180 1620 0.0036607996634731212 0 0 0.002819877498015463 0.0026094127892815596 0.002407231080265695 0.0021390296561062073 2.2137989231694713e-05 0.002094211974330169
181 1629 0.0033019054765324814 0 0 0.0025466929237637588 0.0023571993186927696 0.0021717899308086952 0.0019490139587796454 1.95117403884886e-05 0.0019070117028195056
182 1638 0.0028549799545104153 0 0 0.0022271488660341216 0.0020052843902541614 0.0018569039892506105 0.00173663515934862 1.703185927433274e-05 0.0016997134029480359
183 1647 0.0027557173666702354 0 0 0.002098392173474701 0.0018533972153704005 0.0017217202941051583 0.0016163587731774583 1.5584996957571207e-05 0.001579750549830935
184 1656 0.0029414765503832066 0 0 0.0022342157450631027 0.001951759460756735 0.0018314562192005466 0.0017847847216653312 1.5849981666076176e-05 0.0017446926101514504
185 1665 0.0028202775861885937 0 0 0.0020448931730168217 0.0018621801043025535 0.0017201234971551261 0.0017180121338241721 1.400258577424226e-05 0.0016802792837547526
186 1674 0.0027003814921658592 0 0 0.001799610560143728 0.001659415375032783 0.0016270821418771213 0.0015911063510570193 1.344379157509011e-05 0.0015597335732722478
187 1683 0.002989854002658262 0 0 0.0020097166809022824 0.0018496284196175532 0.0018434618790846426 0.0017826994252398377 1.4694360220995196e-05 0.001745863091259221
188 1692 0.003252543741161808 0 0 0.0020869174382059682 0.0019412554783085436 0.0018250109815870818 0.0019985960154501616 1.4485675051372537e-05 0.0019564851953539414
189 1701 0.0029834398720961896 0 0 0.0019184582420009723 0.0017197667796918495 0.001658400989850008 0.001856270733310288 1.3163029172476166e-05 0.001817196325060525
190 1710 0.00301368726068069 0 0 0.0019623507283928186 0.0017876410167170526 0.0016200541717728979 0.001902588454139792 1.2005958551744116e-05 0.001860535489820833
191 1719 0.002692072995747737 0 0 0.0017192973941615904 0.0015368763184179072 0.0014151356104233179 0.0016454116411776843 1.092469809832504e-05 0.0016080142910633157
192 1728 0.00258470905008832 0 0 0.0016525053026362334 0.0015296319497322094 0.0013328212089043232 0.0016105918057800486 1.0139437471285201e-05 0.0015725307859999944
193 1737 0.0025721272964643396 0 0 0.0016527808580316552 0.001538916795685824 0.0013759504150422889 0.001631572243137108 1.022483097643729e-05 0.001592671166611222
194 1746 0.002563053598347428 0 0 0.0015373144196058437 0.001406911643032006 0.0013311049894314 0.0016742816108494718 9.76193716421267e-06 0.0016363506417998435
195 1755 0.0024082338702734207 0 0 0.001457383706889392 0.0013085670742478649 0.0012336011060773992 0.001612750433907543 8.88582924469864e-06 0.0015769244373395378
196 1764 0.0022760150505065115 0 0 0.0013572301263399783 0.001180470936079447 0.0011855678847070813 0.0015033755878697157 8.872789127729688e-06 0.0014698186178862122
197 1773 0.002383064056250229 0 0 0.001464857068169599 0.0012640225076592402 0.0012328468727884477 0.0015731635500553867 9.19301781039898e-06 0.0015377447170999944
198 1782 0.002036987473754378 0 0 0.0012324960022633154 0.0010641090019030297 0.001037734178277269 0.0013361355009306824 7.568691494781894e-06 0.0013063512066319772
199 1791 0.0018010417417867707 0 0 0.000993014829366671 0.0008853387242998792 0.0009224684302285995 0.0011242333427948991 6.691889873765251e-06 0.0010997125281924079
200 1800 0.0016758696040567666 0 0 0.0009160165026829933 0.0007999949802781564 0.0008405631154677096 0.0010865999082372076 6.197784474020331e-06 0.0010642710240099129
201 1809 0.0014970713139283202 0 0 0.0007810039827430882 0.0006864822903295538 0.0007030924708809909 0.0009785585266868207 5.138976322447572e-06 0.0009589190587311523
202 1818 0.0015648683840928737 0 0 0.0007931648587180099 0.0007130278261544305 0.0007402852681144236 0.0010849205579036357 5.327876509929208e-06 0.0010652752909641114
203 1827 0.0018117462186016415 0 0 0.0008931914808352765 0.0008091308361583395 0.0008415990485461343 0.0012561221808996186 5.94675661526134e-06 0.0012342137699539887
204 1836 0.002041911889009373 0 0 0.0010094759754817758 0.0009064597998435449 0.0010084447038178424 0.0015280743763572532 6.594827984450805e-06 0.0015023087247767444
205 1845 0.0021801097870218157 0 0 0.001061820171489035 0.0009647615246330169 0.0011016834070623363 0.001753460257751165 7.10008493300991e-06 0.0017246647191006164
206 1854 0.002463701265276553 0 0 0.0011499012098077984 0.0010412086110955384 0.0013125092012603137 0.0021823199979788864 7.810305225028652e-06 0.002150032432793855
207 1863 0.002406706172451623 0 0 0.001160008410745684 0.0010331427514092097 0.0012931028743509965 0.0020551602062983867 7.466967156693983e-06 0.002023841395391477
208 1872 0.002425603256634582 0 0 0.0011291521881717193 0.0010168174285710974 0.0012708602374637758 0.002084887207284848 7.324975610579754e-06 0.0020534174368726666
209 1881 0.0027480716451709535 0 0 0.0013159460506921845 0.001187887766704949 0.001424680694868122 0.0023435352714197195 8.667003220518333e-06 0.0023074791717270127
210 1890 0.002626587859745412 0 0 0.0014185498870398275 0.0012421436818475446 0.001346243381264142 0.002245344185752097 9.019774937839973e-06 0.0022100678875790034
211 1899 0.002246097388912643 0 0 0.0012010840235761196 0.0010451043636979086 0.0011558876183167994 0.001859927053272056 7.553571187659679e-06 0.0018298986824059138
212 1908 0.002050851780006071 0 0 0.0010757831170443203 0.0009386304247433608 0.0010657315888662078 0.0016738671616257686 6.856204597747778e-06 0.001646366232319905
213 1917 0.001997994169030048 0 0 0.0011615105532927124 0.0009927101717061187 0.001084049150226149 0.0016768650034288473 6.983106498650679e-06 0.0016466779463657918
214 1926 0.00211355402650729 0 0 0.0013048685216472448 0.0011093504273918286 0.0011051116666951372 0.0017419409130174713 7.178203809337144e-06 0.0017105598438904438
215 1935 0.0022135506104157547 0 0 0.0014207585102546387 0.0012049911387011433 0.001176127813182485 0.001804051927911338 7.563573020902608e-06 0.0017709075558941328
216 1944 0.002197227992323221 0 0 0.0013509084025577912 0.0011274020093901146 0.0011458604228032378 0.0017819560145144798 7.206260087617712e-06 0.001749884746252006
217 1953 0.0022652158033055997 0 0 0.0014095893804334173 0.0011644262053050222 0.0012043612166503564 0.0017921926378635772 7.697770089056684e-06 0.0017603496849922448
218 1962 0.0022812385041615013 0 0 0.0014180836949195992 0.0011675497156713186 0.0011682689999415997 0.0017799639557138402 7.742944254326313e-06 0.0017479934704754993
219 1971 0.0023310795560922727 0 0 0.0014352145403246515 0.0011771168412441553 0.001163053119099283 0.0017508849655091334 7.858397467436005e-06 0.001719815418838563
220 1980 0.002350411912647548 0 0 0.001450311668300092 0.0011838307225954569 0.0010575895977620715 0.0016141511253656051 7.735527763369304e-06 0.0015831724933633884
221 1989 0.002448878776197413 0 0 0.0014399190980793897 0.001187736402217426 0.0011281597591750842 0.001631460998890072 7.971253838770137e-06 0.0016004053414236886
222 1998 0.002271267552468521 0 0 0.0013492400115273774 0.001112980484323996 0.0010214002828340559 0.0015100256970334404 7.229900886433043e-06 0.0014823372392081034
223 2007 0.0021209846299848215 0 0 0.0012778346936232758 0.001047573647342557 0.0009850673532370438 0.0014275748110612282 7.075273007967376e-06 0.0014014036101772942
224 2016 0.0018487917085657736 0 0 0.0010890032542353108 0.0008897230633349715 0.0008325112188984996 0.0011232733950808076 6.081654258715428e-06 0.0011030332507870105
225 2025 0.0017919835690922276 0 0 0.0010158212601495175 0.0008222560964072451 0.0008185191074209912 0.0010350085176675735 5.819759251603584e-06 0.001016838838756841
226 2034 0.0015558633973329163 0 0 0.000855387320377557 0.000693237862090963 0.0006776930091180289 0.0008457396366220764 4.826893040558972e-06 0.0008312799078750062
227 2043 0.001485716529471555 0 0 0.0008084602154945258 0.0006485094102281464 0.0006405773103591184 0.0007417449495012532 4.663113159396482e-06 0.0007286467967801612
228 2052 0.0014572293185901967 0 0 0.0008108321269374218 0.0006511023125686057 0.000625359363139326 0.0007346390779459182 4.601456926772123e-06 0.0007214460029194747
229 2061 0.0014309855450847998 0 0 0.0007280458244632763 0.0005907649134660363 0.0006329073310452947 0.0007028318653828458 4.4124845400100584e-06 0.0006907799237674124
230 2070 0.0014387862175675047 0 0 0.0007317615163360668 0.0005895233088742761 0.0006328604237832474 0.0006876003521432652 4.446892333677734e-06 0.0006755605811285881
231 2079 0.001207198056699328 0 0 0.0005704910999077196 0.0004583201903601903 0.0005053946596517589 0.0005252942753397276 3.5390784061546415e-06 0.0005164400872239171
232 2088 0.0010770200638833712 0 0 0.0005044120842591522 0.00040598217462601476 0.0004347317757321921 0.0004616040053381331 3.170112654616525e-06 0.00045404851311522807
233 2097 0.0010553503884791864 0 0 0.0005043537462877046 0.0004073969043540691 0.0004192326717074917 0.00044066258840271563 3.0523313739813416e-06 0.0004332592310402966
234 2106 0.0010733335569080794 0 0 0.0005767180103469022 0.0004632123693243565 0.0004816805111482487 0.0004168939317908244 3.64824839079373e-06 0.00040954270566950654
235 2115 0.0011251454918507035 0 0 0.0005878642490404322 0.0004758546439191419 0.0005520163455910754 0.000422901224864535 3.975816961528411e-06 0.0004156876927296972
236 2124 0.0010932070675220794 0 0 0.0006008396700828152 0.0004872817921250193 0.0005372220299988075 0.00039629393688971195 3.894383148342484e-06 0.00038862816455220446
237 2133 0.001053969324693107 0 0 0.0005491109020472388 0.0004461093353435649 0.0004973313104494505 0.0003904361747291304 3.5420838743351875e-06 0.0003829705495997333
238 2142 0.0010171517589630578 0 0 0.0005170438361314046 0.0004197882622315452 0.0004751926450969578 0.00038989135413192334 3.4047948798147243e-06 0.0003823056577705917
239 2151 0.0008917382605290741 0 0 0.0004438603549146732 0.0003613584617664475 0.00041798502948126655 0.00032498169610567913 2.9719669886655275e-06 0.0003185105825102763
240 2160 0.0008567301677838149 0 0 0.0004086816254567371 0.0003322097664929569 0.0003667544964882945 0.00031351612216389495 2.610909788621541e-06 0.00030759255661642757
241 2169 0.0008808905862415623 0 0 0.00043380900800090154 0.000355482452723872 0.0003679049583740923 0.00031951734090491336 2.6936199551132695e-06 0.0003137304814218189
242 2178 0.0008726217029538817 0 0 0.00043590027636470903 0.0003563276445503619 0.00036681131684973805 0.000302545817060959 2.673901721330601e-06 0.00029749965081983136
243 2187 0.0010195422529350423 0 0 0.0005109459571490068 0.00041873258941386223 0.0005119128106019311 0.0003782349631439827 3.457617236865761e-06 0.00037308078106178917
244 2196 0.0012075820529392981 0 0 0.0006020091662669547 0.0004957159560738421 0.0006641537688347534 0.0004229103389625014 4.226013805610661e-06 0.0004172564418955147
245 2205 0.0011864099624750164 0 0 0.0006078654660454723 0.0005006032277425377 0.0006494206251196896 0.0003897939735172722 4.179777278979381e-06 0.0003844933311239069
246 2214 0.0011721662454506172 0 0 0.000593241229141165 0.0004891981330718593 0.0006346623524065029 0.000381635701719554 4.10269325044159e-06 0.00037631466698079177
247 2223 0.0011095431670782373 0 0 0.0005578865477022434 0.00046064938426352615 0.0005825890447747169 0.0003485524792529377 3.7024921213039237e-06 0.00034450159288387127
248 2232 0.0011420181993218993 0 0 0.0005739057236038487 0.00047472745509714967 0.0006113172431850407 0.0003554021528726603 3.913999543668454e-06 0.0003512666717618707
249 2241 0.0010387757749112604 0 0 0.0005249996330040094 0.00043490728374155044 0.0005626923017209157 0.0003171453669760585 3.6554061641919356e-06 0.0003139341094030557
250 2250 0.0011064304049783315 0 0 0.0005219656983547748 0.0004337610400662282 0.0006040421709679869 0.00032302629632622627 4.005994133364732e-06 0.00032017871489197733
251 2259 0.0011015642202821367 0 0 0.0005139377178440278 0.0004260959057775189 0.000612446914066969 0.0003088252391213859 4.094723769184227e-06 0.00030569385120549883
252 2268 0.0012254854908465018 0 0 0.0005664597214714663 0.0004692003864461762 0.0008160535946817583 0.00035310334762924625 5.420363483404433e-06 0.000350462199800095
253 2277 0.0013226679598472538 0 0 0.000609687576499217 0.0005065168229131468 0.0009738693021432296 0.00038451495072097484 6.33386769476919e-06 0.00038312430910471463
254 2286 0.0015377707423059857 0 0 0.0007948777662651568 0.000665920303944145 0.0011500173000734415 0.0004203223929882026 7.378977665395134e-06 0.00041888314897261484
255 2295 0.0014805627643687787 0 0 0.0007623704189483455 0.0006385683210377323 0.0010742551748987794 0.0003890869021483679 6.8059341933626955e-06 0.00038792091930145054
256 2304 0.0014800779631527713 0 0 0.0007491317258291546 0.0006304402862926199 0.0011106782278539852 0.0003544125114508462 7.137683983868214e-06 0.0003552214594327154
257 2313 0.0014951613396031284 0 0 0.0007475164104143054 0.0006287497957229086 0.0011543666756794742 0.0003549682119627422 7.3647861375738294e-06 0.00035619734887128905
258 2322 0.0014161926572217784 0 0 0.0006994205570337066 0.0005872537503651474 0.0011114031434899033 0.00032150773707329683 7.066822797002632e-06 0.0003231156375479532
259 2331 0.00149334384367575 0 0 0.0007149913848980346 0.0006030089606626571 0.0011130104080134067 0.0003297958268822908 7.094547858866188e-06 0.0003312843479552122
260 2340 0.0018633265593210062 0 0 0.000907298555105618 0.0007653877490296665 0.001420932776676668 0.00038966215566545924 9.012982083983012e-06 0.0003919267143428254
261 2349 0.002008928209067128 0 0 0.0009714341885819669 0.0008218805905422939 0.0014765410787885493 0.00041907158671373914 9.203866410675963e-06 0.0004222308352160769
262 2358 0.0019526753029486838 0 0 0.0008934605461315654 0.0007572974550224612 0.0014634552970434487 0.00040070990514645726 9.31985922192141e-06 0.00040566902471810603
263 2367 0.0018813701802588745 0 0 0.0008608835032646086 0.0007312752694097163 0.001278702753661873 0.0003746530082404207 8.163083104598493e-06 0.00037905112400019476
264 2376 0.0018607032842323657 0 0 0.0008234268127160303 0.0007020360841403801 0.0012549482107038219 0.00038309137322144204 7.884786475436742e-06 0.00038817754555089403
265 2385 0.0016043396213331713 0 0 0.0007220234921301314 0.0006166638039222545 0.0010689828676563981 0.0003258413339040426 6.736207997479494e-06 0.0003305504393717394
266 2394 0.001348626970156492 0 0 0.0005967310853202498 0.0005086128969698037 0.0008525389248901632 0.00027494464879807066 5.326223128987206e-06 0.0002781842370927962
267 2403 0.00137124462383358 0 0 0.0006068073593083851 0.0005202542211501721 0.0008998580481097518 0.00028194111253595025 5.505374477265861e-06 0.0002863951402886997
268 2412 0.0012890332157861517 0 0 0.0005739858144053998 0.0004914902725522101 0.0008502413917568366 0.0002642631757563379 5.186725956769049e-06 0.000268366379571494
269 2421 0.0013189979675809315 0 0 0.0005556872900297158 0.00047679052381382147 0.0008545759201552331 0.00026690295301529967 5.224724691422389e-06 0.0002709515117685609
270 2430 0.0015182626713094911 0 0 0.0006338005289377582 0.0005439315683141547 0.0009664898172479944 0.00030379977293759446 5.8451835497765495e-06 0.00030889954877228506
271 2439 0.001374360836996053 0 0 0.0005703842784165733 0.0004912427513980435 0.0008632205833300239 0.0002616467620699472 5.1667228291176755e-06 0.00026724148970317567
272 2448 0.0012300509637252627 0 0 0.0005031871866555685 0.00043382204913152545 0.0007644670466564017 0.00023535252602459149 4.600585089309631e-06 0.00024013556012158807
273 2457 0.0010977163183398812 0 0 0.00044185942599758504 0.00038081980031625306 0.0006783183176287372 0.00021465829060272795 4.130372507647251e-06 0.00021880247103723188
274 2466 0.0011324857647272341 0 0 0.0004319840082595316 0.00037069461549607265 0.0006530207922633792 0.00022612584524159523 4.045189375693294e-06 0.00022903092568692245
275 2475 0.0011981668208659367 0 0 0.0004987738285573469 0.00042466859705485164 0.0006717392177781806 0.0002372816698800978 4.277496973075394e-06 0.00024029229033009945
276 2484 0.0011581787629105949 0 0 0.0004925992845028462 0.00041978432974001565 0.000639029389361126 0.0002389989951637608 4.03837278935061e-06 0.0002426118265499196
277 2493 0.001105470564077211 0 0 0.0004463956599606436 0.00037865694112303237 0.0006091818449640794 0.00022219937962400797 3.909090555419769e-06 0.0002248688698255333
278 2502 0.0010764141065016033 0 0 0.00043529524724656284 0.00036902316946729237 0.0006099962151761198 0.00021968680894012517 3.874647795541732e-06 0.00022220949412115446
279 2511 0.0009173881178888173 0 0 0.0003695353310077438 0.0003137296737731663 0.0005130797924422354 0.0001810713652636176 3.213210971777771e-06 0.00018349076137709092
280 2520 0.0008502490400084796 0 0 0.000336574804155235 0.000286212227811503 0.0004757996817786827 0.0001630692403543782 2.982177511730482e-06 0.00016559286884257332
281 2529 0.0007801899627898419 0 0 0.00030890114096682376 0.0002630296089769837 0.0004321478247696694 0.00014657172824998532 2.69432312810529e-06 0.0001492401476453121
282 2538 0.000676378110488227 0 0 0.0002553885582647539 0.00021694922029826024 0.0003500396849416305 0.00012127820091211381 2.2135987157889464e-06 0.00012327051725614924
283 2547 0.0006357657145506457 0 0 0.00023118199233907623 0.00019702841931133752 0.00031656555635388445 0.00011482755288058673 2.022628216565643e-06 0.00011653996006430672
284 2556 0.0006497143372023047 0 0 0.00024459417326695265 0.00020774772583988382 0.0003183974235627041 0.00011296544699441628 2.0470816753348956e-06 0.00011458655096242923
285 2565 0.0006248598428416819 0 0 0.00023243545371062912 0.00019740986986216746 0.0003130696993120757 0.00010841661286026702 1.966791990634506e-06 0.00010992466428064576
286 2574 0.0006440947586761457 0 0 0.0002321064791999713 0.0001968752100565461 0.00031106891061405 0.00011043835688575449 1.984027235374511e-06 0.0001118778668458403
287 2583 0.0005978846646010281 0 0 0.00020409821010836194 0.00017261379490626135 0.00028035883238306983 9.952005116320662e-05 1.8127321155603997e-06 0.00010053868271517707
288 2592 0.0006292581394930439 0 0 0.00021533516250608287 0.0001818861446345652 0.00029490539440672655 0.00010513572991133678 1.8998092223514617e-06 0.00010625385698497809
289 2601 0.0006460776941113023 0 0 0.00021917452041089966 0.00018577267869578307 0.00030136239069050903 0.0001068450206005767 1.928592294633449e-06 0.00010823350562365554
290 2610 0.0007112900937709704 0 0 0.00022596064749568515 0.0001941564044629855 0.0003521270077736833 0.0001330288975315813 2.1630346067713936e-06 0.00013482706099021734
291 2619 0.0006638680223392811 0 0 0.0002084520547550261 0.0001797535220869658 0.00033597587682348873 0.00012581072553860979 2.0480864021690393e-06 0.00012775963379354753
292 2628 0.0005855042547481062 0 0 0.00018224411935707544 0.00015738522464691607 0.00029542469865632374 0.00011213500452463983 1.7953897014614646e-06 0.00011390383253800682
293 2637 0.0005611470485948064 0 0 0.0001735257694482185 0.00015031261296464624 0.0002993240182715337 0.00010789352709742454 1.798886157170233e-06 0.0001097895429283223
294 2646 0.0005312157110876215 0 0 0.00016182049329506405 0.00014004890231045057 0.00028140795910779575 0.00010069510481561143 1.6748363249663194e-06 0.00010239844444122374
295 2655 0.0004928246828794942 0 0 0.00014649982585365268 0.00012616467441828948 0.0002538405917416814 8.973596908818597e-05 1.5160740393143048e-06 9.103396766103903e-05
296 2664 0.0004637678937587848 0 0 0.00013876217757807777 0.00011951614809176059 0.00023865804042677517 8.540255147669239e-05 1.4253723909866987e-06 8.666945108272584e-05
297 2673 0.0004008864681602649 0 0 0.00011695154035708965 0.00010049222806914992 0.00020301820960753184 6.869073106463161e-05 1.215783550422163e-06 6.979300178855149e-05
298 2682 0.0004014834769916712 0 0 0.00011268915532391709 9.664121169576222e-05 0.00020423522857861555 7.2239839857665e-05 1.2277300903439977e-06 7.303341931245599e-05
299 2691 0.0004054935071708628 0 0 0.0001145078828943933 9.778588491306188e-05 0.0001915364074034031 7.22922800589574e-05 1.1626882884620823e-06 7.290869629889358e-05
300 2700 0.00039382186454437655 0 0 0.000111744497347427 9.583430654324838e-05 0.00019842836981387476 7.270662958044678e-05 1.1811118546339574e-06 7.331180985166681e-05
301 2709 0.000371846911404895 0 0 0.00010510411462230111 9.031241709102308e-05 0.00019144991974975385 7.102594768276458e-05 1.1392528054221513e-06 7.164175460091921e-05
302 2718 0.0003364770340300401 0 0 9.488429279043412e-05 8.15233530653475e-05 0.00017195859946418537 6.3558851662793e-05 1.0289139230311045e-06 6.416764109552431e-05
303 2727 0.00037293004365739405 0 0 0.00010711091918202018 9.204673228928363e-05 0.00018919946527499697 6.539163068022736e-05 1.128946359931172e-06 6.620111083165126e-05
304 2736 0.00042205188673839544 0 0 0.00011328187193602169 9.732957315331851e-05 0.00022045295640892487 7.323341789691345e-05 1.3716770599817368e-06 7.398031750897729e-05
305 2745 0.0004936613559371874 0 0 0.0001404589344635229 0.00011965947437150581 0.0002472242514664961 8.73093084588617e-05 1.5857473835077714e-06 8.79879448108168e-05
306 2754 0.0005530255231422397 0 0 0.00015516825987535956 0.00013301684016627928 0.0002636858322576991 0.00010803975771705414 1.6254137176211445e-06 0.00010880750677272626
307 2763 0.0005462325803161737 0 0 0.00015679842662961433 0.0001342439508893678 0.000260053652643712 0.00010276238687521069 1.6250811568354652e-06 0.0001035114136434287
308 2772 0.0007290921789551478 0 0 0.0002088546912396358 0.00017807914587125384 0.000364626468150751 0.0001332725914085219 2.366329844649331e-06 0.0001342139266404766
309 2781 0.0010104422629777167 0 0 0.00029323306334971117 0.000251105012823723 0.0005190268679198857 0.00018690562196377179 3.313645645537775e-06 0.0001886083820224805
310 2790 0.0010828941667718123 0 0 0.00030235170363922557 0.00025863538130809985 0.0005441423823239876 0.00019869430678757602 3.518603935004956e-06 0.00020023964744542394
311 2799 0.0012975618615203373 0 0 0.0003597863906173475 0.00030750460536209986 0.0006636407347423134 0.00023629597110870942 4.241534158294092e-06 0.00023842067305560364
312 2808 0.0013972861984286329 0 0 0.0003876099405757362 0.00033167726541101717 0.0007211592347222714 0.00023868754866577204 4.611860085722396e-06 0.00024134510907795724
313 2817 0.001494644057275668 0 0 0.00039688077041640245 0.0003382089341075392 0.0007839945089284181 0.00023538383635826065 5.031158584824299e-06 0.00023858041071437
314 2826 0.001861094226773128 0 0 0.0004962961106848107 0.00042154768124146085 0.001018344661595354 0.0002940938834949425 6.5140879465731865e-06 0.00029823062234730186
315 2835 0.001819606022399052 0 0 0.0004828742863569929 0.00041026413070085875 0.0009763132348270851 0.00028881538338199005 6.186643668615758e-06 0.0002927688654242658
316 2844 0.0016771287543929788 0 0 0.000435342531845905 0.0003709824327888413 0.0008910566905624784 0.0002584000994092646 5.624978904561916e-06 0.0002627857588618072
317 2853 0.0015937465724016947 0 0 0.0004219450460507207 0.00035927217506262027 0.0008549613010020872 0.00024096252043982476 5.377355602626197e-06 0.0002450419405183617
318 2862 0.00154984012045892 0 0 0.0004151330657386887 0.0003544450101761311 0.0008239233680151552 0.00023467564669950623 5.146885470513027e-06 0.0002389796102757359
319 2871 0.0013399550221151922 0 0 0.00031413166005702254 0.0002680478328712097 0.0006801918194758193 0.00020082700144785875 4.313711432842049e-06 0.0002038376115237128
320 2880 0.0013185722201096608 0 0 0.0002954124603115229 0.0002504399068114446 0.0006265452664802651 0.00018564960711210156 4.080484484264056e-06 0.00018781278684349364
321 2889 0.001279241874413786 0 0 0.00028871063822793206 0.00024505090230786153 0.0006024639549828435 0.00017263793046242307 3.912568898828913e-06 0.0001749368658980445
322 2898 0.0012708646347209865 0 0 0.00029188267352446546 0.0002476786128105651 0.0005711607884349973 0.0001713434297070181 3.6558221492911036e-06 0.00017331490497236377
323 2907 0.0013088318012758181 0 0 0.0003081065274690516 0.00025978582254055884 0.0006129135916647762 0.00017561482225114474 3.944463678101233e-06 0.00017767110958084403
324 2916 0.0012905994503288399 0 0 0.000285793940449509 0.00023972342897414595 0.0006059026151940261 0.00016923144386312398 3.977432347797954e-06 0.0001704475557447337
325 2925 0.0013497265174775123 0 0 0.0002716445250137035 0.00022883781427224858 0.0006586649792200685 0.00017904089198269828 4.191519618869068e-06 0.00018042560962867676
326 2934 0.0013233383170138274 0 0 0.0002626870314571782 0.00022108792305982984 0.000644442152112683 0.000171678646802057 4.122579780597148e-06 0.0001728803149939841
327 2943 0.0014377827631593897 0 0 0.00027083051559547577 0.0002268273782199429 0.0006862879232141095 0.00020683705858456 4.406465293680809e-06 0.0002070369659897763
328 2952 0.0014737839012252266 0 0 0.00028490294750613135 0.00023573507583417782 0.000685433613006734 0.0002070618474149441 4.531913670954072e-06 0.0002065489766978073
329 2961 0.0014140941586484842 0 0 0.000257624806994374 0.00021424983574623363 0.0006467946006281686 0.00019409703752809856 4.23681216520329e-06 0.00019388678189113405
330 2970 0.0011791028023761239 0 0 0.00020906079676922913 0.00017413489866083788 0.00052632029734323 0.0001494577859470212 3.4840981254334294e-06 0.00014913113599664783
331 2979 0.0011528554825327567 0 0 0.00019546047705523313 0.0001620450424523602 0.0005015562903484637 0.00015546357254275282 3.343626681700424e-06 0.00015506392732309612
332 2988 0.0011506406054652308 0 0 0.0001936952049286226 0.00015924230319656733 0.0004891377249018018 0.0001534097239004543 3.266974323229553e-06 0.00015258477014298285
333 2997 0.0010686477718140177 0 0 0.00018059324231957936 0.00014711944342386251 0.0004834476696204747 0.00013608336784529486 3.2799122641540314e-06 0.00013547847599541015
334 3006 0.0009215638427713474 0 0 0.00015546868137526626 0.00012686277451968539 0.0004181273919761092 0.00011437672649960844 2.8582530601252175e-06 0.00011387021873669682
335 3015 0.0009199490076250088 0 0 0.00015237404372311862 0.00012461045748164432 0.000412915933236362 0.00011566290223366722 2.827742138365993e-06 0.00011489983530977137
336 3024 0.0009401355005991775 0 0 0.00014670230715482202 0.00012044670084506128 0.00042315576763036984 0.00011670347238211725 2.883226887204444e-06 0.00011613063345233964
337 3033 0.0008688088084981513 0 0 0.00013540258303650857 0.0001111357644484087 0.00038855279672580297 0.00010065006281694195 2.648758193072908e-06 0.00010011355614495274
338 3042 0.0008535038397944247 0 0 0.00012548009872095749 0.00010373337236196836 0.00040729072927311204 9.76204024218286e-05 2.7486815540356307e-06 9.748426200816721e-05
339 3051 0.0007749054712369364 0 0 0.00010831210630836095 8.929392242486297e-05 0.00035565063124905183 9.027192568196579e-05 2.413264461179728e-06 9.000222801121334e-05
340 3060 0.0007981050984307207 0 0 0.00010505747517926984 8.570111825223775e-05 0.0003497353000027137 9.079382741033675e-05 2.385887328130681e-06 9.044637521448132e-05
341 3069 0.0008035319191371658 0 0 0.00010428669660414684 8.497473310679337e-05 0.00035278368783322567 8.912074846088459e-05 2.465873647612463e-06 8.879210157300943e-05
342 3078 0.0007483553134318872 0 0 9.324016200138458e-05 7.569908365176136e-05 0.0003240908241381235 8.481155554263429e-05 2.2445739293038454e-06 8.447797252237985e-05
343 3087 0.0007185167903943556 0 0 8.558779950399069e-05 6.961214959743612e-05 0.0003154095522066338 7.506631845355034e-05 2.170797146730381e-06 7.480960590915219e-05
344 3096 0.0008326108707794052 0 0 0.00010781066965362362 8.759036635838038e-05 0.0003779370310570031 8.131980997826339e-05 2.532087061815887e-06 8.067367262917918e-05
345 3105 0.0007843947907510603 0 0 0.00010320116877613093 8.401339115704305e-05 0.0003472100093964196 7.090133859203938e-05 2.341015077739171e-06 7.021639292882409e-05
346 3114 0.000714529539854446 0 0 9.699017381833153e-05 7.90290848106297e-05 0.0002963080957971693 6.340504775441119e-05 1.995323615701384e-06 6.289018133435171e-05
347 3123 0.0006678853778668666 0 0 8.6474129651413e-05 7.024978941087099e-05 0.0002788285959554528 5.793734022151701e-05 1.852381622076392e-06 5.733873989052809e-05
348 3132 0.0006436743513708382 0 0 8.295147537219693e-05 6.718512284037116e-05 0.00026316609546216677 5.607900237922752e-05 1.755587768145761e-06 5.546508272653833e-05
349 3141 0.0005991732506085502 0 0 7.456460424183258e-05 6.087035116452889e-05 0.00023615381591934458 5.235281893831396e-05 1.5552620576726825e-06 5.1937748553468174e-05
350 3150 0.0005553685625444192 0 0 6.665870074938236e-05 5.4910437506156725e-05 0.00022572167240737665 4.442111048331153e-05 1.4844261419459249e-06 4.431932990655215e-05
351 3159 0.0005182567093474488 0 0 6.198656994109212e-05 5.1269488933868964e-05 0.00020416972413799957 3.972642561139618e-05 1.3312759287223906e-06 3.964143947787069e-05
352 3168 0.00046745831706100405 0 0 5.198081084902298e-05 4.291419533003052e-05 0.0001823896098033038 3.641252666709511e-05 1.182204400136984e-06 3.642362244404835e-05
353 3177 0.0004096474705708904 0 0 4.468412552346319e-05 3.689513684965954e-05 0.00015657168196783145 3.0975615389453684e-05 1.0220368696680256e-06 3.09800211202451e-05
354 3186 0.00036408166917931595 0 0 3.931741143962685e-05 3.247273651199817e-05 0.00013475496020342033 2.753926479618632e-05 8.871709705377589e-07 2.7545540187320386e-05
355 3195 0.0003471465495692573 0 0 3.86378725396684e-05 3.171642545446726e-05 0.00012350762088304064 2.7246673014783473e-05 8.220188793667763e-07 2.716994877091882e-05
356 3204 0.00031183720880504224 0 0 3.33940463991021e-05 2.7528762244124845e-05 0.00011204971305598699 2.3801181966197814e-05 7.459119113261814e-07 2.378665180571352e-05
357 3213 0.00030698166351210627 0 0 3.309980686613418e-05 2.7060372395251553e-05 0.00010755863451295051 2.3317963900183063e-05 7.177397696039369e-07 2.326695200633917e-05
358 3222 0.0002898705813332631 0 0 3.1371987861456016e-05 2.5582302858032286e-05 9.691321722697729e-05 2.1315808659309127e-05 6.384773144865395e-07 2.1153382703624554e-05
359 3231 0.0002556815360981593 0 0 2.8140272239042576e-05 2.301944490833986e-05 8.533105213463422e-05 1.807435514725558e-05 5.625579606696097e-07 1.793291107494602e-05
360 3240 0.0002961003792020014 0 0 3.294947209050355e-05 2.7240856313485215e-05 9.700316802764856e-05 2.3909587900279783e-05 6.428813461715967e-07 2.3862140503411426e-05
361 3249 0.00028979611834671474 0 0 3.193614255467221e-05 2.6441915884980172e-05 9.749542634340898e-05 2.260239927480183e-05 6.46756600850838e-07 2.2671670872661928e-05
362 3258 0.00025935868843683966 0 0 2.7553287393101456e-05 2.2967403362748644e-05 8.180755682122617e-05 1.8779846810705783e-05 5.353865408988075e-07 1.8858538151069146e-05
363 3267 0.00024170495388805955 0 0 2.5258947981475102e-05 2.0891774145137067e-05 7.95286076534305e-05 1.674753324517496e-05 5.264053204371447e-07 1.684515874268564e-05
364 3276 0.00020329615268387477 0 0 2.1509250993382423e-05 1.7678888704129224e-05 6.340524625394195e-05 1.40228586735033e-05 4.2982421621749706e-07 1.406283885392032e-05
365 3285 0.00017798116579334315 0 0 1.885458218751108e-05 1.5541137174960815e-05 5.035860569700643e-05 1.1254861714605698e-05 3.3962036716331576e-07 1.1250909311263872e-05
366 3294 0.0001941921726158825 0 0 2.0957640951351113e-05 1.7173132340062706e-05 5.983842989365192e-05 1.28969075457929e-05 4.130974417225882e-07 1.2856988340511215e-05
367 3303 0.00017427338867963624 0 0 1.875563662706903e-05 1.5286518804824495e-05 5.3979396350570975e-05 1.1407132605854438e-05 3.754997224640209e-07 1.1302186120716515e-05
368 3312 0.0001728296806045852 0 0 1.7657097638908644e-05 1.4302979102544864e-05 5.577030873228711e-05 1.1405139584516683e-05 3.8845977943823575e-07 1.1260646821253931e-05
369 3321 0.00016427599943917836 0 0 1.6351513824598415e-05 1.3232827202132761e-05 5.213618337302194e-05 1.0872363625007795e-05 3.631541330358383e-07 1.0756481966656653e-05
370 3330 0.00015910800567971254 0 0 1.564487339213988e-05 1.2665844620038084e-05 5.254328504343412e-05 1.0550956432595051e-05 3.65760854554406e-07 1.0451024779884425e-05
371 3339 0.00014236371823414786 0 0 1.3798827159028526e-05 1.1196818304624717e-05 4.464789863446681e-05 9.154835028473805e-06 3.124210578002819e-07 9.069045362201719e-06
372 3348 0.00015968679147426547 0 0 1.5664673156454814e-05 1.2720620544452608e-05 5.9297772585065806e-05 1.022932024209506e-05 4.0660863830488575e-07 1.0200912447753465e-05
373 3357 0.00014764255583121284 0 0 1.4293301956401025e-05 1.1552799557170776e-05 5.452806411358679e-05 9.209042359259613e-06 3.762649777181743e-07 9.187743321280094e-06
374 3366 0.00017811444762283235 0 0 1.7027279864642797e-05 1.3731797581076169e-05 7.906114931974215e-05 1.1017441582767781e-05 5.418447126490066e-07 1.1138983357034717e-05
375 3375 0.0002198622799487028 0 0 2.098450653265728e-05 1.686475071111874e-05 0.00010243123210325084 1.4333022719904444e-05 7.053317981770454e-07 1.4530443117525522e-05
376 3384 0.0002706001904556397 0 0 2.5526776754392254e-05 2.047392564798489e-05 0.00012273183776610782 1.8346547935327302e-05 8.447396524861128e-07 1.858099723585222e-05
377 3393 0.0002828516489201972 0 0 2.5539313589540576e-05 2.052162125411729e-05 0.00012189749722811304 1.9479776640551462e-05 8.355976072201786e-07 1.9666973036611592e-05
378 3402 0.0002789728258178302 0 0 2.415565790286182e-05 1.954714053624004e-05 0.00012120506668254884 1.7990504221930483e-05 8.351971128143524e-07 1.819678826342681e-05
379 3411 0.00025656914047541803 0 0 2.1640690238607335e-05 1.7628624511362953e-05 0.00011443629032480857 1.5591891758340206e-05 7.834926792879867e-07 1.5822190778020804e-05
380 3420 0.00027710573689741655 0 0 2.589854277340138e-05 2.0975950773629137e-05 0.0001217698040701312 1.7452052818409424e-05 8.346111334940234e-07 1.7604180854596042e-05
381 3429 0.0002765377637953254 0 0 2.731533265027531e-05 2.2022469721311198e-05 0.00012126034221229308 1.666527023946486e-05 8.393073751160883e-07 1.679707000178525e-05
382 3438 0.0002501239474543469 0 0 2.3650849101624683e-05 1.9133728355601117e-05 0.00010707129114267353 1.4827370501971782e-05 7.344770913467121e-07 1.4936264438999878e-05
383 3447 0.00024216665158969711 0 0 2.3254151533310366e-05 1.8808214511927725e-05 0.00010361483059771145 1.3479847521013879e-05 7.074284700373935e-07 1.3607471307979721e-05
384 3456 0.0002695121947758301 0 0 2.5609071115137052e-05 2.0780270557343288e-05 0.00010994709367299359 1.3530782645729657e-05 7.446905486291195e-07 1.3558139629114633e-05
385 3465 0.00023316994707837336 0 0 2.1459446040361766e-05 1.7381627760670176e-05 9.354714597333053e-05 1.1705273352685482e-05 6.360700271431742e-07 1.1724634567166715e-05
386 3474 0.00021733037066802907 0 0 1.9902513242812525e-05 1.6174088221502848e-05 8.488726546059205e-05 1.0825090766758663e-05 5.775292248461521e-07 1.0918471545375298e-05
387 3483 0.0002189829501284698 0 0 1.908033208901881e-05 1.5660362826973245e-05 8.253324116764722e-05 9.97406867247915e-06 5.578092047226551e-07 1.0051637275523268e-05
388 3492 0.00021746006085797203 0 0 1.978885673871789e-05 1.6357219354357973e-05 7.760317219755531e-05 9.826090354022946e-06 5.17084944506933e-07 9.91362592816348e-06
389 3501 0.00021003493547563085 0 0 1.923663973403191e-05 1.5920810965677783e-05 7.446218961173183e-05 8.70313496921419e-06 4.919193890306578e-07 8.791308015106404e-06
390 3510 0.00025581280726292953 0 0 2.3581864974215463e-05 1.9502247907577625e-05 8.722407088884875e-05 1.0878691356216387e-05 5.761809220615805e-07 1.0974167525463068e-05
391 3519 0.000299032076499663 0 0 2.6662904610408973e-05 2.217965232822844e-05 0.00010111141148227366 1.201759510877057e-05 6.681409929059879e-07 1.221536038524484e-05
392 3528 0.00035761831366395096 0 0 3.091700901398476e-05 2.569438716784146e-05 0.00012537972500397993 1.369465525041962e-05 8.346227819237683e-07 1.3959600530616349e-05
393 3537 0.0003950671207024347 0 0 3.4507882969183073e-05 2.8702339560406032e-05 0.00013530345450477312 1.4619402970840963e-05 8.994741447528413e-07 1.490198555879308e-05
394 3546 0.0003943688435598583 0 0 3.48596470719763e-05 2.8921166899509648e-05 0.00012764415141247425 1.3399400013986016e-05 8.523929348462073e-07 1.3603448043648632e-05
395 3555 0.0003727531168771424 0 0 3.026485367501841e-05 2.5039344216173714e-05 0.000119192769156975 1.2591336339241873e-05 7.952363588993965e-07 1.2787492648804734e-05
396 3564 0.00036946827125815333 0 0 3.0197185228914617e-05 2.5079957008449638e-05 0.00012082985254978124 1.1811894430289306e-05 8.03998359057061e-07 1.204934363572954e-05
397 3573 0.00042798343365414856 0 0 3.875477557622488e-05 3.227873646990783e-05 0.00014388457246642498 1.34483280840328e-05 9.363530241208624e-07 1.370305341267675e-05
398 3582 0.0005300558134314105 0 0 4.792065516648608e-05 4.007137202882875e-05 0.0001858381833580759 1.5913046858765327e-05 1.1999947952223462e-06 1.648101119947976e-05
399 3591 0.0004688242216411732 0 0 4.219216098900908e-05 3.523774810930982e-05 0.00015491879835376557 1.3545738749515806e-05 1.0026857225020733e-06 1.3883156097649281e-05
400 3600 0.00048388936593295184 0 0 4.4495185344040707e-05 3.713540389748162e-05 0.00015933689448650287 1.3497503795341502e-05 1.033187418712082e-06 1.3815300487853201e-05
401 3609 0.0004275096764596058 0 0 3.830551266744808e-05 3.1975156300814655e-05 0.00013495736310590597 1.1670043477627728e-05 8.7904908743858e-07 1.1875287839111059e-05
402 3618 0.0003716236288709591 0 0 3.311121924319859e-05 2.7648221076642585e-05 0.00011588867330330167 9.626427397154327e-06 7.570397313317618e-07 9.736145849268792e-06
403 3627 0.0003031362440148629 0 0 2.7165086359119486e-05 2.267799976162467e-05 9.09798980067845e-05 7.638429843033453e-06 5.905871190737614e-07 7.660629860129584e-06
404 3636 0.000300372051038676 0 0 2.7048617664663166e-05 2.2565302723043757e-05 8.693078015361708e-05 7.357563916708929e-06 5.687597825999047e-07 7.311738447103555e-06
405 3645 0.0003203518701694596 0 0 2.946182386678281e-05 2.4649284927518557e-05 8.973226439926987e-05 8.098936568562619e-06 5.840797576969301e-07 8.072010864101428e-06
406 3654 0.00035059174037947597 0 0 3.176501854424688e-05 2.6648113887247112e-05 9.8004206648098e-05 9.367494990280586e-06 6.384926282269094e-07 9.394111817692496e-06
407 3663 0.00032731883171209817 0 0 2.8230573976581283e-05 2.3781390890036564e-05 8.71264033456559e-05 8.486712963929961e-06 5.702026368318703e-07 8.613946440188079e-06
408 3672 0.0003372201495727301 0 0 2.9121310899232954e-05 2.4516289199804272e-05 8.545339786044984e-05 8.289077976997697e-06 5.541459997068561e-07 8.399683612834147e-06
409 3681 0.00034350289483203625 0 0 2.9225753860624792e-05 2.4621874125638518e-05 8.764148851535308e-05 8.316239242426645e-06 5.698092698069087e-07 8.522677477987142e-06
410 3690 0.00033102207545910944 0 0 2.941563653676111e-05 2.47259780551549e-05 8.22458914301832e-05 7.968073860994271e-06 5.323661550266257e-07 8.124048536508165e-06
411 3699 0.00033190149299735275 0 0 2.8552047800730076e-05 2.3956392676085677e-05 8.056153721013516e-05 8.264729862497616e-06 5.191186281122085e-07 8.433797698053898e-06
412 3708 0.0004062427014359548 0 0 3.5789389356044e-05 3.0099402413814657e-05 0.00010098616680310281 1.0406425001461648e-05 6.532188234902862e-07 1.0803655305817125e-05
413 3717 0.0004572215039362749 0 0 3.9027390437984065e-05 3.2889027660640315e-05 0.0001166150579337143 1.1928001888499873e-05 7.55992806128032e-07 1.2488990552221962e-05
414 3726 0.00041536223147273883 0 0 3.552562392083943e-05 2.995524634990326e-05 0.00010618681821889885 1.0635715760793687e-05 6.806135146729902e-07 1.1192358669277333e-05
415 3735 0.0003900970084103923 0 0 3.281966260696159e-05 2.7673390043353136e-05 9.951672165800092e-05 9.382433211664005e-06 6.439682137643611e-07 9.914039610276092e-06
