% # columns="iteration, evaluation, void, void, void, xmean", seed=498978, Thu Nov 30 10:56:13 2023, <python>{}</python> # scaling_of_variables: 1, typical_x: 0
1 9 0 0 0 0.5978984246831238 2.4109639810593695 -1.1692165960541956 -1.3122314790857015 0.6586529782537862 0.21062698657822154
2 18 0 0 0 1.9014743747184961 2.02261878090627 -2.0160063824919754 0.17915561804709101 1.0986174301684561 -0.38531193689365906
3 27 0 0 0 2.8196631697230554 0.6477782042428277 -1.2999148780220335 -0.36893000746297266 0.5240448975504385 -0.7740922009881237
4 36 0 0 0 3.9881285398565125 -0.35280803217731616 -0.03630077705855794 -0.5081826265530944 -0.11483114380748971 -1.5614546646479281
5 45 0 0 0 4.4177056307760685 0.23702228864956199 -0.6211619066752097 -1.5598631690711764 0.16590662148337137 -1.8325312074453657
6 54 0 0 0 4.5112454885586315 2.2767248945982486 0.3672945016956657 -1.377207776747888 -0.3220960567513855 -0.7452910521734242
7 63 0 0 0 5.895607223429403 0.5376209098274085 0.15741701775858374 -1.2151743486595032 -0.19253628692992253 -2.188331742743214
8 72 0 0 0 6.023008434469511 2.236662523040545 0.7683792993922032 -1.2538373388829969 -0.36089706619898326 -2.035461257357484
9 81 0 0 0 6.472484346355129 1.5354646774425733 -0.8581925118183877 -0.2726898717999964 0.0760477536245614 -2.6089218923524378
10 90 0 0 0 6.726555288435937 0.9886303180117252 -0.9356900532375058 1.0978368758240338 0.08305781780804329 -1.4157361275680715
11 99 0 0 0 5.740315587887942 -0.09055527530267982 -0.3655376551042444 1.210791387144052 -0.16605303070046018 -0.7189489595307512
12 108 0 0 0 6.567558207886704 -1.3967467136777167 0.04045946899684705 0.9064152798737762 0.04860048722114424 -1.0464685797993056
13 117 0 0 0 6.993493022560528 0.12765757128289668 -0.7792649829769835 0.32437543172349825 -0.1398161462419209 -0.42013768029811893
14 126 0 0 0 6.653835155943516 0.29151569221706103 -0.39691115095448803 1.1006853144276703 0.04328958436944849 0.9365683067320603
15 135 0 0 0 6.596521614742928 0.36745490942577896 -0.5264422176212394 1.3092372745366307 0.20399119984505162 0.9915954750541662
16 144 0 0 0 6.461543008426795 0.10910036808079948 -0.8329655638789624 1.1587144702229697 0.12094298477353749 1.5952638563892174
17 153 0 0 0 6.330403872314463 -0.7328032140062574 -1.1147523342950605 1.1501112195119882 0.013369037664398745 1.4249671047377113
18 162 0 0 0 7.115493137689658 0.08622494313896589 -0.7844877990940288 1.6008648270803043 -0.1348456508590405 1.4544409493732307
19 171 0 0 0 7.12796036343839 0.7871171106015424 -1.0720589612636706 1.428347987143077 0.11932707737926118 1.2028318820922153
20 180 0 0 0 7.2096089118065505 0.6098521745527651 -0.6665969838477668 1.4752243079261402 0.02821625526297164 1.1710578756372756
21 189 0 0 0 7.078824103919954 0.2789727696579011 -0.8592439451841085 1.2998639199940303 0.13609103021417382 1.5873841790230034
22 198 0 0 0 7.1375175278309735 0.21957470200220042 -0.6558452284857141 1.6433039978148218 0.11684705073240502 1.9329121532371316
23 207 0 0 0 6.966405375834234 0.21879422994628653 -0.24720277079452618 1.359651964612449 0.07519404994329845 1.679925566659554
24 216 0 0 0 6.893518331481338 0.16897589926822215 -0.38622450176832707 1.605017499676481 0.09376533901994195 1.8090474277152284
25 225 0 0 0 6.743190082941118 0.4804776078088668 -0.3904561298644164 1.7904727581178477 0.10577154041919375 1.9769375452023215
26 234 0 0 0 6.673033529220884 0.42349412811613246 -0.3428160669955485 1.5016699175622261 0.10566852092086965 1.7804565089786895
27 243 0 0 0 6.675995668421659 0.15409097720379167 -0.42323350545765004 1.6356517955679823 0.0808122340528448 1.7800498419964463
28 252 0 0 0 6.73220009065758 0.1021260920140709 -0.5828703589552725 1.720443820425424 0.10020727799373029 1.9977273614461355
29 261 0 0 0 6.692119076175808 -0.33791868665835273 -0.37147032506593736 1.6336337823681504 0.09240689232865584 1.9078606265370488
30 270 0 0 0 6.507075457326266 -0.1433444079101363 -0.33996018275083667 1.7633873586035291 0.11763057720952143 2.08841494818552
31 279 0 0 0 6.631202833705714 0.015738154385681047 -0.321997600713832 1.801770150590672 0.10321861762306192 2.137897874365131
32 288 0 0 0 6.724722266670404 -0.2599941150314116 -0.41147219740427876 1.765975720593454 0.0859201473225984 2.081986575974879
33 297 0 0 0 6.6762781135834475 -0.1307304892527693 -0.4376218690717757 1.813199427511897 0.09333503561541553 2.0653655619404385
34 306 0 0 0 6.731685881869047 -0.15644362321054256 -0.29164065102308623 1.8136674479689714 0.10077634550446606 2.075174139030827
35 315 0 0 0 6.602898732005955 -0.3357125203849572 -0.3210318921776327 1.8582094251694299 0.1023987552921162 2.1482512502199347
36 324 0 0 0 6.732111975045026 -0.0784165114940879 -0.32367571530876865 1.859215903100615 0.10296122944879232 2.1347134814521342
37 333 0 0 0 6.653239180505659 -0.08289560271795854 -0.2848452382138935 1.8942309956469081 0.10662216221194436 2.1857578092610566
38 342 0 0 0 6.730348847351234 -0.06646585255321742 -0.34546759270209765 1.9575473017147935 0.11158185913577784 2.2374510655978286
39 351 0 0 0 6.73623286315164 0.04469879457577576 -0.4236579432095897 1.9504702649605705 0.10639420308146459 2.2241270007275338
40 360 0 0 0 6.717512350094264 0.05986903509180761 -0.30308214139717404 2.036613299870811 0.10766055258931902 2.31673675303327
41 369 0 0 0 6.794087295170183 0.07853166690272773 -0.354789431014826 2.036356950150879 0.10461450596487223 2.308799947076798
42 378 0 0 0 6.8054559664657 0.10506091396776254 -0.2843342633047258 2.001483571343887 0.10465974209226338 2.2776844573425246
43 387 0 0 0 6.792931053815746 0.16350462829506457 -0.2536932009372697 1.9750175838418411 0.10419962837052692 2.266528513270216
44 396 0 0 0 6.817789780379901 0.20171033177998204 -0.1862675424625796 2.017077445707615 0.10817819293388718 2.2981819494413993
45 405 0 0 0 6.823615492074321 0.25127371471856025 -0.1982241574519244 2.0703409420274563 0.10743770504523631 2.3335455915437873
46 414 0 0 0 6.7239480651280585 0.03241596549438214 -0.1912983523919149 2.031811928887225 0.10511304053979416 2.297139680040889
47 423 0 0 0 6.691033303127676 -0.02229564278312174 -0.13995811514498607 2.005351839713282 0.10632019593041964 2.286946364475253
48 432 0 0 0 6.6924496842530194 0.12195225633573797 -0.14129015002448062 2.031536081875178 0.10981440806041746 2.306258318465237
49 441 0 0 0 6.723448685983992 0.16979449135908642 -0.19656884944200656 2.0163164134498706 0.10659639094865049 2.28271907065408
50 450 0 0 0 6.739942044566217 0.1790538871320321 -0.19954826630282244 1.962340523847189 0.1100595370349317 2.2308396430271715
51 459 0 0 0 6.7853917103110994 0.1841324856526747 -0.2847714372118939 1.9714394678617935 0.10650099387091456 2.2445833995785405
52 468 0 0 0 6.814418452866795 0.20056751322497332 -0.37356520647907376 1.90757491706015 0.10750308052200244 2.184125764898556
53 477 0 0 0 6.857861227924461 0.3332465337081157 -0.4042855558293291 1.902393500574643 0.10718132888563076 2.173168019258368
54 486 0 0 0 6.833297126042449 0.3108981867093134 -0.2965561241975891 1.9330288953933867 0.11010890502592069 2.204398426014726
55 495 0 0 0 6.887601528835872 0.36116400958009526 -0.32287682794322203 1.9639910281114947 0.10824241680617072 2.2380200731298854
56 504 0 0 0 6.977590671886338 0.47878609626711893 -0.32882558956021474 1.9663779405891684 0.1074144004319788 2.2298765038738266
57 513 0 0 0 6.978482154896828 0.511448828060714 -0.34458411830579855 1.9854127399026313 0.1075176166588159 2.251036952694698
58 522 0 0 0 6.927859987303808 0.45561696915878874 -0.31230275937318 2.043898581489229 0.10663866402744886 2.3098698912748223
59 531 0 0 0 6.883667928975899 0.34971279135645333 -0.2934388327018999 2.005062836866899 0.10719896023263101 2.272154757539674
60 540 0 0 0 6.874535189248679 0.40169210120835547 -0.2525361789539877 2.0018950263470927 0.1089358563388419 2.2680997740550786
61 549 0 0 0 6.891719882404792 0.46810680519096176 -0.24454475124333871 2.009255059779607 0.1086074598577501 2.272982126251075
62 558 0 0 0 6.9360135782889625 0.5414450089784809 -0.2745652346787617 1.9719171502948185 0.10820751594302745 2.234141154961564
63 567 0 0 0 6.966623695459833 0.6018012602916933 -0.2668791480777186 1.9523522200224543 0.10903421110324477 2.213246799858103
64 576 0 0 0 6.997335735929645 0.6716718721156433 -0.28245787441332526 1.9383594967060545 0.10868281272950767 2.200427140557199
65 585 0 0 0 6.995748569348553 0.6374739543623866 -0.3005066731950946 1.9279924153819183 0.1080303000385773 2.18942536008711
66 594 0 0 0 6.947763737755883 0.6127957334038019 -0.26301916773979384 1.889456906416128 0.10815832871586628 2.153016930744529
67 603 0 0 0 7.007766670557215 0.6439934406681962 -0.26870094607233264 1.917435662639033 0.10819455486119325 2.1788950661353668
68 612 0 0 0 6.97726007659845 0.6437027564000923 -0.24204921863988604 1.9312600388509735 0.10866661867391214 2.1923085460931553
69 621 0 0 0 6.981669823148966 0.6196684961861382 -0.2648614016745155 1.9148733885447262 0.1083396512871118 2.177405165460479
70 630 0 0 0 6.968102673080134 0.6178220376768091 -0.26905597512995694 1.880315474038142 0.10856331418835419 2.143522439150341
71 639 0 0 0 6.936445929920497 0.5633811060392192 -0.2445921044035829 1.8783322618375664 0.10851921262350672 2.142424892925458
72 648 0 0 0 6.918240158962392 0.5519330294829462 -0.25069960947669634 1.8776633507262501 0.10826008406645157 2.1423288549892328
73 657 0 0 0 6.948626887232519 0.5829337271562995 -0.2777422674897032 1.8914421560207222 0.1083508726166968 2.1540704808436337
74 666 0 0 0 6.962400355621354 0.5722102909017552 -0.2871555137218604 1.8894502645939872 0.10817433387473323 2.1529614945500115
75 675 0 0 0 6.94830084512231 0.5370339562457026 -0.274757067837127 1.8893993740937836 0.10797052479258895 2.153859999299693
76 684 0 0 0 6.940179310820248 0.5100436862655688 -0.26243915595581246 1.897077627205617 0.10813839849667581 2.162018275362395
77 693 0 0 0 6.947279821987372 0.5272543651482805 -0.2680503455603974 1.8951861210568417 0.10815186905335468 2.1593615114617393
78 702 0 0 0 6.936126785237081 0.5171652388641431 -0.2669835478510953 1.89705333022155 0.10807606911303634 2.161597475750309
79 711 0 0 0 6.945737364036255 0.5369529739145376 -0.2790115006656908 1.8857701180477788 0.10817536129773961 2.1503942947202628
80 720 0 0 0 6.938951730504821 0.5238178887999972 -0.27631481861594653 1.8823130656850529 0.10804017897069661 2.1466128163234335
81 729 0 0 0 6.919172956928675 0.5030231687770768 -0.2654263013196001 1.8827394181040298 0.10811211739052448 2.147779545090913
82 738 0 0 0 6.907740380844787 0.48457485055464683 -0.26444343643420454 1.878158357299558 0.10812846579626237 2.1434928283930645
83 747 0 0 0 6.926537447271299 0.5084617942717023 -0.2611341998519644 1.8812493590047374 0.1080930797967138 2.146074502604704
84 756 0 0 0 6.914871781293535 0.5112313287906525 -0.24693360330310904 1.8758866786610482 0.10836426846501797 2.1406179411851496
85 765 0 0 0 6.909629014659737 0.4864395323079867 -0.26445495044039546 1.8731600046155226 0.1080338268382433 2.1384314784287977
86 774 0 0 0 6.916323648015559 0.4919879429865414 -0.26614287514435325 1.8750689942442227 0.10797495175924648 2.1400823553342834
87 783 0 0 0 6.904315931814813 0.47476505412644976 -0.26265060400014006 1.8630270267065978 0.10804254019358193 2.128452355412617
88 792 0 0 0 6.893803039320515 0.46009011604617583 -0.2689454026087352 1.8693134962836295 0.1080749692099963 2.135255294057701
89 801 0 0 0 6.878755477848361 0.44337480922585515 -0.27419260258812206 1.8588647980063344 0.10803866376505701 2.1252159322932753
90 810 0 0 0 6.878592728679901 0.42477959615486705 -0.2760510956210998 1.8583773394000755 0.10788694149939619 2.1250390343608974
91 819 0 0 0 6.868126670589775 0.40701966987808674 -0.2761561642507408 1.865225016173735 0.10781879316808066 2.1322615345777387
92 828 0 0 0 6.840475538754872 0.36025231745622477 -0.27639045405965573 1.858487938314887 0.10772773592740634 2.1265722630032884
93 837 0 0 0 6.836447982654006 0.367589215536729 -0.27895978079968875 1.8452295031538308 0.10778632545165785 2.113008894734188
94 846 0 0 0 6.817952421265036 0.334143350108762 -0.27292323453247397 1.8461251732404818 0.1077305469884536 2.1147470962683155
95 855 0 0 0 6.805208029027332 0.30959506494113115 -0.2786462525191664 1.8464542660183705 0.1076887596881033 2.1156524357456132
96 864 0 0 0 6.803831034391866 0.30341317866218487 -0.28852184070856596 1.8492545998326104 0.10766879854686347 2.118781888158825
97 873 0 0 0 6.803990345915836 0.31518413493340636 -0.29272769080249317 1.8419420246170657 0.1077075283622406 2.111216695596368
98 882 0 0 0 6.7959233397876995 0.30402613736284023 -0.3022646123779643 1.8415493027603151 0.10765260864060963 2.111093203450717
99 891 0 0 0 6.7856637917826665 0.2755123182910373 -0.3103761806212555 1.854134444898242 0.10745359482612526 2.1241827448858808
100 900 0 0 0 6.767605853246628 0.25997703286284785 -0.3091043495369793 1.8544228346344538 0.10750757187265794 2.124885788934196
101 909 0 0 0 6.755337669258084 0.2335384610529174 -0.31973972377293275 1.8509211245261037 0.10738158820927189 2.1220058967885143
102 918 0 0 0 6.770038376198985 0.26443694849899557 -0.32703812846699915 1.84934119015154 0.10741479336346621 2.1195695581786844
103 927 0 0 0 6.748677802182317 0.22859912388241851 -0.32386360509065143 1.8530075078613095 0.10735345637460478 2.123952240870036
104 936 0 0 0 6.748176193768272 0.22243291249045413 -0.3335170364485202 1.865287747172693 0.10726226358373044 2.136243264618561
105 945 0 0 0 6.7635240132462995 0.2531086482402624 -0.3239966280451045 1.8603214536538022 0.10738500765427131 2.130585101423591
106 954 0 0 0 6.77916813269456 0.2807390805803168 -0.3174093864254169 1.8579576579313575 0.10748990812475613 2.127660876454436
107 963 0 0 0 6.803282342045321 0.3066048163597011 -0.31884016336815774 1.857397607165962 0.10741228559594167 2.1266516772413837
108 972 0 0 0 6.791022948054353 0.2929047098829029 -0.3163306527180369 1.8402947613466383 0.10743300847019693 2.1100318784072947
109 981 0 0 0 6.785649121061717 0.28814605801480475 -0.310289449971205 1.8426940744163076 0.10748310485479674 2.1123961820359303
110 990 0 0 0 6.79800627505559 0.3025438985270359 -0.3097458176301917 1.8497821765441003 0.10751069035332275 2.119129776876085
111 999 0 0 0 6.802579407176237 0.3033948292944497 -0.31177796659890034 1.8498867686672127 0.10748770021141667 2.119305903436053
112 1008 0 0 0 6.789656271481368 0.2837005185867238 -0.3099846929891055 1.8406314274530056 0.10744851937187873 2.110516120228376
113 1017 0 0 0 6.803620375521095 0.3025448228052795 -0.311567738107502 1.8406235455369035 0.10740655870053065 2.110061068730293
114 1026 0 0 0 6.799762158977035 0.2944249234723716 -0.3144796060444176 1.8457711311124974 0.10734385263486212 2.115347391704634
115 1035 0 0 0 6.7950185102749705 0.29521605242539967 -0.3096173323617097 1.8346111809479093 0.10739910131176893 2.1043587537008825
116 1044 0 0 0 6.798707128053833 0.30258832139774317 -0.3063323659583505 1.8317842715024977 0.10741906976538303 2.10141369707323
117 1053 0 0 0 6.792364334246662 0.2776355383793417 -0.3147265026655218 1.8467622654828844 0.10730880134362852 2.1168707074731903
118 1062 0 0 0 6.782693776824078 0.26243591117867426 -0.31402422005628533 1.8414664247235786 0.10728451658333214 2.111896925761268
119 1071 0 0 0 6.780776648196849 0.2584069708776306 -0.31264754835220576 1.84807201101775 0.10730469555425498 2.11848870142098
120 1080 0 0 0 6.777526578082433 0.24604946161611338 -0.3172406059961467 1.855589875115864 0.10723510244139799 2.126209023733158
121 1089 0 0 0 6.802668393648722 0.28046566100815784 -0.32131122471236756 1.8610841153836089 0.10724925625744952 2.1309620494698054
122 1098 0 0 0 6.801299453362665 0.26389627040107305 -0.32989143627550205 1.8633527797414502 0.10709915959649532 2.133632395604163
123 1107 0 0 0 6.8033088332157075 0.25478790975595844 -0.33053087050935653 1.8580577496892314 0.10705338717930733 2.128584526616714
124 1116 0 0 0 6.781514900720871 0.22677894269282312 -0.3232567223200667 1.8560181163290497 0.1070975933298744 2.1271906445255375
125 1125 0 0 0 6.806835811969236 0.24009818820601794 -0.33792543051454543 1.8746096062574331 0.10692168641757109 2.1454394498427547
126 1134 0 0 0 6.795658456778937 0.2335385793546794 -0.3306084000556181 1.8582082262801523 0.10699463570775256 2.129349729534126
127 1143 0 0 0 6.794032921435869 0.22250617611462176 -0.3329245217037282 1.8650119575588553 0.10693944828524753 2.1363198586662984
128 1152 0 0 0 6.79734531144497 0.20023637476530504 -0.34891901192085617 1.8735430801042994 0.10666800054301785 2.145424417742887
129 1161 0 0 0 6.816815139118725 0.21325662951389526 -0.35989439248643496 1.887477152681144 0.10660589723831682 2.1590617291951255
130 1170 0 0 0 6.80559134949385 0.20654730231710916 -0.3601177092359895 1.8772103958028021 0.10666553636866453 2.1491542229943215
131 1179 0 0 0 6.81384225844778 0.2094680028838043 -0.3653147532651535 1.8838897996700064 0.10660342043536603 2.1557587102636813
132 1188 0 0 0 6.783684126292086 0.1934890297339651 -0.35253050047525725 1.8756407280096736 0.10681762634903826 2.1477864515111382
133 1197 0 0 0 6.778318846346841 0.1820353640069638 -0.3492184901162778 1.8706687383866556 0.1067932236765398 2.143103913987507
134 1206 0 0 0 6.78809271964762 0.18828723970757283 -0.35651755084383036 1.8703610065286649 0.106732010913161 2.142846599105331
135 1215 0 0 0 6.780932235073832 0.18322593539806029 -0.3495219730245067 1.8700508547592707 0.10682052090383394 2.142716966082897
136 1224 0 0 0 6.771429880052701 0.18495737646841004 -0.34403105230267317 1.8584760940319383 0.10685782355595819 2.131000537073768
137 1233 0 0 0 6.787029605892411 0.2001038222971777 -0.3484914475296688 1.8699023861097246 0.10680807965876425 2.142006293238605
138 1242 0 0 0 6.768363082146336 0.19123740026844 -0.33462479586940813 1.8592406912671995 0.10698419825466339 2.131532826163418
139 1251 0 0 0 6.758677774038035 0.18133787358646494 -0.33638171716157367 1.8602382319740807 0.10700927072979857 2.132804560574882
140 1260 0 0 0 6.761208579751151 0.19764552917240127 -0.3356660743635426 1.8591307257529164 0.10707000772854233 2.1312815926790174
141 1269 0 0 0 6.760131490170121 0.1914169456593927 -0.33412247993398203 1.8613819048159153 0.10703897366125067 2.1336575102349857
142 1278 0 0 0 6.756233842948286 0.18085339758465638 -0.3361751658225014 1.8631629620263048 0.10697727950397476 2.135620342101629
143 1287 0 0 0 6.756922603413917 0.18328538454531867 -0.3397327191847832 1.863991365420811 0.106955331268537 2.1364249736366214
144 1296 0 0 0 6.752788827156278 0.1741959637236877 -0.3364626803227227 1.8645161029049782 0.10693147077215286 2.1371846110658588
145 1305 0 0 0 6.742252610379586 0.16675741086755985 -0.3307930044425119 1.858132554928006 0.10697565673693767 2.1309939029735205
146 1314 0 0 0 6.76200569841488 0.19299028462137316 -0.3337129132427091 1.8580295971764984 0.10697567546347211 2.13024883452478
147 1323 0 0 0 6.752237219478621 0.18769927777003462 -0.3318270911911351 1.8522127841327922 0.10703899728284239 2.1246645887696625
148 1332 0 0 0 6.742953935139681 0.19208874629560538 -0.32451874356787697 1.8487552108638114 0.10715470525821341 2.1210183252625914
149 1341 0 0 0 6.74264968619611 0.18368199962237938 -0.32445599629948424 1.849648773715142 0.10710916544496603 2.1221998027941096
150 1350 0 0 0 6.739240411723894 0.17513406451852268 -0.3207031477365887 1.8515463978378879 0.1070976290284311 2.1242760323373946
151 1359 0 0 0 6.741003835025351 0.1764894313120815 -0.3208201841637987 1.8493607826976926 0.10708119176299319 2.122092187981501
152 1368 0 0 0 6.736216954669641 0.1776150306708401 -0.3130858140039475 1.846616992658007 0.10718250744692326 2.1192572684602844
153 1377 0 0 0 6.748060910791629 0.18528088590169722 -0.3229017340750546 1.852950530941676 0.10710487375387676 2.1254287405253476
154 1386 0 0 0 6.749033919759088 0.18924943031033534 -0.3224153943933813 1.8504527242520894 0.10712382410771448 2.1228531765315677
155 1395 0 0 0 6.74707529559997 0.19332766052888617 -0.3167552334933563 1.8469461455140834 0.10715573604411754 2.1192582641728706
156 1404 0 0 0 6.732807270680087 0.18500318376413846 -0.3116695228705182 1.8377277377334973 0.10722894594972296 2.1102723460618185
157 1413 0 0 0 6.728002140399056 0.1785475828516561 -0.31916046519958685 1.8372884460404069 0.10717974942424555 2.1100296487980863
158 1422 0 0 0 6.7353988925679245 0.18657589393582374 -0.319071584627416 1.8433747882107998 0.10720251704236303 2.115868455376433
159 1431 0 0 0 6.733889345323982 0.18952740284464456 -0.31313164756005346 1.839854879267836 0.10726357554065084 2.1123222852844385
160 1440 0 0 0 6.729480239783937 0.19256686689673247 -0.3054872495325305 1.836120096186132 0.10735712225333288 2.1084845083788117
161 1449 0 0 0 6.735876818679077 0.20277683886406975 -0.306661960446946 1.84069218940358 0.10736444870913928 2.112761155512665
162 1458 0 0 0 6.742835401794906 0.20999015033773263 -0.30820672317738596 1.8455674014588175 0.10735403000679568 2.1173909811175866
163 1467 0 0 0 6.729542696348881 0.20682003552232028 -0.30128862242151155 1.838849126829068 0.1074628929703107 2.1108025862789215
164 1476 0 0 0 6.735311236519738 0.21865686129257275 -0.3013334221119288 1.8364233735759232 0.10748332630777503 2.108102210122317
165 1485 0 0 0 6.739293257973907 0.2188793584859659 -0.3014568843805049 1.8387863518186491 0.10745636371534055 2.110424215950115
166 1494 0 0 0 6.740812142029171 0.21561767183483443 -0.3031267238452686 1.8420049070194346 0.10743159318783514 2.1137112369140496
167 1503 0 0 0 6.745063024760993 0.22074222385900796 -0.3056360037587795 1.8474118311475642 0.10742866284873459 2.118949054958274
168 1512 0 0 0 6.748574452139679 0.22633284449551067 -0.3098155663998738 1.8491013983192053 0.10742243123572405 2.1205168071105014
169 1521 0 0 0 6.745294197793349 0.2190733998502276 -0.3054220474397045 1.846117988453699 0.10741945788605836 2.1177209240609427
170 1530 0 0 0 6.746343390486858 0.22477559754072937 -0.3040474380389192 1.8462302906587935 0.10746196771804803 2.1176909164507007
171 1539 0 0 0 6.739637212430856 0.2199188697545965 -0.29869881807815474 1.8422801776375648 0.10750105982243659 2.1138603120793533
172 1548 0 0 0 6.740570847761715 0.2217352015723661 -0.2961539589399875 1.8407432797196632 0.10752136718769953 2.112284310471249
173 1557 0 0 0 6.737070448064739 0.21918163175525412 -0.2966172814038912 1.8378622620874225 0.10751000590143256 2.1094797205454565
174 1566 0 0 0 6.7365101694552365 0.21792659694195 -0.2956940068654582 1.839202747833143 0.10752368558446862 2.1108403087478145
175 1575 0 0 0 6.735761652868699 0.2173485801343334 -0.29413429569819 1.8372679484465713 0.10752648031829652 2.1089242826035397
176 1584 0 0 0 6.735991201603726 0.21581399384126648 -0.2967060028427163 1.839005741553172 0.10749994608218984 2.110699198095195
177 1593 0 0 0 6.736661981900179 0.2174261221922525 -0.29451754190587015 1.8388234644337533 0.10751760748118933 2.110464355886234
178 1602 0 0 0 6.734444362864312 0.21492789621796846 -0.29203954119507136 1.8358819140303344 0.10752202594234468 2.107592749622357
179 1611 0 0 0 6.736007915165224 0.21755490318889795 -0.29406319501145656 1.8369952919934922 0.1075163250950338 2.1086334995866203
180 1620 0 0 0 6.735805388690313 0.21601567114731504 -0.2938238502009983 1.8371711033065818 0.10751119629818104 2.1088525234813784
181 1629 0 0 0 6.733632544348398 0.21424658064825144 -0.2929355671776531 1.8362869041711893 0.10751757783493941 2.1080104511430298
182 1638 0 0 0 6.734633782149567 0.21460927399289131 -0.2938871928930528 1.8374634070602038 0.10750899951490202 2.109171852151719
183 1647 0 0 0 6.735690778131927 0.21539167724307304 -0.29523868805948544 1.8376295318260651 0.10749475228950313 2.109325324910353
184 1656 0 0 0 6.735890136309797 0.2152724521735232 -0.29429502111088146 1.8361982490521611 0.10749548278527178 2.1079102222525905
185 1665 0 0 0 6.735715953662643 0.21513817277723177 -0.2960849976708375 1.8376184478274658 0.10748605907302361 2.109321413520907
186 1674 0 0 0 6.734962128792588 0.21429011627068398 -0.295105868744727 1.8379643124930451 0.1074968552070164 2.109676753993138
187 1683 0 0 0 6.736159540134699 0.2150837701852976 -0.2944369575949741 1.8388791938100733 0.10749845013116643 2.1105550174192453
188 1692 0 0 0 6.737006992301377 0.21652507592916198 -0.29534610224256963 1.8400864259862946 0.10749649247101654 2.111715724704548
189 1701 0 0 0 6.737155205066387 0.21664360270984476 -0.2961598472358962 1.840553391927428 0.1074927078921903 2.112182468355752
190 1710 0 0 0 6.736031289474308 0.21562842350239037 -0.29468990219759283 1.8402013728358804 0.10750330574048374 2.1118425608323426
191 1719 0 0 0 6.736327734095062 0.2161407800415116 -0.2944818741344569 1.8403444729659753 0.10750716845245897 2.1119755087130994
192 1728 0 0 0 6.735549494786774 0.21484297063280136 -0.29400189751660555 1.8390907005606418 0.10750582686904091 2.1107625460288277
193 1737 0 0 0 6.734068814852379 0.21344447026931893 -0.29310011349124704 1.8378287652984537 0.10751275754695538 2.109546548913289
194 1746 0 0 0 6.734024675546987 0.21315799728135265 -0.292734496358542 1.836796796704057 0.10751074856376493 2.108533122475511
195 1755 0 0 0 6.734151579029687 0.21322669507208222 -0.29237942283370544 1.8367017572260815 0.10751088815289059 2.1084300084944982
196 1764 0 0 0 6.734392980333887 0.21371828119245856 -0.2920502172602702 1.8370562920052196 0.10751701691423096 2.108767136281294
197 1773 0 0 0 6.735613207635096 0.2146767570113259 -0.2929607238411776 1.837672245727038 0.10751115499270028 2.109359924318967
198 1782 0 0 0 6.73508892232472 0.21420516012180574 -0.2927358271420289 1.8374609562969666 0.1075129672161883 2.1091640741600854
199 1791 0 0 0 6.734900636151707 0.21409337708252713 -0.29205320960861786 1.8375038290280565 0.10751821390921765 2.1092023403865205
200 1800 0 0 0 6.73504251134434 0.21416242191645782 -0.2921207422149258 1.8381244645910395 0.10751699738935458 2.1098142137503215
201 1809 0 0 0 6.734806253057038 0.21397668934286873 -0.2922625571628992 1.837161740460519 0.1075133361593987 2.10886659614344
202 1818 0 0 0 6.735121353765557 0.21430382557782185 -0.29192818823283073 1.8362837953816111 0.10751309766182829 2.1079899359708905
203 1827 0 0 0 6.735489027067722 0.2144720578806127 -0.29168904372383586 1.835825341407373 0.10751110089803012 2.1075355729356544
204 1836 0 0 0 6.735532211082585 0.21445369994206845 -0.29101965873538166 1.8351313147936206 0.1075123544343991 2.1068466887509336
205 1845 0 0 0 6.735241837049069 0.2141109593554109 -0.2909467379238874 1.8337160587267958 0.1075099174662966 2.105455597691863
206 1854 0 0 0 6.735108363620025 0.21412268989838792 -0.28992864100712257 1.8320189269774703 0.10751483090295555 2.103775830333826
207 1863 0 0 0 6.7342507730014685 0.21351523667195627 -0.2897562501814948 1.8326584236558594 0.10751987152094324 2.104420538765845
208 1872 0 0 0 6.7347991523269375 0.21415144938828443 -0.2901127811871761 1.832606428957423 0.10752022371687305 2.1043548409876593
209 1881 0 0 0 6.7359130863195436 0.2150805305380616 -0.29067025578830485 1.8313770735484156 0.1075114334693793 2.1031270602007477
210 1890 0 0 0 6.733669095694094 0.2131904190706478 -0.29022679397566303 1.8323329773321075 0.10752174651064121 2.104106366298718
211 1899 0 0 0 6.734717589208753 0.2138845604280889 -0.2910533198243973 1.8333882459674953 0.10751366583345508 2.105139154498515
212 1908 0 0 0 6.734306324627107 0.21337328924756488 -0.2901987564252946 1.8326305249806645 0.10751606304259217 2.104397143730737
213 1917 0 0 0 6.732977112276798 0.21238496264051004 -0.28935250236862836 1.8316134496812353 0.10752263704559173 2.103406965884013
214 1926 0 0 0 6.731927469674613 0.21144749893098752 -0.2892903430463426 1.8316920287887073 0.10752588678364158 2.1035037374810015
215 1935 0 0 0 6.731431690448813 0.21113034954717858 -0.28888754170462616 1.8314339315806358 0.10752898275468543 2.1032490114218243
216 1944 0 0 0 6.732468790484623 0.21185275780105547 -0.28894990558519806 1.8313583245845189 0.107524849764203 2.103157612143703
217 1953 0 0 0 6.731587159098174 0.21119582677530002 -0.28829578833161085 1.8316620169970037 0.10753168429838822 2.103464465555633
218 1962 0 0 0 6.731426603842994 0.2110195826675382 -0.28865687586503347 1.8321777724914217 0.1075310593157858 2.103977540168141
219 1971 0 0 0 6.7329123127821 0.21234500378435037 -0.28936123301118644 1.8329223750352508 0.10752639798297231 2.1046869135752737
220 1980 0 0 0 6.733056807870192 0.2123178208267984 -0.28924252280756424 1.8323724755695094 0.1075263236661482 2.1041461366774654
221 1989 0 0 0 6.733224791405119 0.21242139242100744 -0.28833316394076736 1.8321995328811478 0.10753126655006855 2.103970133260904
222 1998 0 0 0 6.733563296724499 0.2127534145592724 -0.28857972772055585 1.8314975015984771 0.10752784853709738 2.103272345697019
223 2007 0 0 0 6.734669716466903 0.2136128884389558 -0.2897697191647127 1.8330124748697472 0.1075197451384943 2.104757337724172
224 2016 0 0 0 6.7347456121451 0.21366374684523967 -0.2893537716629177 1.8324548599214405 0.10752120215404605 2.104201444215777
225 2025 0 0 0 6.734541497117108 0.21345799323456047 -0.28879217734574125 1.832621749575022 0.10752437987554496 2.1043661951043178
226 2034 0 0 0 6.735012062049722 0.2139283684170485 -0.28935344278116687 1.8328010484693245 0.1075210880508286 2.104538063182753
227 2043 0 0 0 6.735306982735665 0.21406734757431606 -0.28941618413705766 1.8326861027565347 0.10751858070208707 2.104424199814733
228 2052 0 0 0 6.73561238518259 0.21433237620110288 -0.28951800168991776 1.8330841456545677 0.10751736534515197 2.1048124408961426
229 2061 0 0 0 6.735255962130457 0.21405772073618648 -0.2887536713162723 1.8327436277464288 0.10752205358821819 2.104475359403648
230 2070 0 0 0 6.735223912118561 0.21405645801853787 -0.2886587324271512 1.832702160414679 0.107521991126306 2.1044356258821093
231 2079 0 0 0 6.735158491807349 0.2139809745001776 -0.289053521734747 1.8328658992809739 0.1075205389151176 2.104602079783361
232 2088 0 0 0 6.735161412143011 0.213966896514745 -0.28878758005705113 1.8330902495513648 0.10752263183812828 2.104822124838129
233 2097 0 0 0 6.735700461008958 0.21441224673234505 -0.28870526846057337 1.8330461309991084 0.10752211699636245 2.104766959498828
234 2106 0 0 0 6.734952145709636 0.21383284609207365 -0.2881849050450779 1.8328086472407255 0.10752694067272144 2.104541210781179
235 2115 0 0 0 6.734773067379067 0.21363460400512246 -0.28778231979008967 1.8325879789461523 0.10752918555983873 2.104325491965433
236 2124 0 0 0 6.734294743337803 0.21325503515562744 -0.28804821332497976 1.8324838275606792 0.10752843765810184 2.104232530710294
237 2133 0 0 0 6.734507175471856 0.2134268852565283 -0.28791146908470694 1.832333552246036 0.10752884860212872 2.104081374320886
238 2142 0 0 0 6.734369948917963 0.21331948627326508 -0.2880952398942891 1.8321857967058361 0.10752775948599747 2.1039400902490972
239 2151 0 0 0 6.734657048779256 0.21352084888169967 -0.2880788481858871 1.832504403917819 0.10752717726697694 2.104248408481883
240 2160 0 0 0 6.734471308256129 0.21335585315151934 -0.288083529872861 1.832696676536148 0.10752777434681474 2.1044404212681473
241 2169 0 0 0 6.73405666477072 0.21302992704190635 -0.2879796099445309 1.8325136287672057 0.10752931780230676 2.104265188449754
242 2178 0 0 0 6.7338585362482775 0.21286486684242356 -0.28812106024377654 1.8325043384199684 0.10752899486524684 2.1042606910220303
243 2187 0 0 0 6.733829047987796 0.21282041214236136 -0.28874168713411996 1.8328151226827867 0.10752533814248878 2.1045722674834195
244 2196 0 0 0 6.733580821861526 0.21260648233880425 -0.28914311490145733 1.8327704781403316 0.10752325144246 2.104534778977834
245 2205 0 0 0 6.73349521011355 0.2125526598257988 -0.2890709740725697 1.8326370769258706 0.10752385743295599 2.1044036964470245
246 2214 0 0 0 6.73397715447857 0.21293441253897372 -0.28945312778266985 1.8328786841920575 0.10752015230585 2.1046365812349257
247 2223 0 0 0 6.734209030030489 0.21313264273697846 -0.2889198124622408 1.8327251882165707 0.10752256645162782 2.1044764406804606
248 2232 0 0 0 6.734015713426417 0.21298986306093035 -0.288448147741085 1.8324257767418428 0.1075256459485998 2.1041787883318968
249 2241 0 0 0 6.733748112639438 0.21276280172206183 -0.28833640719012704 1.8325814626306511 0.10752764685913552 2.104336979855075
250 2250 0 0 0 6.733848824106507 0.21283558221243315 -0.28809574966031287 1.8325911172683003 0.10752944691699089 2.104342201592726
251 2259 0 0 0 6.733775945564645 0.212772453862724 -0.28784840318767374 1.8325675322458495 0.1075312296838829 2.1043177688653185
252 2268 0 0 0 6.733736350386495 0.21276431840459023 -0.2868578665292251 1.8323026339211828 0.10753742110140475 2.104047728095538
253 2277 0 0 0 6.7341038733103895 0.21308350268803505 -0.2863914455599465 1.8322795091067172 0.10753990809260247 2.1040148589091094
254 2286 0 0 0 6.734964468123182 0.21381861834628135 -0.2860456183855064 1.8322833767604056 0.10754042807915684 2.1040022857679603
255 2295 0 0 0 6.734739929310754 0.2136048968605025 -0.28628234052959733 1.8323929568823765 0.10753915942618963 2.1041183467483346
256 2304 0 0 0 6.734414104476689 0.2133366350468094 -0.2857915236850947 1.8324200339957746 0.10754343875212545 2.104147938814803
257 2313 0 0 0 6.734862532488612 0.2137066872051895 -0.2852498621740724 1.8323693595622506 0.10754637195644735 2.1040866252744483
258 2322 0 0 0 6.7349575411738964 0.21380127726668677 -0.28491101943353236 1.8322179665604612 0.10754825279194202 2.103933264589442
259 2331 0 0 0 6.735241382626192 0.21403394146964028 -0.2851143911743752 1.8323305834251697 0.10754592776341565 2.1040446287112458
260 2340 0 0 0 6.734801402749809 0.21370008044101432 -0.2844125307479912 1.8319234985264206 0.10755080252092919 2.103647196377863
261 2349 0 0 0 6.734610987330672 0.2135197364064446 -0.28529853263901567 1.832039373286158 0.1075453258701993 2.1037737817932762
262 2358 0 0 0 6.734641562297911 0.21357532029453638 -0.2842169271709469 1.8318157989093204 0.10755285981265097 2.1035432661799494
263 2367 0 0 0 6.734914542312689 0.21383013620234095 -0.2839083026962935 1.831731316717211 0.10755443330288424 2.1034527484016103
264 2376 0 0 0 6.7349957071716 0.213933140971104 -0.2833245382882415 1.8315097497635302 0.1075580566935265 2.1032256151029647
265 2385 0 0 0 6.73431149936682 0.2133249395903308 -0.28386406526534075 1.8317722800680776 0.10755617614826354 2.103501751420328
266 2394 0 0 0 6.734392088261267 0.2133857706294179 -0.28435352309846057 1.8317673901700382 0.1075527592086108 2.103500342661972
267 2403 0 0 0 6.734022217850909 0.21303644729469032 -0.2847159073000262 1.8319900816998773 0.10755147967865779 2.103731187783965
268 2412 0 0 0 6.734426089626175 0.213379737302121 -0.28410481333697707 1.8319717848311414 0.10755432711017471 2.1037009976961976
269 2421 0 0 0 6.734448161830959 0.21339325218224212 -0.28422221250931035 1.8319678750263184 0.10755291929601582 2.1036976888632593
270 2430 0 0 0 6.734451921035844 0.2133935937231743 -0.28426690337243393 1.831934831064666 0.1075519685490349 2.1036686432230915
271 2439 0 0 0 6.734756726138475 0.2136656518968577 -0.28379299387704654 1.8318702617107645 0.10755474128414501 2.103593584037535
272 2448 0 0 0 6.734524493722735 0.21346812060735507 -0.28412772804539443 1.8318546503604654 0.10755279407637379 2.1035842083231655
273 2457 0 0 0 6.734542271995987 0.21350443712027706 -0.28383365768111246 1.831686767838412 0.10755480678689593 2.10341637357804
274 2466 0 0 0 6.734721303262668 0.2136645731340549 -0.2837382192614608 1.8315277069042906 0.10755463737881901 2.103257531873896
275 2475 0 0 0 6.735235210164262 0.21407567054490587 -0.28398242992174144 1.8316506246337712 0.10755172845408605 2.103372465482771
276 2484 0 0 0 6.735148786624881 0.21400034975096044 -0.2837636242660056 1.8317151439241661 0.10755356117239187 2.1034371440786015
277 2493 0 0 0 6.734778117133784 0.21369072861775776 -0.28362831661049986 1.8317446713312342 0.10755606562309016 2.1034687509250483
278 2502 0 0 0 6.7348254041942806 0.21372123687458747 -0.2841812740994788 1.8318434079975199 0.10755256795781959 2.1035685202119225
279 2511 0 0 0 6.734870236798589 0.2137587071388037 -0.28394114580908913 1.8318199439783602 0.10755389012774169 2.1035442836206553
280 2520 0 0 0 6.734871912399205 0.213764422502588 -0.28365907567382215 1.8317912418787452 0.10755582202711639 2.1035143678128394
281 2529 0 0 0 6.734684504111851 0.21360199186530635 -0.28377172893656427 1.8318160374839518 0.10755534261313594 2.103543767849378
282 2538 0 0 0 6.734796752602801 0.2136929281482828 -0.28378283398245197 1.8318449186033758 0.10755491665448277 2.103570195540963
283 2547 0 0 0 6.734773367058761 0.21366309582839205 -0.2838632804416559 1.8319513006534789 0.10755471067711275 2.1036758453028073
284 2556 0 0 0 6.734994732196683 0.21384913095879046 -0.28371329790026945 1.8319486788740804 0.10755531181997258 2.103667019970348
285 2565 0 0 0 6.734857589100675 0.21373360874850164 -0.2839805923134226 1.8319398283147414 0.10755402129231652 2.103662943515631
286 2574 0 0 0 6.734911722539466 0.21378760634793073 -0.2837664592068303 1.8318410119865929 0.1075553942204686 2.103562461717789
287 2583 0 0 0 6.734838652668973 0.21372570151127945 -0.2837879946269934 1.831854282017616 0.10755544184735918 2.10357626625398
288 2592 0 0 0 6.734824899936901 0.21371977912860077 -0.2837139252501601 1.8317999482621905 0.10755626270945025 2.1035210172459053
289 2601 0 0 0 6.734807879475772 0.2136990675645088 -0.28378581810399467 1.8318635508258183 0.10755594798048794 2.103583734850541
290 2610 0 0 0 6.734712776031623 0.21360492690255273 -0.2840053098472692 1.8320132693137232 0.10755455353996328 2.1037353741879063
291 2619 0 0 0 6.734753832767057 0.21364896842557224 -0.2838473435393073 1.831926710292888 0.1075555769792072 2.1036470501490245
292 2628 0 0 0 6.734750120735053 0.2136427804716993 -0.28398131081825795 1.831949573818778 0.10755482457646523 2.103670325221174
293 2637 0 0 0 6.734611300608003 0.21352275142006347 -0.2842139709545841 1.831988854572357 0.10755364172712681 2.103712922424148
294 2646 0 0 0 6.734641854465124 0.21355584174030293 -0.2841319623522515 1.831905746156183 0.10755417189716678 2.1036295871912283
295 2655 0 0 0 6.734601960358683 0.21352306870397833 -0.2840725975786448 1.8319025655187031 0.10755464074015345 2.1036263256940604
296 2664 0 0 0 6.734637110683994 0.21355622747217265 -0.28402728532713273 1.8318630171337993 0.10755490146951519 2.103585750445933
297 2673 0 0 0 6.734598657065179 0.21352507344640698 -0.2840481531902093 1.8318543649183006 0.10755485037287035 2.103578436546754
298 2682 0 0 0 6.734589673303228 0.21352293045100362 -0.2840100417443325 1.8317955200676195 0.10755502579860036 2.1035207646666265
299 2691 0 0 0 6.734553790474316 0.21349364815542698 -0.2840687507800195 1.8317835179806106 0.10755469486374257 2.1035102967567583
300 2700 0 0 0 6.734502745940305 0.21344337369682226 -0.28430170176957253 1.8318644831246962 0.10755337650287629 2.103591959436397
301 2709 0 0 0 6.734479877572903 0.21342047872759443 -0.2843895398328586 1.8319032387712477 0.10755277471710176 2.1036315162585475
302 2718 0 0 0 6.734458655554607 0.213404162531131 -0.28443260228994927 1.8318857958114148 0.10755258453138174 2.1036148716683885
303 2727 0 0 0 6.734521372901702 0.21345733507687362 -0.2844872473693141 1.8318707805866925 0.10755209340927432 2.103599903603006
304 2736 0 0 0 6.734531618709601 0.2134669908476314 -0.28459660814001836 1.8318596413081787 0.10755118079874353 2.103589795051232
305 2745 0 0 0 6.734637045537241 0.21354990343527896 -0.2846366821097077 1.8319090216149 0.10755070350545201 2.1036376814403512
306 2754 0 0 0 6.734519021555627 0.21344313267716497 -0.28469288166495293 1.8319963998636848 0.10755100262881631 2.10372608704205
307 2763 0 0 0 6.734595674882136 0.2135138991239605 -0.28475216299316136 1.8319205437977386 0.10755011366691246 2.1036510724654565
308 2772 0 0 0 6.734722677257981 0.21362419177596265 -0.28504025760916435 1.8318593678313724 0.1075476513029335 2.103592224521846
309 2781 0 0 0 6.734868959170337 0.21374999955409316 -0.28512947260288557 1.8318260096199535 0.10754656950386138 2.1035584200016153
310 2790 0 0 0 6.734848690787824 0.21373784968243908 -0.2849766024660153 1.8317778148341775 0.10754757980844869 2.103510658753212
311 2799 0 0 0 6.734852390449986 0.21373085652325594 -0.28516144213289535 1.831879657221984 0.10754665416821893 2.10361540229519
312 2808 0 0 0 6.734998811591555 0.2138492157612622 -0.28561748422997496 1.8318939271474075 0.1075433081403653 2.1036306342199076
313 2817 0 0 0 6.7349177699796305 0.21377129538180425 -0.2859144004241423 1.8319995046190576 0.10754166227960642 2.1037409689969415
314 2826 0 0 0 6.735104202923279 0.2139044420767944 -0.2865894235253115 1.8322274802707037 0.10753667087465124 2.103971928524563
315 2835 0 0 0 6.735190227057531 0.21399033691660851 -0.28654296411797514 1.8320646727443286 0.10753690794188177 2.103808578635922
316 2844 0 0 0 6.7347999183179805 0.21364727025487817 -0.287123757212728 1.832243365860457 0.10753430099914368 2.1039947949330924
317 2853 0 0 0 6.734511856089492 0.21340925264749785 -0.28749048098056634 1.8322103504822038 0.10753220597972916 2.1039703814055466
318 2862 0 0 0 6.734279393244151 0.21321072950845565 -0.2876178986115704 1.8322626983614116 0.10753216466445842 2.1040285574084403
319 2871 0 0 0 6.734517626948594 0.21340732564711856 -0.28777453318953505 1.832269009127484 0.10753040839852078 2.104030705374407
320 2880 0 0 0 6.734489936892787 0.21338003795890265 -0.28763728512631614 1.8323170898630463 0.10753203475708692 2.1040748116374743
321 2889 0 0 0 6.73430396324614 0.21322614458506334 -0.28768982658823206 1.832308471043035 0.10753210456947662 2.104074295244941
322 2898 0 0 0 6.734293739607853 0.21322384626975227 -0.2875878032091897 1.8322490859822695 0.10753270842019669 2.1040169844694248
323 2907 0 0 0 6.734167479564017 0.21312709226590926 -0.28709822185759915 1.832177837372936 0.10753581498304059 2.103944424522288
324 2916 0 0 0 6.734102637531177 0.2130645924593661 -0.28694756708950625 1.832273556750977 0.10753744252021497 2.1040381010969886
325 2925 0 0 0 6.734233523953937 0.21318822861681758 -0.2863138243897492 1.8321385309702052 0.10754117877026433 2.103900001108522
326 2934 0 0 0 6.734299149221013 0.21323566887786433 -0.2862303969188915 1.8322130350182546 0.10754173375459854 2.103970097995108
327 2943 0 0 0 6.73435378829507 0.21325555990791192 -0.2865366151467133 1.8324765645861338 0.10754000659215641 2.1042306670972164
328 2952 0 0 0 6.734626618996587 0.21348420176035354 -0.28655305622962807 1.83245509185261 0.10753875105498488 2.1042055349641977
329 2961 0 0 0 6.734533866855318 0.21340538540413423 -0.2867087118866409 1.832472897188931 0.1075378791264663 2.104229136750628
330 2970 0 0 0 6.734473002732451 0.21335691364001833 -0.2865404635454913 1.8324520387177132 0.10753934209102915 2.1042051181858996
331 2979 0 0 0 6.734651214909315 0.21349083039289007 -0.28679050176814747 1.8325966639489233 0.10753757212160275 2.1043483682261215
332 2988 0 0 0 6.7346479080087205 0.21348536642555366 -0.28660440369981693 1.8326313833463428 0.10753853886252718 2.1043824586019357
333 2997 0 0 0 6.734532659289185 0.21340496722121893 -0.28610646098661313 1.832485722464346 0.10754226086718588 2.1042365302846715
334 3006 0 0 0 6.734565321211004 0.2134206883877734 -0.28654162516281295 1.8325939000743128 0.10753936616411487 2.104344331128151
335 3015 0 0 0 6.734530185170646 0.2133837948404875 -0.2867999265755092 1.8326668493967866 0.10753758125886063 2.1044172584053844
336 3024 0 0 0 6.7345741679384465 0.21342327796661295 -0.28638579192377595 1.832647791149116 0.10754012369971447 2.1043952223184377
337 3033 0 0 0 6.734647074008784 0.2134858166350859 -0.2864791605960579 1.8326263385847648 0.10753910420820852 2.1043733862302467
338 3042 0 0 0 6.734597936916817 0.21343769477109847 -0.2869047868623464 1.8326867242073104 0.10753633739375094 2.1044365046545894
339 3051 0 0 0 6.734643113524527 0.21348515488507486 -0.28656280851525695 1.8325935686061796 0.10753849411969757 2.1043434799443395
340 3060 0 0 0 6.734571388968669 0.21342184060987837 -0.2867331370479833 1.832625828591247 0.10753753835541562 2.1043791997909858
341 3069 0 0 0 6.73468325700921 0.21351301615101223 -0.28696113592694705 1.8326394171289644 0.10753550840473804 2.104392577338846
342 3078 0 0 0 6.7346504832544305 0.21348234648364325 -0.28714687850199033 1.832669576987207 0.10753454429628692 2.104424173990375
343 3087 0 0 0 6.73463183767416 0.2134661313331065 -0.2873465158494567 1.8326684095023285 0.10753315648639919 2.104425201620805
344 3096 0 0 0 6.734521086364144 0.21337716249630181 -0.2875443878577025 1.8326273866420757 0.10753230163364806 2.1043897027129677
345 3105 0 0 0 6.73453453855118 0.2133893613817475 -0.28744138286288645 1.8326213759529508 0.10753297753251509 2.1043821759081203
346 3114 0 0 0 6.734567037530172 0.2134137458382583 -0.287314976859691 1.832655430303322 0.10753379464044027 2.104414486511354
347 3123 0 0 0 6.7345337548611575 0.21338655450460325 -0.2874540873835321 1.8326439043037217 0.1075331370388555 2.1044049707782406
348 3132 0 0 0 6.734539090595037 0.21338881293453354 -0.28740532412532827 1.832668915445925 0.10753352153103495 2.1044300121523056
349 3141 0 0 0 6.7345044873275945 0.213357326122209 -0.28745130742744057 1.8326958123175743 0.10753333036968062 2.1044566238215974
350 3150 0 0 0 6.734476941095528 0.21333631124033878 -0.2875886211672946 1.8326714281939875 0.10753254374938188 2.1044345856927
351 3159 0 0 0 6.734525898377786 0.21337848436743187 -0.287566887762702 1.8326553200545543 0.10753254779242132 2.1044183431124797
352 3168 0 0 0 6.73450007975753 0.2133596465817258 -0.28742109722353126 1.8326328627321333 0.10753344581386542 2.1043945107863697
353 3177 0 0 0 6.734499595175402 0.2133586613757604 -0.2875078665335735 1.8326368530488677 0.10753286828180816 2.104399443647111
354 3186 0 0 0 6.734483656163094 0.21334364094704608 -0.2875768996145967 1.8326534471288687 0.1075324483160366 2.104417158247313
355 3195 0 0 0 6.73452679894674 0.21337782607325853 -0.28757934230233384 1.8326714327124092 0.10753222040551895 2.1044338180336832
356 3204 0 0 0 6.734526948025045 0.21337891694575337 -0.2874753783495219 1.8326643339067004 0.10753298290914967 2.104426111099161
357 3213 0 0 0 6.734536890012025 0.2133858527707007 -0.2876191790097107 1.8326734138459237 0.10753204508815123 2.1044365942949037
358 3222 0 0 0 6.734517999742881 0.21337101364240862 -0.28762070132402856 1.8326634221914229 0.10753202180723627 2.1044269451393607
359 3231 0 0 0 6.734506877447542 0.21336153195289187 -0.28763880267529507 1.832665716389918 0.10753197014885295 2.1044298379830066
360 3240 0 0 0 6.734493450744778 0.21334738554672947 -0.2876426264632381 1.8326981952170345 0.10753192862149326 2.1044622537113473
361 3249 0 0 0 6.734484043591235 0.21334155545485525 -0.28755901078311713 1.8326789656072628 0.10753254987579468 2.1044422283563855
362 3258 0 0 0 6.734479649221182 0.21333916646993914 -0.2875722957565066 1.8326647241050402 0.10753252999409088 2.104428337571223
363 3267 0 0 0 6.734473541495804 0.21333532951438502 -0.2875138918090496 1.8326536842662278 0.10753293611646508 2.104416939753131
364 3276 0 0 0 6.734489766892153 0.21334782458248255 -0.2875403174836706 1.832663500275914 0.10753273437585506 2.104426716581302
365 3285 0 0 0 6.734486564024397 0.2133453413873883 -0.28753734956881905 1.83266188850062 0.10753273200918666 2.1044253608829644
366 3294 0 0 0 6.734475332691273 0.21333703457334566 -0.2874721357666841 1.8326532223342122 0.10753322277656617 2.104416732052702
367 3303 0 0 0 6.734490540903521 0.21334855743646736 -0.28747975605257353 1.8326649160000232 0.10753310480919018 2.1044278397047513
368 3312 0 0 0 6.7344904726222925 0.21334860001055095 -0.28744197741266175 1.8326652746257748 0.1075333920961869 2.1044277618137284
369 3321 0 0 0 6.73449688066547 0.21335342690679693 -0.2874575151487572 1.8326702110925321 0.10753328528094697 2.1044327967864564
370 3330 0 0 0 6.73448635868559 0.21334531670327178 -0.28743800985205403 1.8326636335733093 0.10753344095699785 2.1044263957043348
371 3339 0 0 0 6.734492268276747 0.21334990692431094 -0.2874607857364425 1.8326665057839342 0.10753327567082148 2.104429490097024
372 3348 0 0 0 6.734488396467759 0.21334600392859454 -0.2875463329094782 1.8326707480260485 0.1075327199883898 2.1044346163637995
373 3357 0 0 0 6.734491808622056 0.2133487680195397 -0.28752663871822237 1.832672467564223 0.10753282096595128 2.1044359891757867
374 3366 0 0 0 6.734506589243689 0.21336006600471877 -0.2876248465828109 1.8326796112261485 0.10753214262570894 2.1044438691810985
375 3375 0 0 0 6.7345071266128125 0.21335906301066085 -0.28771148723630363 1.83269249247886 0.10753153033268421 2.1044573630011367
376 3384 0 0 0 6.734521391815166 0.21336896269175049 -0.2878064782415732 1.8327104918209696 0.10753087299194858 2.104475744002514
377 3393 0 0 0 6.734507287326588 0.21335880410820843 -0.28779532898484605 1.8326939086298757 0.10753101723359702 2.104459319116227
378 3402 0 0 0 6.734510335663429 0.21336130414415355 -0.28781599581553274 1.8326937412315094 0.10753082205449656 2.1044595496814433
379 3411 0 0 0 6.734512030076755 0.21336373466050396 -0.2876901315827582 1.8326872694606315 0.1075316375523172 2.104452017582552
380 3420 0 0 0 6.7345450532139575 0.21338939113285593 -0.2877018589212288 1.8327064124350378 0.10753149145711699 2.104470412574459
381 3429 0 0 0 6.7345576853113585 0.21339910527086203 -0.2878121318214962 1.8327106639345208 0.10753071052229782 2.1044753968268233
382 3438 0 0 0 6.734540990800906 0.21338523563641493 -0.2878650845053607 1.8327087292501512 0.10753041871873487 2.1044741646375966
383 3447 0 0 0 6.734527388339812 0.2133742761855555 -0.28786378165376014 1.8327053666861026 0.10753049352984947 2.104471238092252
384 3456 0 0 0 6.734531894657847 0.21337886026648356 -0.2878875213836332 1.8326955981034305 0.10753037763818679 2.1044617824645284
385 3465 0 0 0 6.734523032293589 0.21337134373087868 -0.2878457881366674 1.8326984543719562 0.10753066528106683 2.104464371946284
386 3474 0 0 0 6.734518835642454 0.2133672205828669 -0.2878721999064753 1.8327046132607132 0.10753050481812648 2.104470832463173
387 3483 0 0 0 6.734504634810354 0.213356036233456 -0.2878384622307902 1.83269934597255 0.10753076616159558 2.104465637032716
388 3492 0 0 0 6.73449196542718 0.21334484955411176 -0.2878767480847657 1.832704885054156 0.1075305195495917 2.1044717356733242
389 3501 0 0 0 6.734504273146091 0.2133551253644057 -0.28783491654662985 1.8327059622862378 0.1075307277757484 2.104472232434042
390 3510 0 0 0 6.734515242002589 0.21336348002543382 -0.287861226322696 1.8327133858075502 0.10753045870427319 2.1044798901005612
391 3519 0 0 0 6.734520906460142 0.21336896273589495 -0.2878444694779108 1.8327056554409307 0.10753060239730076 2.1044724961775687
392 3528 0 0 0 6.734537645342433 0.2133820487422706 -0.28793155673533616 1.832711521165715 0.10752992220619761 2.1044790989948905
393 3537 0 0 0 6.734540808929896 0.21338428913326954 -0.287942212396492 1.832715522982145 0.10752978823823126 2.1044832133198232
394 3546 0 0 0 6.734549543892951 0.21339268515138549 -0.28786570464571665 1.8327059199153186 0.10753025992775 2.104472477324629
395 3555 0 0 0 6.734533208499117 0.21337950589099852 -0.2878875272748475 1.8327008544948478 0.10753017299096163 2.1044677409161023
396 3564 0 0 0 6.734517432121198 0.21336510213358253 -0.28797816728917613 1.8327112724559378 0.10752954733574543 2.104479103539668
397 3573 0 0 0 6.73447859157787 0.21333281212350846 -0.288068079329091 1.8327078590939074 0.10752910224805716 2.104477716522273
398 3582 0 0 0 6.734452274973201 0.21330985398404392 -0.2881653258179715 1.8327166020399468 0.10752849885999528 2.104488537967725
399 3591 0 0 0 6.734496256512235 0.2133470784171057 -0.2880248089984972 1.8327142653881108 0.10752934820013726 2.1044837449763616
400 3600 0 0 0 6.734504421563419 0.21335457227166724 -0.288036373724997 1.8327066236947285 0.10752920954618872 2.1044769415977957
401 3609 0 0 0 6.7344805402992804 0.21333437180148293 -0.2879763976044523 1.8327124787424334 0.1075297535878234 2.1044817028720675
402 3618 0 0 0 6.73449787555727 0.21334957960648296 -0.28801015530914026 1.8327026592056648 0.10752949220783464 2.104472099077578
403 3627 0 0 0 6.7344925536992335 0.21334522242068227 -0.2879947377538615 1.832702456853104 0.10752960238735208 2.1044719279064057
404 3636 0 0 0 6.7344994536175395 0.21335049101288306 -0.2880483480352676 1.832705607086003 0.10752920751744793 2.104476079700121
405 3645 0 0 0 6.734470024070211 0.2133253365497678 -0.2880295683648627 1.8327134044876459 0.10752940727237174 2.1044839568638447
406 3654 0 0 0 6.734474118533364 0.21332833797777545 -0.288000192045443 1.832719018907779 0.10752962608930548 2.104489389661907
407 3663 0 0 0 6.734483522010522 0.21333689465760922 -0.2879705945541219 1.8327122735349495 0.10752976794944075 2.1044823220466506
408 3672 0 0 0 6.734469077426333 0.21332473669100632 -0.28801214001423475 1.8327122006000123 0.10752951800732792 2.1044834308032807
409 3681 0 0 0 6.734464070600445 0.21331981419210033 -0.28809967401837705 1.8327169891106803 0.10752896866966094 2.104488834614984
410 3690 0 0 0 6.73444728640383 0.21330636109040813 -0.28808844748644596 1.8327119410008514 0.10752912447045501 2.1044842284335283
411 3699 0 0 0 6.73444098176625 0.2133018018950975 -0.28807205222884946 1.832705059112259 0.10752928347588213 2.1044769864846633
412 3708 0 0 0 6.734464429576949 0.2133229731360843 -0.28797217308690953 1.8326907411094915 0.1075299253934664 2.104461084179503
413 3717 0 0 0 6.734476498752083 0.2133337056614851 -0.28790870891805287 1.8326852983601272 0.10753032034071695 2.1044544397716036
414 3726 0 0 0 6.734469492233793 0.21332723801277853 -0.2879656710130789 1.8326900626740852 0.10752990864920677 2.104459905663636
415 3735 0 0 0 6.734471292737379 0.21332831798915036 -0.2879520203266449 1.8326949024553358 0.10752994875916523 2.104464382679814
