% # columns="iteration, evaluation, void, void, void, xmean", seed=559191, Fri Dec  1 12:33:00 2023, <python>{}</python> # scaling_of_variables: 1, typical_x: 0
1 9 0 0 0 1.206440864605952 0.876379548561713 -1.2828337049052443 -2.513706275196585 -1.2260669666182917 -2.1034703135431183
2 18 0 0 0 1.5189405324395804 1.5784817843674575 0.5225029832631851 -3.8865406286254194 0.3434987799215887 -2.2216419082206196
3 27 0 0 0 2.9311943338386994 2.3602071663503312 -0.43661649930653657 -5.912358482011562 -0.33812515082672334 -4.417817423200171
4 36 0 0 0 3.4665613527078083 3.0219397869539755 0.9502603111507643 -6.906024138621936 -0.78240180268367 -6.136760276036439
5 45 0 0 0 4.4246763203525035 3.8684466134761983 0.04076992279543945 -6.643224676284595 -1.3709935061034706 -5.87771883293664
6 54 0 0 0 4.240451295575184 1.3529233271261987 -0.5385104095668023 -7.864490221976587 -0.007484889568882158 -5.701501347152344
7 63 0 0 0 2.56581774098486 0.23641816498557056 -2.393475363960831 -9.250466703494729 0.23656563089737323 -5.456895893772359
8 72 0 0 0 2.92160293502518 -1.517637834624099 -2.536936700262632 -7.579551845542966 -0.8047256283575283 -6.0546603029255746
9 81 0 0 0 6.227066161575843 -0.4435792603768136 0.08014452145988393 -6.611952647636541 -0.023247992599750078 -6.902445708565237
10 90 0 0 0 3.8634013329272348 -2.249741230399665 -0.7139476542658668 -8.057682417005482 0.02959778975158875 -6.844647813918418
11 99 0 0 0 3.594586679788863 -4.911184363424667 -0.16718075622893858 -8.82822908448279 -0.1425744729618943 -7.20008299378781
12 108 0 0 0 3.562328306749103 -3.92715300368328 1.3849832964468507 -5.90803312607277 0.08344315486367998 -7.099834880969569
13 117 0 0 0 3.7245510357953933 -3.9941122821299073 1.9332865114900148 -6.81478207768207 0.5363265604307512 -6.464426783020571
14 126 0 0 0 2.915779882906847 -3.6262208783878136 1.2313740034625913 -7.22615589919125 -0.2154745198280752 -4.90793717874736
15 135 0 0 0 2.093361618327757 -1.9566589120443705 2.4548672969032372 -5.369936176043753 1.0820578852034388 -3.9572985480682363
16 144 0 0 0 3.448406748601812 -1.2952052252320947 2.1267021768732164 -2.887334771440195 0.3308869446380971 -2.9852509098090905
17 153 0 0 0 6.281449609875003 -1.7173178921484593 1.4211440680846503 -1.7834709835326348 -0.43827531531644226 -3.845074953724519
18 162 0 0 0 6.965572877140945 -1.035423357199821 0.6207387249122814 -2.673468495055981 -0.4866405701538852 -4.018430200649461
19 171 0 0 0 5.621402599493465 -1.5839507345373243 1.4488116014633663 -1.0969662864770344 -0.07406378422592452 -3.6176172564723696
20 180 0 0 0 7.28332916869153 -4.280008458314024 1.8478797143695547 -2.104728262009659 -0.30767221337111766 -6.696841276274725
21 189 0 0 0 8.043593917926371 -3.4014367038761724 1.1021493338385069 -0.3082199220583852 0.1340729828401423 -6.740230311847249
22 198 0 0 0 8.83803274168163 -5.797090516882241 1.7094051669498156 -1.4783938104722139 -0.0037417454802950723 -7.095569293347903
23 207 0 0 0 6.980591948650885 -6.916589924427587 1.1702673432669042 -0.03489631281335859 -0.027725918996301807 -3.9123176463887246
24 216 0 0 0 9.686463915693023 -5.509807517815973 1.1691204309907322 2.033972888724806 0.1533298174846285 -3.405409173877783
25 225 0 0 0 9.060220826547907 -4.1095552343214985 0.7251735006570922 -0.7608912858223649 0.10597350105515321 -2.908086292079348
26 234 0 0 0 10.877588938122784 -5.31179343454263 0.3729230094779642 -0.8986115431795796 0.10559889173206558 -2.1572892716838457
27 243 0 0 0 13.506418529037681 -6.586070047236447 -0.37610878505047685 -1.4395452014933445 -0.015381458138728266 -3.2239645686078044
28 252 0 0 0 11.494685303422463 -4.929998195610192 -0.9426292626232021 -3.8776784806988513 0.08057784221477055 -3.2954650698405854
29 261 0 0 0 8.493436511901889 -5.530232117645316 -1.019968613796582 -6.606685631325658 0.14605798856967467 -3.1617639000412225
30 270 0 0 0 7.417207674271309 -5.441802878161894 -0.5910426617781924 -5.81150708622418 -0.022609667700285274 -2.6348364544277216
31 279 0 0 0 6.351943057100347 -8.158552775873297 -0.5727736121424601 -9.24174476530156 0.07273540283341585 -3.540333096669706
32 288 0 0 0 5.25596638540813 -6.374323947899998 0.7029333438721347 -10.740059721708011 0.21593943441326985 -3.820690569698359
33 297 0 0 0 4.027367738261485 -5.4329175536122145 1.0364026073615977 -10.448911860118265 0.474480503517354 -4.147509570699045
34 306 0 0 0 3.8688688768201196 -4.849618430124936 1.0816963384773155 -9.993519708708892 0.4196421397309468 -3.278957389042854
35 315 0 0 0 4.341239868783976 -4.51791543694635 1.4600767334640778 -10.06399753721212 0.3582547104941114 -3.329480416711224
36 324 0 0 0 4.309725840912254 -4.092045877361981 2.257270658200874 -9.959729925276262 0.36019826765431373 -4.145790247926672
37 333 0 0 0 3.8598595625109664 -2.7627576819849664 0.7133396274151755 -9.365508528737424 0.26518465542604786 -3.8026557523677944
38 342 0 0 0 5.502876945307812 -3.2812500129220052 0.714760352816144 -8.99026188424729 0.20831023717627098 -2.998892182629102
39 351 0 0 0 5.293881798051943 -3.7125205508682027 0.7353226612720489 -8.331896249929802 0.2656934313504158 -3.1152182323613093
40 360 0 0 0 5.076486715995882 -3.227855036654763 0.5950276124163629 -9.173604060261326 0.1628456233318869 -2.7727811749471516
41 369 0 0 0 3.8610566704622262 -3.944033529596968 0.6915323529830093 -9.12671809778406 0.12722443503717812 -3.0209064905480063
42 378 0 0 0 4.76471540581977 -4.290964986929884 0.68942738962125 -8.321375177861071 0.09093618517270019 -3.0183775629144733
43 387 0 0 0 4.98955485153847 -4.1368628248050445 0.3273142991358665 -8.869246807009505 0.07805219328214544 -2.83015802139776
44 396 0 0 0 5.385368153764429 -4.252466412565545 0.038743528760146084 -9.280012724260033 0.004450314714947737 -2.7582665753784394
45 405 0 0 0 5.246248035129477 -4.474356599335532 0.1995769976251404 -9.193215375174633 0.06098835851467965 -2.7525873171880804
46 414 0 0 0 5.007693305134888 -3.9353401433356363 0.23325194845484645 -9.289050576982905 0.08967059178599261 -2.746869946910937
47 423 0 0 0 4.306702681157751 -3.9561879588665705 0.2735831674703192 -9.848619403518734 0.12263209938872 -2.718488185225122
48 432 0 0 0 4.443559175283206 -3.902384411029928 0.35096753781589923 -10.156088304954174 0.17113292210241118 -2.771079534492087
49 441 0 0 0 3.849885310873589 -3.3138256669782544 0.6731029595427522 -10.271986952761898 0.18196085637686402 -2.8321402405193443
50 450 0 0 0 3.2290321891993328 -3.2347992546290554 0.8146294586147883 -10.506420173497439 0.2651631246509253 -2.8434797083004413
51 459 0 0 0 3.0650612968607636 -2.978707227948878 0.6272293130022464 -10.891560969670108 0.22140420646490747 -2.862597626575679
52 468 0 0 0 2.872678104716348 -2.98592064375833 0.5920858932687701 -11.153352415137853 0.239702492770554 -2.8725805572699596
53 477 0 0 0 2.703315749207126 -3.722418449409817 0.6234916984193382 -11.58332754488583 0.2580814935444623 -2.751798476001455
54 486 0 0 0 3.4503180509921734 -4.094048092124005 0.4359455863848869 -11.234256629983166 0.1618877430305803 -2.6930592994156055
55 495 0 0 0 2.8688379625148777 -3.753924169684173 0.2701992343784297 -12.133850758879559 0.18862408458981889 -2.8008182903894996
56 504 0 0 0 3.3670955928379316 -3.6619163676087596 0.27498130170524815 -11.654511568286965 0.1978020946944976 -2.7896729603260684
57 513 0 0 0 3.316305980610096 -3.2637130270052674 0.35432876644183464 -12.157816448397124 0.18443952216503834 -2.872947500567151
58 522 0 0 0 3.454573464939673 -3.289665931106258 0.5548867841628022 -11.869034365149206 0.21012348378446574 -2.796213317176609
59 531 0 0 0 3.302502238782777 -3.459359928437804 0.83276137782452 -12.411593968013118 0.21276666427737198 -2.7612020188765904
60 540 0 0 0 3.507047623493156 -3.6505864444093397 0.8973401440456996 -12.457558033884004 0.21040156204581525 -2.7963624310544795
61 549 0 0 0 4.013267328925314 -3.6683702917316494 0.7996725555586457 -12.07379320691566 0.15232315633609106 -2.8309079116351286
62 558 0 0 0 3.5162334782856344 -3.4189725894251444 0.6915018483817769 -12.215746842598088 0.16848090789420544 -2.8429792399632783
63 567 0 0 0 3.2698438323667456 -3.3590817460693856 0.4442572841358356 -12.31906708188909 0.16762109120618623 -2.8324749713413557
64 576 0 0 0 3.393784231427069 -3.2366454684627524 0.4336655829262631 -11.993550612401918 0.17813347799894066 -2.8924627054207654
65 585 0 0 0 4.0188254827272765 -3.3134585149910203 0.3963131261632265 -11.252257529062609 0.13662239243197555 -2.835355805402291
66 594 0 0 0 3.900434344982161 -3.3273762264220026 0.50925546568233 -11.1814304967136 0.1425869936951437 -2.8121873150854033
67 603 0 0 0 3.7902251942979586 -3.207323879962204 0.3650306141734114 -11.006521562821796 0.1299190876468769 -2.84367154046811
68 612 0 0 0 3.687827568114947 -3.062865858043207 0.4567277950163376 -11.14182661505947 0.15490530394616395 -2.867159454280384
69 621 0 0 0 3.672713697172853 -3.2378317387608506 0.45983890288944285 -11.098596836821855 0.1403281807031616 -2.860698491070008
70 630 0 0 0 3.8275896225635884 -3.1634562778300412 0.5579204811360743 -11.128305918639565 0.1483064617605472 -2.8663261767552553
71 639 0 0 0 3.7898630875908053 -3.071652246335381 0.6334300445983063 -11.235195276038953 0.1548536945973576 -2.8686271744825467
72 648 0 0 0 3.97468432083347 -3.0099875971023007 0.6598892837245428 -11.20066259866649 0.14968013332820032 -2.8638853674595057
73 657 0 0 0 4.285300430383558 -3.1518372630716387 0.6350062247002712 -10.732438943193106 0.13447834438393977 -2.8553992644429056
74 666 0 0 0 4.041450027347822 -3.062467726858201 0.6063183418499084 -10.828191476770796 0.14354948641781143 -2.8769721788190954
75 675 0 0 0 4.097673803767604 -3.076312921296066 0.6268564470957132 -10.808137294742503 0.1382059284438455 -2.869149726245523
76 684 0 0 0 4.054741855464244 -3.104433214263467 0.5903480331670015 -10.75326229488385 0.13857350448008912 -2.875263056504493
77 693 0 0 0 4.019989991198649 -3.095177873923121 0.7003413188815594 -10.911681059477774 0.14470597057242363 -2.872386233196212
78 702 0 0 0 3.993586574628398 -3.0850883777076743 0.6091554297294323 -10.712305192429826 0.14279490941935033 -2.8741704942126405
79 711 0 0 0 4.0884744400456245 -3.0377405760320224 0.6508263142033732 -10.710393777773175 0.1421301524532309 -2.86906877916588
80 720 0 0 0 4.104295804652107 -3.0890548991118063 0.6286365844894826 -10.755126023932561 0.1413937847514892 -2.8668131753852726
81 729 0 0 0 4.05196610899368 -3.076726946733482 0.6099704575549766 -10.706111741951824 0.1411910251084107 -2.8687242648986064
82 738 0 0 0 4.057514023789 -3.080619812820049 0.5912005804140767 -10.707378304645927 0.13956559715637956 -2.86739742098354
83 747 0 0 0 4.030479826358068 -3.1091553870624105 0.5738157167441357 -10.710313874509206 0.1393066163893958 -2.867865424665169
84 756 0 0 0 4.084833730230024 -3.1099393853692967 0.5672640155772335 -10.710936039947876 0.1372478410268593 -2.8650715033346055
85 765 0 0 0 4.07722832876585 -3.1175716373229485 0.581962959220384 -10.69893062293465 0.13789515469910268 -2.8660192710959596
86 774 0 0 0 4.128623397092003 -3.113729021466746 0.6056887476327202 -10.69159363717808 0.13695333682723798 -2.864941231954393
87 783 0 0 0 4.107916356365479 -3.1130401480601786 0.6044854190134469 -10.763384833809777 0.13716855929457822 -2.8648012092280055
88 792 0 0 0 4.072387476271575 -3.13049677290352 0.6158131918093355 -10.777780379164732 0.13992517969092566 -2.862218365818366
89 801 0 0 0 4.081582776443812 -3.1295689831165623 0.6357123505560867 -10.831121659115086 0.13993817766209046 -2.8621928028075474
90 810 0 0 0 4.061134157748303 -3.1421412043746835 0.6284134678671521 -10.872707900832975 0.1396644636612098 -2.862818483463533
91 819 0 0 0 4.105147710043379 -3.1427974581496363 0.6252317859201806 -10.829077798013278 0.1375550844551814 -2.863643113162815
92 828 0 0 0 4.104909156934823 -3.1458882326582795 0.6057954711875677 -10.806232346439081 0.13720768966276248 -2.86284648181107
93 837 0 0 0 4.1211533640161635 -3.1491796907815974 0.5857275624129757 -10.778752115661344 0.13603468073601935 -2.8611785014082676
94 846 0 0 0 4.082772025420152 -3.1463832205732416 0.5714200391522763 -10.764705108055097 0.1372370010113876 -2.862615725048887
95 855 0 0 0 4.074729446852852 -3.1355707071703676 0.585024026758431 -10.756425134494842 0.13847558106806518 -2.8636057259298022
96 864 0 0 0 4.065455132559905 -3.137120236729744 0.6370682426602815 -10.800713834456078 0.14082546951547192 -2.863619571208
97 873 0 0 0 4.063275642608411 -3.1452272056252912 0.6188877807777518 -10.772904838546072 0.1405096638894312 -2.862514910070959
98 882 0 0 0 4.083491502023464 -3.1403169919915253 0.5858228456678699 -10.74896424502154 0.1376953645916326 -2.8621491966496335
99 891 0 0 0 4.096333276264623 -3.1469666008657056 0.617904541440288 -10.72323279556908 0.13842651348964077 -2.861562735922105
100 900 0 0 0 4.065861883927038 -3.1503116093705885 0.6307880640415694 -10.762397305373147 0.14048315450487364 -2.8599192703562184
101 909 0 0 0 4.082259296031855 -3.155689465786278 0.6284663172501815 -10.779604673835902 0.13931396125984655 -2.8605393962685595
102 918 0 0 0 4.087032187506199 -3.1535018354590165 0.6218732843326105 -10.813608729715172 0.138695454214786 -2.8612991738341855
103 927 0 0 0 4.048867459569571 -3.1575044731358397 0.6240452148838497 -10.851523705698945 0.14018577471983223 -2.8605448869154637
104 936 0 0 0 4.036374323548465 -3.1489820434567126 0.6059041698492367 -10.883885035773716 0.13956188738059522 -2.861707831739885
105 945 0 0 0 4.053681204218939 -3.144560563826323 0.6005256515517222 -10.834176293836451 0.13880306447477506 -2.8615931520460216
106 954 0 0 0 4.04347463535857 -3.1423668631725272 0.5948864401991524 -10.882965611099404 0.13900327574458013 -2.8625171629026536
107 963 0 0 0 4.007349318841264 -3.133072120774873 0.5877466154047722 -10.914165656724489 0.139990390609421 -2.86398596874852
108 972 0 0 0 4.027990110078798 -3.1306180392086325 0.5803169206089441 -10.912756420591421 0.13833660041444973 -2.864510390217869
109 981 0 0 0 4.029431913782827 -3.1269687742378554 0.5857119314507503 -10.91011641822991 0.1385294920609146 -2.8649792978361477
110 990 0 0 0 4.027563884709361 -3.1316835972067474 0.5886476644110351 -10.862962215581222 0.13881727187295154 -2.8637862897623827
111 999 0 0 0 4.05057115074639 -3.1272378951676894 0.5785817268462353 -10.80442299032843 0.13737892318857717 -2.8634810827774926
112 1008 0 0 0 4.058782227752326 -3.1211453774636335 0.5840794318134162 -10.799460369339831 0.13686300081811129 -2.86440024512438
113 1017 0 0 0 4.0726656811483 -3.1260180853377886 0.5934913487528507 -10.788853587929943 0.13658446311947492 -2.863604268082175
114 1026 0 0 0 4.065964787406179 -3.127279778166927 0.5860431122489818 -10.788743301868466 0.13731282795004224 -2.8632196283688547
115 1035 0 0 0 4.085690157978427 -3.130095089835522 0.5884063785652713 -10.765285486302849 0.13637726200441064 -2.862724252154164
116 1044 0 0 0 4.060430609063325 -3.1255928079342357 0.573255312452856 -10.822637376629336 0.1366933540690463 -2.863873665572922
117 1053 0 0 0 4.0478860336567415 -3.128823006916385 0.5748083994647926 -10.839836184620786 0.1373943738389408 -2.8633796898511648
118 1062 0 0 0 4.0643603047616415 -3.13112845441642 0.5838864175929872 -10.787293028801257 0.13740513416292668 -2.8625571071060496
119 1071 0 0 0 4.061455849846216 -3.1279672247981383 0.5749335802372394 -10.805356432740975 0.13691987865021615 -2.8633744413227986
120 1080 0 0 0 4.073701820803652 -3.1291723336657364 0.5749697084169352 -10.772301126593476 0.13686809625375296 -2.8631727714979536
121 1089 0 0 0 4.092153754706729 -3.1337180848094595 0.5756805216352172 -10.734159051306003 0.13651378975499823 -2.8621797239709457
122 1098 0 0 0 4.104378632416897 -3.1358836356309596 0.5749072984978423 -10.727116023796173 0.13615060762079337 -2.8626102010222194
123 1107 0 0 0 4.118346040316966 -3.144258507208896 0.5777550651042359 -10.701959023897096 0.1357389467456817 -2.861841876709361
124 1116 0 0 0 4.127846900610893 -3.1360558818383812 0.5693853103546355 -10.70055404477826 0.13457286040553235 -2.863518848261687
125 1125 0 0 0 4.116498488550123 -3.129645526072704 0.5592467681323541 -10.723786806136282 0.13460730982522642 -2.864319298767976
126 1134 0 0 0 4.142780588195997 -3.1344871321518037 0.5660434343524979 -10.677345775755926 0.1346411545137233 -2.864333186385495
127 1143 0 0 0 4.115471787364354 -3.1391383700135096 0.5808201135583614 -10.702305316670426 0.135820858881141 -2.864093731900334
128 1152 0 0 0 4.07801709766554 -3.1403651998241333 0.5827308471292724 -10.775257903764288 0.1367886018011257 -2.863673255361646
129 1161 0 0 0 4.054122181327689 -3.1367554740458576 0.5782287340413083 -10.831360199477245 0.13766186068672667 -2.8644395449439415
130 1170 0 0 0 4.057289674437525 -3.1271921498371125 0.557764199021648 -10.783622743927905 0.13686063014935027 -2.8645961847276675
131 1179 0 0 0 4.036261706428128 -3.1274584041925646 0.5637985269096237 -10.821527953143093 0.1380244436806542 -2.864411945886558
132 1188 0 0 0 4.057748228237711 -3.141005116068299 0.5883985960737828 -10.783492781451505 0.1379176903553852 -2.8628776520210453
133 1197 0 0 0 4.037708948832093 -3.1408442692763887 0.5931642390476601 -10.804177772429949 0.13896279284917573 -2.8622018426244624
134 1206 0 0 0 4.031160295238029 -3.1402027016362624 0.6047436670755414 -10.823830394013859 0.13945902692275464 -2.861999195284674
135 1215 0 0 0 4.044160451645527 -3.1465297118299103 0.6160693954061238 -10.800686539641882 0.13944267076875785 -2.8614789208591147
136 1224 0 0 0 4.045212368837471 -3.1410084784751313 0.6006641522108594 -10.800414315872516 0.13918451563193265 -2.862007270793934
137 1233 0 0 0 4.065694735912297 -3.1371016280208246 0.5986388588042415 -10.786695861923366 0.13874065623810664 -2.8624718059621403
138 1242 0 0 0 4.036312089279833 -3.132119809397014 0.583657008455021 -10.834738302369026 0.13897633437610832 -2.8634982161502904
139 1251 0 0 0 3.9954079896165937 -3.1297771373824133 0.5788922420351011 -10.901928979828206 0.14001286085531178 -2.863895936113508
140 1260 0 0 0 3.9862244292283453 -3.1214493994647015 0.5686059111628956 -10.930230473720828 0.13993343135320344 -2.8649564140598174
141 1269 0 0 0 4.027869321312363 -3.123038270000057 0.5617717717782651 -10.865061289896705 0.13862460186214282 -2.8649610975061934
142 1278 0 0 0 4.03519687052745 -3.119049180093807 0.5514480964575648 -10.863310703431516 0.13791581083715124 -2.8650609544107555
143 1287 0 0 0 4.031108515249914 -3.1216380773470167 0.5654316246057819 -10.860263511633656 0.13846232994656535 -2.8641785540329248
144 1296 0 0 0 4.016208266781369 -3.1206982752688335 0.5510940126149906 -10.885089117627633 0.13875338383393204 -2.8645339611543332
145 1305 0 0 0 4.018411656337366 -3.1201597307680715 0.5460204399568452 -10.87289320075623 0.1386314554776842 -2.864598423616572
146 1314 0 0 0 4.0527347089691075 -3.1222191108293624 0.5499700740880584 -10.80764295397183 0.13763905022948028 -2.8640351581236807
147 1323 0 0 0 4.049419519959043 -3.126425055403561 0.5594485463925034 -10.798135732093378 0.13790052549157955 -2.86324098065384
148 1332 0 0 0 4.055295324953694 -3.124138133871855 0.5474876136084861 -10.778859409004852 0.13758015804187393 -2.8631261941683483
149 1341 0 0 0 4.045827718785899 -3.11943763222449 0.5440059858639252 -10.818898388428819 0.13760553352642108 -2.864054515615547
150 1350 0 0 0 4.039392527317193 -3.1161533615284753 0.5313307796276672 -10.820215239449396 0.13735939413174875 -2.86456749961886
151 1359 0 0 0 4.050598563367175 -3.120359895623592 0.5322590960001284 -10.787514353478977 0.13703116953722602 -2.8641272243566953
152 1368 0 0 0 4.042612186072014 -3.1236726357279285 0.5420268084509717 -10.803040969992953 0.1374199143800246 -2.863744074066283
153 1377 0 0 0 4.042537906324295 -3.121784134618483 0.544183986653225 -10.81639993030495 0.1375347619971205 -2.863743450428404
154 1386 0 0 0 4.050447285491738 -3.125766653926097 0.5499157196583749 -10.803218466006703 0.13750405313251424 -2.863311888845364
155 1395 0 0 0 4.057642010967241 -3.1228924207701314 0.5482348675966883 -10.801240653127678 0.1371310914721352 -2.8635095655912624
156 1404 0 0 0 4.054598587877112 -3.124447974740132 0.5505725323854791 -10.815017363991418 0.13734041251753573 -2.863605059640305
157 1413 0 0 0 4.071244306333442 -3.1250909461433425 0.5583791664600383 -10.787442535506429 0.13693157720514168 -2.8634725619222583
158 1422 0 0 0 4.054974178816166 -3.1247720642589654 0.5500332907464085 -10.804248769706536 0.13713977788945259 -2.863495287493453
159 1431 0 0 0 4.061179019317174 -3.1220897296494967 0.5444461944769124 -10.782268246958882 0.13676989113062357 -2.863754862099315
160 1440 0 0 0 4.0563601463801575 -3.1231926825509935 0.5476703751360165 -10.800529794682483 0.1370753971165491 -2.8637307590809113
161 1449 0 0 0 4.064576732172344 -3.122963121805217 0.5483428976581854 -10.791225326953581 0.1369440929525792 -2.8636438264077864
162 1458 0 0 0 4.058635586046553 -3.1199610215088605 0.5447653362591376 -10.802607291645248 0.136910470546217 -2.863991615590072
163 1467 0 0 0 4.059019823827494 -3.118781622013661 0.5423834424222329 -10.80313650136444 0.13679710770906306 -2.8641634239152025
164 1476 0 0 0 4.057636298673422 -3.119393736976035 0.5447902152724777 -10.8068031785302 0.13685010321142432 -2.8639980288450615
165 1485 0 0 0 4.056645664474842 -3.1207183818604602 0.5460713507915886 -10.81127209754808 0.13692024657499194 -2.863846433235578
166 1494 0 0 0 4.05243944192301 -3.1201600715161386 0.5448107635223027 -10.819655381294954 0.1369177733960687 -2.8640024093955505
167 1503 0 0 0 4.052131595811486 -3.120507490045648 0.5440513334139119 -10.815287939665097 0.13681614328818506 -2.863995226003052
168 1512 0 0 0 4.054845972781161 -3.121279376113764 0.5444772415833007 -10.809887828550364 0.13677242853793076 -2.8640320066749494
169 1521 0 0 0 4.056523169092466 -3.123238608105116 0.5497868554509724 -10.806730067399211 0.13687732844391795 -2.8638564554471637
170 1530 0 0 0 4.055283886830411 -3.1234446032266248 0.5503142270557237 -10.805747786392823 0.1367772138511948 -2.863856533475058
171 1539 0 0 0 4.059653607174606 -3.123478228473168 0.552512763215896 -10.795502013926132 0.13675209508693584 -2.8636418350057933
172 1548 0 0 0 4.05324911968929 -3.1226834536202714 0.5499876354226729 -10.80560579334438 0.13690647515161744 -2.863996937922969
173 1557 0 0 0 4.050685328559268 -3.1225409404200364 0.5517051820803913 -10.813860161325724 0.13706426641054129 -2.863921329324015
174 1566 0 0 0 4.0435390898979255 -3.123000623620584 0.552192462973489 -10.823277784857114 0.1373282989944557 -2.864046863029321
175 1575 0 0 0 4.048898755471169 -3.124249373476326 0.5521850181940516 -10.812573946670687 0.13715837676045872 -2.864009505311016
176 1584 0 0 0 4.05029972157007 -3.123872976133802 0.5507723200082613 -10.803584545237399 0.13706223684594498 -2.864082185427711
177 1593 0 0 0 4.049985588357737 -3.1255025304361537 0.5542685076937847 -10.804764179327774 0.13715661094786688 -2.863854954440144
178 1602 0 0 0 4.057703618976859 -3.1259578612816195 0.5591892728921486 -10.794158413051775 0.13698151222258675 -2.863627666392494
179 1611 0 0 0 4.052792807130186 -3.1254923267367776 0.5614591597760112 -10.806678091403464 0.13717482314739027 -2.863598593341483
180 1620 0 0 0 4.055919027959178 -3.12322687530156 0.5579148319172518 -10.800552276428382 0.13699091561396787 -2.863699454013408
181 1629 0 0 0 4.049796088659538 -3.1247012853219482 0.5606156700104787 -10.809235717438412 0.1371913831324666 -2.8637888983097604
182 1638 0 0 0 4.0524443418226355 -3.1256485667238554 0.5636051608299397 -10.801758776099868 0.1371257163849018 -2.8635410272497452
183 1647 0 0 0 4.055201424711546 -3.1268342514034035 0.5642894129945928 -10.79599780695945 0.13709334131198522 -2.8634241743594977
184 1656 0 0 0 4.0529826718128 -3.126329126111678 0.5629459409748429 -10.79774220716552 0.13703430847651896 -2.8636595306367614
185 1665 0 0 0 4.052515287451172 -3.1262845926937284 0.5593158018621237 -10.7980940069964 0.13698071956825503 -2.8637416830011944
186 1674 0 0 0 4.044414932012621 -3.1255267746682165 0.5548639991978536 -10.8119402055522 0.13706454453965267 -2.864097142263736
187 1683 0 0 0 4.049635368526285 -3.1248971575835958 0.552600698346445 -10.806426525320347 0.13692790114440978 -2.864022825224808
188 1692 0 0 0 4.046963880770979 -3.125314603780851 0.5528136098085996 -10.80814522063761 0.13692147851739747 -2.8640096045472987
189 1701 0 0 0 4.053516425168107 -3.124690057883659 0.5506178505626336 -10.801207493544492 0.13670563712824407 -2.864022720163351
190 1710 0 0 0 4.046698522927028 -3.1245046334926023 0.5520904465230636 -10.81530009482425 0.1369481250287187 -2.8641936498591973
191 1719 0 0 0 4.043004975284107 -3.124300677301671 0.5507765682840532 -10.819373878751621 0.13701951105048898 -2.864472291485675
192 1728 0 0 0 4.0451407277646565 -3.1238908178728155 0.5504064322691978 -10.818423981669248 0.13687508443317933 -2.864376060451636
193 1737 0 0 0 4.042355611202082 -3.1232291587269283 0.5498768052712364 -10.825188788860322 0.1369461740853743 -2.8644271124972396
194 1746 0 0 0 4.040700739036849 -3.1234177530440235 0.552331643125199 -10.830324057853854 0.13707546154662856 -2.8643128878399184
195 1755 0 0 0 4.039422423171292 -3.1245168325459525 0.5560496122218728 -10.83295835210787 0.13728492634337164 -2.864195994344553
196 1764 0 0 0 4.0406395265917885 -3.1254030380847184 0.5546914203124641 -10.827578468973071 0.13713956943422131 -2.864236083389472
197 1773 0 0 0 4.040233502645785 -3.1253779660394376 0.5570420860341465 -10.832095980439261 0.1372499609749675 -2.864237949803861
198 1782 0 0 0 4.041583211253877 -3.1259304888885753 0.5593227756797337 -10.829966962933748 0.13730218577875342 -2.8641167673840178
199 1791 0 0 0 4.043021970800381 -3.125297521325417 0.5566219070126701 -10.82269760625432 0.13708942472789748 -2.8641804777262765
200 1800 0 0 0 4.041752329963908 -3.125088781011151 0.5555902297835617 -10.822452531637065 0.13712960457011483 -2.864238574434533
201 1809 0 0 0 4.040269045718239 -3.1246416472318366 0.5559930927305915 -10.825848391916457 0.13720947677751627 -2.8642421952226913
202 1818 0 0 0 4.0414381741768475 -3.124068958905279 0.5525471325575375 -10.826896409202153 0.1371322588107038 -2.864325324128526
203 1827 0 0 0 4.039946468710341 -3.1247882568414815 0.5542753186679409 -10.828935353501443 0.13727244291918547 -2.8643304878792284
204 1836 0 0 0 4.0401075476101065 -3.125633596721286 0.554291176055479 -10.828908456465397 0.1372649786348573 -2.864342009434245
205 1845 0 0 0 4.039792014282241 -3.125517191186409 0.5556939374409057 -10.829624347688085 0.1373013526306652 -2.864254259976112
206 1854 0 0 0 4.039372935433806 -3.125757786058447 0.5552240805101509 -10.83014961843628 0.13736968439196837 -2.864240654125821
207 1863 0 0 0 4.040077828713005 -3.125346429940893 0.5537438750615271 -10.832583976637636 0.137340789004158 -2.86438633250238
208 1872 0 0 0 4.039924751820988 -3.1253176081997514 0.5553770127305441 -10.835025812204579 0.13747258940157228 -2.8643178069787605
209 1881 0 0 0 4.038545581209256 -3.1260977900614764 0.5550842820788597 -10.835235963961914 0.13755501582295335 -2.864360649616973
210 1890 0 0 0 4.039050893096369 -3.1260080893138973 0.5548892720644302 -10.832315590687598 0.13748799493193153 -2.864344912494646
211 1899 0 0 0 4.038930614226676 -3.126421172434084 0.5569499293605881 -10.832176799125417 0.13758135484120004 -2.864235322827837
212 1908 0 0 0 4.038795450236702 -3.1259560712408954 0.5565900717163875 -10.834553379131119 0.1376263933581299 -2.864140883917457
213 1917 0 0 0 4.039174187523919 -3.1257961727541446 0.5557973431999443 -10.83160345065859 0.13763085047068788 -2.864030430952292
214 1926 0 0 0 4.038208667118548 -3.1262579981256966 0.5575277964627685 -10.832424964031649 0.1377438190646112 -2.863961341902023
215 1935 0 0 0 4.0384678514158825 -3.1267945441620997 0.5587490737023221 -10.833254332401575 0.13775966935411382 -2.864010267833551
216 1944 0 0 0 4.038087289068453 -3.127490213871031 0.5603372417390505 -10.833143874061461 0.1378367183196309 -2.864029370156383
217 1953 0 0 0 4.0374923979911355 -3.127782449733959 0.5626390575083546 -10.833195279854532 0.1379296376938312 -2.8639251443347487
218 1962 0 0 0 4.0370009526834885 -3.128371522366816 0.5644043876079763 -10.834568172952027 0.1380168002458964 -2.863949158002963
219 1971 0 0 0 4.03690746948728 -3.1283729831202245 0.5631051715690858 -10.837457510227882 0.13793248556424795 -2.8639567718975814
220 1980 0 0 0 4.037003805951358 -3.1281021797534163 0.56276762158527 -10.83705286660227 0.1379682766490869 -2.863869228149493
221 1989 0 0 0 4.036622146273429 -3.128707691043444 0.5643039184470416 -10.834393430487875 0.13802428025894753 -2.863869738502131
222 1998 0 0 0 4.0358764127324775 -3.129487842285938 0.5661013718500677 -10.8382328267243 0.1381868453564282 -2.8637416457306912
223 2007 0 0 0 4.035697286842841 -3.129747110631694 0.5659537513544611 -10.839758479880999 0.13819875462842018 -2.8638310010560186
224 2016 0 0 0 4.035984637668326 -3.1295766946154493 0.5656180616388033 -10.840260385412407 0.13819773146006928 -2.863959746684778
225 2025 0 0 0 4.035789484850213 -3.1292653914932442 0.5659073492010674 -10.842606400742238 0.1382462570686415 -2.8638667725246814
226 2034 0 0 0 4.035619433201956 -3.1297160318657014 0.5661884772014777 -10.845297070618637 0.13828168203047675 -2.863939842978519
227 2043 0 0 0 4.036033156547507 -3.129456808478543 0.5664011896997311 -10.84573215207431 0.1382155833427762 -2.864186731246137
228 2052 0 0 0 4.035698855279501 -3.129699463292808 0.5685605792095848 -10.844530224898703 0.1383189055767009 -2.864082135913876
229 2061 0 0 0 4.036320674549469 -3.129074800274526 0.5672144411812694 -10.848671383064698 0.13827661679837083 -2.8641055430714086
230 2070 0 0 0 4.035863017944174 -3.129779463391271 0.5676853931337608 -10.843625165823921 0.1382878359195866 -2.8641212138060967
231 2079 0 0 0 4.035709014337857 -3.1297839815942368 0.5680883424658609 -10.844277050494044 0.13833491703320644 -2.8641403039739304
232 2088 0 0 0 4.0353750549573 -3.1303001968220765 0.5690557615175523 -10.843510641613205 0.13840363659269006 -2.864124883526531
233 2097 0 0 0 4.03592999391403 -3.129601691691603 0.5677457736010871 -10.84660487464303 0.13834336841705017 -2.864189068174662
234 2106 0 0 0 4.035879167868099 -3.1296337644624455 0.5681602596689034 -10.847811010879443 0.13833861114768647 -2.86417540116656
235 2115 0 0 0 4.035992066911442 -3.129470265299732 0.5681407247202148 -10.847536662157525 0.1383543413659859 -2.8641144559795175
236 2124 0 0 0 4.035887253714687 -3.1296418247597364 0.5682845829865418 -10.85012412289558 0.13838316121479788 -2.8641471270763526
237 2133 0 0 0 4.035319695230725 -3.1300695678208634 0.5686005849600176 -10.852127555202737 0.1384035448066609 -2.8641881027475162
238 2142 0 0 0 4.035351582308226 -3.1300121175321807 0.5684730787284397 -10.85222770887916 0.138448902059974 -2.8641422310024627
239 2151 0 0 0 4.035113586383647 -3.1301704128837993 0.5692502585337205 -10.85475382550809 0.13851162751207277 -2.864198400188806
240 2160 0 0 0 4.03511833983908 -3.130147427688057 0.5691562258258177 -10.857215535485551 0.13850745311979043 -2.8642009945424265
241 2169 0 0 0 4.0353398312050555 -3.1299625970070215 0.5695540408944427 -10.856549864043721 0.1385076050154404 -2.8642125548452757
242 2178 0 0 0 4.035389794794337 -3.1299811580077863 0.5699588162764402 -10.855948010919827 0.1385176015282 -2.8642193228670463
243 2187 0 0 0 4.035549236504639 -3.129907922337282 0.5693238665183935 -10.855490717948491 0.13850681194229406 -2.8642246985223623
244 2196 0 0 0 4.035572286554125 -3.129849499369027 0.5688578301239133 -10.857074033214635 0.1384902580740773 -2.86427736112884
245 2205 0 0 0 4.035713929621782 -3.1297597512711617 0.5685581673024955 -10.85541352671636 0.13848995658236574 -2.864292268430849
246 2214 0 0 0 4.035581566639838 -3.1298393997684157 0.5686644908700496 -10.853222075452972 0.1384901499932704 -2.864234706836848
247 2223 0 0 0 4.035421078460741 -3.1299516507335685 0.569128469606036 -10.85232678798595 0.1385207334600353 -2.8642491897474653
248 2232 0 0 0 4.035676853881811 -3.1297826455735325 0.5681626051326772 -10.851614853982309 0.1384595194239573 -2.864273294543763
249 2241 0 0 0 4.0358185570892635 -3.129694061570614 0.5681158473723187 -10.851606221562687 0.13842522996810178 -2.864305004499224
250 2250 0 0 0 4.03564903758312 -3.129798555099772 0.5684611906111553 -10.852235603415984 0.13844624950461895 -2.864316497810285
251 2259 0 0 0 4.035638957106761 -3.129824974082339 0.56854919778354 -10.851883404530831 0.13844850948209791 -2.8642811545253006
252 2268 0 0 0 4.035511927206739 -3.129876400764061 0.5689296551481364 -10.854387493283006 0.1384628851893612 -2.8643273266375715
253 2277 0 0 0 4.035590991752433 -3.1298410858519037 0.5682939142834447 -10.854647033808199 0.13844517236485215 -2.8643469687959655
254 2286 0 0 0 4.0356440045334745 -3.1298135264257456 0.5685521838163021 -10.856256728938652 0.1384364354668683 -2.864377601679983
255 2295 0 0 0 4.035806538066355 -3.1297042950175658 0.5682010390571881 -10.855431271490243 0.13842250856379149 -2.864391434607846
256 2304 0 0 0 4.035931933535957 -3.129634730487359 0.5679214522040165 -10.854547302085383 0.13841164405422626 -2.8644475042648434
257 2313 0 0 0 4.035952993169185 -3.129638154092239 0.5679171322626044 -10.853998261413766 0.13841100342404022 -2.864468446294375
258 2322 0 0 0 4.035874741647287 -3.1296856037765233 0.5675008646634616 -10.852799041073878 0.13841342271192775 -2.8644531201802628
259 2331 0 0 0 4.03585591491093 -3.1296772968907063 0.5678415660490662 -10.853338845215891 0.13843306984154688 -2.8644386499269126
260 2340 0 0 0 4.03588967276709 -3.129652396600365 0.5678993745076947 -10.853453154571746 0.13842103354689464 -2.864444582246564
261 2349 0 0 0 4.035915506465054 -3.129637704949434 0.5680284989065877 -10.85453138032968 0.13842680628108572 -2.8644287231243903
262 2358 0 0 0 4.035940037315118 -3.129630082938822 0.5678183352441285 -10.854653015058664 0.13841800729163234 -2.864446945564388
263 2367 0 0 0 4.035986918545417 -3.129600747582097 0.567627214759551 -10.854842171381572 0.13842058078217656 -2.8644507924869105
264 2376 0 0 0 4.0359468624104755 -3.1296261867231334 0.5676410970926812 -10.854377541361673 0.13842573786291898 -2.864449968878858
265 2385 0 0 0 4.035952490515576 -3.129624130081604 0.567568975026972 -10.854750928515378 0.13843148864894017 -2.864468164052929
266 2394 0 0 0 4.035905918751965 -3.129656929086707 0.5676290424070686 -10.85522083145153 0.1384341660914837 -2.864453515650528
267 2403 0 0 0 4.03593307798035 -3.1296386335302544 0.5675875091474126 -10.855336305992436 0.13843127332485047 -2.864464143635617
268 2412 0 0 0 4.035933155414939 -3.1296375021890093 0.5676809923316527 -10.856427002025345 0.13843058179604373 -2.864493256114608
269 2421 0 0 0 4.035962147165678 -3.1296136533734047 0.5676359001136885 -10.856571956644046 0.13843788398942242 -2.8644868595804
270 2430 0 0 0 4.035962289768682 -3.129618547405742 0.5675864781809477 -10.856045443723783 0.13842713157883535 -2.8644884522913183
271 2439 0 0 0 4.0359695722576685 -3.129621714641189 0.5674538861264184 -10.856298336798028 0.1384292844625093 -2.864482846911678
272 2448 0 0 0 4.035946719080294 -3.1296375238367196 0.5673691862043061 -10.85567232222697 0.13842910529453067 -2.8644663772802397
273 2457 0 0 0 4.035980354836026 -3.1296209750532893 0.5672262443944612 -10.855827945402384 0.13842743902167637 -2.864468276660817
274 2466 0 0 0 4.035963304801357 -3.129628441223108 0.5673595067565631 -10.855671445511739 0.13843329083286718 -2.864452299058812
275 2475 0 0 0 4.035963497474056 -3.1296259745173813 0.5673858792247435 -10.855719479251555 0.13842825573914846 -2.8644847095038704
276 2484 0 0 0 4.035957901337599 -3.1296344631262243 0.5672705828121107 -10.855627626697272 0.13842944084544972 -2.8644932389367823
277 2493 0 0 0 4.0359558051024536 -3.1296351819002015 0.5672943278238043 -10.855067335437363 0.1384332604751747 -2.864472506018538
278 2502 0 0 0 4.035953674299881 -3.1296348368949904 0.5673510632066382 -10.855150230934038 0.13843392820015998 -2.864471484931959
279 2511 0 0 0 4.035953776822957 -3.129634407793401 0.5673590862407283 -10.85496085840991 0.13843246650105775 -2.864468204185907
280 2520 0 0 0 4.035957160314455 -3.1296327676650364 0.5673133032886761 -10.85502277661573 0.13843228732272822 -2.8644665589007205
281 2529 0 0 0 4.035952094755807 -3.129632693191053 0.5674538798201549 -10.855057888325561 0.13843299037255313 -2.8644739069517207
282 2538 0 0 0 4.03595869149284 -3.1296291418926954 0.5674215502441854 -10.855307282583302 0.13843213462541543 -2.8644854456582935
283 2547 0 0 0 4.035971870533562 -3.1296222617462726 0.5673545850188622 -10.85538074093353 0.13842860269338675 -2.864484644187156
284 2556 0 0 0 4.035991238456063 -3.129611607712454 0.567298518899484 -10.855521497318115 0.13842601076841626 -2.86449403487322
285 2565 0 0 0 4.035973135759455 -3.1296214821427077 0.5673388295477974 -10.855280460362069 0.13842889657302018 -2.8644953325630538
286 2574 0 0 0 4.035969198655206 -3.1296261933305987 0.567285151828363 -10.855074824423772 0.1384318649879926 -2.864491589891971
287 2583 0 0 0 4.035961278645154 -3.129630281743687 0.5673309177071847 -10.855460032555147 0.13843264545819745 -2.8644855462747656
288 2592 0 0 0 4.035976000606517 -3.1296218970717944 0.5672855084748912 -10.855350068086194 0.13842995611623027 -2.864484416554473
289 2601 0 0 0 4.035978520513029 -3.1296210734482868 0.567270151476734 -10.855392866094965 0.1384317846430296 -2.864490158722713
290 2610 0 0 0 4.035985088964925 -3.129615850999693 0.5672826402976432 -10.85577461307792 0.13842958385612839 -2.864489721834618
291 2619 0 0 0 4.035992319251706 -3.1296097387047026 0.5673086650866142 -10.855874574081138 0.13842837667152993 -2.864494984130027
292 2628 0 0 0 4.035994697452466 -3.129608581991574 0.5673035781991603 -10.856038355828401 0.13842758517103163 -2.8644981599104886
293 2637 0 0 0 4.035992779388296 -3.129608410370815 0.5673435142739944 -10.856137783698681 0.13842466134455467 -2.864496480646812
294 2646 0 0 0 4.035997189729485 -3.1296065311488417 0.5673145817865493 -10.855902712012192 0.13842615266048441 -2.8644895174189524
295 2655 0 0 0 4.036000144844808 -3.129606935505077 0.5672531711581293 -10.85581265941865 0.13842585431134435 -2.86449082858335
296 2664 0 0 0 4.035997073240402 -3.129608907741137 0.5672523650155813 -10.855839746724442 0.13842558721015835 -2.8644864804960597
297 2673 0 0 0 4.035998510514916 -3.1296071329116684 0.5672682409243874 -10.855944256068202 0.13842600465035662 -2.8644926372207165
298 2682 0 0 0 4.0359963910425245 -3.129610021586889 0.5672282121760227 -10.8559254222351 0.13842639313152288 -2.8644917250272086
299 2691 0 0 0 4.035998204437823 -3.1296089650907843 0.5672183863326392 -10.85592188197284 0.1384260467466345 -2.8644983387345553
300 2700 0 0 0 4.035996229384422 -3.1296094181505723 0.5672460566168606 -10.855897687514613 0.13842622130899113 -2.8644956577163594
301 2709 0 0 0 4.035992746335015 -3.1296123863433998 0.5672360851930055 -10.855787697268207 0.13842676578891822 -2.864494090189597
302 2718 0 0 0 4.035993706626388 -3.1296116727770147 0.5672371122953586 -10.8557528448557 0.1384271937874668 -2.864494324128757
303 2727 0 0 0 4.0359921507718335 -3.1296125055405684 0.5672430195081563 -10.855800887520184 0.13842766668008474 -2.864494670514395
304 2736 0 0 0 4.035991324921009 -3.1296131122205564 0.5672432067237868 -10.855758854214079 0.13842766367760181 -2.8644947760179944
305 2745 0 0 0 4.035992739689995 -3.1296124469035185 0.5672336150253985 -10.855787097039046 0.1384273589745286 -2.8644946667434135
306 2754 0 0 0 4.035993313473934 -3.1296122584178416 0.5672270167292998 -10.855786931457327 0.13842686290204478 -2.864495766719746
307 2763 0 0 0 4.035994082093968 -3.129611828908977 0.5672244051350672 -10.855812265820889 0.13842682862582367 -2.86449696388298
308 2772 0 0 0 4.035995596076259 -3.129610962854768 0.5672189202676844 -10.855836017007846 0.13842651387937097 -2.864497144189592
309 2781 0 0 0 4.035994729182928 -3.129611123905952 0.5672302325477219 -10.855844007334014 0.13842682958144062 -2.864496416770185
310 2790 0 0 0 4.035995927673358 -3.129610944716164 0.5672112870998253 -10.855816145475766 0.13842622832061058 -2.8644981099850875
311 2799 0 0 0 4.0359955426750185 -3.1296113207894614 0.5672096232018934 -10.85580505694766 0.13842644798753337 -2.8644977710321524
312 2808 0 0 0 4.035996305513556 -3.129610863034917 0.5672094817147889 -10.855872219675385 0.13842633486481523 -2.8644989852180593
313 2817 0 0 0 4.035997759270861 -3.1296099864046143 0.5672052096576811 -10.855911979624576 0.13842633899816914 -2.8644976403440046
314 2826 0 0 0 4.035998000380645 -3.129609969338242 0.5672011023861885 -10.855933748913522 0.13842637274220398 -2.864498822880769
315 2835 0 0 0 4.035998614953425 -3.1296097199958353 0.5671942217864571 -10.855897948511702 0.13842629434818085 -2.8644991260561237
316 2844 0 0 0 4.036001342115832 -3.1296086020211664 0.5671715172076914 -10.85598373249936 0.138425881376451 -2.8645010946829643
317 2853 0 0 0 4.036001488634534 -3.1296090247691777 0.567155752609124 -10.8559804620286 0.13842621702233585 -2.864500569256042
318 2862 0 0 0 4.0360028949984885 -3.1296082463127424 0.5671508786235027 -10.856067980093655 0.13842645559212866 -2.8645003331829746
319 2871 0 0 0 4.0360015499065565 -3.1296089251623975 0.5671556302821872 -10.856070647509013 0.13842671320626584 -2.8645002231275245
320 2880 0 0 0 4.036003853692241 -3.1296070596422787 0.567163731497862 -10.856225360638035 0.13842593747446194 -2.8645023088673947
321 2889 0 0 0 4.036002667137731 -3.129608053604915 0.5671622688908331 -10.85618380411289 0.13842628515576097 -2.8645022220807914
322 2898 0 0 0 4.036003499310047 -3.1296068775464736 0.5671777570708656 -10.856183613165136 0.1384260193546281 -2.864500703893692
323 2907 0 0 0 4.036004011817992 -3.129606905947663 0.5671701507373461 -10.85614261287063 0.13842520845450298 -2.864502041120727
324 2916 0 0 0 4.036003945800871 -3.129607414919961 0.5671574601872289 -10.856156985686956 0.13842559656905865 -2.8645009412841307
325 2925 0 0 0 4.036004681051586 -3.1296069649948133 0.567156449382827 -10.856184488807681 0.1384258120296189 -2.864499322659191
326 2934 0 0 0 4.036003344516055 -3.129607442944375 0.5671689272188473 -10.856195747034478 0.1384262157524827 -2.8644986620518673
327 2943 0 0 0 4.03600431045552 -3.129607133594737 0.5671570953402014 -10.85617895141428 0.13842602294076492 -2.8644987160895448
328 2952 0 0 0 4.036003848383713 -3.12960682123619 0.5671761776293593 -10.856213970739741 0.13842623609971436 -2.86449718044296
329 2961 0 0 0 4.0360038755153465 -3.1296070763780377 0.5671680472838871 -10.856207655582045 0.13842644180305394 -2.864497726945041
330 2970 0 0 0 4.036003679202051 -3.1296071861136547 0.5671691677672005 -10.856204673206921 0.13842622661450035 -2.864498178986234
331 2979 0 0 0 4.036003682690763 -3.1296067966821375 0.5671790200620439 -10.856232849524456 0.13842620281338588 -2.8644981620402232
332 2988 0 0 0 4.036004107299265 -3.1296064107342114 0.5671825311660438 -10.856271828935828 0.13842618396442308 -2.86449659497577
333 2997 0 0 0 4.036004816600224 -3.129605853341506 0.5671835039719032 -10.856282137441113 0.13842601465439844 -2.864497281438831
334 3006 0 0 0 4.036004680447653 -3.1296056687081 0.5671905109994986 -10.856312901514489 0.13842641288657379 -2.8644972093193646
335 3015 0 0 0 4.036004643913581 -3.1296055791398003 0.5671934975436778 -10.85631592240447 0.13842644670454168 -2.8644970359821014
336 3024 0 0 0 4.036004849475836 -3.129605644657456 0.5671880234324795 -10.856317792855505 0.13842648956036743 -2.8644981943949945
337 3033 0 0 0 4.036004193392994 -3.129606324675894 0.5671818083010258 -10.856272880613254 0.13842664029700089 -2.8644969097889046
338 3042 0 0 0 4.036003992423646 -3.1296064241514197 0.5671831663350894 -10.856263484718578 0.13842664171050248 -2.8644975675298707
339 3051 0 0 0 4.036004222303802 -3.1296061375562196 0.5671870068662406 -10.856283236876337 0.13842637464293744 -2.864498040908067
340 3060 0 0 0 4.036004693631546 -3.1296057738358916 0.5671875569086198 -10.856303061859638 0.13842591935079335 -2.8644985163875702
341 3069 0 0 0 4.036004503609438 -3.1296060970341846 0.5671822113804671 -10.856300070434973 0.1384262902173091 -2.864499956957309
342 3078 0 0 0 4.036004481583566 -3.1296062585745177 0.5671787335022007 -10.856283204150133 0.13842630650834584 -2.8644995561895135
343 3087 0 0 0 4.036004250628352 -3.129606279370344 0.5671818573196037 -10.85629380936284 0.13842639158929146 -2.864498928451275
344 3096 0 0 0 4.036004370269149 -3.1296062222085297 0.5671809019428842 -10.856299934783692 0.13842617258712725 -2.8644992118291994
345 3105 0 0 0 4.03600424270075 -3.1296062873634014 0.5671818941720627 -10.85629858802752 0.13842620027526611 -2.864498440141735
346 3114 0 0 0 4.036004462374946 -3.129606084176032 0.567183230662024 -10.856295308462444 0.13842629654057367 -2.864497891671642
347 3123 0 0 0 4.036004639414774 -3.129606137268908 0.5671782855143311 -10.856298892466391 0.138426252146778 -2.864498561659473
348 3132 0 0 0 4.036004421390519 -3.1296061301469136 0.5671830611397983 -10.856290351248681 0.13842634192836872 -2.864496811815459
349 3141 0 0 0 4.036004409318622 -3.129606175479285 0.5671821443177854 -10.8563217890765 0.13842644240617205 -2.8644975700398585
350 3150 0 0 0 4.036004696854099 -3.129606233213722 0.567175266768979 -10.856334118981733 0.13842655743221685 -2.864498502034364
351 3159 0 0 0 4.036004701576678 -3.129606394115341 0.5671707418187663 -10.856322962089136 0.13842663833263782 -2.8644990616739054
352 3168 0 0 0 4.036004525734043 -3.1296066251064167 0.5671673425003065 -10.856316863994644 0.13842691138212754 -2.8644991185583053
353 3177 0 0 0 4.036004243579913 -3.1296067179782883 0.5671698187021957 -10.856299869272979 0.13842698022832195 -2.864499064996868
354 3186 0 0 0 4.0360043290269045 -3.1296065803955004 0.567172078930456 -10.856312914419034 0.1384272722776813 -2.8644983301816356
355 3195 0 0 0 4.03600418185334 -3.1296067492725985 0.5671704530565642 -10.856316117973003 0.1384276229242533 -2.8644981811135084
356 3204 0 0 0 4.03600442385358 -3.1296062750719607 0.5671795382916149 -10.856333260607387 0.13842696220054798 -2.864497870218859
357 3213 0 0 0 4.036003999082512 -3.1296065752575135 0.5671798320806075 -10.856334852862151 0.13842761819297744 -2.864496213119496
358 3222 0 0 0 4.03600404584517 -3.1296063838175128 0.5671846124676787 -10.856341172806683 0.13842729736903406 -2.8644948984285734
359 3231 0 0 0 4.036004135486117 -3.129606628698559 0.5671762810655148 -10.856321240061828 0.13842720411749548 -2.8644967031533226
360 3240 0 0 0 4.036004213902988 -3.1296066663281623 0.5671736721442635 -10.856309621125186 0.13842697989686645 -2.8644977295705782
361 3249 0 0 0 4.036004480561029 -3.12960664726818 0.5671688385970175 -10.856304017873406 0.1384270696870518 -2.8644967873491414
362 3258 0 0 0 4.036005085456755 -3.129606305826697 0.567166117126966 -10.856340479313987 0.13842682501348066 -2.8644983625046185
363 3267 0 0 0 4.036005040643306 -3.1296062638689817 0.5671679030556548 -10.856342602335113 0.13842669696661442 -2.864499304452767
364 3276 0 0 0 4.036004785438442 -3.1296063134824896 0.5671710744968302 -10.856357263656758 0.13842689957001852 -2.864500526448257
365 3285 0 0 0 4.036004556397785 -3.129606161025027 0.5671799894559039 -10.8563678879195 0.1384269112053876 -2.864499206544624
366 3294 0 0 0 4.036004396990382 -3.1296059354500794 0.5671889236292139 -10.856345787146534 0.13842687533488524 -2.8644971548370637
367 3303 0 0 0 4.036004704218669 -3.1296054410686867 0.5671968253687327 -10.856387465591531 0.1384266583803963 -2.864497221452925
368 3312 0 0 0 4.036004532895112 -3.1296058805943607 0.5671884217547589 -10.856354511196425 0.1384268691540092 -2.8644968558112467
369 3321 0 0 0 4.036004019913634 -3.1296059951737254 0.567195235488987 -10.85635234389029 0.1384271526226056 -2.8644964894748806
370 3330 0 0 0 4.036003413287725 -3.1296061061183407 0.567204262005427 -10.856345544990392 0.13842723423622175 -2.864495251239425
371 3339 0 0 0 4.036003601822242 -3.129605944972827 0.567205337710649 -10.85635221168968 0.13842712510926639 -2.864494934925426
372 3348 0 0 0 4.03600369275555 -3.1296058422080058 0.5672062064612915 -10.856367342214213 0.1384271724696392 -2.8644950310800397
373 3357 0 0 0 4.036003768120478 -3.1296057362429557 0.5672072424865179 -10.856362503945158 0.13842709028276395 -2.8644950882785554
374 3366 0 0 0 4.036003870638848 -3.129605567264773 0.5672093708919037 -10.856347607528985 0.1384268964757361 -2.864495831711481
375 3375 0 0 0 4.036003480284385 -3.12960555332434 0.5672171143369832 -10.856338724593568 0.1384269839591535 -2.8644943108673777
376 3384 0 0 0 4.036003583843769 -3.1296053993276916 0.5672197012303958 -10.85637315245247 0.13842696270947139 -2.864494265015761
377 3393 0 0 0 4.036003458234053 -3.129605394847085 0.5672228485210011 -10.856375653945765 0.138426953944082 -2.864493152207407
378 3402 0 0 0 4.036003492682555 -3.1296055738907023 0.567217014222271 -10.856365834599385 0.13842682320165198 -2.8644938327259077
379 3411 0 0 0 4.036003510940136 -3.1296057372181845 0.5672121423092727 -10.856373451001241 0.1384268546736567 -2.864494696672953
380 3420 0 0 0 4.0360035705392105 -3.1296056963113683 0.567211307533275 -10.856346296691614 0.13842648926619658 -2.8644958197570607
381 3429 0 0 0 4.036003338536598 -3.1296057221223235 0.5672155837026895 -10.856353394371975 0.1384267148640983 -2.864494505165445
382 3438 0 0 0 4.036003386301689 -3.1296057664642247 0.5672136400266659 -10.856367999863851 0.1384267330085401 -2.864494984829514
383 3447 0 0 0 4.0360032510742005 -3.129606024726367 0.5672096676096401 -10.856373205749081 0.13842712116903585 -2.8644944892592257
384 3456 0 0 0 4.036003604224358 -3.1296056558676204 0.5672126683522369 -10.856376895047203 0.1384268154144224 -2.864494730393378
385 3465 0 0 0 4.0360033974296545 -3.1296056310717915 0.5672173034002772 -10.856371255995507 0.13842678519869955 -2.8644941672226008
386 3474 0 0 0 4.036003360720877 -3.1296055004401326 0.5672211160407507 -10.85636337100052 0.13842658783496664 -2.8644944434667456
387 3483 0 0 0 4.036003391337415 -3.129605332994731 0.5672249076853515 -10.856363491120193 0.138426406159245 -2.8644945247580282
388 3492 0 0 0 4.036003343033858 -3.129605408328766 0.5672240129630705 -10.856360477519885 0.13842640864315944 -2.8644943544742625
389 3501 0 0 0 4.03600342021987 -3.129605426507106 0.5672222836767605 -10.85636351182549 0.13842650114889582 -2.8644938888174947
390 3510 0 0 0 4.036003480264679 -3.129605184358805 0.5672275170754097 -10.856355654641254 0.13842617208634758 -2.8644938239139157
391 3519 0 0 0 4.036003724548387 -3.1296051034721604 0.5672248198513211 -10.856347607895854 0.1384260967930327 -2.8644938182800788
392 3528 0 0 0 4.036003512189913 -3.129605252744086 0.5672250966454576 -10.85634264019418 0.13842637139163527 -2.864492755349959
393 3537 0 0 0 4.036003501628025 -3.129605237364621 0.5672260771964099 -10.856343642702905 0.1384264021993746 -2.8644917378010937
394 3546 0 0 0 4.036003698282297 -3.1296053788728853 0.567218281934809 -10.85634120436001 0.13842638970410504 -2.864493095750283
395 3555 0 0 0 4.036003503057106 -3.129605548620249 0.5672175337576568 -10.856339746825347 0.13842663976755543 -2.864492481876908
396 3564 0 0 0 4.036003238575761 -3.1296057202297836 0.5672179372467435 -10.856316758232548 0.13842670175380492 -2.864491619560332
397 3573 0 0 0 4.036003489886755 -3.1296052705972324 0.5672248803219101 -10.856326138372001 0.13842624084340144 -2.864492002368975
398 3582 0 0 0 4.036003179031136 -3.1296054813275056 0.567225277460395 -10.856333854921834 0.1384264029785315 -2.8644927663487176
399 3591 0 0 0 4.0360034088259775 -3.1296054713518338 0.5672212622673013 -10.856329657065451 0.1384264688268315 -2.8644921907887593
400 3600 0 0 0 4.036003487167353 -3.1296054298795757 0.5672205156783018 -10.856312930548171 0.13842624519035154 -2.864492543932402
401 3609 0 0 0 4.036003441753886 -3.129605530139769 0.5672185674884334 -10.85630659679709 0.13842622045802672 -2.864492474805983
402 3618 0 0 0 4.0360033168195155 -3.129605748608204 0.5672150810170691 -10.856292744000646 0.13842633596365028 -2.8644923552725694
403 3627 0 0 0 4.03600340438076 -3.1296057492868905 0.567212976922733 -10.856297094474538 0.13842626614364584 -2.8644931479815234
404 3636 0 0 0 4.036003329040362 -3.129605917047224 0.5672103582254491 -10.856298729137448 0.1384265014434418 -2.864492618950756
405 3645 0 0 0 4.03600341615196 -3.1296058065383487 0.5672114675994454 -10.85630218028368 0.13842637705543387 -2.864492744977848
406 3654 0 0 0 4.036003381788742 -3.129605729045238 0.5672144076220282 -10.856295499728292 0.1384263149101267 -2.8644920257886883
407 3663 0 0 0 4.036003432953066 -3.1296059257213926 0.5672080383417889 -10.856292432239842 0.13842641633034297 -2.8644928029932393
408 3672 0 0 0 4.03600358381633 -3.129605856537041 0.567206937170316 -10.856295662282353 0.13842641379582282 -2.864493051197266
409 3681 0 0 0 4.036003607415542 -3.129605806975428 0.5672078860170444 -10.85629544488524 0.13842645597798056 -2.864492723039577
410 3690 0 0 0 4.036003481018114 -3.1296059552579663 0.5672064091447824 -10.856293911758701 0.13842655772436857 -2.8644927238001623
411 3699 0 0 0 4.036003514038335 -3.129605933191517 0.5672062318583239 -10.856291755936581 0.13842653390588783 -2.8644927124842035
412 3708 0 0 0 4.036003574585297 -3.1296059517463655 0.5672045172174773 -10.8562914462709 0.13842657306298495 -2.864492825966558
413 3717 0 0 0 4.036003463225301 -3.1296059941313596 0.5672057954307009 -10.856286463084832 0.13842667057924196 -2.864492327268112
414 3726 0 0 0 4.036003616636264 -3.129605857367322 0.5672065384428218 -10.856298498267348 0.13842658106574388 -2.8644928341216835
415 3735 0 0 0 4.036003735841842 -3.1296057477696158 0.5672071361402837 -10.856305121083347 0.13842647103970585 -2.8644932390019564
416 3744 0 0 0 4.036003816827403 -3.1296056683230296 0.5672077770032147 -10.856312719244237 0.13842640657840918 -2.864493331831468
417 3753 0 0 0 4.036003745015899 -3.129605545241969 0.567212469237034 -10.856322371014382 0.13842638292362094 -2.864493080777866
418 3762 0 0 0 4.036003768035071 -3.1296054780390983 0.5672139039809839 -10.856333955849678 0.13842642730940993 -2.8644931751789793
419 3771 0 0 0 4.036003789512293 -3.1296056065164386 0.5672099728343121 -10.856326310320897 0.13842642046028553 -2.8644934051196156
420 3780 0 0 0 4.036003751837781 -3.129605695476515 0.5672081822393469 -10.856318091432904 0.13842642875119593 -2.864493673822308
421 3789 0 0 0 4.036003610993758 -3.129605820958804 0.5672076029515429 -10.856310526903828 0.13842649119151165 -2.864493241120688
422 3798 0 0 0 4.036003527292217 -3.1296059397813485 0.5672061795071212 -10.856307820799529 0.13842658796579754 -2.864492901977678
423 3807 0 0 0 4.03600356757852 -3.129605733041858 0.5672107809819528 -10.856324717185885 0.13842650045759408 -2.8644932531638014
424 3816 0 0 0 4.036003484483943 -3.1296058365826798 0.5672097116234527 -10.85632368620168 0.1384265981503531 -2.864493022341823
425 3825 0 0 0 4.0360035632684585 -3.1296058184518163 0.5672086380154724 -10.856324991570883 0.1384265924708467 -2.8644931719036837
426 3834 0 0 0 4.036003574304079 -3.12960579506996 0.5672088973481185 -10.856330765606433 0.13842659029928917 -2.864493428082961
427 3843 0 0 0 4.036003504388118 -3.129605732436229 0.5672117172274656 -10.856330678922971 0.1384264846192691 -2.864493490723403
428 3852 0 0 0 4.036003539321729 -3.129605587800012 0.5672149354922827 -10.856339969811813 0.13842644352252595 -2.8644933623325763
429 3861 0 0 0 4.036003557534134 -3.1296055124609876 0.56721648176816 -10.856339188816513 0.13842633983295685 -2.864493343897197
430 3870 0 0 0 4.036003634961092 -3.1296055030956973 0.5672153503390518 -10.856331404807367 0.1384262898427397 -2.8644933912544586
431 3879 0 0 0 4.036003624951021 -3.129605531446454 0.5672148324850459 -10.856328728974189 0.13842636567638614 -2.8644933404702724
432 3888 0 0 0 4.036003531118335 -3.1296055667222618 0.5672155533405299 -10.856318281244851 0.13842623633562856 -2.864493279248581
433 3897 0 0 0 4.036003405590876 -3.129605541237117 0.5672183475837844 -10.856315612931992 0.13842611292953452 -2.864493202555072
434 3906 0 0 0 4.036003424046356 -3.129605537488604 0.5672181368235282 -10.85631302123716 0.1384261249896618 -2.8644929559574055
435 3915 0 0 0 4.036003460442743 -3.1296054418701367 0.567219987716296 -10.856323783777968 0.13842613325465664 -2.8644929947107167
436 3924 0 0 0 4.036003447313353 -3.129605404123577 0.5672209943610946 -10.856328167003847 0.13842608574577162 -2.864493609459567
437 3933 0 0 0 4.036003305008304 -3.1296054703476512 0.5672219495262676 -10.856316786146612 0.13842602791984343 -2.8644931287231667
438 3942 0 0 0 4.036003104576989 -3.1296055530398617 0.5672235436975529 -10.856304264928633 0.13842600823413997 -2.864492634286703
439 3951 0 0 0 4.0360031400738565 -3.129605499025035 0.5672243590689794 -10.856298391022083 0.13842593762579308 -2.8644925051647467
440 3960 0 0 0 4.036003117102642 -3.129605393470714 0.5672276035816166 -10.856307397171642 0.13842592630716383 -2.864492326063502
441 3969 0 0 0 4.036002923225108 -3.1296055653207486 0.5672266866368941 -10.85628774312521 0.13842591071302182 -2.8644919453893927
442 3978 0 0 0 4.036002817003529 -3.129605630405314 0.5672271365309853 -10.856287721714345 0.13842596372793614 -2.864491686117673
443 3987 0 0 0 4.0360028027193415 -3.1296057072571313 0.5672255383493052 -10.85629100436975 0.13842607859078399 -2.8644916593876006
444 3996 0 0 0 4.036002821953559 -3.1296058010816328 0.5672225844462635 -10.856296326202365 0.13842617019544257 -2.8644920314261912
445 4005 0 0 0 4.036002883103551 -3.129605721036348 0.5672237167525674 -10.856297521314573 0.13842619894141261 -2.8644916793186215
446 4014 0 0 0 4.036002905836254 -3.129605659811943 0.5672248864377605 -10.856293459463345 0.13842613159797118 -2.8644914250827718
447 4023 0 0 0 4.036003016833705 -3.1296055918260905 0.5672247826721881 -10.856301774462452 0.13842617277890834 -2.8644914248159212
448 4032 0 0 0 4.036002990174472 -3.129605450877619 0.5672287993201476 -10.856307861732942 0.13842604075372134 -2.8644915803112876
449 4041 0 0 0 4.036003105854111 -3.1296053980462144 0.5672281760258555 -10.856315468939057 0.13842614562559674 -2.8644914691055647
450 4050 0 0 0 4.0360030525428385 -3.1296054185132327 0.5672286351539585 -10.856317617987212 0.1384261534261957 -2.8644913863702017
451 4059 0 0 0 4.036003162734664 -3.129605352486086 0.5672282806479995 -10.856330418641823 0.1384261235873156 -2.864491874913038
452 4068 0 0 0 4.036003131263593 -3.129605322904283 0.5672296112391747 -10.856323688348782 0.13842603082608035 -2.8644918111630715
453 4077 0 0 0 4.036003102725817 -3.1296053790864344 0.5672287139876251 -10.856323523102567 0.1384260730167869 -2.8644918495503533
454 4086 0 0 0 4.036003075003019 -3.129605553183171 0.5672246953373249 -10.856310538998995 0.13842615626010266 -2.864491683835813
455 4095 0 0 0 4.036002975353999 -3.129605658644886 0.5672237569257731 -10.856298929230679 0.13842618555356564 -2.8644914520616847
456 4104 0 0 0 4.036002888279149 -3.129605804926042 0.5672215027532339 -10.856287851928888 0.13842624068823922 -2.864491322393237
457 4113 0 0 0 4.036002920927523 -3.1296057370735397 0.5672226111958572 -10.856295279722517 0.1384262038615959 -2.8644916555425173
458 4122 0 0 0 4.036003093056053 -3.129605655620404 0.5672215871531454 -10.856299762548812 0.1384261472119315 -2.8644917903853795
459 4131 0 0 0 4.036003008408232 -3.12960555089933 0.5672258263210558 -10.856300669294285 0.13842603246897084 -2.864491537195997
460 4140 0 0 0 4.03600296125288 -3.12960562008353 0.5672249400213517 -10.856306737954185 0.13842610890126794 -2.8644918000201183
461 4149 0 0 0 4.036002928472735 -3.129605590576401 0.5672264180332913 -10.856295990104968 0.1384260656634968 -2.864491348802761
462 4158 0 0 0 4.036002983835864 -3.129605499739918 0.5672276822614979 -10.856307247356606 0.1384260494696174 -2.8644917672359185
463 4167 0 0 0 4.036002962911726 -3.1296056052533068 0.5672252988943411 -10.856297840277286 0.13842611204184013 -2.864491544649418
464 4176 0 0 0 4.036002977805444 -3.1296055979878292 0.5672251543333322 -10.856305443681775 0.13842613477317323 -2.8644918142034492
465 4185 0 0 0 4.0360028622617605 -3.1296056253103837 0.5672265303611644 -10.85630543023802 0.13842610730047414 -2.864491824956103
466 4194 0 0 0 4.036002818054852 -3.129605622233257 0.5672274081317155 -10.856305639772721 0.13842608799923614 -2.8644917680851116
467 4203 0 0 0 4.036002830799822 -3.129605605369729 0.5672275666005402 -10.856309956874382 0.1384260902711692 -2.8644919451258772
468 4212 0 0 0 4.036002804143372 -3.1296055662869553 0.567229161284122 -10.856303493387975 0.13842603176333904 -2.8644915267748416
469 4221 0 0 0 4.036002909609663 -3.12960543495181 0.5672305442600122 -10.856324574728264 0.1384260075557382 -2.8644921965057755
470 4230 0 0 0 4.036002819489105 -3.129605523461483 0.5672299093976486 -10.856313187779607 0.13842602214010222 -2.864491867734763
471 4239 0 0 0 4.036002900843525 -3.1296054703609713 0.5672297740841641 -10.856322874987907 0.1384260668788156 -2.8644920873083515
472 4248 0 0 0 4.0360029531219395 -3.129605407166637 0.5672304594182435 -10.85632556188018 0.13842602885648914 -2.8644921506893906
473 4257 0 0 0 4.036003034502245 -3.1296052872690727 0.5672321196964769 -10.856332289386836 0.1384259777651496 -2.8644922925508114
474 4266 0 0 0 4.036003036887414 -3.1296052069865414 0.5672341517289355 -10.856334888874807 0.13842590268583513 -2.8644923168402765
475 4275 0 0 0 4.036002971581564 -3.1296052135160912 0.5672352194961326 -10.856327303667936 0.13842586028327922 -2.8644920230315902
476 4284 0 0 0 4.0360030516546885 -3.1296050772508344 0.567237351491889 -10.856328913020752 0.13842579768461216 -2.864491876501989
477 4293 0 0 0 4.036003031627392 -3.1296050478299606 0.5672385334346943 -10.856328414198078 0.13842577695553937 -2.8644916940508836
478 4302 0 0 0 4.036002939206781 -3.129605236608182 0.5672352640301188 -10.856319313379839 0.1384258694051304 -2.8644916531610036
479 4311 0 0 0 4.036002900384698 -3.1296052377554866 0.5672359495763352 -10.856316014145985 0.1384258408866399 -2.864491540604229
480 4320 0 0 0 4.036002904857566 -3.129605174672348 0.5672375419952584 -10.856317777457196 0.13842577859700908 -2.864491488448085
481 4329 0 0 0 4.036002954643302 -3.129605174361276 0.567236643081782 -10.856321449877543 0.1384258062330117 -2.864491632918109
482 4338 0 0 0 4.036002924099475 -3.1296052568724093 0.567235035252921 -10.856318722614228 0.1384258578698796 -2.8644916741661604
483 4347 0 0 0 4.036003008792484 -3.129605136195187 0.5672366402193227 -10.856326067163083 0.13842581852605437 -2.8644917750311603
484 4356 0 0 0 4.036003068495474 -3.129605092831798 0.567236672102152 -10.856331361131144 0.13842581447459718 -2.8644919219885154
485 4365 0 0 0 4.036003079410479 -3.1296050933746957 0.5672364631617955 -10.85633174170336 0.138425811878312 -2.864491966234573
486 4374 0 0 0 4.036003040332137 -3.129605129316716 0.567236246426515 -10.856328716060649 0.13842582474099846 -2.8644918538361823
487 4383 0 0 0 4.036003053794264 -3.1296051438579418 0.5672356049518172 -10.856332126424832 0.13842585775292512 -2.8644920020717084
488 4392 0 0 0 4.0360030504402715 -3.1296051287233344 0.5672360685935436 -10.856331117957874 0.13842583275116993 -2.8644919432807203
489 4401 0 0 0 4.036003069993107 -3.1296051198703343 0.5672359385913058 -10.856334147256044 0.1384258471994644 -2.8644920299246848
490 4410 0 0 0 4.036003080968319 -3.129605090480407 0.5672365297430099 -10.856333092361822 0.13842582606492915 -2.8644919313499693
491 4419 0 0 0 4.03600307166962 -3.129605077842014 0.5672370392250456 -10.856332614953118 0.13842581632513434 -2.8644918563693396
492 4428 0 0 0 4.036003084472632 -3.1296050766956616 0.5672368320774965 -10.856334699584504 0.1384258230405977 -2.8644919220211817
493 4437 0 0 0 4.036003080052995 -3.1296050703810048 0.5672370800605396 -10.856333211179072 0.13842580346049566 -2.8644918731841513
494 4446 0 0 0 4.0360030492365775 -3.1296050990226933 0.5672368832498138 -10.856330759304397 0.13842580825075843 -2.8644918301737787
495 4455 0 0 0 4.036003044623556 -3.129605065381447 0.5672378481602677 -10.856332681852798 0.13842579487240633 -2.864491832936295
496 4464 0 0 0 4.036003106067731 -3.129605023365829 0.5672378407251466 -10.85633726130888 0.13842580310819094 -2.864491906533723
497 4473 0 0 0 4.036003134131145 -3.1296049694010755 0.5672387582258633 -10.856339490575843 0.13842577546985138 -2.8644918914473037
498 4482 0 0 0 4.036003164295896 -3.129604974090828 0.5672380785958604 -10.856343159515768 0.1384258042271509 -2.8644920396873803
499 4491 0 0 0 4.036003179070223 -3.129604958856931 0.5672381854733411 -10.856346297133944 0.13842580810511196 -2.864492118808801
500 4500 0 0 0 4.036003210308117 -3.1296049777144717 0.5672370940799828 -10.856350057682405 0.13842585463066698 -2.8644922914660707
501 4509 0 0 0 4.036003211898582 -3.1296049990667694 0.5672364890487624 -10.856351038568834 0.13842587644469276 -2.8644923807183336
502 4518 0 0 0 4.03600312275983 -3.129605057374686 0.5672365861171261 -10.856341297962253 0.13842584986974088 -2.8644921695219407
503 4527 0 0 0 4.036003116909583 -3.1296050671490665 0.5672364266266697 -10.856339053158097 0.13842584641190364 -2.8644921391347453
504 4536 0 0 0 4.036003137723538 -3.1296050439076235 0.567236665921924 -10.856340725489819 0.138425829553428 -2.8644921615338252
505 4545 0 0 0 4.0360031483902326 -3.129605008723192 0.567237420352867 -10.856340984895517 0.1384257942074991 -2.8644920993656218
506 4554 0 0 0 4.0360032207980465 -3.129604952298106 0.5672375898659765 -10.856347821782128 0.13842580392186765 -2.86449221701536
507 4563 0 0 0 4.036003255976457 -3.129604931051431 0.5672374839097771 -10.856350199366938 0.1384258068308523 -2.864492339139926
508 4572 0 0 0 4.036003237903309 -3.1296049572714257 0.5672371259609155 -10.856346909992558 0.13842579584377018 -2.8644922882727566
509 4581 0 0 0 4.036003253596888 -3.129604961547118 0.5672367029951731 -10.856350166164175 0.1384258097215671 -2.864492435957716
510 4590 0 0 0 4.036003243492774 -3.1296049999762006 0.5672358538992037 -10.856347641556042 0.13842583374452047 -2.8644924617403618
511 4599 0 0 0 4.036003230821385 -3.1296050042266126 0.5672360028261481 -10.856346434718294 0.1384258349030259 -2.8644923744590325
512 4608 0 0 0 4.036003210358017 -3.1296049910505297 0.5672367397500172 -10.856344180671682 0.1384258037179922 -2.864492268226029
513 4617 0 0 0 4.036003217836724 -3.1296049722466934 0.5672370951395942 -10.856346164346837 0.13842579875053482 -2.8644922886268946
514 4626 0 0 0 4.036003217697151 -3.1296049678786284 0.5672372363074389 -10.856346290713445 0.13842580401448684 -2.8644922382088573
515 4635 0 0 0 4.036003194661261 -3.129604961507028 0.5672378496851251 -10.856343464137707 0.13842577822846686 -2.8644920873019846
516 4644 0 0 0 4.036003219152203 -3.129604949572661 0.5672377305981282 -10.856347554978829 0.13842580507871616 -2.8644921568319273
517 4653 0 0 0 4.036003242373348 -3.1296049393659473 0.5672375736521574 -10.856349027289003 0.13842580810148758 -2.8644921937047076
518 4662 0 0 0 4.036003295535298 -3.1296049009442424 0.5672376178551315 -10.856354105005826 0.13842581533878284 -2.86449229838332
519 4671 0 0 0 4.036003314420912 -3.129604868732468 0.5672381065936507 -10.856355391706485 0.13842579271573333 -2.864492315657895
520 4680 0 0 0 4.036003327752051 -3.129604856791795 0.5672381686493143 -10.8563572512318 0.13842578744705974 -2.8644923859963627
521 4689 0 0 0 4.036003280228393 -3.129604915793601 0.567237477714248 -10.856353245222206 0.1384258102977435 -2.864492341812939
522 4698 0 0 0 4.036003276324912 -3.129604914265342 0.5672375779384126 -10.856352467098917 0.1384257983412498 -2.864492332377393
523 4707 0 0 0 4.036003272774829 -3.129604912468116 0.5672376950931484 -10.856351880534696 0.1384257924182923 -2.864492300034861
524 4716 0 0 0 4.036003274848708 -3.1296048984403773 0.5672380607048879 -10.856352323599328 0.1384257882831822 -2.8644922289721384
525 4725 0 0 0 4.036003283099803 -3.129604885619321 0.5672382533891502 -10.856352895895732 0.1384257806069991 -2.8644922143771216
526 4734 0 0 0 4.036003283876115 -3.129604880655964 0.5672383794152848 -10.856352513107847 0.13842577875848416 -2.8644921810396013
527 4743 0 0 0 4.036003264142492 -3.1296049045769974 0.5672381137637263 -10.856350175503996 0.1384257841021171 -2.864492132369243
528 4752 0 0 0 4.036003289513476 -3.129604893493952 0.567237941422343 -10.856351767360794 0.13842578930237145 -2.8644921782717914
529 4761 0 0 0 4.036003314459405 -3.1296048916631696 0.5672375009374309 -10.856355023974858 0.13842580692118656 -2.8644923358358185
530 4770 0 0 0 4.036003298474509 -3.129604920441713 0.5672370346111506 -10.856353781358255 0.13842581956006897 -2.864492341936483
531 4779 0 0 0 4.036003275495448 -3.1296049379013544 0.5672369789357474 -10.856351859961187 0.13842581753887404 -2.8644923277993275
532 4788 0 0 0 4.036003273059802 -3.129604959295335 0.5672364491437226 -10.856350212048458 0.13842582480548207 -2.8644923450264783
533 4797 0 0 0 4.0360032392204275 -3.1296049955460377 0.5672361296449157 -10.856346791843443 0.1384258378690155 -2.8644922678488713
534 4806 0 0 0 4.03600322286581 -3.129605003197743 0.5672362154696561 -10.856345693327869 0.13842583418372975 -2.864492250412137
535 4815 0 0 0 4.036003215705851 -3.12960501624732 0.56723600549672 -10.85634410130498 0.13842583605351683 -2.8644922172388885
536 4824 0 0 0 4.03600319672936 -3.1296050253313457 0.567236093236592 -10.856342424437297 0.1384258251289459 -2.8644922226449423
537 4833 0 0 0 4.036003195288577 -3.129605042275535 0.5672356754690939 -10.856341895652477 0.13842584025522545 -2.8644922357522526
538 4842 0 0 0 4.036003194541676 -3.1296050358986487 0.5672358478733766 -10.856342312732433 0.13842582918656057 -2.8644922602074065
539 4851 0 0 0 4.036003176365369 -3.1296050528402546 0.5672357289076406 -10.856339810217893 0.13842582654670005 -2.8644922194224662
540 4860 0 0 0 4.036003210046 -3.1296050445111727 0.5672353239105473 -10.856342354541416 0.13842583862530786 -2.864492324002137
541 4869 0 0 0 4.036003202001723 -3.129605049637053 0.5672353216420885 -10.856342505744934 0.13842584031092503 -2.8644923502513215
542 4878 0 0 0 4.0360032310635825 -3.129605023814541 0.567235462850231 -10.856345443340519 0.1384258325869561 -2.864492429793482
543 4887 0 0 0 4.036003248828832 -3.1296050111614915 0.5672354640383845 -10.856347596188922 0.13842583305312547 -2.8644924956487903
544 4896 0 0 0 4.036003252841285 -3.1296050141916165 0.5672353055673897 -10.856348314145194 0.13842583919014964 -2.8644925251783633
545 4905 0 0 0 4.036003271815497 -3.1296049748514796 0.5672360341980694 -10.856350551456291 0.13842582836895104 -2.864492458662651
546 4914 0 0 0 4.036003283404916 -3.1296049596764597 0.5672362226937647 -10.856350694584366 0.13842581638565946 -2.8644924525841584
547 4923 0 0 0 4.036003339147172 -3.1296049104352894 0.5672364654739731 -10.856356279114085 0.1384258054186891 -2.8644926369586607
548 4932 0 0 0 4.036003343247381 -3.1296049281805507 0.5672359045871864 -10.856357146480399 0.13842582363815634 -2.8644927221587646
549 4941 0 0 0 4.036003353038403 -3.1296049393225354 0.5672354055152018 -10.856357497850228 0.13842584115799855 -2.8644927912221374
550 4950 0 0 0 4.036003314020365 -3.1296049748540873 0.5672351560287111 -10.856354475440137 0.13842584524988358 -2.8644927832449634
551 4959 0 0 0 4.036003347707568 -3.1296049491718514 0.567235245857703 -10.85635720842815 0.1384258510136874 -2.8644927993766203
552 4968 0 0 0 4.0360033057017235 -3.1296050279436134 0.567233945510306 -10.856351424078255 0.1384258825827899 -2.864492735775578
553 4977 0 0 0 4.036003283855704 -3.129605017587154 0.5672346408678188 -10.856349727713308 0.13842586939172405 -2.864492607260438
554 4986 0 0 0 4.0360032899620375 -3.1296049627457787 0.5672360190114945 -10.856350387718274 0.13842583490760949 -2.8644924462438186
555 4995 0 0 0 4.036003274101579 -3.129604991728671 0.5672355371630725 -10.856347692419698 0.1384258441747729 -2.8644924326332015
556 5004 0 0 0 4.036003270795046 -3.1296049871293414 0.5672357221302068 -10.856347260622162 0.1384258351716346 -2.864492412251296
557 5013 0 0 0 4.036003281881172 -3.129604979735058 0.5672357008273585 -10.856348622889945 0.13842583088486093 -2.8644924755511063
558 5022 0 0 0 4.036003260134795 -3.129604970003503 0.5672363662232077 -10.856347170448405 0.13842581403997584 -2.864492365136769
559 5031 0 0 0 4.036003248596057 -3.129604981880852 0.5672362566462953 -10.856346002851097 0.13842581607052537 -2.864492351604113
560 5040 0 0 0 4.036003282356134 -3.129604972438588 0.5672358772802958 -10.856348544594816 0.13842582168098963 -2.86449245878612
561 5049 0 0 0 4.036003262079963 -3.129604979392612 0.5672360722638043 -10.856347086010418 0.13842582258383584 -2.8644923930992094
562 5058 0 0 0 4.0360032920685995 -3.129604962614866 0.5672359603284567 -10.856349518134252 0.13842582456464164 -2.86449246414309
563 5067 0 0 0 4.036003285183836 -3.1296049552816183 0.5672363046795782 -10.856349042676788 0.13842582433969314 -2.8644923734148215
564 5076 0 0 0 4.036003265588767 -3.129604931842062 0.5672373154111465 -10.856347522914705 0.13842580164287735 -2.8644922025163155
565 5085 0 0 0 4.036003295101696 -3.1296049460659905 0.5672363595605749 -10.85634941203642 0.1384258155127318 -2.864492397986961
