% # columns="iter, evals, sigma, 0, fitness, xbest" seed=559191, Fri Dec  1 12:33:00 2023, <python>{}</python>
1 9 2.249341702487037 0 0.267028681565765 0.03224800009020723 1.2560233405766146 -0.9927651084018496 -3.7378090893029556 -1.4932197954344384 -3.0196175452323084
2 18 2.269103867521564 0 0.215018551405892 1.7325728511056946 0.37466871562598236 2.752956985778323 -3.1759858356224004 1.9008951767390128 -1.519344662697751
3 27 2.5032553809038824 0 0.20350681111925698 5.129316577012396 3.2061931304927693 0.939078197438739 -7.598501476864203 -0.2893363102072375 -5.126053770367468
4 36 2.759092383789892 0 0.2574804946732834 5.361351504469503 3.2428184569747223 1.6599842230505226 -7.490426903508139 -0.6033002361490865 -6.950382606508921
5 45 2.6447054766267963 0 0.19032637948505968 3.4663043803255285 1.4878446597763297 0.3451649063834895 -8.350744105103436 -0.45182517919313786 -6.040978729249018
6 54 2.4503595509568985 0 0.0634071176769064 3.7078910106464007 1.2316523481655723 -1.3654775379151247 -9.466620872294524 0.1788935777281706 -5.765741342193149
7 63 2.4828040482114173 0 0.04176007716138636 0.19313507717768452 0.1431436294428159 -3.1605262715626794 -9.677945887044501 0.21282109793354884 -3.7701759030636817
8 72 2.341740705244468 0 0.12476815963240222 2.0783163437536407 -1.9564542571578256 -1.4297668320832524 -4.888397345163907 -0.8162601487590507 -3.0613900963751695
9 81 2.3511968417903963 0 0.06226262811049914 7.751610001945681 2.215482589657163 0.06368566402275233 -4.801062019785075 0.09617832910212709 -5.362189302648144
10 90 2.0926993513370618 0 0.07001847401740023 3.1157777922019485 1.029510520791875 -0.5223860372801192 -6.494323017626705 0.5336917105623739 -8.153362837223897
11 99 2.1242755767688126 0 0.06817491629113197 4.314769845851318 -5.823509662969454 0.23410628065220396 -6.8441505219164505 0.07324822172489732 -7.555590530346806
12 108 2.1457046892418457 0 0.11095561338055773 4.523890586361404 -4.47242752617716 2.4845760838729616 -6.664887568363794 0.5807455221910248 -8.462968235353935
13 117 1.9423041715953262 0 0.08051600326886499 3.909477621517939 -5.94980105296378 1.4004643780183554 -7.566128268511612 0.3889690285875902 -6.6484719082177905
14 126 1.8228764955238972 0 0.1212388334405676 3.7135074000147896 -2.2942774831783908 -0.1652194032968215 -6.96472875340545 -0.738752730189083 -3.645416134525833
15 135 1.9320767733655062 0 0.07580806667128612 1.9045580124797523 -0.9724761537643953 2.562412612940392 -6.083094189198782 1.5735921302239984 -4.08416538935381
16 144 2.164398829729982 0 0.057687207107930946 4.008477499012345 -0.1519438564836444 1.9324316234835472 -1.4233096704808363 0.5286924801562399 -2.7459594338132463
17 153 2.4578302366912568 0 0.08224668096617037 6.002095741846221 -2.206214056071436 2.087990444777225 -0.8618374443329269 -0.1574561634276097 -4.43923065254805
18 162 2.4227379969177942 0 0.09534381535203726 7.871756359655106 -0.6611432706312461 0.4110411631714668 -1.1359726011992155 -0.3595187816129308 -3.1709621799834253
19 171 2.1472704587741274 0 0.07674705749276949 5.675736015272607 -2.4146705689042776 1.1009537021400715 -1.6564580029485787 -0.16607066115676777 -3.441532620994155
20 180 2.2127232965601533 0 0.06791260689961409 9.265251343752288 -1.347843074590777 2.2159243926178105 -2.469819283478644 0.08766976873505772 -8.223666985093317
21 189 2.2477021431911988 0 0.06814280556505084 10.744891965687886 -1.3065057372741604 0.39489738032391974 1.0731925266171087 0.1274045494406914 -8.012461799071177
22 198 2.2511251342817955 0 0.06637401244410501 7.345724804966467 -4.0229652418010025 3.2480813828701347 -2.752433068836293 0.12962279410213068 -5.065972538794273
23 207 2.379882908137912 0 0.06782598424493087 5.687627819122676 -6.6400636671012006 0.4284419484550719 -0.6116937980732892 0.11004880902987713 -3.260604019639046
24 216 2.501554797724009 0 0.06780448941321016 10.71594815707559 -3.585141224762619 1.3458822461884048 2.967340638382811 0.09395885866369526 -1.9947470602752326
25 225 2.39895472174784 0 0.0661848978596718 8.359407452671899 -2.237877425656352 0.9889007056723763 -2.2042803460848583 -0.03708580593185762 -3.959035890604203
26 234 2.5707577329624534 0 0.06038942930617709 11.344485899622791 -4.880596858600955 -0.1792153422570386 -2.142679970283224 0.25167589576446686 -1.698938978717068
27 243 2.7901082482011503 0 0.0677162261332841 15.506046355453996 -5.587695592131299 -1.086573165940059 -1.5335721758430592 0.08252279099101424 -4.347344395333164
28 252 2.668957433450691 0 0.06791122029208177 13.822093182924943 -1.9898162329412825 -2.8276335929985956 -2.2852255069155647 0.34728838332182177 -2.7721536844939516
29 261 2.64996825767727 0 0.030573285934318097 5.938307601081055 -4.309080740782677 -1.1663070805486255 -10.343437065448796 0.19111822684848756 -2.831840927471963
30 270 2.349777418493417 0 0.0667701739581984 8.10681844860988 -4.910317612895778 -0.7941539972937056 -4.862379623504009 -0.3329491046793059 -1.5629216205030267
31 279 2.4252476593446683 0 0.06578912123553879 8.503263608613683 -9.026024053344974 -1.8922713396625497 -10.76975236432923 0.16646003182101332 -2.287080181139655
32 288 2.4816906811742165 0 0.05762654505503687 5.5816342252742865 -5.900242250407663 1.0505188727044756 -9.836702450613698 0.17679154914917783 -3.7743833391236135
33 297 2.3569137738693753 0 0.06112595415803563 1.1590994727302961 -4.481859061178655 1.889350654207782 -11.838440559571724 1.0171691364405486 -3.967075337847289
34 306 2.0683877738681042 0 0.037945102771637124 3.323363626198135 -2.6521538780044365 2.2603329627001987 -9.640021603568492 0.6729349460098839 -3.0343507877436213
35 315 1.7984119111454588 0 0.037589717786694093 3.0381091794718285 -3.9885562545867375 2.428816366314762 -11.524344680373732 0.3539220820724145 -2.9445299318918967
36 324 1.6775634677771398 0 0.061530586378961596 4.337024438429378 -4.364578441211747 2.644765239898012 -10.172677017232504 0.3770896256373594 -4.8016994172547545
37 333 1.7136982268234162 0 0.036568852990186175 3.740752226648836 -0.6458342524400562 -0.030992574867064082 -8.043010979973998 0.15751160755516969 -3.5940575538368473
38 342 1.5536287276042013 0 0.028232253451729115 5.824603964533276 -2.7408353399416616 0.9357864245218112 -9.559993378898398 0.13701804779478008 -3.0780286436965065
39 351 1.3071048382784138 0 0.046966167916203304 6.4061062139978215 -4.329736202639503 0.38780065186932633 -6.431924765717831 0.25047608633359636 -3.4270795399094403
40 360 1.1609081224233007 0 0.027959023342417812 4.524321658257439 -1.7245356974930017 0.4315568278750215 -8.683552971263817 0.08141410887576245 -2.873629466029297
41 369 1.1161242963206597 0 0.030322574169103778 4.55438260673078 -3.902659253680455 0.5864495838100923 -8.664674941861994 0.05413020233219289 -3.0165654126801646
42 378 1.0338603029946825 0 0.028280882036523416 4.501441142730507 -4.314750152762777 0.9159765147514821 -8.256959847946135 0.1391735959328676 -2.7980363029321693
43 387 0.8838890940241246 0 0.028147444452043955 4.469252513543335 -4.357187010953326 0.1579598887846726 -10.167324107686852 0.1127466873757281 -2.7739005637140624
44 396 0.8365342299714037 0 0.030077728102646747 6.028757605427502 -4.133246334405649 -0.1440810213549295 -9.7781933547768 -9.828429404340477e-05 -2.6425140636634046
45 405 0.7050206502084779 0 0.030502065583314752 4.914110881978499 -4.61896596371751 0.767814702535216 -8.976179789422066 0.15100797185004106 -2.8483132577424195
46 414 0.6211645047361758 0 0.027134265104361198 4.5690440609948375 -3.857423430404176 0.20540870772362382 -9.611045552217341 0.11805859047689081 -2.7650065894836087
47 423 0.5933541729129004 0 0.02773436113783542 3.99897837196423 -4.088946456071944 0.21038400355152678 -9.852823943351003 0.1451059598259301 -2.6549987172714906
48 432 0.5881172556105644 0 0.027684970310927207 4.085109416141986 -3.9286239439623922 0.4834704323936939 -10.60831434157542 0.17206719052105313 -2.7953171965361796
49 441 0.6591923017122674 0 0.027045574965868006 3.84855184675461 -3.066167757838941 0.8919431882814832 -10.157669210493964 0.15944282842776036 -2.8035932704441273
50 450 0.7100556003223799 0 0.02690628368921654 2.6147134275485615 -2.93582524178159 1.2017915552698166 -11.082880928740064 0.3644944327043079 -2.8523593835780403
51 459 0.7121295071721756 0 0.026883008037918196 3.2129942962405647 -2.998718080970431 0.41810561610179575 -10.946713917882574 0.16493630669626266 -2.885928006937498
52 468 0.6582990766165645 0 0.027315069008078736 2.3385366120709543 -2.9594973972981315 0.5836352725215387 -11.981376993304393 0.33639176193849146 -2.833451841000234
53 477 0.6408854341507021 0 0.027271697548587867 2.500683628568331 -3.958621624831193 0.46104116246364846 -11.583642784254977 0.24124820670357602 -2.7812010610393605
54 486 0.6260586174890964 0 0.02732748551002194 3.938392815359543 -3.910066925729961 0.20198269408871522 -10.587688896297625 0.11353688246039428 -2.718769912406119
55 495 0.6221645869304748 0 0.02788092859510016 2.1596175165925007 -3.222642404714399 0.15796585008747183 -12.60298569749751 0.19211794481805622 -2.9304394669572096
56 504 0.5454026432678788 0 0.027002248794480436 2.5089908695512055 -3.5220205681161185 0.6988788815922776 -12.564184391737262 0.26877899659152493 -2.7811204674450165
57 513 0.5708363974650386 0 0.026967338450411486 3.807744339203766 -2.9864360380368957 0.3462058087313478 -12.187703659227004 0.15615042221511394 -2.9103130364690015
58 522 0.5380272361191959 0 0.027166291632371668 3.0221982366018207 -3.266399919457539 1.07848819228962 -11.662396617213867 0.26186555067495276 -2.768640634478538
59 531 0.5708621470216403 0 0.026984127254604893 2.8084621880336194 -3.428488294075402 1.0297866236039124 -13.194403765515704 0.26464852037850345 -2.8065124966166346
60 540 0.572527800927252 0 0.02696389185001332 4.378171058725353 -3.5961193320367157 0.8315910717586704 -12.21939927612286 0.12789126854929794 -2.8112856663413677
61 549 0.5859930794372581 0 0.027282143927077736 4.388958407331956 -3.323034521809017 0.5331852878839372 -12.200122696019005 0.11536186017465823 -2.9482182327054836
62 558 0.5194966153904093 0 0.02709673875970388 3.085231493695122 -3.7847118847856587 0.5087742901775678 -11.960048213854874 0.1753250168113008 -2.7762941723890737
63 567 0.4785450459359343 0 0.02688474349746801 3.0976436713804545 -3.386285139330461 0.4661787904844932 -12.798768862025426 0.17751493368222224 -2.837540739362089
64 576 0.4339699305423065 0 0.027149092699387457 3.509236373473385 -3.4189857707415308 0.6529821896075827 -11.608340314407457 0.18700987179085166 -2.897531668647218
65 585 0.4274309417133338 0 0.026883588934211975 4.434417022286022 -3.347766393938094 0.5479946940225366 -10.72552982131747 0.1322679592921904 -2.8448933048023095
66 594 0.39213268689962744 0 0.026904650827133416 3.7157019942444576 -3.310658082416544 0.4745162102920507 -11.335488183159487 0.14478613001145288 -2.8157292217527234
67 603 0.3760712159877992 0 0.026912352833095687 3.5808285140683984 -3.0893289231952896 0.20489147635337762 -10.837228168247359 0.13426971858808287 -2.834617794602282
68 612 0.33997876687347794 0 0.026868117929792806 3.982560774863964 -3.0490856079668736 0.4932911460195136 -11.244979294865754 0.1420494988612571 -2.8553186712334875
69 621 0.3003670060256618 0 0.02688081028230139 3.6648047487019877 -3.1539299403342658 0.5027814902361866 -11.056055641917462 0.140353289922917 -2.8670125743080814
70 630 0.26057716879797554 0 0.026852247063867348 3.7252335894326616 -3.227594346740384 0.6748691231407483 -11.459632343521017 0.15652698088330202 -2.853711694309548
71 639 0.2465990056788068 0 0.026859794403890018 3.8622824002450695 -2.982305373048976 0.5903966425155496 -11.351998007795018 0.15099343120587255 -2.8738574260447605
72 648 0.24555955619981018 0 0.026857081956854368 4.362573835321333 -3.01912128964504 0.685491048738672 -10.825413270269442 0.13466706222974012 -2.866713589245786
73 657 0.2569676590781709 0 0.02686402758798726 4.501059424345389 -3.1906904411025665 0.6191454292653666 -10.443662026550145 0.12268654668913755 -2.842256905429554
74 666 0.23007189228943137 0 0.026861443716735274 4.110541243975214 -3.0818826676681446 0.6525432120422304 -10.798565533191555 0.14397378060639 -2.857287069745254
75 675 0.1941877411813147 0 0.026858500888044687 4.320404856551455 -3.045384242238758 0.6560747852194924 -10.391848222213834 0.1282042763523361 -2.8723314794189956
76 684 0.1690119375564675 0 0.026855591744219507 3.916977499379952 -3.170672909047541 0.596027829194044 -10.993535623532242 0.14103686117543685 -2.870732452023568
77 693 0.15238644336659357 0 0.026853179946077898 4.124624908809913 -3.100179701910972 0.7957761342639492 -10.87586401400813 0.14500047062500848 -2.8727364315911372
78 702 0.14286739259755551 0 0.026852148127138577 4.007840988191421 -3.08388554415876 0.5488450904148829 -10.566978851330393 0.13935404385107691 -2.872741638063658
79 711 0.13354226264066668 0 0.02685642399688652 4.208738976762361 -3.0327406158010315 0.628619120941884 -10.694387735119102 0.13682997028916596 -2.8646296506546745
80 720 0.11645988721360982 0 0.026852738279290928 4.1309668964295145 -3.112559972990108 0.6026899950194918 -10.832879728148379 0.13939775239542138 -2.862007117374162
81 729 0.09744761078202846 0 0.026853251511216956 4.023545200476394 -3.055185762998479 0.6401407119631294 -10.75121672902448 0.1431870973673146 -2.8663635309501996
82 738 0.08107126401526055 0 0.0268513327075738 4.071979428461692 -3.0640866733231484 0.6049283895074161 -10.73052840086219 0.14046563392925107 -2.867810282058927
83 747 0.07475929975417873 0 0.026851395358245 4.031295305427775 -3.125046641716879 0.584949347862515 -10.731619394986728 0.14053630549106408 -2.8691537526053237
84 756 0.06800407290632364 0 0.026850155319912423 4.120290902355142 -3.1064086930508217 0.5585646617265437 -10.71125683886086 0.13499785721486413 -2.8657121474765037
85 765 0.05745930314718205 0 0.02684882364110888 4.0398635344759 -3.1234202126224195 0.5733108074856741 -10.688433367231026 0.13774045357157996 -2.866362176985007
86 774 0.052914677910137764 0 0.02685010748935248 4.099163354323011 -3.110954985008718 0.6203509295914229 -10.792426384292172 0.13798087096426045 -2.8652558046351997
87 783 0.05056781657988229 0 0.026849221391982085 4.081661307961336 -3.125039691576081 0.5934684515633659 -10.766922904234999 0.1377707193391418 -2.86574959226044
88 792 0.04884219099350515 0 0.026849491407050747 4.0589355586714175 -3.1343675596995753 0.6081002282546866 -10.81947902470142 0.14009475042097652 -2.8615933135566447
89 801 0.04793686741863086 0 0.026849155081556674 4.122997613186345 -3.108855843788532 0.6743798021461651 -10.88216363677612 0.14035759390528363 -2.8628842794948133
90 810 0.05106306477869667 0 0.02684903184808595 4.028320346842295 -3.151265341208564 0.633251369649939 -10.945927908270992 0.14116213543613162 -2.861924743809119
91 819 0.05053976942324987 0 0.026849232090272554 4.092628360486051 -3.148680609909445 0.6489244355142142 -10.813867710760967 0.1394277649077132 -2.863795649643096
92 828 0.04591029348871662 0 0.026847510803642376 4.096541662258482 -3.1520316121866574 0.6068088359487225 -10.84545379398368 0.13724540566720989 -2.8613467875719008
93 837 0.0467673503081788 0 0.02684898841300164 4.138675356130895 -3.154907936323118 0.5929245017893365 -10.764969026606298 0.1348470286651967 -2.861283918774609
94 846 0.044783228239790904 0 0.02684748742031201 4.096990996442564 -3.152826531755 0.5866350034227331 -10.766001927164936 0.13662297187618905 -2.8615805793640043
95 855 0.04102293080599662 0 0.02684847514271909 4.035031254126134 -3.1294976603590667 0.580744002652437 -10.794016029892116 0.13991078154271783 -2.864339869362029
96 864 0.04762023589154069 0 0.02684900207636011 4.048949579616089 -3.1376229102094766 0.6567008079137231 -10.849240334285128 0.14219996668572724 -2.8639654525204583
97 873 0.04521792214925065 0 0.026849363391507154 4.057558254901293 -3.1588803953410376 0.5940886040430858 -10.793608246270622 0.14025431856874213 -2.8592323792380765
98 882 0.03961803805224381 0 0.026848331364662335 4.100852180058184 -3.1497240205346135 0.5674769486510584 -10.72406465500645 0.13577627252701108 -2.860610951185509
99 891 0.041205917282977775 0 0.026848093125545012 4.084383211471487 -3.146390731133895 0.6163261851290037 -10.758709549960782 0.1386174407322669 -2.8612018502682526
100 900 0.04197432253728906 0 0.02684883031514792 4.055357405440424 -3.157972656139498 0.6024379125854306 -10.754243395233978 0.14017073328188775 -2.858609078764917
101 909 0.03790706492086957 0 0.026849015717926222 4.127721116027123 -3.1612703542300524 0.6368867472304865 -10.74349824473643 0.13730248535411207 -2.8600118190015533
102 918 0.03735516477112394 0 0.02684983538065729 4.085312614116101 -3.149898047432472 0.6172008314286841 -10.819868225184475 0.13833952067323504 -2.862378944719869
103 927 0.03705221321659864 0 0.026849492547050928 4.006821511516702 -3.1539490643767345 0.6374685948928558 -10.864318745944725 0.14225894772698702 -2.86180093944836
104 936 0.04050839602745934 0 0.0268493775905325 4.053218901698837 -3.1420532036624937 0.5935532767864073 -10.871967365855348 0.13822375085794927 -2.8627013656021845
105 945 0.03641311940153845 0 0.026848673098807056 4.057306037801928 -3.1495304678568568 0.6070687754451456 -10.820357665094612 0.13895230790225513 -2.8602466047238173
106 954 0.035652147486628545 0 0.026848056921991822 4.086829366746761 -3.1421795943605515 0.6013186849363279 -10.869318438688566 0.13756970219626055 -2.8627390061899343
107 963 0.03850405323732554 0 0.026847056819260008 4.007719762563284 -3.129406763166187 0.5925402817932472 -10.900328901475287 0.14016258812213875 -2.8653819475167523
108 972 0.038989509171780914 0 0.026849429023783244 4.006075076695308 -3.1320200679417725 0.5716313818950496 -10.97435052921653 0.13872719659943017 -2.864833033258775
109 981 0.036023895526578496 0 0.026848165616179837 4.043888977607811 -3.126310965407605 0.6024221531171309 -10.887776775420464 0.1390806898528147 -2.86484773289668
110 990 0.03364696983970989 0 0.026849146943499127 4.008754699369848 -3.120979130764459 0.5853202600279145 -10.870558740949168 0.13926090261080998 -2.865163690691628
111 999 0.0353036065319144 0 0.02684775575533381 4.083715322161953 -3.119404816224213 0.5712456693765162 -10.785193086865828 0.13510332639913963 -2.864818332184028
112 1008 0.036149650306959435 0 0.02684891862078045 4.049088819023003 -3.120667710574598 0.5994848333147533 -10.804611094475217 0.13768878833039558 -2.864812143652512
113 1017 0.03452942491932557 0 0.02684975856806125 4.060000537045022 -3.129407671106471 0.5922349613756854 -10.806358153229452 0.13679072912151105 -2.863321020937121
114 1026 0.031203717039174707 0 0.026849498574381687 4.057309295763501 -3.126928995201969 0.599869407220065 -10.79424698169189 0.13881845483577404 -2.8631580316951237
115 1035 0.02780716700809096 0 0.026849632244785645 4.129597937262418 -3.1312248922007497 0.5940320264658941 -10.712767032376124 0.13436426805331594 -2.8629923619497086
116 1044 0.026152971775640584 0 0.026848349952356746 4.057636502602431 -3.127302560819563 0.5705155172608505 -10.834070736647556 0.13690642629078012 -2.8634362931299395
117 1053 0.0237321923675416 0 0.026848732626522945 4.038311741264868 -3.1249705850887897 0.5642819662550621 -10.80262615048085 0.137457131568431 -2.863512895729211
118 1062 0.02205055608128538 0 0.0268481599978795 4.070983127984837 -3.1368937043902685 0.5937802252808095 -10.765432760441477 0.13791202582793421 -2.861704291856212
119 1071 0.018899562289169208 0 0.02684865279078954 4.074618580332845 -3.12209975841676 0.5619633694397159 -10.80053150719423 0.13560699989306513 -2.8637833483948936
120 1080 0.02057524532411754 0 0.026848058692192426 4.089594487767609 -3.1313196846200833 0.5740563423895838 -10.722965907115853 0.1366318978483695 -2.862636331302575
121 1089 0.023632359372355468 0 0.026848234712972294 4.100254365285624 -3.137625992101452 0.5774162288163913 -10.703058378588539 0.13666634050211965 -2.861204627083555
122 1098 0.028121668820854265 0 0.02684895412919889 4.122954081551383 -3.1359074536473397 0.5847523247913645 -10.700055199670688 0.13610795328271819 -2.8625782775432587
123 1107 0.031786256280192604 0 0.0268490473665064 4.143749978436848 -3.152054795736389 0.5853526169530123 -10.6575743809021 0.13537844706930993 -2.8603827318174693
124 1116 0.035226748067269886 0 0.026848733333660717 4.137624317346118 -3.1296507965520295 0.5640684250708493 -10.687615622144063 0.13408333869545103 -2.8643601314307836
125 1125 0.034526968248880005 0 0.02684898561390477 4.097890175547293 -3.1224454882716457 0.5470550046724738 -10.733811350446988 0.13436248867396158 -2.8652609625425223
126 1134 0.03876508010547991 0 0.02684931260628661 4.157107555772201 -3.145434729698933 0.5826600344023887 -10.688344333770994 0.13481683229725291 -2.8643625271142352
127 1143 0.0420302054344459 0 0.026847295866044923 4.104437745401987 -3.1432614400750984 0.5899640174372432 -10.71053426192631 0.13646926362862374 -2.8632074348954837
128 1152 0.0402216216927468 0 0.026849323033764066 4.089022139164726 -3.142074616877144 0.5762476848029134 -10.734786480688546 0.1357940174069068 -2.86382995426218
129 1161 0.0386770974651901 0 0.026848192555439937 4.021789736451089 -3.125242515924786 0.5744220234225216 -10.90374705329306 0.1383765601087588 -2.8652517122300605
130 1170 0.036957155449109734 0 0.026848121496793758 4.049499957620128 -3.1232192969972656 0.5474029513673679 -10.770703357561555 0.13693664072261635 -2.8643609950765234
131 1179 0.03441906881426308 0 0.026848646935460237 4.045001855041878 -3.1333802760279195 0.5793625130333534 -10.796820098533889 0.13866836200498256 -2.8636857235880124
132 1188 0.035400538188698885 0 0.0268484245969918 4.065614416404285 -3.1452188104163032 0.5984422180247477 -10.761374570875759 0.13825015935891344 -2.8621890576961246
133 1197 0.03638696704826017 0 0.02684828676929223 4.0270305863488245 -3.149091075171065 0.6155399187540432 -10.817381621032265 0.1399472615579648 -2.8609956494550817
134 1206 0.03732182854067799 0 0.02684880392123608 4.004253022754195 -3.144407112888666 0.6155036233169094 -10.857503400651254 0.14072572194386598 -2.861316959105762
135 1215 0.036044113111650185 0 0.02684935115422426 4.044808649320159 -3.1478011726932915 0.6347161215124852 -10.779119736622802 0.1399211303605502 -2.860182070991562
136 1224 0.031223234858712912 0 0.026846596938560913 4.050987781829502 -3.1396733353459245 0.5858940266554626 -10.800103721398777 0.13884660302880755 -2.862466253831541
137 1233 0.03391447953968323 0 0.02684858107347135 4.093044035188209 -3.1318515362140382 0.591555580734201 -10.757050985471665 0.1376945530293375 -2.862877390345233
138 1242 0.031441543026323654 0 0.02684810640292295 4.010668544948489 -3.1236866359130793 0.56736450195558 -10.863967103295888 0.1394899900701002 -2.863876208201658
139 1251 0.03320579947419686 0 0.02684877380585054 3.9906376735529654 -3.135105701850958 0.5930500866108857 -10.925717056814939 0.14055299916631325 -2.8635893212558425
140 1260 0.03418013561399961 0 0.02684787089112357 4.009267817629446 -3.1256798606172853 0.5755646971161849 -10.89614448539581 0.13969726672102523 -2.8645534974152125
141 1269 0.032627888942991 0 0.026848251279271505 4.027642720828792 -3.1203328091875138 0.5478474380775957 -10.882485580007394 0.13762136488930518 -2.8655455897499373
142 1278 0.033918198932227715 0 0.026848175151539953 4.028717918892922 -3.118353798361154 0.547204653905782 -10.877824258198185 0.1380612091973299 -2.8646912051496387
143 1287 0.03140141405353913 0 0.026847121373448052 4.003836344962553 -3.1205070875234187 0.5629264063404272 -10.903566434124148 0.13950067991966972 -2.864192166612059
144 1296 0.030411910733345385 0 0.026848991858756402 3.9944152105586457 -3.1202842588513167 0.5475929727182072 -10.90952649470766 0.1391687530281631 -2.864436984196857
145 1305 0.02813268962189543 0 0.02684845679774564 3.986484569247543 -3.1147584888910647 0.5442045452080628 -10.929801032075316 0.13968773359908637 -2.8650881211397743
146 1314 0.028509229569995236 0 0.026848790530989337 4.059516091827395 -3.123522588216614 0.5519808344058708 -10.790694822185227 0.1374602920019575 -2.863689368088892
147 1323 0.029129854272902565 0 0.026846564903330247 4.068847984552218 -3.1316212727029247 0.5792699297804588 -10.773323223265146 0.13776150353925282 -2.8629375856247528
148 1332 0.030553432172974897 0 0.026848733120369762 4.042673636388927 -3.124002664172585 0.5455205007555181 -10.78846962906223 0.13772532381446076 -2.8633241884939693
149 1341 0.02641478057424344 0 0.026848990207031447 4.042569702025967 -3.118149574708977 0.5532043911766369 -10.840288176611086 0.13793412300194985 -2.8640109245288476
150 1350 0.0251357868639009 0 0.026848244898403862 4.031687689550758 -3.1152537669453317 0.5306643130660039 -10.83157013867446 0.13751369575409558 -2.864663788263024
151 1359 0.024416970338679247 0 0.026848604011489433 4.041185413801564 -3.1263794603995416 0.542676876126825 -10.794867581696616 0.1375635026510804 -2.863605108022168
152 1368 0.02300579159300397 0 0.02684863945414971 4.0424259598576375 -3.124155756427467 0.532375537976939 -10.787523958150325 0.13708284615830268 -2.8632546865323123
153 1377 0.020743316102157974 0 0.026848275073587113 4.049989537509775 -3.1223409673393943 0.5484997139226575 -10.811714304097444 0.13744080253958316 -2.863674824713212
154 1386 0.01982558142095292 0 0.026848766184030405 4.055699504177387 -3.128308784009564 0.5461034847943943 -10.781112249768068 0.13738333185916887 -2.862798748596368
155 1395 0.019526573278287468 0 0.026848506562557134 4.065690820125111 -3.121232776185897 0.5456137382046231 -10.791182415907736 0.13670818521072373 -2.863895394702692
156 1404 0.019108179608556704 0 0.026848526223522563 4.055104935079804 -3.1230677730312273 0.5502565203945426 -10.815524193436687 0.13726696676286407 -2.863653563943177
157 1413 0.020313982819756275 0 0.0268478452726851 4.073627474975386 -3.128268960557502 0.5658362838624506 -10.792590630618166 0.1370104833977418 -2.8632236421711084
158 1422 0.018059961099712994 0 0.026848241109560696 4.044909974104281 -3.127175105417851 0.5556338250430412 -10.818109111516717 0.1374224987071181 -2.863071311820334
159 1431 0.018511118779315976 0 0.026848949577350786 4.070465494880901 -3.123296583352237 0.5521507443077865 -10.765610826665071 0.1368230002956712 -2.863461728083815
160 1440 0.014871794095686189 0 0.026848739714094516 4.064514073819697 -3.1208853041395836 0.5473866189420065 -10.796741517019658 0.13670474118734124 -2.864020032188112
161 1449 0.013717467885518291 0 0.02684751918790623 4.079509953804658 -3.1208311680124607 0.5464986301749903 -10.761277508437292 0.1364405232011853 -2.863683320019811
162 1458 0.013936358271739084 0 0.026849092111727067 4.047795269083696 -3.1179936887780437 0.5421339999171882 -10.815470516776513 0.13700812831325512 -2.864260383613753
163 1467 0.013492534092883191 0 0.02684832181715148 4.059196806907825 -3.1193410359965155 0.5477123557648139 -10.804688157102447 0.1370620583166809 -2.8640527407066
164 1476 0.012588657793267087 0 0.026848376457460493 4.053564944291246 -3.1187139684124285 0.5434073991662852 -10.814243129354237 0.13691005226459427 -2.8641672298726424
165 1485 0.011709763474617715 0 0.026848512671697227 4.058220127134924 -3.1202395266512752 0.5455551238855091 -10.810977243431203 0.1368210639175846 -2.8639759309030803
166 1494 0.011323584637164472 0 0.026847134800313917 4.0545954919777145 -3.121049369046911 0.5499503818576742 -10.821113864968426 0.1369606435519818 -2.8639545891598255
167 1503 0.01157040718817575 0 0.026848604331813804 4.057265885639957 -3.1212136956529193 0.5438679500648921 -10.800375000309165 0.13657123763773965 -2.863833397473779
168 1512 0.011602526990340168 0 0.02684842986075831 4.052342222089508 -3.119809799116546 0.5394680619292256 -10.819934804398223 0.13664700490231854 -2.8644230826888193
169 1521 0.012463653866440357 0 0.026848236452719654 4.049213572654309 -3.123154467176172 0.551931318775942 -10.818212448348813 0.13702091234583472 -2.863711518212968
170 1530 0.013913540255993194 0 0.026847335515227357 4.056381705635477 -3.1237935961707786 0.5526665100408665 -10.797106861497545 0.1366754196094888 -2.8638026262175797
171 1539 0.013505853823440042 0 0.026848745658524756 4.060679866553611 -3.124540712473559 0.5565846844151963 -10.79511256502036 0.136809235834426 -2.863596043149876
172 1548 0.013636595577400438 0 0.026848186802643052 4.05027778988801 -3.122278194689437 0.5478670093803434 -10.805012980230632 0.13702644333272668 -2.8640876339873893
173 1557 0.012351554781011935 0 0.026848171356927696 4.049436840929501 -3.1228627368397555 0.5560965161215489 -10.820824103497465 0.13736684968070895 -2.863796311486951
174 1566 0.013505401688949393 0 0.026848551911012375 4.0406570825434445 -3.1246513662981785 0.5563383209617824 -10.830820084959408 0.13746317232085584 -2.8639857869705927
175 1575 0.013166097380458952 0 0.026848126527766015 4.048147796007713 -3.1243207863117273 0.5547235933507364 -10.816725773541307 0.13721803177465797 -2.8637590386655303
176 1584 0.013097397828259513 0 0.026848377214756372 4.053873956093244 -3.124551296127255 0.5532311206806666 -10.795700019064531 0.13710928798498306 -2.864071137881312
177 1593 0.012046042735639395 0 0.026848983033920002 4.047660185024305 -3.1261942326323813 0.5534775376806039 -10.807019600971602 0.1372229537037188 -2.863817496115142
178 1602 0.013084804411101755 0 0.026848683895867566 4.057916236418011 -3.12530568134385 0.5602066593676908 -10.796252399313095 0.13704988213535269 -2.86356230288319
179 1611 0.014097241611886984 0 0.026848251461889093 4.047698924940815 -3.1241935355648813 0.5627149212885085 -10.81994000854935 0.13738542555634206 -2.863611280970564
180 1620 0.01426974780295496 0 0.02684885268785448 4.064682646916285 -3.1232987295548136 0.5585059946236143 -10.774848523019418 0.13662791143174127 -2.8634886720748662
181 1629 0.01367565961429731 0 0.02684870308790456 4.038439570637634 -3.1237592727354144 0.5610918396180508 -10.831368125115919 0.13754702131873703 -2.8641243237227028
182 1638 0.013651530955992494 0 0.0268488688131666 4.0554749009570425 -3.127948647954145 0.5688450847589088 -10.795200805872183 0.13714645276138304 -2.863152434913941
183 1647 0.012370456463227755 0 0.026848109569162126 4.053113295822872 -3.1265185979940777 0.5657271317786579 -10.804939819700758 0.13718954109727263 -2.863441404454321
184 1656 0.012176913891802081 0 0.026848765077744908 4.0564358383675945 -3.1265982954433205 0.5669095615976542 -10.791416025594584 0.1370419792153508 -2.8634754538128937
185 1665 0.01131947362692787 0 0.026848534487175366 4.055605010356937 -3.1271199089151667 0.5633275339871119 -10.797870080906252 0.13703057997499307 -2.863466525629776
186 1674 0.01273969524626686 0 0.026848316695571993 4.044631440372683 -3.1273896250677673 0.553325801737613 -10.806684819175086 0.13694308341434575 -2.8639450245958242
187 1683 0.012778705318729934 0 0.02684843181147485 4.053162843411739 -3.1250920133381004 0.5494748653751216 -10.802879629900033 0.13679131983986978 -2.8640078478023243
188 1692 0.01207296261677753 0 0.026848509676190343 4.038010473072609 -3.127311417281493 0.555644241592441 -10.820677913867568 0.13723967946223034 -2.8639023909032146
189 1701 0.012025378456606676 0 0.026848728417574547 4.0600474302857945 -3.1253458599402806 0.5515638110666762 -10.789476305445206 0.13647773543096745 -2.863976137239418
190 1710 0.011295019272696197 0 0.026848489023483867 4.052806298592203 -3.124943203338929 0.5564771147065829 -10.808582942321431 0.1368750014047218 -2.8639880568582123
191 1719 0.011932061102312652 0 0.026848634820088833 4.040905866626936 -3.1263468430652526 0.5505359365079537 -10.820563691032236 0.1370498301549564 -2.864562519225918
192 1728 0.011576408398704613 0 0.02684876103362419 4.042732891576134 -3.1239802046120744 0.5502391411135459 -10.822589107944502 0.1369235395312481 -2.8642423849196796
193 1737 0.010990447689169578 0 0.02684868850617697 4.0391676438063815 -3.1240422758289377 0.5486449507692011 -10.830429182742613 0.13699798948329758 -2.8645761370891285
194 1746 0.01082221325842784 0 0.02684873166649238 4.038654742311421 -3.1232589575536727 0.5489246906146644 -10.837108616135756 0.13707903196565854 -2.864485869412561
195 1755 0.011391360171621344 0 0.02684862895754105 4.038527960582399 -3.1247911103181445 0.5554782453966067 -10.837952277149682 0.1373139403487147 -2.8643639020826677
196 1764 0.010894996182293885 0 0.026848610710831698 4.03998753955376 -3.126748210614585 0.5535856685078336 -10.828170426129637 0.13706190631649925 -2.864313031329411
197 1773 0.010508506674390619 0 0.02684860483974081 4.038826867841118 -3.12533577236926 0.5554140857173002 -10.834092573890327 0.13723370799248652 -2.8642222961896335
198 1782 0.009971684633485018 0 0.026848305421823464 4.045555275032532 -3.126159060861138 0.5607053752219465 -10.824093369809864 0.1372679593541961 -2.8639989932075083
199 1791 0.009640236238674656 0 0.02684830643754892 4.045914164934867 -3.126067166912842 0.555437356826601 -10.812367754997007 0.13699601411635076 -2.86413007102797
200 1800 0.00911187991540969 0 0.026848674133125524 4.041484313340363 -3.1252168643066494 0.5549688905288033 -10.82062071200887 0.13716919024570773 -2.864249709666271
201 1809 0.00839719066416313 0 0.02684860796172593 4.039866752540345 -3.12495101423616 0.556726090280595 -10.826503883740875 0.13724835078314374 -2.864138150914903
202 1818 0.008994664794412636 0 0.02684859646357541 4.041867293191102 -3.1240321785469938 0.5525095612153831 -10.826076656599668 0.13716690111985996 -2.8642770850861847
203 1827 0.00929300190150609 0 0.026848498974262884 4.039291709905775 -3.12618305591604 0.5565896855110589 -10.827098788734812 0.13737935511564572 -2.864226610795945
204 1836 0.009298569310643812 0 0.026848542756037003 4.040093917437692 -3.126517931124012 0.5561872694484749 -10.82906603357789 0.13741916533726475 -2.8642554793303456
205 1845 0.007810325646614377 0 0.02684854962764382 4.039392758827625 -3.1258549987795647 0.5564774528162021 -10.826574654856017 0.13729932524973906 -2.8642580516075524
206 1854 0.007565457713263529 0 0.0268485096482873 4.039772166202557 -3.125768753670015 0.5559492668950562 -10.829078534254366 0.13738652790512967 -2.864247101316404
207 1863 0.00832715911835632 0 0.026848442903211724 4.039688864848582 -3.1263004248739446 0.5540988137829302 -10.834025603635993 0.13742473978410222 -2.864406030703574
208 1872 0.009389023178448742 0 0.026848487849607378 4.038928846736967 -3.126044211925626 0.5564507532955775 -10.835448806172309 0.13758194400181037 -2.8642035166998827
209 1881 0.01031404900421817 0 0.026848474021731215 4.0381788061447335 -3.1260536354015307 0.5533717012997131 -10.836086247242342 0.13751825882729501 -2.864481949908209
210 1890 0.00929563009437967 0 0.026848465746251934 4.039452657818394 -3.1259533884764323 0.5562563372742622 -10.831246974184744 0.13762912435825025 -2.864138053625271
211 1899 0.008371067005082763 0 0.026848492051238845 4.0395615039156 -3.1266709358112985 0.5588907638888346 -10.834010407276534 0.13771346857465758 -2.86419989952149
212 1908 0.008542395118111445 0 0.026848470341315014 4.038423521061407 -3.126439845978419 0.5580625597516597 -10.833024767117786 0.13766544935680775 -2.864092459872132
213 1917 0.009732089663858383 0 0.026848484682846348 4.039551667958085 -3.125865865196421 0.5541784992814061 -10.826677408713806 0.13754048699515556 -2.864021542894228
214 1926 0.009910275099448262 0 0.026848464562876758 4.037003918897223 -3.1270687309547536 0.5593207556797609 -10.836145070181596 0.1378801835858778 -2.863908899236937
215 1935 0.008678877311143732 0 0.026848445058142007 4.038598880696144 -3.1265003024975364 0.5581716680037356 -10.835975919264223 0.13775285819995908 -2.864040740272172
216 1944 0.008660126306401285 0 0.026848357633936806 4.037542579247524 -3.1278823001877964 0.561552335012846 -10.833367167987253 0.1378181909249979 -2.8640723310454135
217 1953 0.008850681131421987 0 0.026848323368239176 4.037153895992389 -3.128372881700613 0.563285512696142 -10.831635943349722 0.13792931331414748 -2.8639322311616673
218 1962 0.009258436465147199 0 0.02684832257017507 4.036638221376811 -3.128564064738348 0.5653333554408643 -10.837633775408923 0.13805826309631294 -2.8639651034516507
219 1971 0.009383729614078054 0 0.026848305883143346 4.036641547036916 -3.1287770722440618 0.5628771228697204 -10.839701559165658 0.1379664984447707 -2.8640050839358997
220 1980 0.008452305496541338 0 0.026848351772370195 4.037763559937136 -3.1277717650638865 0.5623980333285105 -10.83613746891847 0.1379751355030336 -2.863779279838971
221 1989 0.007731059441023627 0 0.026848295252451547 4.036869466756461 -3.12876738671524 0.564232655042754 -10.833825290847038 0.13797502107746504 -2.8639185405728322
222 1998 0.008425776462506876 0 0.026848272675731855 4.035316624420028 -3.129896761423545 0.5661243014838678 -10.839366214546999 0.13826633991555787 -2.8636556429680473
223 2007 0.008538868020461535 0 0.0268482490967365 4.035771489287196 -3.1296970397454826 0.5652239881812653 -10.837737391647735 0.13816130378987243 -2.8640024599852887
224 2016 0.008774515521124645 0 0.026848242436796867 4.036304700088158 -3.1293310614955976 0.5660993155130272 -10.841961503060123 0.13827145574764924 -2.8639489295459737
225 2025 0.008103114288283485 0 0.02684826353544261 4.035935139762972 -3.1294206632006647 0.5668048316220948 -10.843833438415855 0.13829762146380004 -2.863836186654415
226 2034 0.007894036229300808 0 0.026848262582397055 4.035234192533751 -3.129879556793562 0.5666088546516279 -10.847908840307298 0.13826162363979264 -2.8640147013061656
227 2043 0.009688928675251486 0 0.02684823618450345 4.036102084330107 -3.129501083751278 0.5661487632100368 -10.848756621422325 0.1381583699084835 -2.8643578090392454
228 2052 0.00983993340358977 0 0.026848236872959376 4.035458418027541 -3.1298890717683094 0.5698759211758689 -10.842440142545819 0.13836775879430369 -2.863921650966817
229 2061 0.009657138479476036 0 0.02684823806737955 4.036034295487663 -3.1295006513261776 0.5697256486424338 -10.856333743400677 0.13847587718522272 -2.8639886211294914
230 2070 0.008623952083147791 0 0.026848231436900596 4.035846624443695 -3.1296928112004974 0.5668109677041816 -10.840397070679517 0.1382174670191015 -2.864221396132642
231 2079 0.0076466370835241255 0 0.026848227354235022 4.03550824031609 -3.129881456999148 0.5684432743587634 -10.843062143502921 0.13835002086512016 -2.8641467361704693
232 2088 0.007392094051890086 0 0.026848235855095236 4.0349872660482795 -3.13064709615797 0.5705275501591661 -10.843030890347666 0.13846590391400013 -2.864086105538119
233 2097 0.0067009733332391175 0 0.026848225477186263 4.035922563125821 -3.129594638291258 0.56815049514844 -10.845887185987957 0.13834235943138584 -2.864225757188146
234 2106 0.005919223738690756 0 0.02684822357918268 4.035986983921386 -3.1295823936014564 0.5682924938286165 -10.850101036701217 0.13833810357199616 -2.8642191246509525
235 2115 0.005390131356216786 0 0.0268482345612992 4.036141209441187 -3.129378625597 0.5680341171715649 -10.846332238887127 0.1383756414785901 -2.8641118474231795
236 2124 0.004939511426266815 0 0.02684822489276449 4.035994953430843 -3.129554727176996 0.5678901740252926 -10.849992703369622 0.13840589845764836 -2.8641292864733714
237 2133 0.005619353709145153 0 0.026848228401259132 4.034896946030264 -3.1303971000670474 0.5687141959955921 -10.85632974000828 0.1384611478688221 -2.8641772289898078
238 2142 0.005579192564110815 0 0.02684822212540086 4.0353992897664135 -3.1299792765507317 0.5683532352619538 -10.851913442262676 0.13845719253948605 -2.864153461221757
239 2151 0.006111891786301157 0 0.026848220138816017 4.0352713392378226 -3.1300512999716603 0.5692310384130782 -10.853022161933875 0.13852483299326082 -2.8641809058186283
240 2160 0.005915028093850055 0 0.026848219152457668 4.035150667498264 -3.1301408040470413 0.5692572640135375 -10.860767312639243 0.13854491064910598 -2.8642127839178477
241 2169 0.005521246270990829 0 0.026848221658099483 4.035526529960829 -3.129854640053686 0.5689259572958265 -10.85667685261336 0.13849973020681797 -2.864189412933977
242 2178 0.005095267894190462 0 0.02684822599702952 4.035458598988678 -3.1299344969260527 0.5702439422128043 -10.858964888625923 0.1385459497261512 -2.8643181399442925
243 2187 0.004547177591607329 0 0.02684822205351484 4.035750531592453 -3.1296910021832756 0.5690753613237578 -10.854345856405642 0.13851337395122723 -2.8641838956050996
244 2196 0.004302121479358144 0 0.02684821977013583 4.035625785806098 -3.129806800675064 0.5680932857794848 -10.85842328666036 0.13845985873654576 -2.864329724150295
245 2205 0.004408826657273652 0 0.026848217202276668 4.035838426887971 -3.12971105657963 0.5675506381221264 -10.854466121553191 0.13847395079997427 -2.8643332031278272
246 2214 0.004273623751029848 0 0.02684822193002405 4.035545445855709 -3.129837738736309 0.5689435581620619 -10.851963193746938 0.13850932434129598 -2.8641919575781634
247 2223 0.004600288884682097 0 0.02684821978430243 4.035521638445699 -3.129880887980782 0.5685826531650878 -10.853550013803812 0.13853924140000812 -2.8642458051429402
248 2232 0.004298641145335118 0 0.026848218651987412 4.035781071149865 -3.129730771733404 0.5678417558227821 -10.851282265243778 0.13841779905225884 -2.864252568502833
249 2241 0.00414941052928046 0 0.02684821851813183 4.035815342331898 -3.129692991255199 0.5685161033894254 -10.851164235030712 0.1384190564418205 -2.8642845857381114
250 2250 0.0037862658451172696 0 0.026848217573575535 4.035878451522719 -3.129642336386896 0.5684988515072715 -10.8524860096696 0.1384229557127874 -2.864326405872768
251 2259 0.0031430725579067844 0 0.026848218715538347 4.035617397274401 -3.1298402739831643 0.5683040234255216 -10.852902428646575 0.13843712866322902 -2.8642877624929817
252 2268 0.0032678808263501774 0 0.02684821807144676 4.035502327050554 -3.12987277894017 0.5692630998795095 -10.856107151990702 0.1384669943022008 -2.864354052058965
253 2277 0.0032624065130893148 0 0.026848217165652773 4.035521533840751 -3.129901762340043 0.5683044758072611 -10.85554203260731 0.13845942331707647 -2.864323873623733
254 2286 0.0034986490692732355 0 0.02684821758144728 4.035703516162109 -3.129771892690531 0.568558319617237 -10.855827305843478 0.13842724410259816 -2.864423146113224
255 2295 0.00336102776895775 0 0.02684821615972686 4.0359581207971456 -3.1296131129825335 0.5677698834445314 -10.854191836266331 0.1384064404045503 -2.864436238950364
256 2304 0.0035984006989911153 0 0.02684821563873268 4.035973802229335 -3.129608642422428 0.5676521857295254 -10.85388296848828 0.13841078225134523 -2.864457046286848
257 2313 0.0036784785150202307 0 0.02684821565128026 4.03588389652497 -3.1297101125212565 0.5681252223919271 -10.85401158700276 0.1384415675602485 -2.8644425072736857
258 2322 0.0037290478038750387 0 0.02684821566398391 4.0359369462237 -3.1296496549627766 0.5673394260689922 -10.85268858807814 0.13841739708134906 -2.864460549358634
259 2331 0.0033670735422448392 0 0.026848216074603304 4.035851263656423 -3.1296792362110497 0.5679688723360719 -10.853142385898119 0.13843815266154838 -2.8644290392162906
260 2340 0.002720269536472249 0 0.026848216471185026 4.035844485465513 -3.1296821324055233 0.5682505964531911 -10.853759033238907 0.1384149290626477 -2.864460032449668
261 2349 0.0024711313632682455 0 0.026848217104004184 4.035944492201865 -3.129625373157685 0.5681301996318268 -10.854371870180472 0.13844184392362063 -2.864419764836705
262 2358 0.0021643908034077353 0 0.026848215504115657 4.035937973460379 -3.129640666925627 0.5674883885196655 -10.853529756339178 0.13840799568917536 -2.864451210354557
263 2367 0.0020750850631418676 0 0.02684821540407358 4.035989828333541 -3.1295999878871616 0.5675860708395061 -10.8550467581974 0.1384190691450028 -2.8644598380005273
264 2376 0.0018327605242364066 0 0.026848215707906836 4.0359116966870925 -3.129650843510275 0.567792538965122 -10.855311103880517 0.1384399489908069 -2.8644434846479463
265 2385 0.0018625710763345567 0 0.02684821510051756 4.035956645578372 -3.1296188649855217 0.5677504979189508 -10.85620034537753 0.13843586564826885 -2.864491682899052
266 2394 0.0017426903424550342 0 0.026848215589733698 4.035928929873137 -3.1296389335610115 0.5676172720427594 -10.85551377874414 0.13843284995304725 -2.8644714892521375
267 2403 0.001503009947783851 0 0.026848215730890114 4.035924743825685 -3.1296411653364267 0.5676036521165132 -10.85545930200918 0.13843478977992293 -2.864459720320576
268 2412 0.0016325140042939136 0 0.02684821519337301 4.035951896823176 -3.129623332857499 0.5677248118659434 -10.857111476502224 0.138422261809263 -2.8645087611702684
269 2421 0.0016428582916820547 0 0.026848215618940675 4.035959564720574 -3.1296190242267308 0.5675582587437551 -10.857050408127833 0.13844687326397656 -2.86449099831268
270 2430 0.0014031300737262762 0 0.026848215248955098 4.035997548949007 -3.12959204669699 0.567675488343213 -10.856526094155802 0.1384278693402545 -2.8645023786225408
271 2439 0.0013513058843791536 0 0.0268482152757738 4.036001012051062 -3.129608985429139 0.5672429787854881 -10.855862308649586 0.13843252231540942 -2.864482947133976
272 2448 0.001345260693067727 0 0.026848215380610184 4.03596769527272 -3.1296238580127986 0.5673208415399911 -10.855777233353244 0.1384216766447777 -2.864468922111855
273 2457 0.0013567875324999518 0 0.026848215106717508 4.035993123572195 -3.129616317304317 0.5671123777076147 -10.855731933678422 0.13842583096571237 -2.8644723237306446
274 2466 0.0012917564113254618 0 0.026848215242799376 4.035951558970367 -3.1296336503912254 0.5674366601943277 -10.855615598914357 0.13843636693603484 -2.8644463305063903
275 2475 0.0012071693905023868 0 0.02684821522681095 4.035931383808415 -3.1296460158905437 0.567483501598537 -10.855633397025617 0.13843167327211314 -2.864498672482224
276 2484 0.0011903179279575838 0 0.026848215141382956 4.035965336963514 -3.12962686912331 0.567360751974577 -10.855774578467537 0.13843317839766878 -2.8645060838352476
277 2493 0.0011280726354773913 0 0.02684821523514205 4.035957813995589 -3.1296293840290272 0.5674208741081675 -10.855205222693181 0.13843696276860298 -2.8644578938701146
278 2502 0.0009727444202020123 0 0.026848215102627238 4.035971043854499 -3.129623870968444 0.5673239431696276 -10.855056192023184 0.13843109504703688 -2.8644791452151934
279 2511 0.0008398848377825926 0 0.02684821515929848 4.035954056115978 -3.1296360667931897 0.5672945404326653 -10.854880437878519 0.13843315101052253 -2.8644687147040093
280 2520 0.0006962537982736741 0 0.026848215195468463 4.035945887152124 -3.129641731065299 0.5672849522654007 -10.854750535964344 0.13842958527839894 -2.864460969378815
281 2529 0.000719298054007506 0 0.02684821525267916 4.035943870115538 -3.1296367902017797 0.5675030125590522 -10.855137214620303 0.13843446222975325 -2.86448056765905
282 2538 0.0007072647805774426 0 0.026848215096472634 4.035975949779352 -3.129619200374671 0.5673712438216253 -10.85539871991452 0.13843191736728702 -2.864493429182498
283 2547 0.0006720443539604984 0 0.026848215072052727 4.035972876946825 -3.129623811856447 0.5673024904190841 -10.855386629795914 0.13842676118988506 -2.864487259815467
284 2556 0.0007364573208005632 0 0.026848215055621367 4.036001470387124 -3.1296043802358797 0.5673160328562701 -10.855942342469538 0.1384248990521547 -2.864496051169903
285 2565 0.0007165060941710455 0 0.02684821509328385 4.035974759814519 -3.1296208522279754 0.5673190148920669 -10.855262569975629 0.13842729373614177 -2.864501296101192
286 2574 0.0007088119288214827 0 0.02684821511902277 4.035973202387026 -3.1296217114138014 0.567340281143616 -10.855136220082047 0.13843072365853223 -2.8644906988716317
287 2583 0.0006559744357580566 0 0.02684821507222336 4.0359686848202125 -3.129626143498007 0.5673120004844054 -10.855753188254706 0.13843158990705512 -2.864493141640198
288 2592 0.0005797293212227035 0 0.026848215069323507 4.035997440509308 -3.1296083688732326 0.5672562383241132 -10.85530195185893 0.13842894986655027 -2.8644807379133677
289 2601 0.0005362037449020584 0 0.026848215068285285 4.035980922082726 -3.1296191099355863 0.5672780725634813 -10.855536509555986 0.13843393917118618 -2.864495547487428
290 2610 0.0005643554035323239 0 0.0268482150785836 4.03598785220842 -3.129614519154849 0.5672540387333439 -10.856077535372252 0.13842990201692124 -2.8644967013928824
291 2619 0.0005757390107112792 0 0.026848215089818134 4.035993460895603 -3.129609082068928 0.567326428869871 -10.856063489305589 0.13842846937246453 -2.864497856552277
292 2628 0.000554693543315002 0 0.026848215014618263 4.035993343897996 -3.1296110462665165 0.5672620873077147 -10.856136649955957 0.13842720705913236 -2.864497988126253
293 2637 0.0006000969839796678 0 0.026848215029223042 4.035993048444992 -3.1296059561103453 0.567405179264608 -10.856352742323947 0.13842197062800193 -2.8645003553912085
294 2646 0.0005562684109070004 0 0.026848215008281873 4.035997762591266 -3.1296066463892447 0.5673057918635879 -10.855703491635694 0.138429448661984 -2.864491987170785
295 2655 0.0005155836217348813 0 0.026848215027447234 4.036000621981926 -3.1296068760084226 0.5672323094762047 -10.855847858314155 0.13842589643344855 -2.864489501163642
296 2664 0.00047852940034651093 0 0.02684821499991329 4.036004125606994 -3.129606264521368 0.567201194958051 -10.855971899966624 0.13842566084236932 -2.8644842152445604
297 2673 0.00040901283369939006 0 0.026848215026855023 4.035992751549609 -3.1296087131614696 0.5673408271121643 -10.855901630054339 0.13842688279828355 -2.8644920828320655
298 2682 0.00037423100144281786 0 0.026848215003144067 4.036001264425649 -3.1296082207407356 0.5671850160528693 -10.8559264147183 0.13842608209615914 -2.864493164578289
299 2691 0.00038301621161329646 0 0.026848215007749244 4.035996196210414 -3.1296101483110075 0.5672235474438265 -10.855954386449216 0.1384255890938826 -2.8645077671183836
300 2700 0.0003194654481035355 0 0.02684821500913945 4.035998079880584 -3.1296076827970096 0.5672558662622557 -10.85579540259867 0.13842550724047528 -2.864496247116353
301 2709 0.0002985066920269421 0 0.026848215014564285 4.035993801478459 -3.1296114632047587 0.5672419272551782 -10.855864740242792 0.13842759643154667 -2.8644905621786627
302 2718 0.00026672466135135793 0 0.026848215014763883 4.035994692270806 -3.1296116442151707 0.5672233098576824 -10.855836525044358 0.13842752804568753 -2.864497435576453
303 2727 0.0002310603814208329 0 0.026848215038682153 4.035992371535375 -3.129611708107096 0.567259737806147 -10.855856112683464 0.1384273537733023 -2.864496674052148
304 2736 0.00019709789944589382 0 0.0268482150165728 4.035991584320753 -3.1296135765634236 0.5672289140489963 -10.855725898362937 0.1384271631841116 -2.864496108879397
305 2745 0.00015982568583565085 0 0.02684821502676346 4.035993849599973 -3.1296124275740245 0.5672158185865769 -10.855840764829054 0.13842732992732956 -2.8644964903010495
306 2754 0.00014443558583389097 0 0.026848215009732158 4.0359933309153995 -3.1296123264861304 0.5672254441658353 -10.855792268642025 0.13842664477321528 -2.8644964590315083
307 2763 0.00013310023323848848 0 0.026848215010495387 4.035995872660772 -3.12961107937463 0.5672093406302811 -10.855826367396011 0.13842720335973976 -2.8644975386814404
308 2772 0.00013021891936751002 0 0.02684821500900571 4.0359973343271855 -3.1296095933497172 0.567225322119973 -10.85587280580265 0.1384260746258511 -2.86449725284634
309 2781 0.000112934262255916 0 0.026848215010438582 4.035994216338707 -3.1296113597369826 0.5672334579439212 -10.855854854795128 0.13842688741455955 -2.864496751226232
310 2790 0.00011991848218575599 0 0.026848215009583575 4.0359959244156105 -3.1296112492466848 0.5672040337475879 -10.855818113850075 0.13842588344607834 -2.8644993339673945
311 2799 0.00010632218669961623 0 0.02684821500645816 4.0359955553402225 -3.1296117165692885 0.5671995511711758 -10.855792557679475 0.1384264335096709 -2.864497601402961
312 2808 0.00011534561271597423 0 0.02684821500057296 4.035996859375731 -3.1296107970942204 0.5672026552688403 -10.855914851673678 0.13842614723246016 -2.8645011159689138
313 2817 0.00013492579118996132 0 0.026848215011134026 4.035998609135202 -3.129609589020219 0.5671970734595777 -10.855945939361902 0.13842610930870772 -2.8644966016678186
314 2826 0.0001373133073325037 0 0.026848215013757927 4.035997605026283 -3.1296097698978906 0.5672146433268257 -10.85597670504771 0.13842657648039491 -2.8644999536066824
315 2835 0.00013478799066230957 0 0.026848215007813956 4.035999062157748 -3.12960980266895 0.5671823370330329 -10.855889196167775 0.1384262107685298 -2.864500826908845
316 2844 0.00016455652564317526 0 0.026848214995799435 4.03600328624102 -3.129607294348277 0.5671693072026102 -10.85602718371606 0.138425723646447 -2.864502143495582
317 2853 0.0001901006277700752 0 0.026848215016425682 4.036002037893317 -3.129608594733606 0.5671542470070672 -10.855961657925945 0.1384267714860495 -2.864499557967674
318 2862 0.00021251282312766278 0 0.02684821500562772 4.036003122038493 -3.1296076862737507 0.5671621224740725 -10.85602536913719 0.13842615634404112 -2.8645010689182784
319 2871 0.00021377745112460662 0 0.026848215018884222 4.0360006250750065 -3.1296091332584486 0.5671671795874493 -10.856128283475385 0.13842738791292256 -2.8644977221508894
320 2880 0.00023600031787626615 0 0.02684821498801336 4.03600335167744 -3.129607150222378 0.5671693569563797 -10.856340367980067 0.1384263859703348 -2.8645047559865215
321 2889 0.00021248070681211952 0 0.026848214989138537 4.0360034468332895 -3.1296081115773253 0.5671485171586114 -10.856175729559073 0.1384262129499379 -2.8645027666990535
322 2898 0.00019835054636703023 0 0.02684821498649024 4.036004817551059 -3.12960650375094 0.5671643052196657 -10.856195301064403 0.13842551975898573 -2.86450167718714
323 2907 0.0001923535560223775 0 0.026848214984780308 4.036004211683718 -3.129606941394741 0.5671634602440321 -10.856167998109003 0.1384248924263996 -2.864503229785079
324 2916 0.00017920203926405563 0 0.026848214990657142 4.0360048320439414 -3.129607481486498 0.5671408557706706 -10.856142815729518 0.13842581950277755 -2.8645009818594147
325 2925 0.0001792059710985757 0 0.026848214990542123 4.03600567572254 -3.1296063671322427 0.5671542228305414 -10.8562142696527 0.13842592129782239 -2.864498114386256
326 2934 0.00017025854570050926 0 0.026848214998195296 4.036005000308626 -3.1296064453027683 0.5671649663397348 -10.856260336674232 0.13842617973953153 -2.8644989045347002
327 2943 0.00015166402280678004 0 0.02684821499434434 4.036004990411292 -3.1296068306429197 0.5671521482753425 -10.85617821719365 0.1384256479492018 -2.8644996718521365
328 2952 0.00015232655617543534 0 0.026848215002644817 4.036003896411835 -3.129606729447043 0.5671792124572959 -10.856185085915564 0.1384261430229078 -2.864496015381552
329 2961 0.0001302425145984528 0 0.026848214988802976 4.036005339048004 -3.1296062001796803 0.56716379234332 -10.856202414992236 0.13842619801310307 -2.8644990457288886
330 2970 0.000105473786710466 0 0.02684821498985845 4.036002953832166 -3.129607271254215 0.5671794196689939 -10.856197272835537 0.1384263231583571 -2.8644965340101205
331 2979 0.00010053177558698394 0 0.026848214985085782 4.03600311707039 -3.129606777294496 0.5671908771181892 -10.856241650079314 0.13842619725317856 -2.8644965078938376
332 2988 0.00011132038478958138 0 0.026848214980665898 4.036004934159709 -3.1296059861607617 0.5671794832799907 -10.856292918904161 0.13842603521370545 -2.8644961660712998
333 2997 0.0001124110413011558 0 0.02684821498964908 4.036004839109233 -3.1296059875625675 0.5671790810480389 -10.856283680923429 0.13842619067429776 -2.8644971896563276
334 3006 0.00011997836292547732 0 0.0268482149903445 4.036004517539041 -3.1296051748662603 0.5672071783675239 -10.856329149129737 0.1384263678582921 -2.8644957993713556
335 3015 0.00011544785165197828 0 0.026848214985960874 4.036004120152552 -3.129605976812357 0.5671930976597197 -10.856303747282402 0.13842640732882167 -2.864496949400337
336 3024 0.00010839818835688697 0 0.026848214982960913 4.036005411666172 -3.1296056042426437 0.5671773067471915 -10.856299975722681 0.13842640397666175 -2.8644999552372234
337 3033 0.00010452583230620267 0 0.02684821498885034 4.036003852187835 -3.1296065427126414 0.5671824183016195 -10.856261411456268 0.13842675500970691 -2.864497148409265
338 3042 9.207345699243783e-05 0 0.026848214984136535 4.036004617843161 -3.1296059446089237 0.5671839126876346 -10.856298319813046 0.13842675692909936 -2.8644982171144577
339 3051 8.348282607706839e-05 0 0.026848214987376065 4.03600465578493 -3.1296058788542194 0.5671861163420803 -10.85629644873969 0.13842637892441229 -2.8644981921159154
340 3060 9.599345379270553e-05 0 0.026848214980622745 4.036004874646167 -3.1296056177179272 0.567187989344139 -10.856303843628048 0.13842589081715165 -2.8644991712992756
341 3069 9.745437607228726e-05 0 0.02684821498390688 4.03600470343671 -3.1296063728090244 0.5671715545268642 -10.856286648610121 0.13842651759155858 -2.8645012092524285
342 3078 8.633986664918417e-05 0 0.02684821498647754 4.036004439704155 -3.129606290224437 0.5671792272730208 -10.856286163532078 0.1384262326034699 -2.8644990166592645
343 3087 8.08080822435321e-05 0 0.026848214985517822 4.036004421421736 -3.129606088314309 0.5671838053078305 -10.85628428800453 0.13842622901117713 -2.864497874323369
344 3096 8.031599252234681e-05 0 0.026848214984288587 4.0360049236724125 -3.129605851624259 0.5671812363364132 -10.856305797900708 0.13842611649435863 -2.864498365024793
345 3105 7.49193660825594e-05 0 0.026848214991156263 4.03600457169918 -3.1296061123384344 0.5671800045427053 -10.856315598820727 0.13842621255392082 -2.8644984988606645
346 3114 6.922760489369658e-05 0 0.026848214986159136 4.036004400654127 -3.129606096604856 0.5671846604770973 -10.856285756731515 0.1384263626383645 -2.8644964471167413
347 3123 6.181728320524855e-05 0 0.02684821499171736 4.036005067523778 -3.1296059963149574 0.567174257474287 -10.856306255572798 0.13842593569839381 -2.864499354944991
348 3132 6.437738134107849e-05 0 0.026848214988657877 4.03600429920341 -3.129606283404693 0.5671812938633053 -10.856287104450132 0.13842639802858728 -2.8644963537118175
349 3141 6.604237614436926e-05 0 0.026848214983678263 4.036004373095766 -3.129606383359457 0.5671770447201965 -10.856342967972507 0.13842650763893727 -2.8644991652518743
350 3150 7.28580087559691e-05 0 0.026848214988106408 4.036004556730311 -3.1296063665826197 0.5671746567295698 -10.85633521368404 0.13842664949924902 -2.8644987368025747
351 3159 7.814182962583088e-05 0 0.026848214990979325 4.036004685935885 -3.1296064492030644 0.5671697452047338 -10.856328853147318 0.13842683458526744 -2.864498888506739
352 3168 8.973072205610009e-05 0 0.026848214997810878 4.03600432906203 -3.1296067728285886 0.56716656148662 -10.856292028107214 0.13842681223727443 -2.864499502219941
353 3177 9.314597743824463e-05 0 0.02684821498723372 4.0360040800614785 -3.1296067555834584 0.5671711617130671 -10.856286529959329 0.13842690953380152 -2.864499469053761
354 3186 9.915387510069912e-05 0 0.026848214988891266 4.0360048996024895 -3.129606341667087 0.5671676474317224 -10.856326520811011 0.13842731361829338 -2.86449810177889
355 3195 0.00010454795637822661 0 0.026848214988982672 4.036004236106331 -3.129606760986183 0.5671690190088406 -10.85632028277264 0.13842770224874096 -2.864497967898206
356 3204 0.00010404157077124017 0 0.026848214985885684 4.036004360232139 -3.129606141428119 0.5671851596213658 -10.85633781066731 0.13842667566400116 -2.8644980706676275
357 3213 0.00011002185509329067 0 0.02684821498916412 4.036003769556584 -3.1296065848772425 0.5671837418397747 -10.856329354191203 0.13842772846263698 -2.8644964935803774
358 3222 0.00011472214453500658 0 0.02684821499703578 4.0360031947319275 -3.129606612732571 0.5671953598036676 -10.85630002410695 0.13842710668097075 -2.864492626998386
359 3231 0.00010833642248644977 0 0.026848214987008647 4.036004392534221 -3.129606523367708 0.5671743700534781 -10.856306637885437 0.13842694694428295 -2.864496470524961
360 3240 0.00010244386810990485 0 0.02684821498711771 4.036004250337109 -3.1296067396613014 0.5671714720296066 -10.856341790213282 0.13842718569420426 -2.8644977042986137
361 3249 0.00010314358079439386 0 0.026848215004631217 4.036005135632801 -3.1296063451153797 0.5671634556537334 -10.856288634069895 0.13842662212493134 -2.8644972374275297
362 3258 0.00010852385961089347 0 0.026848214985041547 4.03600498701508 -3.1296061475226544 0.5671712160311041 -10.856320088276563 0.13842683346327866 -2.864497978352573
363 3267 0.00010434143967013297 0 0.026848214983945993 4.036004900103701 -3.1296063267916385 0.5671688763699052 -10.856361552880546 0.1384265185090431 -2.86450116098244
364 3276 0.0001108188578974263 0 0.026848214984567853 4.036004711318413 -3.129606180166092 0.5671760628313247 -10.85633905619115 0.1384268174154203 -2.864500062512346
365 3285 0.00011198279362941928 0 0.026848214988302546 4.036004527235968 -3.129605875102857 0.56718878158711 -10.856394233705279 0.1384266898966716 -2.864499596103712
366 3294 0.00012148813368790001 0 0.026848214986481864 4.036003964254328 -3.12960565864913 0.5672043687823148 -10.856359497163586 0.13842684352090448 -2.8644969344551896
367 3303 0.0001344693837500952 0 0.0268482149905601 4.036004711580456 -3.1296053623138547 0.5671991768684428 -10.856417720747578 0.13842668406328978 -2.8644976724599625
368 3312 0.0001159783381527133 0 0.026848214986361772 4.036005145779198 -3.1296057638104138 0.5671803398501037 -10.856339031276896 0.13842678543292533 -2.8644957517210834
369 3321 0.00011576361868410809 0 0.02684821498685575 4.036003551209443 -3.129605841514513 0.5672083017363541 -10.85635691241267 0.13842727638852492 -2.8644955422713196
370 3330 0.0001245441260292336 0 0.02684821498497983 4.036003020291096 -3.1296059535692207 0.5672157787061521 -10.856340505215764 0.1384271179024762 -2.864494462013809
371 3339 0.00011845019641481519 0 0.026848214985412344 4.036003652511363 -3.129605734446341 0.5672098773124826 -10.85636515048643 0.1384269192894678 -2.864495258636548
372 3348 0.00010195697806054656 0 0.026848214984823798 4.03600288352704 -3.1296061292535486 0.5672137802667013 -10.856363987219373 0.13842755547603328 -2.864495355814487
373 3357 8.690799775518602e-05 0 0.02684821498838674 4.03600390291258 -3.129605398393054 0.5672132644659446 -10.856355930663193 0.13842681827432604 -2.8644949241946445
374 3366 9.059313941067378e-05 0 0.026848214990595823 4.036003632889818 -3.1296057294570283 0.5672095056765596 -10.856338011410744 0.13842698614889798 -2.8644955538727244
375 3375 9.277132317132794e-05 0 0.026848214984523323 4.036003425881819 -3.129605381151012 0.5672227744659252 -10.856332380963286 0.1384267451886635 -2.8644944638416434
376 3384 9.041454114242647e-05 0 0.026848214986614084 4.036003549911674 -3.129605371279069 0.5672213537489716 -10.856380397734517 0.1384268871791227 -2.8644940869669484
377 3393 9.136978740997354e-05 0 0.026848214994252762 4.03600326484003 -3.1296052032042514 0.567231990513464 -10.856380984171203 0.13842682805626172 -2.864492174676152
378 3402 9.408011020742369e-05 0 0.026848214981905108 4.036003781182477 -3.129605341568638 0.5672178480081962 -10.856392196873443 0.13842665597963252 -2.864494259461698
379 3411 9.570540472264755e-05 0 0.02684821498735808 4.036003444728681 -3.129606046626503 0.5672048864131445 -10.856375558529185 0.13842701711924907 -2.864495590119088
380 3420 0.00010498692361883742 0 0.02684821498588466 4.036003559420094 -3.12960600635584 0.5672026387824932 -10.85632376015549 0.13842651599910286 -2.8644968130651476
381 3429 9.179706223766418e-05 0 0.026848214987294935 4.0360031737825555 -3.1296055625716943 0.5672235582469315 -10.856381955905007 0.1384269156039388 -2.864493377902122
382 3438 8.110249465952104e-05 0 0.026848214984234564 4.03600363146167 -3.129605710591434 0.5672101504645636 -10.856377881197384 0.13842666899468864 -2.8644959215555046
383 3447 8.055005382174276e-05 0 0.02684821498933106 4.036003087273018 -3.129606260599138 0.5672063277266743 -10.856366789638855 0.13842736353702123 -2.864494629046681
384 3456 6.968372594567414e-05 0 0.026848214986750357 4.036003984739638 -3.1296053620913544 0.5672126063232111 -10.856376855145552 0.1384263639764899 -2.8644957152717203
385 3465 5.980584643400402e-05 0 0.026848214992848746 4.036003364685013 -3.1296057382107096 0.5672147999055283 -10.856373305930973 0.13842690806313984 -2.8644943901822555
386 3474 6.100104158420704e-05 0 0.02684821498826943 4.03600335451591 -3.1296053092247273 0.5672260852755912 -10.856350183730498 0.1384263062220094 -2.864494163093125
387 3483 6.38116047010412e-05 0 0.026848214986084275 4.03600349270934 -3.129605245982137 0.5672250272802438 -10.856360492099613 0.13842626116912107 -2.864494717828226
388 3492 5.942246589242662e-05 0 0.02684821498594953 4.036003073533017 -3.1296055467565633 0.5672256038190663 -10.856354981873523 0.1384264759730122 -2.86449406008119
389 3501 5.4241105540593556e-05 0 0.026848214983629458 4.03600356070344 -3.1296053118476035 0.5672227491816149 -10.856364072985343 0.1384265061720337 -2.864493557644383
390 3510 5.966509147544529e-05 0 0.026848214985938836 4.0360035859869035 -3.1296050198086407 0.5672299656924255 -10.856361540578279 0.13842606165270724 -2.8644939614111338
391 3519 6.829602782404713e-05 0 0.026848214983836258 4.036003813460484 -3.1296050570804788 0.5672245168078184 -10.856343478998804 0.13842606487423476 -2.864493482523251
392 3528 7.454271734807946e-05 0 0.026848215011953894 4.036003175254542 -3.129605612615154 0.5672221550589289 -10.856328885198726 0.13842664684938702 -2.864491774740314
393 3537 8.38526843073387e-05 0 0.02684821499035097 4.03600374028417 -3.1296048245632866 0.5672327849126941 -10.8563562034742 0.1384261400835933 -2.864491119555597
394 3546 8.146552255624095e-05 0 0.026848214985001263 4.036003672350255 -3.1296054293813356 0.5672172048406287 -10.856347593532627 0.13842640692831137 -2.8644938438078045
395 3555 7.648402283262916e-05 0 0.026848214985926856 4.03600338718804 -3.129605619645733 0.5672176227002751 -10.856359722656881 0.13842683060958164 -2.8644935255793786
396 3564 8.303242442126044e-05 0 0.02684821498984601 4.036003218127596 -3.1296058235974273 0.5672151595117227 -10.856296858012776 0.1384265448026438 -2.8644922176564607
397 3573 8.40602910887665e-05 0 0.026848214986999304 4.036003586212536 -3.129605099079667 0.5672277678835356 -10.856347329646027 0.13842616405038144 -2.864492280191629
398 3582 8.252287401931374e-05 0 0.026848214989472888 4.036003283305016 -3.1296055121050013 0.5672228485158181 -10.856367763950114 0.13842654298453022 -2.86449409837421
399 3591 6.72290950286674e-05 0 0.026848214988871032 4.03600373262757 -3.1296054869885683 0.5672147001593595 -10.856348068089243 0.13842649525065537 -2.8644931594147853
400 3600 6.432515381601347e-05 0 0.026848214986423542 4.036003729053792 -3.129605365553815 0.5672173529276916 -10.856316908801436 0.13842609745552115 -2.864493283302436
401 3609 6.648708805216676e-05 0 0.026848214987309226 4.036003472095579 -3.129605379064654 0.5672218606905644 -10.856296907197304 0.13842600059562443 -2.864492139424498
402 3618 6.852128232882954e-05 0 0.02684821498930324 4.036003498991096 -3.1296056471284768 0.5672142845087271 -10.856296726251367 0.13842635938618006 -2.8644923813412237
403 3627 7.737799601518408e-05 0 0.02684821499195696 4.036003288868176 -3.129605772147099 0.5672143281621379 -10.856302895288122 0.13842635933251138 -2.8644937507380863
404 3636 7.322259737144406e-05 0 0.02684821498696084 4.036003407141392 -3.1296061127082053 0.5672036960414392 -10.856290007045631 0.13842655593703707 -2.8644922565582664
405 3645 6.790972735033753e-05 0 0.026848214990793737 4.036003183970791 -3.129605899430139 0.567213370321753 -10.856287846682884 0.13842649644618457 -2.864491784634834
406 3654 6.111954152425222e-05 0 0.02684821498649562 4.036003399957392 -3.129605823068128 0.5672113260095061 -10.856289064919103 0.13842626035385305 -2.8644930223382317
407 3663 5.6198116008082975e-05 0 0.026848214989089937 4.036003519174891 -3.1296059581851114 0.5672053233831281 -10.85629679277008 0.13842642185269002 -2.8644936996208936
408 3672 5.537064434841771e-05 0 0.026848214984163295 4.036003758275046 -3.1296057932049357 0.567205352906171 -10.856290663872805 0.13842628176861985 -2.8644931062171355
409 3681 5.6642327987495274e-05 0 0.026848215009606234 4.0360034619685585 -3.129605853233475 0.5672097802058786 -10.856293043922886 0.13842653784664063 -2.8644920167150594
410 3690 5.0868024763988e-05 0 0.02684821498675471 4.036003421281046 -3.129606057925293 0.5672044414684448 -10.856276027187702 0.13842641399907113 -2.864493142772515
411 3699 4.516456412983941e-05 0 0.026848214986690863 4.03600339942947 -3.1296060676352724 0.5672050264565636 -10.856295974251498 0.13842669967736188 -2.864492650816233
412 3708 4.387021962249648e-05 0 0.026848214986440327 4.036003608856304 -3.1296059262333937 0.5672045162342009 -10.856292037714345 0.13842652850213974 -2.8644929312968497
413 3717 4.863059470458497e-05 0 0.0268482149878538 4.0360032825762255 -3.129606107689663 0.5672062858765163 -10.856277532204757 0.13842676490174974 -2.864491965357925
414 3726 5.1091450357916415e-05 0 0.026848214986499835 4.0360036761295754 -3.129605821020568 0.5672065273336346 -10.856301680331793 0.13842653323391352 -2.864492812018422
415 3735 5.27302615647734e-05 0 0.026848214989575226 4.036003793929177 -3.1296057327790776 0.56720627701821 -10.856304971700451 0.13842640709959073 -2.8644935453430023
416 3744 5.367321518573079e-05 0 0.0268482149857478 4.0360037417220305 -3.129605637764634 0.5672100624294535 -10.856318288648977 0.13842638704341648 -2.864493362582101
417 3753 5.630194127028689e-05 0 0.026848214984224728 4.036003775453335 -3.129605476047896 0.5672137908772655 -10.856339570588693 0.1384263925636338 -2.8644933960574654
418 3762 5.788754870318163e-05 0 0.026848214989555218 4.036003641159889 -3.1296055811909307 0.5672133839106219 -10.85631359411429 0.1384264199660452 -2.8644928775128182
419 3771 5.133526207637747e-05 0 0.026848214992218206 4.036003687162721 -3.129605838311655 0.5672058043732306 -10.856315838320949 0.13842653563530455 -2.8644934016617727
420 3780 4.678837143088533e-05 0 0.02684821498804171 4.036003739439259 -3.129605710894986 0.5672081133050396 -10.856317104922503 0.1384264632881087 -2.8644934073773487
421 3789 4.484475652123364e-05 0 0.02684821498789513 4.036003506392537 -3.1296059554812934 0.5672058946298483 -10.856304376912536 0.13842651232581604 -2.864493168522556
422 3798 4.9607270142751635e-05 0 0.02684821498681095 4.036003408122668 -3.129605998651678 0.5672070392341689 -10.85630369181958 0.13842662967173705 -2.864492499216096
423 3807 5.01888747396143e-05 0 0.02684821498987698 4.036003672279136 -3.1296055107772434 0.5672147837875468 -10.85634603861025 0.13842645893933672 -2.864493567950119
424 3816 4.934380913045611e-05 0 0.026848214987665885 4.036003475965919 -3.1296058528159247 0.5672093979917624 -10.856321533685852 0.13842656428850578 -2.8644931240117155
425 3825 4.3862354657564616e-05 0 0.026848214984430695 4.036003599549481 -3.1296057315376773 0.5672104373564236 -10.856336453529552 0.1384266876080063 -2.8644929057073694
426 3834 4.426626030012413e-05 0 0.02684821498516494 4.036003582849202 -3.1296057968309627 0.5672085776880389 -10.856333778584466 0.13842660647255703 -2.8644935975711427
427 3843 4.816419115289102e-05 0 0.026848214985227832 4.036003491159568 -3.1296057113077302 0.567212446712535 -10.856334676483629 0.13842643464740742 -2.8644936591505257
428 3852 5.235683447056249e-05 0 0.026848214989334998 4.036003604662418 -3.1296054906366506 0.5672164798935309 -10.85634658417616 0.13842650435936432 -2.8644931060134398
429 3861 5.6716011184173464e-05 0 0.026848214985412074 4.036003562565809 -3.129605483806564 0.5672172405245552 -10.856348382793591 0.13842638211777641 -2.8644933931220202
430 3870 5.504630656468899e-05 0 0.02684821498410991 4.0360037920607805 -3.129605565225565 0.5672108651843428 -10.856322475476764 0.13842634700723222 -2.864493459420999
431 3879 5.2015233674746513e-05 0 0.026848214988443888 4.0360035920997435 -3.1296056300953814 0.5672130104029123 -10.856322098572136 0.13842645775975457 -2.864493158771023
432 3888 5.1834273923346474e-05 0 0.02684821498871359 4.036003379037257 -3.129605607438658 0.5672172146419534 -10.85630729555992 0.13842617386865763 -2.8644928896790223
433 3897 5.815540804427454e-05 0 0.02684821498580856 4.036003340904337 -3.129605442950337 0.567222139638473 -10.856312778695171 0.13842601707514895 -2.8644928486498213
434 3906 5.703265193174088e-05 0 0.02684821498594651 4.0360033759606395 -3.1296055981394377 0.5672176192439319 -10.856321021496717 0.13842633173634908 -2.864492707402003
435 3915 5.417386489166805e-05 0 0.026848214984012738 4.036003487476531 -3.1296054988530115 0.5672179551869942 -10.856326243000325 0.13842616813152192 -2.864493470694148
436 3924 5.926603213551685e-05 0 0.026848214991987387 4.036003434194874 -3.1296053882801234 0.5672214891700226 -10.85632609646482 0.1384260793203888 -2.864493705420569
437 3933 5.561262635490478e-05 0 0.026848214984493392 4.036003308768771 -3.129605446952813 0.5672225624849989 -10.856318244052499 0.13842600859503323 -2.8644931639202342
438 3942 5.9567023031777834e-05 0 0.0268482149880034 4.036002958175644 -3.129605689359569 0.5672228362638142 -10.856296645530323 0.1384260977792137 -2.8644921197166213
439 3951 5.924451618326241e-05 0 0.026848215003186134 4.036003176953778 -3.1296054659802244 0.5672248291180083 -10.856307412458909 0.13842606826099044 -2.864492105541592
440 3960 5.7127989008211614e-05 0 0.026848214984732714 4.036003266515903 -3.12960536605445 0.5672256713745575 -10.856318373041425 0.13842600193132576 -2.86449257414865
441 3969 5.761385689533907e-05 0 0.026848214995285963 4.036002737409667 -3.129605721935202 0.5672261097597496 -10.856278257398008 0.13842594895422955 -2.864491597577278
442 3978 6.182451429432899e-05 0 0.026848214992557528 4.036002624930035 -3.129605753468356 0.5672275802874653 -10.856272430499429 0.13842598300726536 -2.864491007835838
443 3987 6.488278542118716e-05 0 0.0268482149858506 4.036002937828387 -3.1296055354471197 0.5672276662192629 -10.856303961608267 0.13842601208506317 -2.8644919249685077
444 3996 6.319005294239024e-05 0 0.02684821498596919 4.0360029361651035 -3.1296056704621344 0.5672237296601508 -10.856302547590252 0.13842608716572213 -2.8644923592602423
445 4005 5.760318187375693e-05 0 0.026848214989054625 4.036002928476503 -3.12960560632891 0.5672258218623042 -10.85631113731662 0.13842621164463786 -2.864492083361944
446 4014 5.671375085127245e-05 0 0.026848214986318987 4.036003106728165 -3.129605418485394 0.5672275657392013 -10.856305560228579 0.13842612686984887 -2.8644915383213387
447 4023 5.680788674518459e-05 0 0.026848214993715102 4.036003021863585 -3.1296055878611275 0.5672246886488693 -10.856299753300723 0.1384260935965221 -2.8644915859299513
448 4032 5.660235698898545e-05 0 0.026848214990654668 4.036003009243389 -3.129605350388061 0.5672309927524487 -10.856307131172303 0.13842595298927626 -2.864491635731887
449 4041 5.9023045657294725e-05 0 0.026848214985741928 4.036003080363569 -3.1296054828829147 0.5672263095036071 -10.856302338662138 0.13842610573842795 -2.8644913339007423
450 4050 5.875388880071653e-05 0 0.02684821499146517 4.036003135582212 -3.1296054164842744 0.5672273254490473 -10.856325262107301 0.1384262155882476 -2.8644914067505596
451 4059 6.224553720565294e-05 0 0.02684821498628402 4.0360034426502525 -3.1296051688473447 0.567227964845433 -10.85634817995291 0.13842610076009298 -2.8644923109562486
452 4068 5.8269175195969515e-05 0 0.026848214987418233 4.036003208733018 -3.1296052886223915 0.5672290563914635 -10.856336648489057 0.13842604175232492 -2.864492147130307
453 4077 5.1954501262043576e-05 0 0.026848214988284727 4.036003238310167 -3.1296053091431313 0.5672281890940852 -10.856331596720448 0.13842615564439753 -2.864491913540031
454 4086 5.098189337026318e-05 0 0.026848214986383942 4.0360030577347965 -3.12960580118575 0.5672185735938208 -10.856291381126294 0.1384262706200878 -2.864491431833663
455 4095 5.089410215464411e-05 0 0.02684821498999557 4.036002925212562 -3.1296056771064293 0.5672242325168474 -10.856297306616947 0.13842617193402088 -2.8644913577784425
456 4104 5.403352033352328e-05 0 0.026848214988548436 4.0360029905302905 -3.1296057660485554 0.5672206131846237 -10.85629057887427 0.13842619694145508 -2.864491623826053
457 4113 5.2378735782141966e-05 0 0.026848215010339547 4.036002819331126 -3.1296058340925805 0.5672218552336445 -10.856289413844001 0.138426207691924 -2.8644916811326997
458 4122 5.2583863838643765e-05 0 0.02684821498664737 4.036003116623547 -3.129605574903476 0.5672232782863225 -10.856300180270539 0.1384260472603481 -2.8644916842751478
459 4131 5.478027374151955e-05 0 0.026848214985311012 4.0360029680992815 -3.1296054648941367 0.5672287643462213 -10.856303930727062 0.13842599224372598 -2.8644915935764867
460 4140 5.209916976449299e-05 0 0.02684821498540223 4.036003025327224 -3.1296055544427603 0.5672254788194574 -10.856315318580844 0.1384261067479233 -2.8644921486242763
461 4149 5.153156201072466e-05 0 0.026848214987292465 4.036002941153277 -3.1296055732405472 0.5672267154970903 -10.85629267845953 0.13842604541085046 -2.8644911701572604
462 4158 4.958379523419846e-05 0 0.0268482149865829 4.036002988196317 -3.1296056937355314 0.5672224562852415 -10.856306470986084 0.13842621045664782 -2.864492178120492
463 4167 4.439329307758049e-05 0 0.02684821499080583 4.036002823011334 -3.129605795483759 0.5672228418683061 -10.856273276575333 0.1384261086908379 -2.8644910150567164
464 4176 3.979313535914997e-05 0 0.026848214988235704 4.036002973908779 -3.129605590167749 0.5672254590892518 -10.856308856514524 0.13842616204774247 -2.864491913931539
465 4185 4.257469385797834e-05 0 0.026848214989659763 4.036002851827544 -3.129605554934215 0.5672285058585522 -10.856315002186893 0.13842606250036954 -2.864492092162687
466 4194 4.3856941315298625e-05 0 0.02684821498975812 4.036002718197181 -3.1296056946514788 0.5672272784172323 -10.85630089204494 0.13842609177247164 -2.8644916588743636
467 4203 4.1450156684120246e-05 0 0.026848214992054403 4.0360028496049924 -3.12960549946953 0.5672299384071793 -10.856314267641695 0.13842601717636066 -2.864492010951562
468 4212 4.1168542634338e-05 0 0.02684821498961584 4.036002727030772 -3.1296056044119034 0.5672296073295534 -10.856295296134693 0.13842600739398558 -2.864491285987688
469 4221 4.177095993777812e-05 0 0.02684821498579891 4.036003061879366 -3.129605264908124 0.5672321045887122 -10.856339533728752 0.13842595126057491 -2.8644926112019142
470 4230 3.657162907406248e-05 0 0.02684821499573717 4.036002824214884 -3.129605652670616 0.5672264192076062 -10.856313363016968 0.13842612657452738 -2.8644921552005065
471 4239 3.840481038221612e-05 0 0.02684821498813303 4.036003068471586 -3.129605295000658 0.5672312713532602 -10.856340698278903 0.13842605551163867 -2.8644923982601105
472 4248 3.541120992588479e-05 0 0.026848214988665214 4.036002948881934 -3.1296054140042275 0.5672303291205103 -10.856327798683704 0.13842606111970732 -2.864492258708005
473 4257 3.660819728406471e-05 0 0.0268482149883703 4.036003174232941 -3.129605168575666 0.5672326646921944 -10.856343894906333 0.1384259724191721 -2.8644925200845486
474 4266 3.6826470953938495e-05 0 0.02684821498723868 4.036002994060806 -3.129605284458412 0.5672328572639208 -10.856327275968018 0.1384259183493412 -2.8644922864225415
475 4275 3.725457211292229e-05 0 0.02684821498563028 4.036003036082722 -3.1296051554535245 0.5672355452653579 -10.856330054550156 0.13842581888824876 -2.8644921077077816
476 4284 4.441563540844435e-05 0 0.026848215001803132 4.0360029519472125 -3.129605159662754 0.5672370609619019 -10.856313397791917 0.1384257760637734 -2.8644914194462903
477 4293 4.716591153924134e-05 0 0.02684821498997736 4.036003082888363 -3.129605015099931 0.5672384941408036 -10.856325194626388 0.1384257550757067 -2.8644915217581737
478 4302 4.051784911063887e-05 0 0.026848214988105804 4.0360028501889955 -3.1296053348172554 0.5672343140080169 -10.856310273210964 0.13842589529069715 -2.864491451054447
479 4311 3.438037261192892e-05 0 0.02684821498722687 4.036002832571654 -3.1296053101304815 0.5672353062814822 -10.856310271641266 0.13842586676213442 -2.8644914480338977
480 4320 3.3766538096096565e-05 0 0.026848214988555295 4.036002920433014 -3.129605100630505 0.5672391760187249 -10.856323078036242 0.13842573195708407 -2.864491584798887
481 4329 3.038244054643125e-05 0 0.026848214989701635 4.036002857099328 -3.129605259131538 0.567236213163275 -10.856316709244036 0.13842584324407134 -2.8644915161777402
482 4338 2.7106861092216358e-05 0 0.02684821498521331 4.036002904157141 -3.129605282025482 0.5672346961774694 -10.856319959870936 0.13842587865221748 -2.8644918112964954
483 4347 2.477982401101428e-05 0 0.026848214998264997 4.036003120475927 -3.1296049767525247 0.5672387700792139 -10.856337294180072 0.13842575934395507 -2.8644919675887723
484 4356 2.3281902861237036e-05 0 0.026848214998170587 4.0360031300075905 -3.129605045752465 0.5672367455955074 -10.856336505348873 0.13842581424582873 -2.864492060638413
485 4365 2.1917867217780362e-05 0 0.02684821498685537 4.036003030992037 -3.129605053540097 0.5672384063646853 -10.856328999099238 0.13842575120824555 -2.8644917746958987
486 4374 1.8340040576880608e-05 0 0.026848214986525325 4.03600302539528 -3.129605154167536 0.5672358617122478 -10.85633182868309 0.13842585623685036 -2.864491963208168
487 4383 1.771053008802713e-05 0 0.02684821498694099 4.036003064313831 -3.1296051252041974 0.5672358963144061 -10.856333926831905 0.13842583950232354 -2.8644920622882273
488 4392 1.4758086182317478e-05 0 0.02684821499100069 4.036003099408398 -3.1296050970912868 0.5672360040803914 -10.85633388230685 0.13842582959557356 -2.8644919899097627
489 4401 1.3651188084362094e-05 0 0.02684821498633045 4.036003091469463 -3.1296051174089983 0.567235600649197 -10.856336684048713 0.1384258659615616 -2.8644921012712734
490 4410 1.3223996902551586e-05 0 0.0268482149901176 4.036003091665008 -3.1296050792199988 0.567236640344087 -10.85633211016087 0.13842581225022174 -2.864491892374379
491 4419 1.3945946206728322e-05 0 0.026848214988448076 4.036003093695709 -3.1296050531432833 0.5672372924108225 -10.856334949811455 0.13842581105937818 -2.8644918848128107
492 4428 1.3784484059868839e-05 0 0.02684821498685237 4.036003062530136 -3.1296051133719867 0.5672362804236246 -10.856333710566808 0.1384258425096049 -2.864491916577362
493 4437 1.321521432305449e-05 0 0.026848214989796212 4.036003042238798 -3.129605122214465 0.5672364160353124 -10.856330028026608 0.1384258228320223 -2.864491829075597
494 4446 1.3081719778924293e-05 0 0.02684821498533503 4.036003046125828 -3.12960510968354 0.56723667161078 -10.85632885737386 0.13842580855474987 -2.8644917568932198
495 4455 1.485187501521968e-05 0 0.026848214984853933 4.036003043865288 -3.1296050673797744 0.5672378174294926 -10.85633399781571 0.13842580892626752 -2.8644918489113342
496 4464 1.5898257386146202e-05 0 0.02684821498964027 4.03600314734114 -3.129604996265431 0.5672378125671099 -10.856340198523386 0.1384258145491879 -2.864491949143031
497 4473 1.7272958234079307e-05 0 0.026848214985065896 4.036003180488418 -3.129604948817449 0.5672384365005936 -10.856343836498313 0.13842579354227963 -2.8644920265209413
498 4482 1.826197437511356e-05 0 0.026848214984022206 4.036003228577925 -3.1296049536591584 0.5672374300149341 -10.85634856779456 0.1384258298150199 -2.864492242042367
499 4491 1.8656561063115207e-05 0 0.02684821498434212 4.036003201268968 -3.129604951016239 0.5672379713920976 -10.856349051900748 0.1384258190979877 -2.864492243758069
500 4500 2.087864396982829e-05 0 0.02684821498630641 4.036003189895207 -3.129605017480833 0.5672364261921431 -10.85634656730982 0.13842586811844343 -2.8644922504030412
501 4509 2.1259359806490982e-05 0 0.02684821498368144 4.036003260741906 -3.129604987050014 0.567235889008854 -10.856358775978071 0.13842591838949808 -2.8644926575459597
502 4518 2.1364438802926595e-05 0 0.026848214988238802 4.036003046278851 -3.129605090954448 0.5672371136071798 -10.856334765578625 0.13842583687330973 -2.864491958756035
503 4527 2.240385734695858e-05 0 0.026848214984293954 4.036003158253254 -3.1296050510972644 0.5672360872155353 -10.856341248001522 0.13842586098490264 -2.8644922396103496
504 4536 2.0957240382026966e-05 0 0.02684821499296032 4.03600310822768 -3.1296050358113683 0.5672374127297029 -10.856336205190175 0.13842577712917808 -2.8644920440102966
505 4545 2.2747412776772643e-05 0 0.026848214984366604 4.036003157677682 -3.12960497771735 0.5672380531243373 -10.856342191407442 0.13842577125952985 -2.864492092629328
506 4554 2.332658205100128e-05 0 0.02684821498864902 4.036003255729689 -3.1296049038297578 0.5672382685177755 -10.856349796483046 0.13842579417959164 -2.8644921502176826
507 4563 2.429471053549686e-05 0 0.026848214992473585 4.036003321549537 -3.12960484996349 0.5672383893922954 -10.856357982458734 0.13842578575564615 -2.86449248858194
508 4572 2.4934454033598593e-05 0 0.0268482149856324 4.036003197818331 -3.129604995288019 0.5672368435142501 -10.856342537099865 0.1384257823126964 -2.864492246525928
509 4581 2.474921466208091e-05 0 0.02684821498753068 4.036003199119485 -3.1296050274118166 0.5672359547614031 -10.856344516506924 0.13842581224708755 -2.864492392669385
510 4590 2.4028574988365295e-05 0 0.026848214988696065 4.036003252453297 -3.1296049955960945 0.5672358237479391 -10.856346464478424 0.13842583209011172 -2.8644923778552904
511 4599 2.026142456746858e-05 0 0.026848214985430986 4.036003205578241 -3.129605039320574 0.5672355590889391 -10.856345715605187 0.13842586389453954 -2.86449238151674
512 4608 1.8708518836626478e-05 0 0.026848214989137174 4.036003195261082 -3.1296049784038127 0.5672373503694109 -10.856343532574797 0.13842578147101833 -2.8644922288611943
513 4617 1.6147879341999755e-05 0 0.026848214985978947 4.036003134426592 -3.129605012757133 0.5672375777655053 -10.85633812985121 0.1384257826198695 -2.8644920352705308
514 4626 1.5331979757905556e-05 0 0.026848214986553622 4.036003230944994 -3.1296049631734943 0.5672371450396994 -10.856347179114099 0.13842582607532858 -2.8644921938796166
515 4635 1.6361509414240775e-05 0 0.02684821498765712 4.036003173933345 -3.12960498449071 0.5672376303078035 -10.856340037171767 0.13842577170215578 -2.864492009476284
516 4644 1.848698928988069e-05 0 0.026848214987077117 4.036003253397166 -3.1296048961895586 0.5672385436428604 -10.856351875472425 0.13842579959483237 -2.8644921496197426
517 4653 1.8210209500577863e-05 0 0.026848214984066067 4.036003217919028 -3.1296049207728047 0.567238526732445 -10.856346606053975 0.13842577215975788 -2.864492044101696
518 4662 1.8405188846921537e-05 0 0.026848214992660692 4.036003320281123 -3.129604889383298 0.5672374474383736 -10.856355895792298 0.13842581225355696 -2.8644923993285705
519 4671 1.8064003476199687e-05 0 0.026848214989577606 4.036003299028484 -3.1296048412538364 0.5672391343838618 -10.856354015344284 0.13842575813051441 -2.8644921753487838
520 4680 1.7221300634286637e-05 0 0.026848214991076664 4.036003307229242 -3.1296048634857256 0.5672383894524242 -10.85635484010979 0.1384257811469546 -2.8644922714845835
521 4689 1.5001871348594829e-05 0 0.02684821498419328 4.036003261466128 -3.129604948657094 0.5672369397640822 -10.856351573857808 0.1384258201734199 -2.864492364985272
522 4698 1.3892642849407309e-05 0 0.02684821498462073 4.036003304753434 -3.1296048539464265 0.5672386752192767 -10.856356199867179 0.13842577811871945 -2.864492293982201
523 4707 1.2506469905809849e-05 0 0.026848214984388472 4.0360032994783275 -3.1296048652083464 0.5672384627885073 -10.856354670075126 0.13842577430861217 -2.8644922909006656
524 4716 1.3341491792438074e-05 0 0.026848214986918025 4.036003284024884 -3.129604898425396 0.5672378998265327 -10.856352860508792 0.13842579421187826 -2.864492238128139
525 4725 1.3873044297150152e-05 0 0.026848214984643334 4.036003304086806 -3.129604892454222 0.5672376765501767 -10.856354385911901 0.13842579973615865 -2.8644923048624173
526 4734 1.2969835095757788e-05 0 0.0268482149837366 4.036003256051379 -3.129604894600462 0.5672385388052722 -10.856349782849195 0.1384257749335496 -2.8644920690247755
527 4743 1.2842230758992664e-05 0 0.026848214988486094 4.036003244360892 -3.129604931890545 0.5672377651636482 -10.856347559649517 0.13842579486615963 -2.8644920703896584
528 4752 1.3197322224351023e-05 0 0.026848214986966778 4.036003294283468 -3.129604859274176 0.5672387733468598 -10.856352387228814 0.13842576867756248 -2.864492115492221
529 4761 1.352783331312559e-05 0 0.026848214992868425 4.036003298279732 -3.129604933906141 0.5672366587837487 -10.856352607448402 0.1384258249019274 -2.864492376046482
530 4770 1.3059702847134945e-05 0 0.026848214987954828 4.036003274665304 -3.129604914694867 0.5672376330869044 -10.85635065271876 0.13842579177403427 -2.8644922172374714
531 4779 1.251721330338817e-05 0 0.02684821499015932 4.036003268003872 -3.1296049463587483 0.5672369000972326 -10.85635051583494 0.138425818638666 -2.864492283322318
532 4788 1.3263135114027425e-05 0 0.02684821498565869 4.0360032887281205 -3.129604931374372 0.5672369115260111 -10.856350914180128 0.13842581139510363 -2.8644923107015505
533 4797 1.5801944743265833e-05 0 0.026848214991255483 4.036003229255708 -3.129604999688553 0.5672362148492224 -10.856346686558942 0.13842584493116186 -2.864492243956211
534 4806 1.5277650280691236e-05 0 0.026848214986334436 4.0360032346053485 -3.129604979027404 0.5672366239838845 -10.85634675861375 0.1384258172979419 -2.8644922706021347
535 4815 1.4531099955612748e-05 0 0.026848214986042816 4.03600320814061 -3.129605055159668 0.5672350928616468 -10.856342134594849 0.13842585356008003 -2.8644922774275106
536 4824 1.5025100728259497e-05 0 0.02684821498416489 4.036003163055617 -3.129605064530044 0.5672356569050189 -10.85633922954563 0.13842583270614525 -2.864492220352627
537 4833 1.4470377671618589e-05 0 0.026848214985313007 4.036003175497789 -3.1296050827906767 0.5672349498832426 -10.856339659385181 0.13842585755325823 -2.864492265658708
538 4842 1.4440606277218385e-05 0 0.02684821498518714 4.036003186492261 -3.1296050322153177 0.5672360850765185 -10.85634131623346 0.1384258127563381 -2.8644922401778423
539 4851 1.3545233243285636e-05 0 0.02684821498627655 4.036003166922825 -3.1296050333102405 0.5672364251866889 -10.856338478799154 0.13842579809002248 -2.8644921384869027
540 4860 1.4213377300113733e-05 0 0.02684821498571898 4.036003241636117 -3.129605028843747 0.5672351781461945 -10.856344073419137 0.13842584423477158 -2.864492338093734
541 4869 1.2859502204608674e-05 0 0.02684821499622874 4.036003192146403 -3.129605031436466 0.5672359809790781 -10.856342225396917 0.13842581821735653 -2.864492303099125
542 4878 1.3814824293402681e-05 0 0.02684821498621779 4.036003228332963 -3.1296050406571103 0.5672350576168395 -10.856345019627934 0.13842583751722654 -2.864492473652785
543 4887 1.46463929312839e-05 0 0.026848214984549167 4.036003260035727 -3.1296050191252966 0.5672350197474264 -10.856348688339466 0.13842584214443834 -2.8644926093546834
544 4896 1.4052154073222097e-05 0 0.02684821499274045 4.0360032507455585 -3.1296050298546323 0.5672349291238025 -10.856348225653676 0.13842585035360902 -2.864492546793178
545 4905 1.430377409005434e-05 0 0.026848214984358548 4.0360033024177255 -3.129604933875826 0.5672365736988957 -10.856353399777994 0.13842581694504752 -2.86449245348553
546 4914 1.428702415635894e-05 0 0.02684821498596738 4.036003292013014 -3.1296049759305684 0.5672356188656694 -10.856350297413805 0.13842582641680268 -2.8644925150597706
547 4923 1.757386330172726e-05 0 0.026848214992958988 4.03600336644076 -3.12960490861495 0.5672359786670464 -10.8563593596936 0.13842582002208648 -2.8644928093383464
548 4932 1.783162198551573e-05 0 0.02684821498341256 4.036003339725586 -3.1296049340223675 0.5672358055028109 -10.85635683843452 0.13842582930516298 -2.864492733084416
549 4941 2.207979629995067e-05 0 0.026848214984635355 4.036003359170616 -3.129604954201593 0.56723486444083 -10.85635815279094 0.13842585572423474 -2.864492902190514
550 4950 2.42994746125743e-05 0 0.026848214993222513 4.036003325108094 -3.1296050199009446 0.5672337308461224 -10.856354496211203 0.1384258819688164 -2.8644929388813205
551 4959 2.3015983559836504e-05 0 0.026848214983781895 4.036003364054725 -3.1296049386586073 0.5672352218099805 -10.856358546095763 0.13842584949685183 -2.864492852202054
552 4968 2.356888540455395e-05 0 0.026848214995152567 4.0360032852027 -3.129605070680238 0.5672331962875987 -10.856348924744864 0.13842590722040965 -2.864492714091788
553 4977 2.2270851595359387e-05 0 0.02684821498490324 4.0360032817840805 -3.129605019250063 0.567234636651173 -10.856349462372515 0.13842587150764685 -2.8644925975333226
554 4986 2.3021225385128365e-05 0 0.026848214986100946 4.036003239122087 -3.1296049991001698 0.5672360173223167 -10.856346617496449 0.13842583992818716 -2.8644923009590855
555 4995 2.2732571517948064e-05 0 0.026848214984489926 4.036003300828385 -3.129604982387729 0.5672352793968573 -10.856350582570713 0.13842585242787073 -2.8644925478674184
556 5004 2.0894014782930007e-05 0 0.02684821498486246 4.036003289084465 -3.1296049954301317 0.5672351389135589 -10.856349774964785 0.13842585191590512 -2.8644925747155185
557 5013 1.858699517833347e-05 0 0.026848214992129374 4.0360032996477795 -3.1296049855604937 0.5672352033477152 -10.856350612937144 0.13842584234602043 -2.86449258941927
558 5022 1.770704559407668e-05 0 0.026848214993470603 4.036003276171162 -3.129604953041446 0.5672365322519167 -10.85634896539973 0.13842581577365237 -2.8644923580840853
559 5031 1.7046125387854233e-05 0 0.026848214987991656 4.036003269866975 -3.129604957207556 0.5672365242515189 -10.856348679598776 0.13842581110848054 -2.8644923900101738
560 5040 1.6606178030494037e-05 0 0.02684821498621393 4.036003258845154 -3.1296049792541174 0.5672361315585082 -10.856345840951615 0.1384258133484675 -2.8644923716270236
561 5049 1.455593960928105e-05 0 0.026848214986868086 4.036003260473115 -3.129604992086735 0.5672357703677714 -10.856347091206338 0.1384258333461517 -2.8644924047860316
562 5058 1.457147471323098e-05 0 0.026848214986053644 4.0360033003904325 -3.1296049601356803 0.5672358839370455 -10.856349935735986 0.13842583109108303 -2.8644924513635623
563 5067 1.7109462843820658e-05 0 0.026848214986742287 4.036003276434758 -3.1296049503042878 0.5672366060577565 -10.856348662960361 0.13842582348260069 -2.864492314778508
564 5076 1.9690944399012527e-05 0 0.026848214988866522 4.036003253640485 -3.1296049192029463 0.5672378802736533 -10.856347397295353 0.13842579284932968 -2.8644921245910413
565 5085 1.742473645228767e-05 0 0.026848214983761453 4.036003278117856 -3.129604955884457 0.5672364243181479 -10.856347837037573 0.13842581422630787 -2.8644923353828413
