% # columns="iteration, evaluation, sigma, axis ratio, bestever, best, median, worst objective function value, further objective values of best", seed=382524, Thu Nov 30 11:10:26 2023, <python>{}</python>
1 9 1.8685776925170372 1.0000416675347343 0.06345257161399762 6.3452571613997616e-02 118.38803604825716 12023.925426018946   
2 18 1.8121482434357923 1.2000846330026984 0.060823947478639326 6.0823947478639326e-02 9.507434481042765 28312.92032651594   
3 27 1.913562204791952 1.4446707636077425 0.060823947478639326 1.5664623729623961e-01 9.623504805053463 1266.826862655668   
4 36 1.9909205713890696 1.835219341851012 0.060823947478639326 1.3184435314472959e-01 0.29173181095353823 44.23521203180869   
5 45 1.843236179601084 1.9982088078674112 0.03606149003707813 3.6061490037078127e-02 0.3133166869065551 29.34663157894688   
6 54 1.8059081368892083 2.1504689320732524 0.03606149003707813 4.9485742519251773e-02 0.2728710497063219 58.76376901113785   
7 63 1.6904394241832155 2.332194170136172 0.029621977505533453 2.9621977505533453e-02 0.6250535190252895 90.56622870956757   
8 72 1.7134961645412803 2.4192952427371126 0.029621977505533453 6.4315487878543784e-02 0.27622559192934504 4.950864698486262   
9 81 1.5958811801083084 2.4725733236762983 0.029621977505533453 1.3988118776961253e-01 0.2536342580220229 459.79966171734407   
10 90 1.5633097945882515 2.5831604272416886 0.029621977505533453 5.9426688297138278e-02 0.21252889285807897 5.300037286200726   
11 99 1.6571020082069612 2.6792062021918137 0.029621977505533453 3.2381737586654344e-02 0.18183881651426353 6.748036151400659   
12 108 1.7114066938420531 3.0143355507198173 0.008306971415569502 8.3069714155695022e-03 0.2646083594473381 2.6844333663331432   
13 117 1.761577867126388 3.131027711364768 0.008306971415569502 1.0205963818861480e-01 0.21613150262246428 1.047274033660542   
14 126 1.6940184071716917 3.395622497194082 0.008306971415569502 3.3347493451162592e-02 0.13446848951032148 5.357853982655225   
15 135 1.692918203506639 3.715938993935845 0.008306971415569502 5.4463783610096378e-02 0.1069341393674359 3.1445956074887285   
16 144 1.4948652650599046 3.815978284773256 0.008306971415569502 4.9061505791639023e-02 0.10039242300404667 0.30819106824967596   
17 153 1.3766043361001354 3.5758333637977002 0.008306971415569502 4.3544569539990405e-02 0.1175022823986526 0.7720339895204698   
18 162 1.1479169478429412 3.5167201234435237 0.008306971415569502 3.2636629955488008e-02 0.10057669957348198 10.572753185557172   
19 171 1.168575224247579 3.413933226161927 0.008306971415569502 2.7853732298294763e-02 0.11529517369220954 0.5576470438647408   
20 180 1.26102653316565 3.6979530940041774 0.008306971415569502 1.9571844421467508e-02 0.05187971339558329 0.2678795964277742   
21 189 1.213601741829996 4.082711769116122 0.008306971415569502 1.5435740361176552e-02 0.06426601140160501 0.40606811320062847   
22 198 1.0044010856028833 3.9772198623182007 0.008306971415569502 1.2158926483844312e-02 0.07195241202863208 0.5764202473379826   
23 207 0.9445659889638607 4.00315944359068 0.008306971415569502 9.9379568645455042e-03 0.05490749070144379 0.34029033519732876   
24 216 0.8367743703247728 4.320537574429815 0.00748673186358616 7.4867318635861600e-03 0.04527446788882578 0.4448469177288654   
25 225 0.7213260143551923 4.531001958180467 0.005413981301291988 5.4139813012919879e-03 0.03136413010052859 0.09321905423836238   
26 234 0.6535092882888948 4.545020654674991 0.0022783634258208784 2.2783634258208784e-03 0.010465040027718902 0.027402964729746584   
27 243 0.6661525433690216 4.165608038782713 0.0022783634258208784 8.9398428751157107e-03 0.013912936346596188 0.03556022030269878   
28 252 0.5863391989697083 4.238910993790056 0.0022783634258208784 7.7178523807205348e-03 0.03732713436397315 0.06680763350646272   
29 261 0.5229348135194994 4.889627239178634 0.0022783634258208784 2.7395385571315077e-03 0.017664830920838096 0.05125990405302781   
30 270 0.4980626370397831 4.458229911296251 0.0019816084066112565 1.9816084066112565e-03 0.005948714693513232 0.030806056912062653   
31 279 0.5310259774609475 4.7605686379548935 0.0019816084066112565 3.8597785531349826e-03 0.006643663040025973 0.042918140624931156   
32 288 0.4707977095560909 5.595623195335376 0.0015290956679218305 1.5290956679218305e-03 0.009285331287162699 0.025537998493519135   
33 297 0.3914575515441155 5.733774983586175 0.0015290956679218305 1.5785588637846689e-03 0.0030927110148615236 0.057667320963247407   
34 306 0.37047505369453376 6.404764874027831 0.0015273541854230774 1.5273541854230774e-03 0.002933450280796907 0.007143526037011462   
35 315 0.3421108517024093 6.488943262026159 0.0009294927935643781 9.2949279356437813e-04 0.005438039734968467 0.01847605336767707   
36 324 0.33073051234545875 7.146925728647974 0.0009294927935643781 9.6526338224520397e-04 0.002727042360859391 0.012508549851466034   
37 333 0.33563976770532344 7.980198223176329 0.0009294927935643781 1.2866874733343779e-03 0.0030542446863772816 0.005428560349324064   
38 342 0.30582174035887955 8.866183989959373 0.0007721190173500199 7.7211901735001990e-04 0.0015584803546209451 0.007415185182265249   
39 351 0.28054181258964933 8.754798009170534 0.0006979561331725844 6.9795613317258441e-04 0.0015946727558221914 0.005181026838225551   
40 360 0.238102337250878 9.071690400898504 0.0006979561331725844 7.1122315110566973e-04 0.001091258106688701 0.004069265463158759   
41 369 0.2066857999712169 8.919044542320366 0.0006979561331725844 7.6060730576482433e-04 0.0011986564451482704 0.0021422225618811146   
42 378 0.19022470237572495 8.880385523213434 0.0006979561331725844 7.8911646216968737e-04 0.001190871278674096 0.001974470615680116   
43 387 0.17261155847388449 9.612651182955304 0.0006979561331725844 7.0983370409607777e-04 0.0009389298600038406 0.001406800591255181   
44 396 0.1565613975436119 10.260660194434998 0.0006979561331725844 7.0041028481485936e-04 0.0009580716460414449 0.0015713371871228115   
45 405 0.13499236487074706 10.677673651810988 0.0006979561331725844 7.3589493981296797e-04 0.000812719608981882 0.0009498668541918275   
46 414 0.1398081204670164 10.86054983135083 0.0006979561331725844 7.3828855665410077e-04 0.0008480704341384315 0.0010332910656658024   
47 423 0.1497238240230505 11.524480357773532 0.0006979561331725844 7.3525603595226135e-04 0.0009473274859725898 0.0011042773695757986   
48 432 0.1288317863302697 11.71518232007698 0.0006847623244146643 6.8476232441466430e-04 0.0009477234535839262 0.0015338192035953154   
49 441 0.12506664241936769 13.250380721348796 0.0006777352392791281 6.7773523927912814e-04 0.0007286921233485617 0.0009025830971256937   
50 450 0.12250281088728222 14.077797477652881 0.0006777352392791281 6.8271357166777382e-04 0.0007332278910407812 0.0008761936634197466   
51 459 0.11450953527565158 14.704351163479348 0.0006777352392791281 7.0497008240223106e-04 0.0007797590385309587 0.001134206988951549   
52 468 0.10030593859235255 14.585189650505187 0.0006739581656931488 6.7395816569314876e-04 0.0007429471872546789 0.0008652933816092755   
53 477 0.10871040473463607 14.867683578676663 0.0006739581656931488 6.8678681580271390e-04 0.0007187529155845097 0.0007868751703411106   
54 486 0.1075285077881022 15.429101136627112 0.0006739581656931488 6.8631768710470829e-04 0.0007249557874210953 0.0008050676972925775   
55 495 0.09363241859081195 15.79787915745906 0.0006739581656931488 7.0369666788950766e-04 0.0007379090719315175 0.0008079818987648301   
56 504 0.08462871670794284 17.291846977311906 0.0006739581656931488 6.9125058196567565e-04 0.0007262898368077184 0.0008154864317559661   
57 513 0.07301309007804027 17.964656692933456 0.0006739581656931488 6.8272051422949183e-04 0.0007289789232736805 0.0007759971271376146   
58 522 0.0741631036862605 18.56294163095789 0.0006684264456136357 6.6842644561363569e-04 0.000698972021575531 0.0007254452081794547   
59 531 0.06986690189072765 20.28935731853612 0.0006684264456136357 6.7034482181070772e-04 0.0006802231542751997 0.0007376510211280218   
60 540 0.06691007436124297 20.661297519517266 0.0006684264456136357 6.7132453442974422e-04 0.0006806459305615006 0.0007240626755421689   
61 549 0.07346762690454735 22.28264225695715 0.0006682349072049087 6.6823490720490872e-04 0.0006775941587920251 0.0007056637791755573   
62 558 0.07154883938251713 21.73050829038613 0.0006682349072049087 6.7409938072705497e-04 0.0006919499556752843 0.0007382833462781877   
63 567 0.06493459038277222 24.77334385968225 0.0006682349072049087 6.7595108923012160e-04 0.0006894580251339065 0.000725256911769152   
64 576 0.059468151061437186 25.778596030067803 0.000666871020698904 6.6687102069890405e-04 0.0006751705307779108 0.0007109744565399262   
65 585 0.05787921918272591 26.295626764096877 0.000666871020698904 6.6962361138159265e-04 0.000676174128558487 0.0006834337361938739   
66 594 0.055749479392943245 25.368237790411236 0.000666871020698904 6.7223839175792419e-04 0.0006755113245980767 0.0006842783745299015   
67 603 0.04812516044657033 25.061922656941285 0.000666871020698904 6.6731392213939024e-04 0.0006731286459222243 0.0006761179766648106   
68 612 0.04629169041623419 26.584643704577438 0.000666871020698904 6.6851324596926213e-04 0.000671582478670138 0.000677600405004904   
69 621 0.03955584192259753 29.530015588071254 0.000666871020698904 6.6691380544779851e-04 0.0006698343590520633 0.0006810604947681469   
70 630 0.040698828721047936 31.01594958737268 0.000666871020698904 6.6690869154252162e-04 0.0006679788108989236 0.0006698476032371884   
71 639 0.04527602737879636 36.21779904991096 0.0006655869868326468 6.6558698683264676e-04 0.0006679580148403479 0.0006695593908017045   
72 648 0.04881931524001277 42.58684339014368 0.0006655869868326468 6.6591253843018591e-04 0.0006683704002526658 0.0006806266558092169   
73 657 0.05488990567888133 41.66602023462491 0.0006642089297049606 6.6420892970496059e-04 0.0006666917189839345 0.0006740147279501189   
74 666 0.05851267332289915 42.5045348533124 0.0006627845903758098 6.6278459037580979e-04 0.0006690803449002208 0.0006769975498226852   
75 675 0.06381737551113892 44.91162296104259 0.0006627845903758098 6.6409384814630616e-04 0.000668585947447793 0.0006782853104840181   
76 684 0.05927146607660086 48.756705040985615 0.0006626435928948286 6.6264359289482859e-04 0.0006706288799390703 0.0006784767892045134   
77 693 0.05853499064217395 49.94323605905207 0.0006623466761262971 6.6234667612629706e-04 0.0006689263019086004 0.0006770614337022225   
78 702 0.05857581108661513 47.594721234904014 0.0006623466761262971 6.6520535217063758e-04 0.0006701515062970672 0.000723500675159972   
79 711 0.06403589076927091 51.35865985281502 0.0006623466761262971 6.6300826067795901e-04 0.000665473156151327 0.000668920255125402   
80 720 0.06809790707575299 50.149503723867355 0.0006623466761262971 6.6355317917666027e-04 0.0006719038860805407 0.000695552342444407   
81 729 0.0669194608381075 51.89436323073677 0.0006623466761262971 6.6536186944093033e-04 0.0006695725390303591 0.0007038943961015773   
82 738 0.05756951712184123 50.8182511483747 0.0006623466761262971 6.6498121450204854e-04 0.0006711960677609238 0.0007062375924929077   
83 747 0.050469055234395356 50.78373317322804 0.0006623466761262971 6.6435707409721921e-04 0.0006655420812979515 0.0006836653703179562   
84 756 0.048660729418133084 48.9950776838524 0.0006623466761262971 6.6413034785510201e-04 0.0006677609659926181 0.0006713630619664653   
85 765 0.04720951279100502 47.436818819572004 0.0006623466761262971 6.6338252510375422e-04 0.0006649488100151869 0.0006720632699519133   
86 774 0.04251723382182993 47.77012696521079 0.0006623466761262971 6.6293352515598195e-04 0.0006664123855990259 0.0006722955319685915   
87 783 0.040738096906360405 49.632036930839455 0.0006622012022670016 6.6220120226700161e-04 0.0006628899406125081 0.0006669047023126948   
88 792 0.041900476657064034 54.004515974044494 0.0006621544413937849 6.6215444139378489e-04 0.0006627186648082955 0.0006679025478789588   
89 801 0.039516774220263944 50.73659968259428 0.0006619925621691052 6.6199256216910524e-04 0.000663573369895329 0.00066635954492268   
90 810 0.03679512318047862 56.09255285972152 0.0006617517579658661 6.6175175796586610e-04 0.0006629007638977876 0.0006633566570718363   
91 819 0.03425518299975852 50.74282513141304 0.0006615307528958598 6.6153075289585982e-04 0.0006627540917761624 0.0006641815772707841   
92 828 0.03264546359754717 49.39592023142609 0.0006615307528958598 6.6173382035989760e-04 0.0006620829951115554 0.000663273741017052   
93 837 0.03391832202742673 52.37016837451862 0.0006607445083933856 6.6074450839338555e-04 0.0006616305193017575 0.0006648253752024244   
94 846 0.035636248647902366 59.37165815264963 0.0006607445083933856 6.6076580436302129e-04 0.0006614534270375832 0.0006632163725828303   
95 855 0.036129354705899626 62.555055563643116 0.0006603149635170451 6.6031496351704507e-04 0.0006614162791599894 0.0006620334969688695   
96 864 0.033312851525979105 67.91601912462771 0.0006603149635170451 6.6067336841534497e-04 0.0006610954700900064 0.0006631998133491318   
97 873 0.03264081778252454 69.59766423551915 0.0006603149635170451 6.6087978967672783e-04 0.0006614787213856461 0.0006623598704160652   
98 882 0.0323122236881272 71.09506637520032 0.0006603149635170451 6.6035757890062869e-04 0.0006611165375893963 0.0006626124808005773   
99 891 0.031192360736177444 71.480383764028 0.0006602232570889632 6.6022325708896322e-04 0.0006608058944218444 0.0006612861857737701   
100 900 0.03181234990323892 70.05920308118358 0.0006602232570889632 6.6031932079667832e-04 0.0006609557205527062 0.0006613292403613682   
101 909 0.029827232524787306 69.66657138269275 0.0006600642601390266 6.6006426013902656e-04 0.0006611315836070238 0.0006619519927196469   
102 918 0.028300428833848357 64.0602337163507 0.0006600642601390266 6.6025992883120700e-04 0.0006605613262962882 0.0006610537326738155   
103 927 0.025660159828101915 68.69339097318556 0.0006600625852002565 6.6006258520025652e-04 0.0006605350385019578 0.0006609955254359783   
104 936 0.02426917812069122 69.43732621301955 0.0006600625852002565 6.6009058798293491e-04 0.0006604332225316258 0.0006605993883713432   
105 945 0.021131942537828276 65.76708972854956 0.0006600439836451868 6.6004398364518681e-04 0.0006606006501363929 0.0006615714858221978   
106 954 0.01898306540729527 62.796883803719204 0.0006599827055580377 6.5998270555803771e-04 0.0006603426238339717 0.0006604216854626836   
107 963 0.018040901686834126 58.56877650317585 0.0006599030513692358 6.5990305136923578e-04 0.0006601052158510059 0.0006603360909667406   
108 972 0.01694002092769544 58.760918395677955 0.0006599030513692358 6.5998441159490233e-04 0.0006600738894586556 0.0006606878210016052   
109 981 0.014255610758129264 58.831957914202526 0.0006599030513692358 6.5997011493101638e-04 0.0006600684156807266 0.0006602232618121619   
110 990 0.01281604453453473 53.48135939447098 0.0006599030513692358 6.5992380213798166e-04 0.0006600174294283676 0.000660135420618528   
111 999 0.012725931630349118 52.49856078263504 0.0006598658563704931 6.5986585637049311e-04 0.0006599373213126738 0.000660066307060279   
112 1008 0.012395179402299924 48.450334190846526 0.0006598658563704931 6.5987670400697771e-04 0.0006599197384564257 0.0006600128278220414   
113 1017 0.013271957843240655 47.72757073442266 0.0006598155074092107 6.5981550740921069e-04 0.0006598792235413456 0.0006601454963440127   
114 1026 0.013584536066410054 46.398380642503845 0.0006597585437845912 6.5975854378459123e-04 0.0006599300572300074 0.000660015316369262   
115 1035 0.015872304941319325 47.64468548482946 0.0006597585437845912 6.5980646754855736e-04 0.0006598607587454307 0.0006600369529296724   
116 1044 0.016496623225842843 48.19235377944132 0.0006597585437845912 6.5978953076630334e-04 0.0006599082643054174 0.0006600440112066504   
117 1053 0.017116157293470078 53.11688836426262 0.0006597119894496231 6.5971198944962315e-04 0.0006598368705536733 0.0006599722399172806   
118 1062 0.01573426437120652 58.57164438958077 0.0006597119894496231 6.5973394691199176e-04 0.0006598241870367328 0.0006601824602741832   
119 1071 0.017905526956287842 60.70254580011781 0.0006596862982982664 6.5968629829826644e-04 0.0006598012735788151 0.0006599265000177712   
120 1080 0.019644096724309428 77.39835056422376 0.0006596862982982664 6.5972233159912019e-04 0.0006597989600940976 0.0006599556023786163   
121 1089 0.020751615814873548 81.4973469747874 0.0006596701306175841 6.5967013061758414e-04 0.0006597554847068774 0.0006598774210769811   
122 1098 0.023815548857508403 83.58672594138832 0.0006596273814001569 6.5962738140015688e-04 0.0006597654016546505 0.0006598448800537464   
123 1107 0.025386847944138823 89.66172562219683 0.0006596273814001569 6.5968732826913947e-04 0.0006597757175570453 0.000659819400320507   
124 1116 0.02793797826040009 96.75960644921743 0.0006596273814001569 6.5963887088095821e-04 0.0006597574748316101 0.0006598767573453821   
125 1125 0.025980059904000565 111.68196654162587 0.0006596273814001569 6.5966867709173259e-04 0.0006597677637688758 0.000660022383957222   
126 1134 0.02434939235272342 116.05221745366609 0.0006596273814001569 6.5964585225976671e-04 0.0006598228877665667 0.0006601346073513854   
127 1143 0.024818108559368335 114.49471145550845 0.0006596101272261207 6.5961012722612073e-04 0.0006596959902398799 0.0006598226380718986   
128 1152 0.023643445321544124 117.53198160545291 0.0006595826469701002 6.5958264697010024e-04 0.0006597123877225973 0.0006598338661850828   
129 1161 0.024072901395091204 124.92688012920291 0.0006595826469701002 6.5967657333815060e-04 0.0006597445810237868 0.0006600135078304583   
130 1170 0.02361778656239422 125.0869036112686 0.0006595583179837982 6.5955831798379823e-04 0.0006597496027970301 0.0006598889889046076   
131 1179 0.026357247205234215 133.44261420967396 0.0006594294535709628 6.5942945357096280e-04 0.0006596376031861015 0.0006598095838357763   
132 1188 0.030786909548432273 130.2181581220017 0.0006593269132972974 6.5932691329729739e-04 0.0006596306773057589 0.0006599876724245539   
133 1197 0.03915528618651731 141.59233635933143 0.0006592948679582244 6.5929486795822444e-04 0.0006594921530343308 0.0006599876820184039   
134 1206 0.04898207573245051 142.20008912127676 0.0006591474448047203 6.5914744480472030e-04 0.0006595034649173777 0.0006614291429384452   
135 1215 0.048990538941947714 140.29601918489647 0.0006591018866718224 6.5910188667182238e-04 0.0006595218557200446 0.0006600316133711814   
136 1224 0.04561875085636141 141.8045610969259 0.0006590663009753121 6.5906630097531209e-04 0.0006595497946544561 0.0006603349628185788   
137 1233 0.03943926224133687 128.17108153935024 0.0006590663009753121 6.5912935407332551e-04 0.0006595261707906912 0.0006598519441193131   
138 1242 0.03719022626978469 131.59357165328265 0.0006589854973342109 6.5898549733421088e-04 0.0006591700749495217 0.0006598929362922321   
139 1251 0.03524641825982277 120.98321237418888 0.0006589650752268801 6.5896507522688014e-04 0.0006591064007549939 0.0006596401996373563   
140 1260 0.033794950353321675 129.50466966072287 0.0006587868189636822 6.5878681896368221e-04 0.0006590092000274451 0.000659579324496072   
141 1269 0.03401965314423092 122.91805453485416 0.0006587868189636822 6.5881817591315539e-04 0.0006591660645769801 0.0006594754959598857   
142 1278 0.03798284230231196 127.3303543109315 0.0006585229590662816 6.5852295906628161e-04 0.000659061849924236 0.000659718222304734   
143 1287 0.049994129419426665 124.93402277436675 0.0006583638987064664 6.5836389870646637e-04 0.0006585598628072086 0.0006596692398117597   
144 1296 0.06289386223273238 124.0998437043086 0.0006582563463463228 6.5825634634632279e-04 0.0006587334684215666 0.0006597060077431742   
145 1305 0.06849240680420518 120.42698971140675 0.0006577755702537896 6.5777557025378959e-04 0.0006591485665571255 0.0006599173104979701   
146 1314 0.07871687556034127 122.75470163730492 0.0006577755702537896 6.5780309833173641e-04 0.00065848542491041 0.0006636349266011862   
147 1323 0.08111608873234347 140.1357199778092 0.0006575465800389311 6.5754658003893112e-04 0.0006587608717070873 0.0006604092685447258   
148 1332 0.0743762049461185 134.09583700846156 0.0006575337033749069 6.5753370337490690e-04 0.0006587436269922626 0.0006596887359780173   
149 1341 0.08134486795567336 139.70979785650724 0.0006574995709257528 6.5749957092575283e-04 0.0006585476555412229 0.0006601220830869839   
150 1350 0.0773544631692372 154.99535559199478 0.0006574995709257528 6.5752703966227735e-04 0.000657909372316021 0.0006781136206289963   
151 1359 0.07276117003290032 159.46667935378764 0.0006574153208896545 6.5741532088965454e-04 0.0006582441962281104 0.0006592925245015314   
152 1368 0.07063766730116866 168.6605962936799 0.0006573274036788053 6.5732740367880531e-04 0.0006577289451812007 0.0006592901707570094   
153 1377 0.08287864704320123 161.11525005578926 0.0006570653299766149 6.5706532997661491e-04 0.000657587848293632 0.0006594154897369029   
154 1386 0.07565401533292158 148.15331739961297 0.0006570653299766149 6.5727766466682923e-04 0.0006579862657669098 0.0006614590918005349   
155 1395 0.07051438159373781 141.13689719248066 0.0006570653299766149 6.5733149634716827e-04 0.0006577899243472571 0.0006587867331890591   
156 1404 0.0667609599705483 148.293473599312 0.0006567842979615411 6.5678429796154107e-04 0.000657660517418655 0.0006589562809718622   
157 1413 0.06858253772992456 153.50925871382174 0.0006567842979615411 6.5681559176337847e-04 0.0006574902806233322 0.0006622475935624323   
158 1422 0.06408638851514671 164.69538177414748 0.000656610736245426 6.5661073624542602e-04 0.000657216198145827 0.0006583754109024967   
159 1431 0.061605865300341206 166.77148729841159 0.0006565614024956409 6.5656140249564093e-04 0.0006572325962525816 0.0006587243221730525   
160 1440 0.06191169866230526 195.64943740801453 0.0006565614024956409 6.5668646823852247e-04 0.0006576039947234535 0.0006585539936634353   
161 1449 0.07045033752705887 194.62100825813621 0.0006562167462481225 6.5621674624812248e-04 0.0006568657548044676 0.0006580758990212146   
162 1458 0.07489023046370674 221.59960750533708 0.0006561263198628049 6.5612631986280490e-04 0.0006568819106431531 0.0006583142961209442   
163 1467 0.07728647808603055 228.91027941713205 0.0006561263198628049 6.5617239318877712e-04 0.0006566627133511236 0.000657855022849779   
164 1476 0.0750887862368539 235.79859384958513 0.0006559887879894165 6.5598878798941648e-04 0.0006563566140976827 0.0006585212950397239   
165 1485 0.07581892565746627 247.96420858901 0.0006555822003649493 6.5558220036494928e-04 0.0006561882089019584 0.0006577357413092481   
166 1494 0.07871534497846104 259.6446942226023 0.0006554722107856692 6.5547221078566923e-04 0.0006560356096633531 0.0006570600545413784   
167 1503 0.0858995705605846 255.8616158224796 0.0006551575434046758 6.5515754340467582e-04 0.000655863844283804 0.0006565448932401487   
168 1512 0.1102258400287041 268.4448102389587 0.0006546954809796704 6.5469548097967043e-04 0.0006555850374304446 0.0006571919320461705   
169 1521 0.13043831234245187 282.5533250504042 0.0006546954809796704 6.5474344355377959e-04 0.0006557107891184597 0.0006580158407595228   
170 1530 0.13597985884874997 298.3332505305055 0.0006544998121934359 6.5449981219343589e-04 0.000655513763325547 0.0006613469662706506   
171 1539 0.1444001581429579 279.94210125579355 0.0006540341089333392 6.5403410893333919e-04 0.0006559526603978989 0.0006585439104487007   
172 1548 0.1359387426092454 283.52933119071395 0.0006540341089333392 6.5447022039052136e-04 0.0006553812117270447 0.0006578243292033506   
173 1557 0.12274936986310687 269.85404636051396 0.0006540341089333392 6.5477782808082163e-04 0.0006564872562053583 0.0006619819622124426   
174 1566 0.11912078113845191 270.3721726886972 0.0006540341089333392 6.5452033549074642e-04 0.0006550577001113249 0.0006570597687193712   
175 1575 0.12394422609575363 260.8833832227477 0.0006540341089333392 6.5404487613946512e-04 0.0006548503906668367 0.0006579708154847772   
176 1584 0.12836647748168245 262.64384589726075 0.0006537205397944709 6.5372053979447094e-04 0.0006542192705382262 0.0006556521522398622   
177 1593 0.1309657452766668 271.07291285612934 0.000653619468457739 6.5361946845773899e-04 0.0006541619550634317 0.0006578239996409031   
178 1602 0.15764939923397356 252.43710774533994 0.0006529412886382673 6.5294128863826735e-04 0.0006540554550904059 0.0006557963587102184   
179 1611 0.15847204478532553 263.1544339493854 0.0006529412886382673 6.5299021662748179e-04 0.000653869968762397 0.0006604468717515995   
180 1620 0.17033385923396707 230.4174995769869 0.0006529412886382673 6.5344972116033193e-04 0.0006542145728222544 0.0006608936698184114   
181 1629 0.14711707383309613 216.85497966704014 0.0006529412886382673 6.5312931167410332e-04 0.0006543642913772094 0.0006649976604914765   
182 1638 0.13337513070299814 218.6781653051585 0.0006528441785977415 6.5284417859774149e-04 0.000653826495597543 0.0006567306371066675   
183 1647 0.13222279099655412 204.83365977869693 0.0006526209668980948 6.5262096689809482e-04 0.0006536555092317768 0.0006667800538904719   
184 1656 0.11943731816984175 184.7740971538372 0.0006526209668980948 6.5275387757502269e-04 0.0006554378429760231 0.0006580930325473242   
185 1665 0.12354641777376103 176.04857629680467 0.0006524171913499519 6.5241719134995191e-04 0.0006533566302932207 0.0006550596278882007   
186 1674 0.11948771800747737 170.87956052860588 0.0006523641327772247 6.5236413277722466e-04 0.0006531144962220911 0.0006552300744385084   
187 1683 0.1357719010577412 170.37208099477257 0.0006522897109377758 6.5228971093777579e-04 0.0006529773137048364 0.0006547523592049477   
188 1692 0.15823676706644252 157.19425215688366 0.0006520362412106203 6.5203624121062031e-04 0.0006526406200235118 0.0006585410942031855   
189 1701 0.18011865179858927 154.73401035199186 0.0006518030941870911 6.5180309418709113e-04 0.0006528131697062701 0.0006565299226782635   
190 1710 0.18981167521702644 169.48889914426528 0.000651601112639407 6.5160111263940705e-04 0.0006529027291761926 0.0006667279422711654   
191 1719 0.18437864875796636 176.71117834005162 0.000651601112639407 6.5184772839556337e-04 0.0006524839066813196 0.0006542792988692945   
192 1728 0.1723796404223537 166.05054007863959 0.0006515921363893587 6.5159213638935867e-04 0.0006526951131532362 0.0006582505002751934   
193 1737 0.18650127224421517 177.80417484323297 0.0006515921363893587 6.5185562657719682e-04 0.0006527055414767311 0.0006551166794315325   
194 1746 0.2065008323513355 168.9563018741495 0.0006513428080406575 6.5134280804065746e-04 0.0006524948127615375 0.0006545126834335699   
195 1755 0.19214550292397908 171.67511022345874 0.0006510736242581224 6.5107362425812236e-04 0.0006517034152042604 0.000653958369682449   
196 1764 0.19738294179479488 152.98387673021367 0.0006507675611712328 6.5076756117123276e-04 0.0006519190210565123 0.000658668310865999   
197 1773 0.18732979603832567 151.69628981063755 0.0006507675611712328 6.5097612883383395e-04 0.0006523183260913813 0.0006554927242312049   
198 1782 0.17141459387277688 142.202248965015 0.0006507675611712328 6.5084899812625600e-04 0.000651557485278748 0.0006716455349684147   
199 1791 0.19501432869789337 145.7175357127459 0.0006507675611712328 6.5109438713916302e-04 0.0006521680195565253 0.0006554508276390091   
200 1800 0.19846980212461662 125.4976292634454 0.0006506131667148333 6.5061316671483332e-04 0.0006516363412272713 0.0006532839568501581   
201 1809 0.21303449982140923 120.33943971900548 0.0006506131667148333 6.5067617994412502e-04 0.000651322056970094 0.0006561767033853816   
202 1818 0.22300142212118948 117.8894940584554 0.0006499064121537027 6.4990641215370267e-04 0.0006522313161354896 0.0006725917213558681   
203 1827 0.21027634903350312 121.91862631928501 0.0006499064121537027 6.5009776867315321e-04 0.0006509874563270261 0.0006526740783255582   
204 1836 0.21149355170647122 119.91120563193375 0.0006495394348398446 6.4953943483984455e-04 0.0006504204082952897 0.0006563929286716131   
205 1845 0.223619760722482 127.24850922500055 0.0006495394348398446 6.4981718675497120e-04 0.0006501383986189349 0.0006538049270529529   
206 1854 0.2050641541792751 130.17105846016506 0.0006495394348398446 6.4983266702903241e-04 0.0006518427547850891 0.0006529325541410008   
207 1863 0.2000921272490476 134.06928844847067 0.0006495236562497195 6.4952365624971955e-04 0.0006504562200617701 0.0006538148308109584   
208 1872 0.16320305566481638 143.21058239599344 0.0006495236562497195 6.4982651527951529e-04 0.0006504709374941285 0.0006534538236851199   
209 1881 0.16479493514902033 150.27251252662256 0.0006494173166565881 6.4941731665658811e-04 0.0006499317540818156 0.0006516104939021822   
210 1890 0.160076391679392 140.4391174566623 0.000649319236640494 6.4931923664049397e-04 0.0006497125719599256 0.0006506928640099687   
211 1899 0.1514760035811748 151.84098355843952 0.0006491828428630713 6.4918284286307132e-04 0.0006495872496510543 0.0006510962528564416   
212 1908 0.15267148802187744 153.4716546531837 0.0006491424788370341 6.4914247883703406e-04 0.0006495743452847161 0.0006506993522798223   
213 1917 0.14349321013071215 153.37023164376902 0.0006490081907967729 6.4900819079677288e-04 0.000649510970924633 0.0006497506743030398   
214 1926 0.15211889912033633 160.0511464254162 0.0006490081907967729 6.4901585052431435e-04 0.0006493766231163034 0.0006496805851511372   
215 1935 0.1545037671539004 150.80617858969705 0.0006489303864273151 6.4893038642731510e-04 0.0006493781609973519 0.0006497460131278416   
216 1944 0.14133094975934957 152.1474451773942 0.0006489303864273151 6.4903748105036153e-04 0.0006493305692321268 0.0006500117136582567   
217 1953 0.14537292923565454 157.2422259214248 0.0006489303864273151 6.4903616339522300e-04 0.0006492824527707936 0.000649821695191825   
218 1962 0.14105987425402938 155.31250218467468 0.0006488788147103738 6.4887881471037379e-04 0.0006491350145204403 0.0006524557218704464   
219 1971 0.1457671881241225 149.81916131062098 0.0006487386229106905 6.4873862291069053e-04 0.0006490484300005038 0.0006495098098289477   
220 1980 0.1542843400526899 139.37747184506284 0.0006487386229106905 6.4882818571971679e-04 0.000648915906595858 0.0006505232045287194   
221 1989 0.1511505378035046 140.38858355897943 0.0006487386229106905 6.4878166639138898e-04 0.0006490682804775319 0.0006496971883087065   
222 1998 0.15350256610035856 153.12260390166216 0.0006484831928353112 6.4848319283531124e-04 0.000649095522012415 0.000649318050265177   
223 2007 0.1532943791726838 160.15129115932356 0.0006484776252164678 6.4847762521646785e-04 0.0006487984821799766 0.000649366321179694   
224 2016 0.14584695837090317 158.15325363684573 0.0006484735049326879 6.4847350493268789e-04 0.0006487399846607107 0.0006490795170290694   
225 2025 0.13656213649987156 159.14340648241597 0.0006483463080171191 6.4834630801711914e-04 0.0006485311353337576 0.0006488566649137786   
226 2034 0.1246854953128568 153.5483064203794 0.0006483463080171191 6.4841494510397407e-04 0.0006486082583424294 0.0006490634234157936   
227 2043 0.12338242961873384 173.8793961205062 0.0006482855381118628 6.4828553811186276e-04 0.0006484151347207316 0.0006487005416194939   
228 2052 0.11736785213045448 181.885193464552 0.0006482718710558849 6.4827187105588493e-04 0.0006484226074242737 0.0006485888917049629   
229 2061 0.12082570004077099 181.4923310805531 0.0006482718710558849 6.4827304665565524e-04 0.0006484365771600913 0.0006486396828836064   
230 2070 0.12394200476792465 179.90266883924667 0.0006482135822581618 6.4821358225816185e-04 0.0006483797537325802 0.0006486665178527288   
231 2079 0.12886404148260103 185.81319639932693 0.0006482135822581618 6.4827341822159071e-04 0.0006483972203962415 0.0006484350678355235   
232 2088 0.12768119839394823 175.75884242747995 0.0006481662346845902 6.4816623468459016e-04 0.0006483145783404694 0.000649109347701271   
233 2097 0.1494174238921492 182.9492536093906 0.0006480120867533566 6.4801208675335656e-04 0.0006482862603059765 0.0006484538275884873   
234 2106 0.17677475281016253 168.34276472805996 0.0006477595097580075 6.4775950975800754e-04 0.0006482084648886396 0.0006485486497733036   
235 2115 0.19334284127776669 186.53029940461667 0.000647741913163845 6.4774191316384496e-04 0.0006480852559129399 0.0006489141671226557   
236 2124 0.22199748188958726 200.11975802959765 0.0006473133328860808 6.4731333288608084e-04 0.0006479103043171767 0.0006485674466443765   
237 2133 0.24821979051259377 194.73620133774722 0.0006473133328860808 6.4754073081678225e-04 0.0006477512301785597 0.0006490925282485044   
238 2142 0.27230271459270955 186.66121001941437 0.0006473012324101051 6.4730123241010513e-04 0.0006477113546143249 0.0006485799963872893   
239 2151 0.26999520684446154 199.49417823652115 0.0006472045569916739 6.4720455699167389e-04 0.0006481109805574843 0.0006496758051545624   
240 2160 0.24667646387835448 192.4607270464891 0.0006472045569916739 6.4734094866076945e-04 0.0006485848119675139 0.0006519084100524859   
241 2169 0.22682749632128074 190.28312070069495 0.0006470471041601463 6.4704710416014632e-04 0.0006480294400148225 0.000649797657046881   
242 2178 0.23289436148578224 178.31740818554155 0.0006469631027363258 6.4696310273632581e-04 0.0006473466045921095 0.000647991062700144   
243 2187 0.20871597125848976 182.68740363933904 0.0006469631027363258 6.4704935854741899e-04 0.0006474656559918667 0.0006493968451486624   
244 2196 0.1911529236741852 189.4981648662453 0.0006469631027363258 6.4726687299740122e-04 0.0006474911663105528 0.0006480600247681206   
245 2205 0.16729786316203857 186.14050692548656 0.0006469631027363258 6.4704838692183041e-04 0.0006474900800429686 0.0006495289263989923   
246 2214 0.1746598358137509 170.95271029018488 0.0006469631027363258 6.4705667801712315e-04 0.0006473323581432246 0.0006476043861877898   
247 2223 0.19954117528637194 152.91914100626244 0.0006469631027363258 6.4699749761781659e-04 0.0006471802752206143 0.000648427799870646   
248 2232 0.22104036167312754 152.77640964294952 0.0006469631027363258 6.4697952229102434e-04 0.0006471467519566375 0.0006473925230459456   
249 2241 0.21650533894277343 157.90414512967544 0.0006468860216931324 6.4688602169313237e-04 0.0006472603995543312 0.0006492276858950353   
250 2250 0.23612037704041883 162.12191529291746 0.0006467917357208422 6.4679173572084218e-04 0.0006469402080929539 0.000647251368428054   
251 2259 0.2509285802780499 170.75285365489538 0.0006465997473718608 6.4659974737186078e-04 0.0006471118274112941 0.000648235426579149   
252 2268 0.2379303655268657 173.20969923722046 0.0006465997473718608 6.4687399068090532e-04 0.0006478638181970811 0.0006484271917420226   
253 2277 0.24586983769004686 172.80032961636866 0.0006465997473718608 6.4677062186403104e-04 0.0006471096032095044 0.0006481753118242252   
254 2286 0.2281317460329319 159.09991063467396 0.0006465997473718608 6.4662234661196267e-04 0.000646816665540609 0.0006471081484510705   
255 2295 0.22214591140716602 159.76242348592785 0.0006464443809990663 6.4644438099906631e-04 0.0006467852112239579 0.0006475591691042143   
256 2304 0.21677892626697193 145.4965492745899 0.0006463732496400828 6.4637324964008280e-04 0.000646718508562645 0.0006480629698912927   
257 2313 0.18756878174118466 132.82628102196733 0.0006463732496400828 6.4648112743757749e-04 0.0006467162516256091 0.0006478472366312725   
258 2322 0.21051628433617456 130.331967728207 0.0006462411789602482 6.4624117896024819e-04 0.0006464437259650137 0.0006480134955750849   
259 2331 0.21655226666541819 116.16260499124881 0.0006461387349346744 6.4613873493467441e-04 0.000646445288497157 0.0006470283648361235   
260 2340 0.2255120696447423 112.54374154631044 0.0006460928889760417 6.4609288897604167e-04 0.0006464375547753905 0.0006465158340071209   
261 2349 0.2326394851584106 117.24075530907076 0.0006460035003704673 6.4600350037046731e-04 0.0006462886745556213 0.0006475240430361842   
262 2358 0.19785041413136206 114.77256792121536 0.0006460035003704673 6.4616432972213736e-04 0.0006462569211080496 0.0006469426615852766   
263 2367 0.1709936151381854 119.13123488758131 0.0006460035003704673 6.4610658615347387e-04 0.0006462271810384116 0.0006471751477672668   
264 2376 0.15278647779138285 111.79874189821578 0.0006460035003704673 6.4603237180488045e-04 0.0006462406805723168 0.0006471160920461218   
265 2385 0.15763434157187076 114.75213821218641 0.0006458689791648029 6.4586897916480291e-04 0.0006461588547112012 0.0006472639433647517   
266 2394 0.15876960992980357 115.69899595118846 0.0006458505431419765 6.4585054314197649e-04 0.0006460745881329408 0.0006470538369910269   
267 2403 0.14169366522410337 109.92955691560122 0.0006458505431419765 6.4585511576477177e-04 0.0006460052436164874 0.0006472666691652751   
268 2412 0.13514338689854946 109.95488371073009 0.0006457081085044964 6.4570810850449645e-04 0.0006460466362620095 0.0006470437788375734   
269 2421 0.14468562441761212 110.59865267453675 0.000645621393580321 6.4562139358032098e-04 0.0006459060426614784 0.0006460432975049705   
270 2430 0.164415323508164 121.82559395789 0.000645621393580321 6.4563943947272280e-04 0.0006457987337154577 0.0006466996634151273   
271 2439 0.1828986585457553 133.06807542454663 0.000645621393580321 6.4568125714848485e-04 0.0006464145065831239 0.0006471382029537793   
272 2448 0.16144742999450887 130.45664600283902 0.000645621393580321 6.4574782457337693e-04 0.0006458457965384162 0.0006459533239894869   
273 2457 0.14487211098023012 137.22711723150098 0.000645621393580321 6.4571461155052781e-04 0.0006458313400864157 0.0006467581981587898   
274 2466 0.14805614873983738 134.70854958522312 0.000645621393580321 6.4564683051985150e-04 0.0006457851963610035 0.0006465039600211597   
275 2475 0.14425916501455285 129.28265152433008 0.000645621393580321 6.4569965860279612e-04 0.0006457831473808027 0.0006466600556675986   
276 2484 0.15659732021015696 145.31426259166201 0.0006455557568657259 6.4555575686572593e-04 0.0006456995691851902 0.0006464680736642557   
277 2493 0.15728659990872587 141.8154061810963 0.0006455557568657259 6.4557915907362175e-04 0.0006456505625774819 0.0006466651028012348   
278 2502 0.16937919766490916 154.7882610997203 0.0006454826038742518 6.4548260387425178e-04 0.0006456091962659559 0.0006458950438313109   
279 2511 0.20459999979172422 162.67938951065642 0.0006453366236974171 6.4533662369741711e-04 0.000645517976124636 0.0006463338448429245   
280 2520 0.2307762769720217 153.5775984306498 0.0006453148234295469 6.4531482342954690e-04 0.0006454629047019727 0.0006458233533131355   
281 2529 0.2755481618109247 141.2534524991604 0.0006452650440097471 6.4526504400974714e-04 0.0006453832930779228 0.0006458879126435099   
282 2538 0.2802951778087064 171.4120794709411 0.0006451969805583243 6.4519698055832432e-04 0.0006453986582360487 0.0006460685718166855   
283 2547 0.25838664926601623 175.56867332077906 0.0006451969805583243 6.4527567836090950e-04 0.0006457401661968818 0.0006459624247651274   
284 2556 0.24563564703411367 173.8608888989447 0.0006451905775772944 6.4519057757729439e-04 0.000645823306156259 0.0006467328612095119   
285 2565 0.25805186827629667 178.70457730213423 0.0006451667660892933 6.4516676608929332e-04 0.0006452995711746855 0.0006456173611721445   
286 2574 0.2843018724319738 159.83630703816837 0.0006451667660892933 6.4522481657560467e-04 0.0006453388570237525 0.0006463502814728487   
287 2583 0.2683890495026752 141.96759768420355 0.0006450539686036992 6.4505396860369923e-04 0.0006455747521929941 0.0006462231765294032   
288 2592 0.3628479034910387 139.991363015565 0.0006447698017664589 6.4476980176645889e-04 0.000645215594924883 0.000647070935047513   
289 2601 0.49080803499231235 133.93568072228334 0.0006447698017664589 6.4495046853912225e-04 0.0006453723204423126 0.0006484861244788004   
290 2610 0.6352484127256919 139.5988473401084 0.0006447698017664589 6.4481028959709349e-04 0.000645778933844049 0.0006483764069565355   
291 2619 0.6664757258469115 144.17402360494168 0.0006444693842666779 6.4446938426667788e-04 0.00064755753348009 0.000656236116755172   
292 2628 0.6550235440660273 148.86342831063988 0.000644425954511491 6.4442595451149102e-04 0.0006460732059176008 0.0006471151832462254   
293 2637 0.6744517696279861 151.31456642943195 0.000644425954511491 6.4496411153455897e-04 0.0006460950357630752 0.0006530414825425906   
294 2646 0.6398589921757908 161.3648994821612 0.000644425954511491 6.4447617572389144e-04 0.0006458393806552786 0.0006481931431729604   
295 2655 0.6218050362635248 149.63901400511332 0.000644425954511491 6.4453721791215830e-04 0.0006459986628993524 0.0006478984371538136   
296 2664 0.6179292265531839 149.8442246713981 0.000644425954511491 6.4444636686706897e-04 0.0006452289624170325 0.000653474370786659   
297 2673 0.5406475860321953 150.62731287429716 0.000644363997093387 6.4436399709338703e-04 0.0006455703309223984 0.0006487071068614447   
298 2682 0.49223054889912427 150.73585957456757 0.0006443141749208493 6.4431417492084929e-04 0.0006449718900154111 0.0006499502897897192   
299 2691 0.4662575820014986 149.80146192488647 0.0006443141749208493 6.4439133945135745e-04 0.0006453281445674738 0.0006507941872234795   
300 2700 0.4240174761961623 157.01733049483752 0.0006441666533389477 6.4416665333894767e-04 0.000644396011964794 0.000645803549008538   
301 2709 0.3608537533079074 161.1870569202708 0.0006441517366692983 6.4415173666929830e-04 0.0006443296960632149 0.0006453242348124662   
302 2718 0.3756360559248241 167.62652045732113 0.0006439291431701436 6.4392914317014361e-04 0.0006441387324571321 0.0006450319765242307   
303 2727 0.3875740572783676 157.45669645971674 0.0006439291431701436 6.4395780995580069e-04 0.0006441230440239281 0.0006447585013638741   
304 2736 0.3787264675724832 172.19843786576908 0.0006439291431701436 6.4402540262745557e-04 0.0006442446002808422 0.0006449164667010115   
305 2745 0.3810575223091966 178.23115612555577 0.0006439291431701436 6.4394462211024637e-04 0.0006441416956146071 0.0006446182364978275   
306 2754 0.3937259688209901 178.6037878555282 0.0006438182935252549 6.4381829352525488e-04 0.0006440778963826279 0.000644356433508405   
307 2763 0.436077281839781 182.0998178836246 0.0006438182935252549 6.4386438943599003e-04 0.000644044823229287 0.0006445513804276753   
308 2772 0.4584905953512936 172.70935843192265 0.0006438182935252549 6.4385234529975297e-04 0.0006442038978189357 0.0006448427808185903   
309 2781 0.4660868162321163 172.95820967447415 0.0006437461730582679 6.4374617305826786e-04 0.0006440966684279307 0.0006459710883055948   
310 2790 0.4776662412907944 178.2152683560733 0.000643653779542333 6.4365377954233303e-04 0.0006438950793837952 0.0006447400797826532   
311 2799 0.5346752941175668 187.45519896635656 0.0006434017630642672 6.4340176306426720e-04 0.0006435523603055846 0.0006438847841816902   
312 2808 0.5665885133791975 193.88260893466506 0.0006433295225028855 6.4332952250288546e-04 0.0006437518323055052 0.0006448393514983796   
313 2817 0.536882905904733 191.80100342221587 0.0006433295225028855 6.4344530361095309e-04 0.0006436371595839657 0.0006460357648656245   
314 2826 0.5944026268119451 192.4983567232911 0.0006430712831578452 6.4307128315784520e-04 0.0006435837199170158 0.0006444217201897455   
315 2835 0.6160825804261266 186.50561099965066 0.0006430712831578452 6.4334373321055433e-04 0.0006436057577428301 0.0006454710680635856   
316 2844 0.5505742460843357 176.05157615704445 0.0006430712831578452 6.4308376193545984e-04 0.0006432687155185915 0.0006441013057440402   
317 2853 0.5246040467215132 183.95526431620408 0.0006429972279951036 6.4299722799510356e-04 0.0006432554709934092 0.0006438315158322632   
318 2862 0.4835463928079544 186.5280104564825 0.0006429090383250419 6.4290903832504192e-04 0.0006435086616708464 0.0006441292881587176   
319 2871 0.44765382908629947 191.0148535932728 0.0006429090383250419 6.4300291256707751e-04 0.0006434026108862244 0.0006439157392269913   
320 2880 0.4658152857761528 204.09750151790908 0.000642794779228713 6.4279477922871305e-04 0.0006430364525072663 0.0006435681415683888   
321 2889 0.4603236979708174 202.72245383860647 0.0006427031698149135 6.4270316981491354e-04 0.0006431480577195419 0.0006432033139547101   
322 2898 0.4716448222481604 188.32362491160092 0.0006427031698149135 6.4274426232726332e-04 0.0006429215134162818 0.0006437535949351494   
323 2907 0.5148957303538972 176.24840582157495 0.000642560971427693 6.4256097142769298e-04 0.0006430043167332329 0.000643671220872116   
324 2916 0.4940013014165602 174.49390029741986 0.000642560971427693 6.4262884912544835e-04 0.0006429264866283602 0.0006433376678638028   
325 2925 0.5852165024191918 165.2458497521924 0.0006422997975620318 6.4229979756203176e-04 0.0006426835295983213 0.0006429191223048876   
326 2934 0.6038315481629526 155.74397590822662 0.0006422997975620318 6.4240230204209005e-04 0.0006428016327217549 0.0006430568357638246   
327 2943 0.6288714851451521 165.50631182870524 0.0006422997975620318 6.4233192687708019e-04 0.0006426807572902911 0.0006430255889021231   
328 2952 0.6478520385399776 172.41365652471958 0.0006419656811582242 6.4196568115822421e-04 0.0006426470964439267 0.0006429919872016156   
329 2961 0.6814396474538251 184.15273809972118 0.0006419266492445845 6.4192664924458455e-04 0.0006423597213752829 0.000643000897494888   
330 2970 0.701996049489695 203.30621249946915 0.0006417728309902744 6.4177283099027440e-04 0.000642294862378982 0.0006430719257972072   
331 2979 0.661463678956471 214.74786559262563 0.0006417728309902744 6.4205402536552595e-04 0.0006421804210501836 0.0006435787393002342   
332 2988 0.6545876544092127 212.64107559437215 0.0006417728309902744 6.4196188081627943e-04 0.0006423872554918322 0.0006433517159568219   
333 2997 0.6620332602606221 214.3543646209932 0.0006417145910043412 6.4171459100434121e-04 0.000642148538473198 0.0006433219372771147   
334 3006 0.6021499647867564 210.8164679385625 0.0006417145910043412 6.4183476534717071e-04 0.0006423398394335749 0.0006429238976932459   
335 3015 0.5826624309857223 214.84488216760974 0.0006417145910043412 6.4193675722326842e-04 0.0006423347811699794 0.0006447851417069802   
336 3024 0.49581445048458994 218.88771999210363 0.0006417145910043412 6.4200469443772374e-04 0.0006423193123558295 0.0006429848723103867   
337 3033 0.44164338048140217 216.50981096929516 0.0006417145910043412 6.4174904420789163e-04 0.000642142372019478 0.0006430993244010314   
338 3042 0.4586645280366617 212.72981365465546 0.0006416936701527152 6.4169367015271515e-04 0.0006420246584004233 0.0006420469090681668   
339 3051 0.48605401376508744 216.35851843118473 0.0006416698540864517 6.4166985408645172e-04 0.0006417163876794161 0.0006419213198152158   
340 3060 0.5123110642234592 233.56504459906202 0.0006416178719638294 6.4161787196382941e-04 0.000641819366328499 0.0006423165108676539   
341 3069 0.543689315682082 220.76437193682554 0.0006416178719638294 6.4163364956253209e-04 0.000641895807767184 0.0006421298993050659   
342 3078 0.5352362963407024 208.86370161036064 0.0006415865787474616 6.4158657874746161e-04 0.0006419379939024884 0.0006423679605066293   
343 3087 0.5223564834528608 207.04002201237262 0.0006415865787474616 6.4168060292182721e-04 0.0006417770843813795 0.0006420579273864494   
344 3096 0.47561579457423175 199.7822015721354 0.0006415695875169333 6.4156958751693325e-04 0.0006417246622819746 0.0006419992206005864   
345 3105 0.42609469250810744 211.13538791783353 0.0006414934995657655 6.4149349956576552e-04 0.000641702268318483 0.0006420431589651664   
346 3114 0.3845676857129252 217.02370373208947 0.0006414934995657655 6.4164073739811183e-04 0.0006418973782814048 0.0006421875336710748   
347 3123 0.345405013161608 200.37551114398912 0.0006414934995657655 6.4152983083851339e-04 0.0006416496900053344 0.0006419981295928203   
348 3132 0.347730940300994 208.72096560890077 0.0006414832569433084 6.4148325694330841e-04 0.0006416431053776765 0.000642174267986712   
349 3141 0.2897298591542274 221.52210324055952 0.0006414832569433084 6.4151012726700594e-04 0.0006415639466532317 0.00064206291259138   
350 3150 0.26620811020682705 227.36780826362744 0.0006414832569433084 6.4151093675433673e-04 0.0006415526542802528 0.000642066466660152   
351 3159 0.22063795258508825 232.8924824952902 0.0006414832569433084 6.4149502163853304e-04 0.0006415661159014728 0.0006420409141479748   
352 3168 0.20477191824371152 245.7472890045989 0.0006414832569433084 6.4148798875037340e-04 0.0006415112532242247 0.0006419743403264323   
353 3177 0.16901472108985752 267.3261933304947 0.0006414832569433084 6.4148358903397588e-04 0.0006415439164270791 0.0006419777388976675   
354 3186 0.1682032420792934 253.13698124544686 0.0006414653835329798 6.4146538353297981e-04 0.0006414911678184221 0.0006415343598006914   
355 3195 0.17505281923915333 264.5463294495268 0.0006414557533361684 6.4145575333616838e-04 0.0006415001462223384 0.000641953437302415   
356 3204 0.1617160772761121 298.8697473982001 0.0006414524771672711 6.4145247716727112e-04 0.0006414751310363353 0.0006418730713920799   
357 3213 0.14271238276349008 316.37225134130165 0.0006414451031649189 6.4144510316491892e-04 0.0006415194527349038 0.0006419627078971922   
358 3222 0.1311075019756452 329.89051328307727 0.0006414414314134936 6.4144143141349355e-04 0.0006414794183228017 0.0006419213082464117   
359 3231 0.11723213076198628 331.3201558872486 0.0006414356521033496 6.4143565210334960e-04 0.0006414545761890777 0.0006419065014026885   
360 3240 0.10351201949540206 353.05939528588715 0.0006414356521033496 6.4143671074385982e-04 0.0006414604154499812 0.0006419166435408482   
361 3249 0.10114188659292919 351.77903469733945 0.0006414284079505739 6.4142840795057391e-04 0.000641454957490582 0.000641885343812581   
362 3258 0.09712468551759168 302.1320084786697 0.0006414284079505739 6.4143418454403855e-04 0.0006414443816881662 0.0006418963352577599   
363 3267 0.09700283941562636 302.19413436675137 0.0006414284079505739 6.4142923047088066e-04 0.0006414516263610786 0.0006419102818548787   
364 3276 0.11009324918722503 302.2227904057502 0.000641424044523027 6.4142404452302701e-04 0.0006414359281127742 0.000641907795070734   
365 3285 0.11716519356826087 292.0970729551142 0.0006414200572582867 6.4142005725828673e-04 0.0006414309165407129 0.0006414399251026041   
366 3294 0.11345696214629558 307.18819808905414 0.0006414178921795882 6.4141789217958816e-04 0.0006414346399301309 0.000641861076023138   
367 3303 0.12330552772512457 292.48660302306314 0.0006414161962208611 6.4141619622086108e-04 0.0006414413354406055 0.0006418755385801076   
368 3312 0.10345390815779637 310.5082302704093 0.0006414161962208611 6.4142030485995040e-04 0.0006414697227325046 0.0006419053384108832   
369 3321 0.07976251989199604 302.5601538467187 0.0006414161962208611 6.4142498067451081e-04 0.0006414439999034106 0.0006418592325605486   
370 3330 0.0761295662476454 288.00417017326987 0.0006414161962208611 6.4142122940054759e-04 0.0006414275876576328 0.0006414385319437126   
371 3339 0.07791821883195105 297.64230630169743 0.0006414153563556122 6.4141535635561223e-04 0.0006414258084102146 0.0006418774925728818   
372 3348 0.08471767778130657 280.9830748055973 0.0006414142375522754 6.4141423755227536e-04 0.0006414177645147059 0.0006414257339139313   
373 3357 0.08294834722655281 291.58221415618027 0.0006414131738314178 6.4141317383141776e-04 0.0006414206902544012 0.0006414532114520458   
374 3366 0.08791762157977691 278.45324120859016 0.0006414046853044338 6.4140468530443379e-04 0.0006414174295332306 0.0006414496223635812   
375 3375 0.08214057818735561 257.39729379785365 0.0006414046853044338 6.4141206196613042e-04 0.000641420665534255 0.0006418495718805879   
376 3384 0.07403981179371649 263.57759593533376 0.0006414046853044338 6.4140834867079568e-04 0.0006414186249808248 0.0006418322119648775   
377 3393 0.0718596865690171 255.92150962557062 0.000641404666724258 6.4140466672425798e-04 0.0006414078689895448 0.0006418281566672788   
378 3402 0.06007360123437288 253.3170294533161 0.000641404666724258 6.4140907871770511e-04 0.0006418295325133241 0.0006418432538497195   
379 3411 0.05683228668265129 260.5615677519061 0.0006414042116811237 6.4140421168112373e-04 0.0006414142616138 0.0006418376649761709   
380 3420 0.061332792266334556 269.54769213804695 0.0006414032962696882 6.4140329626968817e-04 0.0006418364167016962 0.0006418489666853922   
381 3429 0.05829320042712743 301.4083404862379 0.0006414015225366411 6.4140152253664112e-04 0.0006414391073357093 0.000641843627979759   
382 3438 0.054557829701403854 325.74102134596933 0.0006414015225366411 6.4140211836597057e-04 0.0006414063244042667 0.0006418606370227108   
383 3447 0.05262345237437232 326.7124137517099 0.0006414010250720072 6.4140102507200718e-04 0.0006414045527350344 0.0006418390376414335   
384 3456 0.051315013908297895 330.8091683352298 0.0006414003404240701 6.4140034042407010e-04 0.0006414041156872327 0.0006414326126083744   
385 3465 0.047526924363225156 323.23310395244715 0.0006413997312427866 6.4139973124278655e-04 0.0006414024176063123 0.0006418165119157055   
386 3474 0.04847237181971159 343.337857221396 0.0006413987445261955 6.4139874452619552e-04 0.0006414028288615717 0.000641818559684813   
387 3483 0.045136894277693566 341.8699720967157 0.0006413965584194204 6.4139655841942043e-04 0.000641402215102902 0.0006418293869693001   
388 3492 0.04571664020727319 340.785636616642 0.0006413945990560029 6.4139459905600293e-04 0.0006413994972125534 0.0006418206012484956   
389 3501 0.041844416249843565 348.07314209496013 0.0006413945990560029 6.4139671348428838e-04 0.0006414307138574246 0.0006418272686825045   
390 3510 0.0451106662590262 375.74342708763874 0.0006413945990560029 6.4139531082275665e-04 0.0006413996969414254 0.0006418239869172764   
391 3519 0.0469319323637599 344.99852274438837 0.0006413945737743864 6.4139457377438639e-04 0.0006413987274280326 0.0006414306660275734   
392 3528 0.04906486874967892 332.18741539538587 0.0006413931725254515 6.4139317252545147e-04 0.0006413982870302581 0.0006414289354324163   
393 3537 0.05793147983460479 364.90950464258987 0.0006413931725254515 6.4139366085515335e-04 0.0006413955811960211 0.0006414284869445335   
394 3546 0.06158996780573846 396.5668492232091 0.0006413908835844761 6.4139088358447613e-04 0.0006413940851150125 0.000641427807902868   
395 3555 0.06390598414387294 392.65446466773983 0.0006413889918652988 6.4138899186529878e-04 0.0006413952322089865 0.0006418162034517692   
396 3564 0.07574734035545085 404.2276463783282 0.0006413875806367049 6.4138758063670494e-04 0.0006413979609126247 0.0006418087683645728   
397 3573 0.08124376546513967 500.37195772550535 0.000641386403488468 6.4138640348846798e-04 0.0006413912342594403 0.0006418019212460903   
398 3582 0.08800092154310217 526.2907810517091 0.0006413848119830316 6.4138481198303164e-04 0.0006413910741897137 0.0006418285579381935   
399 3591 0.09458897770741935 552.2494697211699 0.0006413848119830316 6.4138680105688898e-04 0.0006413896004008096 0.0006417924083455535   
400 3600 0.09234005138003018 596.2937427959307 0.0006413848119830316 6.4138626721626623e-04 0.0006413888761014228 0.0006417795274228471   
401 3609 0.08534182807462508 590.760851077825 0.0006413848119830316 6.4138701007120449e-04 0.0006413901856526519 0.0006414322376014288   
402 3618 0.07710563524106458 614.5190665554682 0.0006413848119830316 6.4138653246492065e-04 0.0006414214101685338 0.000641787374373642   
403 3627 0.08028105649190354 583.5348890504671 0.0006413848119830316 6.4138506736403629e-04 0.0006414208296759896 0.0006414264590697374   
404 3636 0.08884621362985391 582.4295835903148 0.0006413838601563144 6.4138386015631437e-04 0.0006413906603991691 0.0006414306029866865   
405 3645 0.09176803282972607 565.980799264969 0.0006413838601563144 6.4138407718329008e-04 0.0006413875599455773 0.0006417949656589022   
406 3654 0.08566610514799293 562.178250181689 0.0006413825383448117 6.4138253834481167e-04 0.0006414311732039193 0.0006418089853346843   
407 3663 0.0785982651146787 564.2728948210095 0.0006413825383448117 6.4138281375173941e-04 0.000641424253819823 0.0006417953410604564   
408 3672 0.07813645638528617 559.5428969635266 0.0006413821931161966 6.4138219311619656e-04 0.0006413874965374364 0.0006417918339669587   
409 3681 0.0725993340774126 580.5220793722285 0.0006413821931161966 6.4138414229558704e-04 0.0006413884281158879 0.0006417980197359037   
410 3690 0.0693395524654457 588.9567617065469 0.0006413821931161966 6.4138346922892908e-04 0.000641387838591249 0.0006418055828667659   
411 3699 0.05919578411477063 610.3829287099396 0.0006413821931161966 6.4138381425407989e-04 0.0006413859304430922 0.0006414222812857489   
412 3708 0.055865241396120355 576.8415866061372 0.0006413821931161966 6.4138258029883808e-04 0.0006413846499275643 0.0006414274515197836   
413 3717 0.05947792173849248 553.6592475269644 0.000641381596858986 6.4138159685898596e-04 0.0006413830525725271 0.000641423656932857   
414 3726 0.0571895856061308 584.8646649005933 0.000641381596858986 6.4138210191931155e-04 0.0006413832535605436 0.0006414213446343614   
415 3735 0.05080767826407231 592.0124823010585 0.000641381596858986 6.4138223381758033e-04 0.0006413847209323926 0.0006414239730856266   
416 3744 0.04790656825876955 590.1761003591384 0.0006413814214616695 6.4138142146166950e-04 0.0006413828447002395 0.0006414246874523222   
417 3753 0.04956887813505392 579.5674885886655 0.0006413808380377445 6.4138083803774455e-04 0.0006413823550987248 0.0006413827508978196   
418 3762 0.044482926631604455 555.4541544297724 0.0006413808380377445 6.4138109576625441e-04 0.0006413822927254044 0.0006417884543185454   
419 3771 0.0449320333883402 561.4889523016057 0.0006413808344330043 6.4138083443300434e-04 0.0006413826341816304 0.000641790867084108   
420 3780 0.04415544598746869 593.2854350704766 0.0006413806603520362 6.4138066035203617e-04 0.0006413817301772299 0.0006417905612113885   
421 3789 0.04371603766395457 567.413166114089 0.0006413796855148124 6.4137968551481242e-04 0.0006413818319391532 0.0006417855637262759   
422 3798 0.045229779894511005 585.1479281963074 0.0006413796855148124 6.4138014682867833e-04 0.0006413809007999268 0.0006417847489124194   
423 3807 0.047335215515808785 559.7878704981766 0.0006413791928807608 6.4137919288076081e-04 0.0006413808565095708 0.000641779948009911   
424 3816 0.042334454765583375 566.7515072762224 0.0006413791928807608 6.4137955786841409e-04 0.0006417810545186742 0.000641783181855678   
425 3825 0.03522472459688548 570.0935905190244 0.0006413791928807608 6.4137948528014905e-04 0.0006417792916758017 0.0006417824325781395   
426 3834 0.03439341158791062 551.2020923512483 0.0006413791928807608 6.4137937735588523e-04 0.0006413803943963331 0.0006417852608874105   
427 3843 0.03445932146086629 560.4427352886831 0.0006413791928807608 6.4137937584811367e-04 0.0006413797605624022 0.0006417826387370737   
428 3852 0.03085536659318256 579.3701024037572 0.0006413791606699312 6.4137916066993122e-04 0.0006413799862443568 0.0006417870215537462   
429 3861 0.02846462818441424 601.7406561017506 0.0006413789767171101 6.4137897671711014e-04 0.0006413794161367409 0.000641782129418785   
430 3870 0.027079531381086076 630.7534160462192 0.0006413789767171101 6.4137933033573367e-04 0.0006414184592095453 0.0006417841149357229   
431 3879 0.025099781150023214 680.2427793432937 0.0006413789767171101 6.4137902781748093e-04 0.0006413794166050265 0.0006414176161941709   
432 3888 0.02314920322913031 645.4218478995765 0.000641378804127253 6.4137880412725302e-04 0.0006413801023689177 0.0006417848339774969   
433 3897 0.02267230712590454 712.6444410299184 0.000641378804127253 6.4137893703573401e-04 0.0006413793454725237 0.0006417802408990427   
434 3906 0.023661166661769976 807.9576821631521 0.000641378804127253 6.4137895009964475e-04 0.0006413794900406203 0.0006417815646823892   
435 3915 0.025224152494282316 894.5752164329211 0.000641378804127253 6.4137921543079091e-04 0.0006413794822415085 0.0006417788770254334   
436 3924 0.03257292897533519 893.6397970061458 0.000641378804127253 6.4137884144526433e-04 0.0006413792565396903 0.0006413799420892733   
437 3933 0.037156671866949605 906.1788184498105 0.000641378770036193 6.4137877003619297e-04 0.0006413795612872456 0.000641784301933711   
438 3942 0.04096762962562157 873.5902823289214 0.000641378770036193 6.4137898738407745e-04 0.0006413791519859723 0.0006417856508184347   
439 3951 0.03964175244348888 968.1662183227569 0.0006413785722060577 6.4137857220605767e-04 0.0006413793238855099 0.0006417824485584709   
440 3960 0.03894519252081278 948.1747706191732 0.0006413785471673647 6.4137854716736465e-04 0.0006413791750995609 0.000641779672801357   
441 3969 0.03544294606870227 939.563290575472 0.0006413784779236221 6.4137847792362208e-04 0.0006413790956483336 0.000641778601775304   
442 3978 0.03408915837033777 943.4784476459921 0.0006413784779236221 6.4137888350225417e-04 0.0006413790420412349 0.0006417770682368143   
443 3987 0.03227078519745955 928.5820098783339 0.0006413784779236221 6.4137863470927012e-04 0.0006413789022179546 0.0006413794630888674   
444 3996 0.030954286958953085 915.7686520708991 0.0006413784779236221 6.4137862825221583e-04 0.0006413792539849148 0.0006414147132793144   
445 4005 0.03239243151621127 856.6542034262801 0.0006413784779236221 6.4137849300300329e-04 0.0006413788311389953 0.0006413792451538413   
446 4014 0.029222362128069678 824.9390763411543 0.0006413783787766879 6.4137837877668792e-04 0.000641378957870776 0.0006414175177172509   
447 4023 0.02684550890711529 836.7984751794993 0.0006413783787766879 6.4137846351669319e-04 0.000641416060488314 0.0006417775685818124   
448 4032 0.025950230249060565 859.5407510781503 0.0006413782935320586 6.4137829353205864e-04 0.0006413786724987354 0.0006417778755474167   
449 4041 0.024999266947806333 832.2047319601717 0.0006413782935320586 6.4137830451136747e-04 0.0006413785825584723 0.0006417763943256014   
450 4050 0.02125647337792137 870.5463782009716 0.0006413782935320586 6.4137829703485186e-04 0.0006413787497550117 0.0006414189450888255   
451 4059 0.02082529939708325 904.1452107619317 0.0006413782931697928 6.4137829316979276e-04 0.0006413784561716395 0.0006417773596209661   
452 4068 0.01987254732342238 888.1086865972762 0.0006413782370835694 6.4137823708356942e-04 0.0006413785693837155 0.000641777505882272   
453 4077 0.022675276998121684 910.9442030039291 0.0006413782370835694 6.4137828879207452e-04 0.0006414172911710092 0.0006417785977725352   
454 4086 0.021110027420475425 885.359830049546 0.0006413782029299507 6.4137820292995069e-04 0.0006414164421243602 0.0006417754203045111   
455 4095 0.016938222855119988 852.4648866515323 0.0006413781892348481 6.4137818923484813e-04 0.0006413784844119013 0.0006417766909873923   
456 4104 0.016327988467435148 847.6360877508994 0.00064137816970752 6.4137816970752002e-04 0.0006413785147407432 0.0006417778013930709   
457 4113 0.015763526655490502 822.131363425912 0.00064137816970752 6.4137817026547193e-04 0.0006414170776345584 0.0006417784049377695   
458 4122 0.013450837071924541 872.7181827368092 0.00064137816970752 6.4137822535376057e-04 0.0006413783045909784 0.0006417778847054712   
459 4131 0.011184809133263468 949.2827126887441 0.00064137816970752 6.4137821431694967e-04 0.0006413783156177819 0.0006417771907070841   
460 4140 0.010259953776576783 902.5089363292346 0.00064137816970752 6.4137817238443763e-04 0.0006413783349086439 0.0006417776063676446   
461 4149 0.009800469440441238 911.4262317654806 0.00064137816970752 6.4137817300954762e-04 0.0006413782673673522 0.0006417778133060235   
462 4158 0.011349512634236187 992.6209563348577 0.00064137816970752 6.4137821131563606e-04 0.0006414170178910961 0.0006414174715497834   
463 4167 0.014124189838853959 983.2417140395996 0.0006413781640946649 6.4137816409466490e-04 0.000641378282043613 0.000641417713245037   
464 4176 0.012588074137613823 904.2372064078038 0.0006413781640946649 6.4137821675220729e-04 0.0006413782539276144 0.0006417784584766238   
465 4185 0.010664383918458902 891.086661805149 0.0006413781629489346 6.4137816294893458e-04 0.000641378246211271 0.0006417782391304739   
466 4194 0.01025927430283401 965.7372584997481 0.0006413781353200267 6.4137813532002673e-04 0.0006413781973729363 0.0006417778864085856   
467 4203 0.008992257844629894 997.4925519175963 0.0006413781353200267 6.4137814987866542e-04 0.0006414168399880676 0.0006417779674224809   
468 4212 0.007301037225428083 1106.335218877063 0.0006413781353200267 6.4137816784763896e-04 0.0006414168539295082 0.0006417777064131805   
469 4221 0.0072319840730019225 1110.8687938548173 0.0006413781353200267 6.4137814355115009e-04 0.0006413781880196651 0.0006413782314429984   
470 4230 0.006917257923348499 1087.4651774755985 0.0006413781268051852 6.4137812680518523e-04 0.000641378169110715 0.0006414175059135186   
471 4239 0.006503228663397459 1067.9180152694996 0.0006413781268051852 6.4137814397632127e-04 0.000641416903974627 0.0006417779845446667   
472 4248 0.006392514293676828 1113.738694751714 0.0006413781268051852 6.4137814152873032e-04 0.0006413781791408148 0.0006417778421289386   
473 4257 0.0061336734301894145 1177.0639522844112 0.0006413781268051852 6.4137813207811598e-04 0.00064137814443721 0.0006417782368304435   
474 4266 0.0053953250383699716 1182.4519594706042 0.0006413781268051852 6.4137813804477197e-04 0.0006417773352963761 0.0006417778856109834   
475 4275 0.005446050578799021 1221.909607468811 0.0006413781268051852 6.4137813135898268e-04 0.0006413781535886472 0.0006417775311958882   
476 4284 0.005303808014499432 1303.9977775991156 0.0006413781268051852 6.4137815256375824e-04 0.0006413781638415551 0.0006417779551425173   
477 4293 0.0053157148188565035 1373.9389075755491 0.0006413781268051852 6.4137814789268872e-04 0.0006413781574616263 0.0006417779410357916   
478 4302 0.0044740038625934765 1556.9438922963384 0.0006413781268051852 6.4137814268023455e-04 0.0006413781597835703 0.000641417087097153   
479 4311 0.003948782679557477 1741.589265837483 0.0006413781268051852 6.4137814359143622e-04 0.0006414169654379988 0.0006414171629928893   
480 4320 0.003977857581391055 1743.444080486267 0.0006413781268051852 6.4137813169094424e-04 0.0006413781600634818 0.0006414171562042262   
481 4329 0.003952827738683393 1633.922405358531 0.0006413781268051852 6.4137812927707284e-04 0.0006413781435989423 0.0006414172484849585   
482 4338 0.0036139249704436145 1506.0204821921893 0.0006413781268051852 6.4137813359696548e-04 0.0006417780016731249 0.0006417782100383245   
483 4347 0.0032811152576951445 1589.6906823115057 0.0006413781268051852 6.4137813135276196e-04 0.0006413781551204498 0.0006417781300882818   
484 4356 0.003033362693451184 1712.1256331613165 0.0006413781254934924 6.4137812549349240e-04 0.0006413781345698127 0.0006414171129044911   
485 4365 0.0031325903699450123 1674.0866733830644 0.0006413781254934924 6.4137812800961523e-04 0.000641417104990069 0.0006414172848992813   
486 4374 0.0031020037875892003 1764.5718689047226 0.0006413781234876182 6.4137812348761820e-04 0.0006413781391805644 0.0006414173036270922   
487 4383 0.002852604092239845 1631.8779229743395 0.0006413781234876182 6.4137812450423349e-04 0.0006413781335608405 0.000641777855965488   
488 4392 0.00276248372165973 1592.1619622106584 0.0006413781234876182 6.4137812884925577e-04 0.0006414171458463952 0.0006417779491186251   
489 4401 0.0028770039854789696 1739.5295388313687 0.0006413781229408597 6.4137812294085971e-04 0.0006413781328432965 0.000641417330751937   
490 4410 0.00334825977019903 1756.8621122850466 0.0006413781223424637 6.4137812234246370e-04 0.0006413781289281138 0.0006414172594753893   
491 4419 0.003522625037010331 1831.5932110292447 0.0006413781166630885 6.4137811666308854e-04 0.0006413781278882681 0.0006417779612662738   
492 4428 0.003158868690610189 1978.158924563746 0.0006413781166630885 6.4137811805118304e-04 0.0006413781256965833 0.0006413781365128037   
493 4437 0.002823771937148976 1865.662768624768 0.0006413781166630885 6.4137811946687851e-04 0.0006413781262166061 0.000641417228572052   
494 4446 0.0028759195032107315 1950.6540775290957 0.0006413781166630885 6.4137811736612231e-04 0.0006413781250194156 0.0006414173185952764   
495 4455 0.002847951343962876 2124.8622268191257 0.0006413781158858832 6.4137811588588320e-04 0.0006414172317987144 0.0006417777763917216   
496 4464 0.0024176844993241153 2367.254983405097 0.0006413781158858832 6.4137811750611710e-04 0.0006414173019221787 0.0006417776911456888   
497 4473 0.0022111374567650916 2456.5146340047595 0.0006413781158858832 6.4137811705407342e-04 0.000641378121358748 0.0006414172573443303   
498 4482 0.002261686648875977 2354.9173467971414 0.0006413781158858832 6.4137811770110132e-04 0.0006413781197253667 0.0006414173805337614   
499 4491 0.002291518000743685 2588.6610218733763 0.0006413781158858832 6.4137811765300643e-04 0.0006413781187751288 0.0006414173229654594   
500 4500 0.0023363239131267027 2925.361440414078 0.000641378112772615 6.4137811277261499e-04 0.0006413781233172931 0.0006414174322022242   
501 4509 0.0023744909599230928 2953.203072427023 0.0006413781112413851 6.4137811124138509e-04 0.0006413781166138427 0.000641777588724933   
502 4518 0.0023678901325994537 2911.659348519593 0.0006413781112413851 6.4137811356542774e-04 0.0006414173110050196 0.000641777691238551   
503 4527 0.002113281067966039 2845.19411698074 0.0006413781112413851 6.4137811265199500e-04 0.0006414173067882024 0.0006414174015631791   
504 4536 0.0021508365558314296 2992.991445257208 0.0006413781112413851 6.4137811283532980e-04 0.0006413781174961243 0.0006414173488228942   
505 4545 0.002050226451420532 3152.7607444655314 0.0006413781112413851 6.4137811126105827e-04 0.0006417774552558152 0.000641777678487449   
506 4554 0.001917030307258288 3287.356184061165 0.0006413781112413851 6.4137811184035822e-04 0.0006413781176412037 0.0006417776716251657   
507 4563 0.001653838769670634 3176.3389907265328 0.0006413781112413851 6.4137811130417319e-04 0.0006414173912177412 0.0006417777421828665   
508 4572 0.0014593652543537156 3308.9575656212182 0.0006413781112413851 6.4137811351114868e-04 0.0006414174250731309 0.0006417776207304734   
509 4581 0.0012058240877239551 3311.4581584603934 0.0006413781112413851 6.4137811265659365e-04 0.0006413781140831736 0.0006417776216215309   
510 4590 0.0011373635443253293 3467.454979224251 0.0006413781112413851 6.4137811244741310e-04 0.0006413781129678243 0.0006417776506711615   
511 4599 0.0011002534861296138 3447.9175542664593 0.0006413781112413851 6.4137811184477168e-04 0.0006413781143316459 0.0006414174481771982   
512 4608 0.0010876976822509908 3874.288342448176 0.0006413781112413851 6.4137811174058939e-04 0.0006413781137128861 0.0006417776422219266   
513 4617 0.0011367499949289706 3752.3576706268823 0.0006413781107863991 6.4137811078639911e-04 0.0006413781126409076 0.000641777656192172   
514 4626 0.0012771389197094602 3926.9013311015665 0.0006413781088348006 6.4137810883480061e-04 0.0006414174925752253 0.0006417776486887431   
515 4635 0.001286395547580434 3991.8429087041054 0.0006413781088348006 6.4137811066084394e-04 0.0006414174422800044 0.0006417776242234929   
516 4644 0.0012853401493594307 4220.9186344285545 0.0006413781088348006 6.4137811004400913e-04 0.0006413781123149069 0.0006417776148141614   
517 4653 0.0011118020430160942 4526.187082543997 0.0006413781088348006 6.4137811066323602e-04 0.0006414174006740283 0.0006417776793368484   
518 4662 0.0011580868724974398 4550.742788339683 0.0006413781088348006 6.4137811053765809e-04 0.0006413781111065673 0.0006414174929536177   
519 4671 0.0013911363330608721 4357.595916088787 0.0006413781088348006 6.4137810884674212e-04 0.0006413781107142889 0.0006414173975206666   
520 4680 0.0017011013551731814 4514.627511845924 0.0006413781088348006 6.4137810907572475e-04 0.0006414173575604747 0.0006414174365853253   
521 4689 0.0017232699279043566 4439.251487387551 0.0006413781088348006 6.4137811247299040e-04 0.0006414173596813472 0.0006417777037218616   
522 4698 0.0016576797382551814 4637.688138196054 0.0006413781088348006 6.4137811067929815e-04 0.0006414173422144327 0.0006417776576802696   
523 4707 0.0013435967630984298 4993.743323881209 0.0006413781088348006 6.4137810884550906e-04 0.0006413781157673056 0.0006417776206131344   
524 4716 0.0011514173799894497 5525.26554369871 0.0006413781088348006 6.4137810888459780e-04 0.0006413781114458403 0.0006417776730753963   
525 4725 0.0010606328916015553 5705.408274027858 0.0006413781084459428 6.4137810844594283e-04 0.0006414173530121272 0.0006417776793883711   
526 4734 0.0009645372327876077 6081.934753711713 0.0006413781084459428 6.4137810916029307e-04 0.0006414173801285541 0.0006417776322365673   
527 4743 0.0008543681330429495 6794.498327881498 0.0006413781084459428 6.4137810939002889e-04 0.0006414173473309111 0.0006414174161518329   
528 4752 0.0008033095528922273 6802.035975285465 0.0006413781084459428 6.4137810881133175e-04 0.0006413781100463489 0.0006414174050154473   
529 4761 0.0008121706506658524 7392.443942068714 0.0006413781078692312 6.4137810786923119e-04 0.0006413781091088723 0.0006414174126524536   
530 4770 0.0008393425522334424 7845.76046542525 0.0006413781078692312 6.4137810815313885e-04 0.0006414173895242649 0.0006417776919461274   
531 4779 0.0007834265146963995 7021.933813751246 0.0006413781078692312 6.4137810893648067e-04 0.0006414173640138287 0.0006417776380703185   
532 4788 0.0007250395846258183 7251.824193304761 0.0006413781078692312 6.4137810865803012e-04 0.0006413781101875781 0.0006414174216794225   
533 4797 0.000691852257264649 6877.654702695732 0.0006413781078692312 6.4137810847300105e-04 0.0006413781099685275 0.0006414174275849782   
534 4806 0.000674523486663081 6426.493354581112 0.0006413781078692312 6.4137810827599555e-04 0.0006413781089820347 0.0006414174018275764   
535 4815 0.0006599406216377419 6544.331304228953 0.0006413781078692312 6.4137810798225873e-04 0.000641378109221042 0.0006417776876631045   
536 4824 0.0008046061061896479 6927.184904790557 0.0006413781074574282 6.4137810745742822e-04 0.0006413781088318609 0.0006414173967443308   
537 4833 0.0010284533651478257 6832.2850503102245 0.0006413781072755445 6.4137810727554452e-04 0.0006414174119797003 0.0006414174357081682   
538 4842 0.0010035787670926585 6647.996314166392 0.0006413781072755445 6.4137810766882769e-04 0.0006414174079736567 0.0006414174318567047   
539 4851 0.000977323025841842 7759.442592685152 0.0006413781072732183 6.4137810727321826e-04 0.0006414174054904527 0.0006417776630751066   
540 4860 0.0012052731226774632 7847.329336228347 0.0006413781066680795 6.4137810666807949e-04 0.0006414173827546506 0.0006414174175920476   
541 4869 0.001333252647520378 8428.133761021376 0.0006413781066680795 6.4141732794081787e-04 0.0006414173847301643 0.0006417777236712369   
542 4878 0.001430391441477145 7758.301126819136 0.0006413781066680795 6.4141732002575712e-04 0.0006414173530018019 0.0006417776812379806   
543 4887 0.0015984342006704526 7501.199548807457 0.0006413781066680795 6.4137810791487599e-04 0.0006414173239295054 0.0006414173516435152   
544 4896 0.00169646308147747 7308.642532113768 0.0006413781066680795 6.4137810998314538e-04 0.0006414173315474196 0.0006417777347707969   
545 4905 0.0018679580105218426 8080.953224329496 0.0006413781066680795 6.4137810918360298e-04 0.0006414173329070615 0.0006417777162993324   
546 4914 0.0019053709638652203 8052.788017780655 0.0006413781066680795 6.4137810836121622e-04 0.0006414173023110707 0.0006417776905435099   
547 4923 0.0019055317726972246 7666.1824754732925 0.0006413781066680795 6.4137810871830222e-04 0.000641417241815704 0.0006417777598386263   
548 4932 0.0018051717729001705 7071.784471372537 0.0006413781066680795 6.4137810945617010e-04 0.000641417300545546 0.00064177769092866   
549 4941 0.0017050990838204396 7333.478396275558 0.0006413781066680795 6.4137810957282115e-04 0.0006413781121849646 0.0006417776653811956   
550 4950 0.0017678310604947141 7560.1063450021975 0.0006413781066680795 6.4137810875583090e-04 0.000641378112722013 0.0006417776431551931   
551 4959 0.0020136480032498095 7425.432569095981 0.0006413781066680795 6.4137810770153460e-04 0.0006414172943996935 0.0006417777011393196   
552 4968 0.0017258776493268974 6904.656206398729 0.0006413781066680795 6.4137811082715167e-04 0.0006414173516795965 0.000641777703438403   
553 4977 0.0015811915151003495 7030.3367432888435 0.0006413781066680795 6.4137810838188242e-04 0.0006413781117428387 0.0006414173350912592   
554 4986 0.0015223774087557863 7175.727561104675 0.0006413781066680795 6.4137810765874429e-04 0.0006414172628036657 0.0006414173575320114   
555 4995 0.0014895430853051625 7639.290398093442 0.0006413781066680795 6.4137810878228869e-04 0.0006414172876287401 0.0006414173295921332   
556 5004 0.001743727506907892 7760.58525276499 0.0006413781066680795 6.4137810948671143e-04 0.0006414172995229498 0.0006417777079282241   
557 5013 0.0020696529088501873 8064.573453019829 0.0006413781066680795 6.4137810950862652e-04 0.00064141728087605 0.0006417776990246094   
558 5022 0.001991899591917912 8763.816144869377 0.0006413781066680795 6.4137810830027864e-04 0.0006414172839803753 0.0006417777946090644   
559 5031 0.0024752692271657623 9326.019303131077 0.0006413781066680795 6.4137811169434622e-04 0.0006414172650058207 0.0006417778022267131   
560 5040 0.0027159534760666376 10910.36754821184 0.0006413781066680795 6.4137810778335425e-04 0.0006413781126503679 0.0006414172745309115   
561 5049 0.002513712003711571 10870.839557696125 0.0006413781066680795 6.4137810914475959e-04 0.0006414171892933471 0.0006417778188700571   
562 5058 0.0024348779130449754 11581.138855533663 0.0006413781066680795 6.4137810821770602e-04 0.0006414172056240126 0.0006417778455318077   
563 5067 0.0026968611632044357 12660.566526216136 0.0006413781066680795 6.4137811098352311e-04 0.0006414172015664346 0.0006414172517861453   
564 5076 0.0031208663435122455 12677.275201210672 0.0006413781066680795 6.4137810795922496e-04 0.0006414171297835028 0.0006414172575437094   
565 5085 0.003188349135178515 13461.676537251511 0.0006413781066680795 6.4137810713627962e-04 0.0006413781123970196 0.0006414172984942872   
566 5094 0.0035356264683945172 13941.566275449391 0.0006413781066680795 6.4137810833914501e-04 0.0006414172774235207 0.0006417777777753605   
567 5103 0.0038832207033831336 15264.626390486828 0.0006413781066680795 6.4137810959914417e-04 0.0006413781132002369 0.0006414174055621825   
568 5112 0.004016964645306327 14689.11173902675 0.0006413781066680795 6.4137810870031108e-04 0.0006413781121993704 0.0006414173900892554   
569 5121 0.003856438966850446 13899.809981596238 0.0006413781066680795 6.4137810935975331e-04 0.0006414171988794275 0.0006414174782606396   
570 5130 0.0038683035669016884 14028.010986628024 0.0006413781066680795 6.4137811102984771e-04 0.0006413781137936055 0.0006414175042271697   
571 5139 0.003266436690244571 13911.231019391304 0.0006413781066680795 6.4137810932571814e-04 0.0006413781135848654 0.0006413781208805951   
572 5148 0.003190321067258845 13035.067295425353 0.0006413781066680795 6.4137810806221332e-04 0.0006413781107182475 0.0006413781139443616   
