% # columns="iter, evals, sigma, 0, fitness, xbest" seed=382524, Thu Nov 30 11:10:26 2023, <python>{}</python>
1 9 1.8685776925170372 0 0.06345257161399762 1.664612774313076 1.1853400971454646 -0.9917061096710553 0.8137294134787236 0.7455029619752542 -0.8565287751981805
2 18 1.8121482434357923 0 0.060823947478639326 1.4545558501769067 5.143052433838175 -1.1450197458690234 -1.7444854776738394 3.893685530258504 -1.7317287210711638
3 27 1.913562204791952 0 0.1566462372962396 -0.8638497602191315 2.9797155446171364 -2.066658443763834 -1.9247456612608815 3.158239448927897 -0.4937081765558179
4 36 1.9909205713890696 0 0.1318443531447296 0.15038808025217754 6.262843985903739 -0.8130306752688359 -1.7962424192493611 6.046874861030172 -1.849064791597283
5 45 1.843236179601084 0 0.03606149003707813 -1.6820448760603424 2.977209572594562 -3.239366837297561 -1.1369867813503316 3.0377983280155316 -1.2559137457306784
6 54 1.8059081368892083 0 0.04948574251925177 -1.5076149694787557 3.472888490298722 -3.229269822469037 -2.97661011891792 3.9489051622251687 -2.8788261101075885
7 63 1.6904394241832155 0 0.029621977505533453 -3.5340446259295497 1.8242829461302965 -4.218029482266463 -2.770775779351333 3.0241993484399017 -2.7700165717070133
8 72 1.7134961645412803 0 0.06431548787854378 0.09373527679205251 0.1443794160028169 -0.03473186439530718 -3.776474590758281 1.6225166367654897 -3.0008199902921153
9 81 1.5958811801083084 0 0.13988118776961253 -0.1775022443696619 0.8396499946951118 -0.2904329044433196 -4.446814452819434 1.5522948886671242 -3.234491407675374
10 90 1.5633097945882515 0 0.05942668829713828 -3.013678537152731 0.201330030676953 -3.89383686751488 -3.3217375445742157 2.006535625062289 -3.6242528742979747
11 99 1.6571020082069612 0 0.032381737586654344 -0.9409408025156729 -1.1619805867121233 -4.822750366685974 -3.4435566486967044 0.1912782731786944 -2.7716546246919087
12 108 1.7114066938420531 0 0.008306971415569502 -1.4558035715983448 1.3833752959464847 -7.145379434653734 -5.039170490345486 0.6895618734970708 -2.936152722461463
13 117 1.761577867126388 0 0.1020596381886148 -0.6615222913068879 2.4977498657748733 -4.278226606544545 -5.603594658678312 1.8123320300496466 -3.3150627396540626
14 126 1.6940184071716917 0 0.03334749345116259 -2.1093280194710875 -2.18633558368759 -7.581204169260256 -5.453437088197829 0.13342168750008868 -3.66901345307219
15 135 1.692918203506639 0 0.05446378361009638 -4.18059050414827 -1.0191609679871443 -6.35752536011525 -2.8611066230386073 0.8050389843161059 -6.164978779881476
16 144 1.4948652650599046 0 0.049061505791639023 -1.2808335708171086 -1.1197647438852982 -5.188866087352473 -4.925261587122607 0.36689714324574757 -3.70062720494523
17 153 1.3766043361001354 0 0.043544569539990405 -3.2374439938851736 -1.7448602413437548 -4.421690167527537 -4.755827144266642 1.0443036182408514 -2.9945092095023167
18 162 1.1479169478429412 0 0.03263662995548801 -3.22284648133961 -1.150653032591634 -6.000020886621334 -3.312850093934641 0.40465134214676934 -3.89458520185959
19 171 1.168575224247579 0 0.027853732298294763 -3.8946478377463434 -1.4232031178063942 -7.801259691085795 -5.882548115290344 0.8279384925979812 -3.359710015931333
20 180 1.26102653316565 0 0.019571844421467508 -3.0821919355807883 -2.6986420332812413 -7.297373637772399 -5.997946823645041 0.03860105261259067 -2.710832273269287
21 189 1.213601741829996 0 0.015435740361176552 -3.842929568476984 -3.5695973874296767 -6.3680579869763765 -6.028034352819668 0.6527223095227079 -2.5365398421737773
22 198 1.0044010856028833 0 0.012158926483844312 -3.165266870626329 -1.1226384782574965 -6.304483223563145 -6.0302727334927315 0.6631229350031521 -2.6482806568797534
23 207 0.9445659889638607 0 0.009937956864545504 -4.841515512157006 -3.615573181636436 -6.4970509921092585 -6.581431768836892 0.8313693170939485 -3.0404089469805258
24 216 0.8367743703247728 0 0.00748673186358616 -3.4633845894602655 -3.8831255191893606 -6.962619490811712 -6.491229687529443 0.22765075750033054 -2.832999400895192
25 225 0.7213260143551923 0 0.005413981301291988 -3.449625981837125 -2.1753889060123353 -5.902676472107032 -5.92219446671154 0.5737539272131602 -2.9299625881453797
26 234 0.6535092882888948 0 0.0022783634258208784 -4.0188329804760485 -2.1462339245724493 -5.806685684824254 -6.02593925462897 0.664489750508868 -2.987783735203303
27 243 0.6661525433690216 0 0.00893984287511571 -4.6314567600508605 -3.0942249454466118 -5.620134346663382 -6.9032021095399765 0.7673838915988778 -2.6085524365133863
28 252 0.5863391989697083 0 0.007717852380720535 -3.611571457436459 -2.123995101288809 -5.785399610991396 -5.928906661875223 0.4120081890577471 -2.6296061701874716
29 261 0.5229348135194994 0 0.0027395385571315077 -4.06355921973874 -3.6269276274584485 -5.64125365802648 -6.3099307963826154 0.677581717153834 -2.782109086599709
30 270 0.4980626370397831 0 0.0019816084066112565 -3.9977230261874754 -2.6179433079535377 -4.599284761048757 -5.87299276373768 0.9211730525752841 -2.8359741669438736
31 279 0.5310259774609475 0 0.0038597785531349826 -4.13450526879004 -3.499072079079694 -4.499137502959709 -5.543054058543875 0.8790162056223503 -2.8427270035839447
32 288 0.4707977095560909 0 0.0015290956679218305 -4.034495142323558 -3.416754146595783 -5.2874846840315435 -6.033529440394236 0.6351838160290525 -2.8366248853155636
33 297 0.3914575515441155 0 0.0015785588637846689 -4.400778214134685 -3.6006985181743425 -4.997306710530301 -6.095754414044162 0.8410464686764438 -2.636131031065167
34 306 0.37047505369453376 0 0.0015273541854230774 -4.196449456781193 -3.522308896952763 -5.438930605614863 -6.282821821484724 0.7027082252046137 -2.6024780874223086
35 315 0.3421108517024093 0 0.0009294927935643781 -4.216914695554429 -3.987963996447482 -5.313683724618709 -5.981928822273609 0.7213967834015609 -2.600529140722042
36 324 0.33073051234545875 0 0.000965263382245204 -4.19889436615735 -3.63207493091039 -5.052171227586638 -5.540685105907224 0.7960376221733678 -2.6055775838706245
37 333 0.33563976770532344 0 0.0012866874733343779 -3.9546458293903 -4.153267509974681 -5.781267257180426 -5.637806904182418 0.5310534310593664 -2.5081787269194984
38 342 0.30582174035887955 0 0.0007721190173500199 -4.1573115586197895 -3.536762360508526 -5.371841047845745 -5.6088912732269165 0.6708711861387994 -2.6695955537142737
39 351 0.28054181258964933 0 0.0006979561331725844 -4.150192384979035 -3.395225697987539 -5.464099938568436 -5.559515521060058 0.67171004991445 -2.6525979090471967
40 360 0.238102337250878 0 0.0007112231511056697 -4.239561934525318 -3.594559916284902 -5.33057903657133 -5.656186306141359 0.7339572971832486 -2.6182807833404445
41 369 0.2066857999712169 0 0.0007606073057648243 -4.132244999598832 -3.79903940474252 -5.718089559727676 -5.719379016965678 0.5920591864417868 -2.610668238579422
42 378 0.19022470237572495 0 0.0007891164621696874 -4.2540401787405155 -3.6402630906026645 -5.42122839629852 -5.9050628698639525 0.7295726273019181 -2.6986876853368162
43 387 0.17261155847388449 0 0.0007098337040960778 -4.251064849520876 -3.5449771698823436 -5.361201115167765 -5.96759177095513 0.7408634931978012 -2.7080025308401345
44 396 0.1565613975436119 0 0.0007004102848148594 -4.209249080257838 -3.7060428318706835 -5.467738592562375 -5.79501609410215 0.6798769362757006 -2.630883097171375
45 405 0.13499236487074706 0 0.000735894939812968 -4.291307600520863 -3.7174449656033084 -5.3548692359056655 -5.891371843325272 0.7366109592406397 -2.638418570198054
46 414 0.1398081204670164 0 0.0007382885566541008 -4.274495369630452 -3.5889894034900043 -5.1034831627427515 -5.778297962685343 0.787872862167717 -2.648674945478787
47 423 0.1497238240230505 0 0.0007352560359522613 -4.275701951315299 -3.3911338298987723 -5.0731691730314346 -5.7978177089367655 0.8362715067780868 -2.7150400673186406
48 432 0.1288317863302697 0 0.0006847623244146643 -4.234442831390119 -3.6196386545795582 -5.414674395093191 -5.76657601003153 0.7128027155875795 -2.6663704268405195
49 441 0.12506664241936769 0 0.0006777352392791281 -4.122073720133207 -3.331089764679425 -5.54343782739301 -5.7653367566541895 0.6492488107786137 -2.7107855805235364
50 450 0.12250281088728222 0 0.0006827135716677738 -4.181811797369112 -3.3993119360927047 -5.4222116585725315 -5.686547239779586 0.6899884475451487 -2.7014143257852075
51 459 0.11450953527565158 0 0.0007049700824022311 -4.1862906532435735 -3.5478272119208145 -5.4718379446683985 -5.750721048388285 0.6693656280096236 -2.6886890428419226
52 468 0.10030593859235255 0 0.0006739581656931488 -4.157683805735485 -3.4069959501940454 -5.525358155832125 -5.709797272250006 0.6633267917605236 -2.7009467216369787
53 477 0.10871040473463607 0 0.0006867868158027139 -4.155779279988103 -3.3792990222790515 -5.548770001280183 -5.970339684959576 0.6558304501931308 -2.74098376882587
54 486 0.1075285077881022 0 0.0006863176871047083 -4.175682134919772 -3.4319716790558257 -5.549434798722937 -5.889273779326805 0.6656741917274576 -2.727554875944004
55 495 0.09363241859081195 0 0.0007036966678895077 -4.148146917629761 -3.454003342071478 -5.533725560418804 -5.863135442949905 0.6521473512957218 -2.730607184930512
56 504 0.08462871670794284 0 0.0006912505819656757 -4.200030863395898 -3.3643572065317597 -5.392863365785213 -5.859456668360835 0.717643572720528 -2.736833251901113
57 513 0.07301309007804027 0 0.0006827205142294918 -4.204949341992891 -3.4417220387321126 -5.4497088906735796 -5.853497494905177 0.6914466398417521 -2.7088339974795033
58 522 0.0741631036862605 0 0.0006684264456136357 -4.165427234358271 -3.4013707763284065 -5.53000581272914 -5.883799505710779 0.6687212125958207 -2.716174269543149
59 531 0.06986690189072765 0 0.0006703448218107077 -4.1498324063597725 -3.369999252129961 -5.552495211707858 -5.888221274865764 0.6573026922742147 -2.7190197989570786
60 540 0.06691007436124297 0 0.0006713245344297442 -4.1373452785662765 -3.3769983100214054 -5.552294575454103 -5.869465942410331 0.6516282801634297 -2.709162132367774
61 549 0.07346762690454735 0 0.0006682349072049087 -4.106160513007005 -3.4004542482674966 -5.645376279973175 -5.829151051504171 0.6249881506314933 -2.706096815076654
62 558 0.07154883938251713 0 0.000674099380727055 -4.115909477048966 -3.327809110463478 -5.611789339878122 -5.788297577209789 0.6389082704771597 -2.712115329682452
63 567 0.06493459038277222 0 0.0006759510892301216 -4.169786208640705 -3.4770961304397687 -5.554725886766955 -5.816008879415505 0.6584317615779847 -2.7030393936565593
64 576 0.059468151061437186 0 0.000666871020698904 -4.1229660028637385 -3.3893824384385476 -5.570944251199263 -5.918313973226742 0.6441422518730232 -2.722700272930199
65 585 0.05787921918272591 0 0.0006696236113815926 -4.117763215210427 -3.450978987842383 -5.7091314562871425 -5.79127167283461 0.6154556492325134 -2.6946672208241185
66 594 0.055749479392943245 0 0.0006722383917579242 -4.112055798761788 -3.4444772024302432 -5.642555631647081 -5.880304421113922 0.6247304262435067 -2.7173264502946726
67 603 0.04812516044657033 0 0.0006673139221393902 -4.134258761791433 -3.396962306063631 -5.582130542874114 -5.825130968213973 0.6466582273857008 -2.7044570892289386
68 612 0.04629169041623419 0 0.0006685132459692621 -4.1561448892544295 -3.3810001833215835 -5.504888793252428 -5.810607842329741 0.6685141042730587 -2.712353359183828
69 621 0.03955584192259753 0 0.0006669138054477985 -4.1392677848087125 -3.410364219266021 -5.564314684810357 -5.867006963868568 0.6499624023520398 -2.715349184334556
70 630 0.040698828721047936 0 0.0006669086915425216 -4.159137344399979 -3.4003042259479637 -5.4956734178918865 -5.836953198964581 0.6716298386940991 -2.715109245388391
71 639 0.04527602737879636 0 0.0006655869868326468 -4.167818206237877 -3.408253830896725 -5.465968185898369 -5.790155069222881 0.6812623986906746 -2.702354303380221
72 648 0.04881931524001277 0 0.0006659125384301859 -4.171234300521721 -3.396178159045835 -5.455879769005868 -5.860376097789391 0.6869715955808154 -2.7118682169626385
73 657 0.05488990567888133 0 0.0006642089297049606 -4.176430475031654 -3.429849980604719 -5.420469736165566 -5.881062568503904 0.6912838869694501 -2.7046803050246235
74 666 0.05851267332289915 0 0.0006627845903758098 -4.208444187050007 -3.409441428354122 -5.323176127741231 -5.933022002609559 0.7264831149305645 -2.722668668957412
75 675 0.06381737551113892 0 0.0006640938481463062 -4.190804095027078 -3.448496447650955 -5.375260170610769 -5.903510513768293 0.7062431729768415 -2.7128440042065516
76 684 0.05927146607660086 0 0.0006626435928948286 -4.189986100551505 -3.4006302951489515 -5.377560131074501 -5.8876988613561725 0.7090569295254452 -2.7158854558835728
77 693 0.05853499064217395 0 0.0006623466761262971 -4.21575302764197 -3.372143186064276 -5.284287748930912 -5.961049655774586 0.7423510145781889 -2.729105469540634
78 702 0.05857581108661513 0 0.0006652053521706376 -4.217653499858691 -3.3402233085610646 -5.272528628687732 -5.954307864646016 0.7472617259272147 -2.735528760689769
79 711 0.06403589076927091 0 0.000663008260677959 -4.23818494802256 -3.3771983531972496 -5.269604081519462 -5.893821596832304 0.7543739025972617 -2.7204287733544192
80 720 0.06809790707575299 0 0.0006635531791766603 -4.258894832918441 -3.426732461973375 -5.212775937883503 -5.8891425183405826 0.7721075905977813 -2.709708902852267
81 729 0.0669194608381075 0 0.0006653618694409303 -4.250342221038175 -3.401474130933646 -5.218379397093801 -5.8661449148701506 0.7679421033606291 -2.715119708183744
82 738 0.05756951712184123 0 0.0006649812145020485 -4.231586526869184 -3.416824072075093 -5.272758472478953 -5.954726179617407 0.7476678644983158 -2.7289299363438246
83 747 0.050469055234395356 0 0.0006643570740972192 -4.219332614811819 -3.406375363553662 -5.286386126640668 -5.901433410841407 0.7398134788292985 -2.722456791302573
84 756 0.048660729418133084 0 0.000664130347855102 -4.210822311175876 -3.4134184244205334 -5.339431625541706 -5.9493683346454285 0.7278417758869499 -2.7221361869602956
85 765 0.04720951279100502 0 0.0006633825251037542 -4.203088592730669 -3.3979558791302114 -5.3624991697014455 -5.899269716760925 0.7189597528784634 -2.7133212583751076
86 774 0.04251723382182993 0 0.000662933525155982 -4.21493735279313 -3.3835125294154675 -5.2966377181611755 -5.945853573573723 0.7387296451118265 -2.729487013018563
87 783 0.040738096906360405 0 0.0006622012022670016 -4.215937329357362 -3.41495391698059 -5.300063099855072 -5.911847855203863 0.7354205512184686 -2.7143357756501976
88 792 0.041900476657064034 0 0.0006621544413937849 -4.233343633252806 -3.426933609063914 -5.277968492952324 -5.898155470891552 0.7484567986999277 -2.708697896808849
89 801 0.039516774220263944 0 0.0006619925621691052 -4.228589369806741 -3.435359454234377 -5.288929564631015 -5.966398259461892 0.7426025358932075 -2.7202174499680374
90 810 0.03679512318047862 0 0.0006617517579658661 -4.231805567272124 -3.4162621827974826 -5.286161194058757 -5.911482011221026 0.7465766448065279 -2.7134560405090644
91 819 0.03425518299975852 0 0.0006615307528958598 -4.228383881635882 -3.399657576852826 -5.277644326752958 -5.9342926958035465 0.7476114034322877 -2.718519821410578
92 828 0.03264546359754717 0 0.0006617338203598976 -4.231837190704442 -3.4192604490228327 -5.2780900685224506 -5.964183769805532 0.7469031694135121 -2.7232280201209726
93 837 0.03391832202742673 0 0.0006607445083933856 -4.230796430451568 -3.387537164615579 -5.27723932432045 -5.998086417072802 0.7493420823800689 -2.7296994747420698
94 846 0.035636248647902366 0 0.0006607658043630213 -4.235116545195682 -3.3859518400581923 -5.273866720403509 -6.05428003714726 0.7512755531302591 -2.7349237687531116
95 855 0.036129354705899626 0 0.0006603149635170451 -4.23624446139516 -3.3849805139067017 -5.26451684744824 -6.067750022281491 0.7546759865657977 -2.736897284873809
96 864 0.033312851525979105 0 0.000660673368415345 -4.236389786374954 -3.3975473093909034 -5.271467679199208 -6.047532177345778 0.7526686494617002 -2.733436374513763
97 873 0.03264081778252454 0 0.0006608797896767278 -4.2430216601433886 -3.3870319363534374 -5.239700704708802 -6.047308090819582 0.7622927690135333 -2.7347112163953504
98 882 0.0323122236881272 0 0.0006603575789006287 -4.232004335934164 -3.369467596599642 -5.257510827889731 -6.069608678910396 0.7551839567252823 -2.7385197426600776
99 891 0.031192360736177444 0 0.0006602232570889632 -4.245132818696965 -3.387369690100341 -5.235586743788503 -6.068897699478385 0.7654176920737665 -2.7359818046726025
100 900 0.03181234990323892 0 0.0006603193207966783 -4.228780279368987 -3.368856287254809 -5.274513239953845 -6.076776795230691 0.7508343912984375 -2.7405886634554206
101 909 0.029827232524787306 0 0.0006600642601390266 -4.238864049234981 -3.375890881589964 -5.254055144785117 -6.077920016257809 0.7594685647962963 -2.7389434868747453
102 918 0.028300428833848357 0 0.000660259928831207 -4.237677261947284 -3.3819993330021934 -5.247956265727115 -6.1119330142770725 0.7603407476494487 -2.7418536194581997
103 927 0.025660159828101915 0 0.0006600625852002565 -4.241050561027097 -3.3656794770855205 -5.251070134472443 -6.156920591497602 0.7616095778059844 -2.7495341833780347
104 936 0.02426917812069122 0 0.0006600905879829349 -4.235781379724904 -3.3720437729759873 -5.264561628232795 -6.094027934812808 0.7552656304433119 -2.741141776975434
105 945 0.021131942537828276 0 0.0006600439836451868 -4.239603344992095 -3.3693495633216113 -5.253727860251137 -6.122724152633407 0.7598014762712184 -2.745527839171758
106 954 0.01898306540729527 0 0.0006599827055580377 -4.242226171301369 -3.3776266950790768 -5.244036546712336 -6.100130797210005 0.7626952088791672 -2.7412828744186726
107 963 0.018040901686834126 0 0.0006599030513692358 -4.242893666795766 -3.375174021263743 -5.2356625918337265 -6.112391537089129 0.7651576986131597 -2.7423157232475823
108 972 0.01694002092769544 0 0.0006599844115949023 -4.239457535606621 -3.3733580442818925 -5.243171244875312 -6.091978909145143 0.7623377304336656 -2.740314082520443
109 981 0.014255610758129264 0 0.0006599701149310164 -4.243069221080871 -3.3704099878686473 -5.241336032101229 -6.108532347082492 0.7640272780030384 -2.742442676158533
110 990 0.01281604453453473 0 0.0006599238021379817 -4.241546764494257 -3.370863842951771 -5.242862933848158 -6.100256612000243 0.7635674854560363 -2.741803837922869
111 999 0.012725931630349118 0 0.0006598658563704931 -4.2440797307653515 -3.3722136796849234 -5.235880852788593 -6.107510642515985 0.7662578779486485 -2.741890941583635
112 1008 0.012395179402299924 0 0.0006598767040069777 -4.245698572279263 -3.376541859841392 -5.233393109855322 -6.1038590317013055 0.7670788656049995 -2.741203024273805
113 1017 0.013271957843240655 0 0.0006598155074092107 -4.248648288733053 -3.3736987162195957 -5.228482013836935 -6.099994433045188 0.7699657247942274 -2.7413647987217638
114 1026 0.013584536066410054 0 0.0006597585437845912 -4.249421791309411 -3.374559316151516 -5.223523287760331 -6.1257055379412 0.7712273262121202 -2.743731887089608
115 1035 0.015872304941319325 0 0.0006598064675485574 -4.249743945557716 -3.3700236127387706 -5.224008397532323 -6.125711145746419 0.7721710903406052 -2.744352670191805
116 1044 0.016496623225842843 0 0.0006597895307663033 -4.248159728173877 -3.3730788166977743 -5.2252472417041105 -6.132906368295446 0.7707420088506621 -2.74381174324861
117 1053 0.017116157293470078 0 0.0006597119894496231 -4.251263692199417 -3.3740123947730294 -5.2195470549657434 -6.14575739180452 0.7735587739766324 -2.745825056906757
118 1062 0.01573426437120652 0 0.0006597339469119918 -4.252976275565291 -3.367586257032234 -5.212580700448023 -6.152851136925784 0.7763965744022897 -2.7473687084721257
119 1071 0.017905526956287842 0 0.0006596862982982664 -4.256569800830178 -3.368474332342628 -5.209432479742988 -6.180753164588454 0.778935669890473 -2.750210266995787
120 1080 0.019644096724309428 0 0.0006597223315991202 -4.250940021553795 -3.3663780548458027 -5.220065358460113 -6.175757344394028 0.7738366579959405 -2.7492403082810726
121 1089 0.020751615814873548 0 0.0006596701306175841 -4.260135312663283 -3.366078285179943 -5.202151135226166 -6.189438121928934 0.7826805374883611 -2.7508034183359498
122 1098 0.023815548857508403 0 0.0006596273814001569 -4.2670293187902235 -3.3612525494872396 -5.186446405834752 -6.190514744265138 0.7899722955636939 -2.751450102111207
123 1107 0.025386847944138823 0 0.0006596873282691395 -4.268579669591864 -3.3518839548346273 -5.183245395898794 -6.236149568613081 0.791885717563354 -2.757141049721453
124 1116 0.02793797826040009 0 0.0006596388708809582 -4.268104346602942 -3.348086107819879 -5.1812966199590464 -6.251690142910002 0.7925110153496684 -2.7586918717599045
125 1125 0.025980059904000565 0 0.0006596686770917326 -4.265345751581055 -3.3527935502017012 -5.1866163125039035 -6.261623281839055 0.7897788699872798 -2.7597643236582807
126 1134 0.02434939235272342 0 0.0006596458522597667 -4.2727946440713565 -3.354615552324176 -5.165780826527316 -6.237881450301932 0.798287407933963 -2.7562293047231305
127 1143 0.024818108559368335 0 0.0006596101272261207 -4.271080958573778 -3.3462704865821244 -5.173891359797037 -6.26293043610697 0.7959931525032525 -2.7591762792166787
128 1152 0.023643445321544124 0 0.0006595826469701002 -4.270613407496215 -3.345516245335286 -5.1721633564451235 -6.290883285115753 0.7965963515984951 -2.762422148164733
129 1161 0.024072901395091204 0 0.0006596765733381506 -4.27785555285606 -3.344115177669135 -5.153965812787843 -6.307360160524556 0.8046355955146265 -2.764784100871839
130 1170 0.02361778656239422 0 0.0006595583179837982 -4.271369916618334 -3.34162597354162 -5.1660036131115 -6.290953905945787 0.7986950196547346 -2.7630001246688782
131 1179 0.026357247205234215 0 0.0006594294535709628 -4.280529447902992 -3.338265338116625 -5.141131783491259 -6.318207118556887 0.8098405308155785 -2.7653701856141546
132 1188 0.030786909548432273 0 0.0006593269132972974 -4.288989910680929 -3.343134448529944 -5.125161923010959 -6.318431844098999 0.8171239581650646 -2.7638189341650037
133 1197 0.03915528618651731 0 0.0006592948679582244 -4.291782441050373 -3.33738625880739 -5.120155360139709 -6.341093904129167 0.8207614682372021 -2.7649606391443164
134 1206 0.04898207573245051 0 0.0006591474448047203 -4.302930359473101 -3.3359611287034285 -5.086684505767689 -6.429546634113304 0.8347523200619987 -2.7734780711556595
135 1215 0.048990538941947714 0 0.0006591018866718224 -4.300903043264149 -3.3237475550778584 -5.089566968448694 -6.460141030619612 0.8337342714599866 -2.777974258331106
136 1224 0.04561875085636141 0 0.0006590663009753121 -4.300310241798866 -3.3288073181327302 -5.095019146812201 -6.452455933897646 0.831930804462805 -2.7771616072315246
137 1233 0.03943926224133687 0 0.0006591293540733255 -4.287272341383565 -3.3237931997891392 -5.121079393757944 -6.429997013092012 0.8193149624748208 -2.7755018314051187
138 1242 0.03719022626978469 0 0.0006589854973342109 -4.294482756583118 -3.327330784830449 -5.102476672718549 -6.419200692581768 0.8278059753070902 -2.7730450866335588
139 1251 0.03524641825982277 0 0.0006589650752268801 -4.308747591525342 -3.3262949604187595 -5.074884717850694 -6.48824978809109 0.8415997200758799 -2.7788741876335434
140 1260 0.033794950353321675 0 0.0006587868189636822 -4.301536339164927 -3.3220049006689547 -5.093652245505127 -6.461726939825242 0.8339528330148347 -2.776775851473952
141 1269 0.03401965314423092 0 0.0006588181759131554 -4.304512496732478 -3.3271740019319576 -5.0909711550629195 -6.447694288678041 0.835664001540751 -2.77641152753719
142 1278 0.03798284230231196 0 0.0006585229590662816 -4.313348202166336 -3.3212691838309016 -5.068866879947274 -6.461540462576493 0.8464563887541413 -2.778014345378739
143 1287 0.049994129419426665 0 0.0006583638987064664 -4.318364258985971 -3.327170294329745 -5.060434628484165 -6.419975495713419 0.8513146052288761 -2.7747064331541353
144 1296 0.06289386223273238 0 0.0006582563463463228 -4.327318046284654 -3.32838153396194 -5.045182450895651 -6.440029014364547 0.8598520517064295 -2.7751013860110296
145 1305 0.06849240680420518 0 0.0006577755702537896 -4.331541212007108 -3.2947129041449377 -5.029824560742479 -6.594675285670483 0.8691667654293581 -2.789826893877024
146 1314 0.07871687556034127 0 0.0006578030983317364 -4.3284522915527015 -3.2886597647300975 -5.027925005128978 -6.6481774649523295 0.8689589079215738 -2.7949059258219346
147 1323 0.08111608873234347 0 0.0006575465800389311 -4.345448780347593 -3.3031530525129162 -5.008472829947312 -6.523603353244761 0.8821261805869464 -2.783780307995127
148 1332 0.0743762049461185 0 0.0006575337033749069 -4.341982862857766 -3.2997246227181116 -5.009847667885701 -6.579116858409842 0.8806425036178809 -2.787627862102606
149 1341 0.08134486795567336 0 0.0006574995709257528 -4.343168116169443 -3.265599775117541 -5.005529485862362 -6.613874883095535 0.8845150621288153 -2.7929539028753845
150 1350 0.0773544631692372 0 0.0006575270396622773 -4.346635909072105 -3.275277241096312 -5.00038874755004 -6.626393551733594 0.8869649451920624 -2.795452027694264
151 1359 0.07276117003290032 0 0.0006574153208896545 -4.347292777315763 -3.2640064707497083 -5.003300939816129 -6.742263516525694 0.8883486142839392 -2.8033553552977213
152 1368 0.07063766730116866 0 0.0006573274036788053 -4.348100750045775 -3.288909217016555 -4.999695383573928 -6.549335643670707 0.887923082267301 -2.7858675667621413
153 1377 0.08287864704320123 0 0.0006570653299766149 -4.3577680683314926 -3.2754186805092123 -4.964702523744064 -6.6760818667879755 0.9042767950135359 -2.7970297730201454
154 1386 0.07565401533292158 0 0.0006572776646668292 -4.342965906862382 -3.283669905016361 -5.003789388925423 -6.683163443916569 0.8844537540221782 -2.795959676206037
155 1395 0.07051438159373781 0 0.0006573314963471683 -4.347009925911253 -3.272435265597448 -5.003233959370706 -6.622577349380823 0.8882710724108176 -2.793445972084245
156 1404 0.0667609599705483 0 0.0006567842979615411 -4.361953173124673 -3.2603009755197414 -4.963866525253497 -6.738590916133748 0.9076449206277434 -2.8030285450980243
157 1413 0.06858253772992456 0 0.0006568155917633785 -4.36679076517011 -3.2792683370176716 -4.959812040422173 -6.598689593957021 0.9101336647564479 -2.792134982324902
158 1422 0.06408638851514671 0 0.000656610736245426 -4.373376027475269 -3.259724170053681 -4.941056901238062 -6.732968505124757 0.9208249032047117 -2.801783398039342
159 1431 0.061605865300341206 0 0.0006565614024956409 -4.369140170731843 -3.259006001943063 -4.9582195052398585 -6.704248807611048 0.9140391222727315 -2.801813477553096
160 1440 0.06191169866230526 0 0.0006566864682385225 -4.369212607020395 -3.271202184065759 -4.950968680720469 -6.7027652619828855 0.9152252778881851 -2.800067285584022
161 1449 0.07045033752705887 0 0.0006562167462481225 -4.380489891631459 -3.274693007649097 -4.927233683952106 -6.618830025972762 0.9278427734980548 -2.7942029633130647
162 1458 0.07489023046370674 0 0.0006561263198628049 -4.38047439898083 -3.280024054014432 -4.9326024075982495 -6.630853762112767 0.9261745840437375 -2.7955522233923147
163 1467 0.07728647808603055 0 0.0006561723931887771 -4.377868227677146 -3.283369314051977 -4.942168988394793 -6.574204561536078 0.9222554395383912 -2.790985694090461
164 1476 0.0750887862368539 0 0.0006559887879894165 -4.381536708057277 -3.2917680273682453 -4.939807554435633 -6.504839879790863 0.9242636020186037 -2.7846522223799988
165 1485 0.07581892565746627 0 0.0006555822003649493 -4.393471151544832 -3.300763899664898 -4.917014155626523 -6.502434858408786 0.9368359067878935 -2.785365132857661
166 1494 0.07871534497846104 0 0.0006554722107856692 -4.396030950815529 -3.2869744060582344 -4.914138991513 -6.540834252580969 0.9402817975074962 -2.7890599771944515
167 1503 0.0858995705605846 0 0.0006551575434046758 -4.401046787525911 -3.3252387808893897 -4.910214498527182 -6.375687986247952 0.941295496223047 -2.772230299334959
168 1512 0.1102258400287041 0 0.0006546954809796704 -4.417700576952356 -3.309834399933967 -4.888123795975446 -6.397804790589744 0.959008541866573 -2.776169296963007
169 1521 0.13043831234245187 0 0.0006547434435537796 -4.420176759845705 -3.3434312048395043 -4.877834777463593 -6.286160823341921 0.9614339409601406 -2.763368002136369
170 1530 0.13597985884874997 0 0.0006544998121934359 -4.422419536673705 -3.3192318434617363 -4.875481522258804 -6.39784938447611 0.964956319087618 -2.774655798677552
171 1539 0.1444001581429579 0 0.0006540341089333392 -4.44112252439305 -3.2986966313678017 -4.85227342626893 -6.409616829606645 0.9849693797674376 -2.7774091518647657
172 1548 0.1359387426092454 0 0.0006544702203905214 -4.442555659866465 -3.2678488753977124 -4.8311825072245504 -6.554077851174463 0.9954609362224148 -2.7902678990472283
173 1557 0.12274936986310687 0 0.0006547778280808216 -4.422830112396192 -3.3442026668586307 -4.875142880981732 -6.212419886962995 0.9642060284869782 -2.756199790266824
174 1566 0.11912078113845191 0 0.0006545203354907464 -4.4227155632455295 -3.324425440001515 -4.878655983036462 -6.461195511051371 0.9646828234866786 -2.775592205262945
175 1575 0.12394422609575363 0 0.0006540448761394651 -4.44831402234719 -3.2776070856865744 -4.828398986381809 -6.635362692741164 0.9989282234946167 -2.7952961904327203
176 1584 0.12836647748168245 0 0.0006537205397944709 -4.460960340314214 -3.2999510971110038 -4.829866021157493 -6.414200432573857 1.003919091299125 -2.778662003884279
177 1593 0.1309657452766668 0 0.000653619468457739 -4.459500592633095 -3.2978018776876574 -4.837696514059353 -6.445855565264909 1.001722275901131 -2.781370934880268
178 1602 0.15764939923397356 0 0.0006529412886382673 -4.474372712828502 -3.331343927994896 -4.80349343580138 -6.321804188627415 1.0193616100444527 -2.7646065686074546
179 1611 0.15847204478532553 0 0.0006529902166274818 -4.467992971233055 -3.305284693690675 -4.813267758818411 -6.420635762430372 1.0140168437336996 -2.775824562466495
180 1620 0.17033385923396707 0 0.0006534497211603319 -4.486362400246715 -3.2597251493170902 -4.801168053919294 -6.589678286260404 1.0330017490782788 -2.7942427367990987
181 1629 0.14711707383309613 0 0.0006531293116741033 -4.465172457013234 -3.2809043840656273 -4.8255003079379675 -6.578283788954678 1.0105553406514463 -2.790583663079176
182 1638 0.13337513070299814 0 0.0006528441785977415 -4.482060626211026 -3.2974709855130957 -4.799130571152948 -6.453427717067379 1.0274872927621312 -2.779915974074525
183 1647 0.13222279099655412 0 0.0006526209668980948 -4.475332150024371 -3.3029422880815695 -4.801763888436984 -6.516251693214107 1.0230475262521994 -2.783160201886391
184 1656 0.11943731816984175 0 0.0006527538775750227 -4.473250591990203 -3.31153739539192 -4.807690150101855 -6.378651066799201 1.0193051641040918 -2.7726161559615288
185 1665 0.12354641777376103 0 0.0006524171913499519 -4.490876475767767 -3.296021998764091 -4.788284222470392 -6.414567237928243 1.0379286028900738 -2.778807897936036
186 1674 0.11948771800747737 0 0.0006523641327772247 -4.492569658331124 -3.3081364283522348 -4.790885061566067 -6.452757041054847 1.0361781289278045 -2.7798593177762685
187 1683 0.1357719010577412 0 0.0006522897109377758 -4.509834278597225 -3.312714365357685 -4.7822922913024675 -6.409495784744626 1.0502054149989974 -2.776066281726087
188 1692 0.15823676706644252 0 0.0006520362412106203 -4.537377417383392 -3.308508509672397 -4.7361936577879895 -6.274853589038983 1.083218157645815 -2.7665480148887673
189 1701 0.18011865179858927 0 0.0006518030941870911 -4.521976037973782 -3.3301237290929806 -4.751819651701841 -6.2182849019338695 1.0669384120187664 -2.756889472976933
190 1710 0.18981167521702644 0 0.000651601112639407 -4.521840227054151 -3.322319937156815 -4.753549228677111 -6.3703620060720265 1.0661416486393476 -2.770693323709824
191 1719 0.18437864875796636 0 0.0006518477283955634 -4.524280450830403 -3.344101138020475 -4.747408989095385 -6.271619472700569 1.068281780298352 -2.7616582118464987
192 1728 0.1723796404223537 0 0.0006515921363893587 -4.526236145584574 -3.365791990290756 -4.757670328404918 -6.196439090878672 1.064437731177996 -2.7534027586367156
193 1737 0.18650127224421517 0 0.0006518556265771968 -4.544107840401702 -3.3293781251112553 -4.751793206816511 -6.383312353814436 1.0809682423233316 -2.7708903716458506
194 1746 0.2065008323513355 0 0.0006513428080406575 -4.563350975846744 -3.3533374439140045 -4.732772918815997 -6.258257186768464 1.0973358447674206 -2.759641151207912
195 1755 0.19214550292397908 0 0.0006510736242581224 -4.562794315589669 -3.347495079735621 -4.718937239788168 -6.229922467126683 1.1020440195555068 -2.758055259366938
196 1764 0.19738294179479488 0 0.0006507675611712328 -4.570516043606201 -3.351221295024881 -4.708389669109162 -6.304209780886961 1.111427467826255 -2.762614396733176
197 1773 0.18732979603832567 0 0.000650976128833834 -4.579180644379688 -3.3698335373979305 -4.703066198509794 -6.117389847895817 1.1172329448797669 -2.7473575044319367
198 1782 0.17141459387277688 0 0.000650848998126256 -4.563874493162079 -3.3523549345745223 -4.712542527114261 -6.217121901794138 1.1061043924621703 -2.7571672906974882
199 1791 0.19501432869789337 0 0.000651094387139163 -4.579050020096126 -3.348391598664377 -4.7092246034173 -6.2700563866766155 1.1177388747346528 -2.763440080604322
200 1800 0.19846980212461662 0 0.0006506131667148333 -4.582421887250327 -3.3305994509896917 -4.702460051689031 -6.278091298284749 1.1245298019014915 -2.7644151357325213
201 1809 0.21303449982140923 0 0.000650676179944125 -4.596052381750457 -3.3222267592219543 -4.670667728154753 -6.262270951296006 1.1450547519459646 -2.7636967658201095
202 1818 0.22300142212118948 0 0.0006499064121537027 -4.615019047780523 -3.31756027013321 -4.665198010459391 -6.324484488564702 1.1598892071513283 -2.769180097665426
203 1827 0.21027634903350312 0 0.0006500977686731532 -4.6184783612379405 -3.306343154502482 -4.658150480491915 -6.333329532932999 1.165791108575797 -2.77004556244427
204 1836 0.21149355170647122 0 0.0006495394348398446 -4.625961750124649 -3.3333147181339284 -4.656748095856751 -6.250585577386979 1.1694752596513946 -2.7591015801069716
205 1845 0.223619760722482 0 0.0006498171867549712 -4.6147363163170905 -3.3509461104129095 -4.671476232866788 -6.306573990291501 1.155181299564598 -2.7632399137306463
206 1854 0.2050641541792751 0 0.0006498326670290324 -4.614540224489196 -3.343677457682709 -4.672613496812581 -6.205820482676073 1.155228638097467 -2.754774140873705
207 1863 0.2000921272490476 0 0.0006495236562497195 -4.638502171481145 -3.35104478625492 -4.651196259436858 -6.191525185966593 1.1786783602164372 -2.7512232990996903
208 1872 0.16320305566481638 0 0.0006498265152795153 -4.62665564043594 -3.353125857176031 -4.656818014298352 -6.144875078914753 1.167822163998754 -2.7503798163601267
209 1881 0.16479493514902033 0 0.0006494173166565881 -4.628318201568313 -3.322362655006541 -4.650644135109462 -6.307940521922109 1.1748514253099394 -2.7674255077180163
210 1890 0.160076391679392 0 0.000649319236640494 -4.646853099841313 -3.3253057220851745 -4.639119583851375 -6.3505571737519375 1.1912969134798546 -2.7682071237890438
211 1899 0.1514760035811748 0 0.0006491828428630713 -4.64179240097253 -3.314050410685882 -4.643475897042879 -6.412301011435117 1.1874880770211373 -2.7743095364116312
212 1908 0.15267148802187744 0 0.0006491424788370341 -4.651547238493123 -3.3209129471105245 -4.63135731680814 -6.300404752991604 1.1978176596338053 -2.765259694038215
213 1917 0.14349321013071215 0 0.0006490081907967729 -4.658873368145562 -3.3244752669740065 -4.627201461517318 -6.296770941113193 1.2042143521220656 -2.764621731701662
214 1926 0.15211889912033633 0 0.0006490158505243144 -4.6571599471805065 -3.3396632820618133 -4.630083151438253 -6.283306944889595 1.2009454933988966 -2.760865163339298
215 1935 0.1545037671539004 0 0.0006489303864273151 -4.675539225887162 -3.3289130922072396 -4.617236651135089 -6.3376740356866454 1.2190373127919163 -2.7662761025614198
216 1944 0.14133094975934957 0 0.0006490374810503615 -4.655449455505913 -3.3478919024877656 -4.632376972330099 -6.275263768711487 1.198070806195505 -2.7599639184889178
217 1953 0.14537292923565454 0 0.000649036163395223 -4.681500472287117 -3.3563420936873296 -4.612658497916775 -6.237782578457358 1.2216414906503756 -2.756739231488551
218 1962 0.14105987425402938 0 0.0006488788147103738 -4.6834672820461085 -3.347628565475739 -4.612280008442304 -6.299927607266885 1.2244710323793886 -2.7618876086966733
219 1971 0.1457671881241225 0 0.0006487386229106905 -4.68546643870039 -3.3332804963200506 -4.609539089937228 -6.358956285500796 1.2286273409301267 -2.7684078865339514
220 1980 0.1542843400526899 0 0.0006488281857197168 -4.6931174634315775 -3.3463968760350693 -4.605365048731801 -6.311079258510484 1.234160015393024 -2.764413643504902
221 1989 0.1511505378035046 0 0.000648781666391389 -4.680741391062232 -3.3367630219118687 -4.612962162612694 -6.274556990475884 1.2243396053563518 -2.7607320956421275
222 1998 0.15350256610035856 0 0.0006484831928353112 -4.6987555599869335 -3.3305467477084942 -4.598458088001349 -6.340907365666594 1.2430430155127843 -2.76784187988137
223 2007 0.1532943791726838 0 0.0006484776252164678 -4.710364462768204 -3.3409842628466495 -4.587389972032763 -6.31418211278659 1.2539656996194317 -2.76389954759699
224 2016 0.14584695837090317 0 0.0006484735049326879 -4.711800790065515 -3.3524909397829643 -4.585529106541649 -6.270519406615299 1.2545854867359791 -2.7599016181708165
225 2025 0.13656213649987156 0 0.0006483463080171191 -4.709481046337599 -3.3369403403727937 -4.585110755832478 -6.318878407946807 1.2550755090437173 -2.765541942069882
226 2034 0.1246854953128568 0 0.0006484149451039741 -4.694759541902948 -3.324868532074618 -4.5970365706168765 -6.394223542688621 1.2412707068287285 -2.7725904530451415
227 2043 0.12338242961873384 0 0.0006482855381118628 -4.7180739772148454 -3.344481819910162 -4.583676342851276 -6.309797122107927 1.2610994849709931 -2.7640999605558227
228 2052 0.11736785213045448 0 0.0006482718710558849 -4.723551209765919 -3.341050386344758 -4.580156025006195 -6.3254405799474895 1.2666418761452316 -2.7659461009540482
229 2061 0.12082570004077099 0 0.0006482730466556552 -4.726369265245929 -3.337939509888929 -4.572455729258765 -6.319976371356189 1.2720284042245007 -2.7669821624686954
230 2070 0.12394200476792465 0 0.0006482135822581618 -4.72321674719348 -3.324933632184345 -4.57524732007655 -6.356946405533923 1.2698557508723785 -2.7703204856858203
231 2079 0.12886404148260103 0 0.0006482734182215907 -4.723252329344083 -3.3298277369297096 -4.5709056742124865 -6.304061222041571 1.2713132326190493 -2.765537750017948
232 2088 0.12768119839394823 0 0.0006481662346845902 -4.734659379814979 -3.3288629290804757 -4.56932143918921 -6.373941855945582 1.2799243615584734 -2.7697960867586113
233 2097 0.1494174238921492 0 0.0006480120867533566 -4.735774445494263 -3.322460478717437 -4.568773793466698 -6.3838291181486575 1.2820779009820091 -2.771540087533736
234 2106 0.17677475281016253 0 0.0006477595097580075 -4.742751444535269 -3.299167914131063 -4.55880512261552 -6.496114143121689 1.2934688513602748 -2.7828889149329146
235 2115 0.19334284127776669 0 0.000647741913163845 -4.730279767526059 -3.3016109394643807 -4.564990357323129 -6.470016022499473 1.2824116285195895 -2.7802345450930424
236 2124 0.22199748188958726 0 0.0006473133328860808 -4.767832518954794 -3.2949640510518097 -4.540302239741067 -6.514149053804033 1.3203738377170575 -2.7849802224171434
237 2133 0.24821979051259377 0 0.0006475407308167823 -4.766310361567323 -3.3092114974510327 -4.5399656042363485 -6.437891087906597 1.3177808033256644 -2.775949659639081
238 2142 0.27230271459270955 0 0.0006473012324101051 -4.763792164821294 -3.286375425248259 -4.542292594491916 -6.544277707001535 1.3180537326701778 -2.786562324766813
239 2151 0.26999520684446154 0 0.0006472045569916739 -4.778042086668761 -3.257948269264588 -4.525078121890735 -6.608143904248158 1.3379041955844801 -2.794172262764038
240 2160 0.24667646387835448 0 0.0006473409486607695 -4.762170038029095 -3.2851813964927743 -4.538455453555712 -6.5429304044093195 1.3190246677363235 -2.7884116057112243
241 2169 0.22682749632128074 0 0.0006470471041601463 -4.7946523425885434 -3.280393726960707 -4.516655777135883 -6.578359987812301 1.3514105001613357 -2.7916492883711004
242 2178 0.23289436148578224 0 0.0006469631027363258 -4.792584681572747 -3.285995785162793 -4.517377284813374 -6.525666761159454 1.3493379552946556 -2.7855022852043008
243 2187 0.20871597125848976 0 0.000647049358547419 -4.775586981859484 -3.2654706939573774 -4.534031880876804 -6.6230808839793545 1.3320127440432281 -2.7946216142378644
244 2196 0.1911529236741852 0 0.0006472668729974012 -4.76028510522634 -3.276046380353755 -4.541145275257103 -6.592511277355233 1.3172445488850129 -2.7920069535196164
245 2205 0.16729786316203857 0 0.0006470483869218304 -4.787848323870704 -3.27663500346741 -4.521330813981193 -6.562277681519795 1.3447923475041696 -2.790090226833659
246 2214 0.1746598358137509 0 0.0006470566780171232 -4.776902712858395 -3.265786747675573 -4.531905699343307 -6.596305772497996 1.3345044114557552 -2.793397938423262
247 2223 0.19954117528637194 0 0.0006469974976178166 -4.793408533076617 -3.281461492279996 -4.518296917727914 -6.507281434977161 1.3503798530525266 -2.7868520589112924
248 2232 0.22104036167312754 0 0.0006469795222910243 -4.801393089456446 -3.2531889338569067 -4.513393350785878 -6.58772309164891 1.3613495126014137 -2.7957681120863764
249 2241 0.21650533894277343 0 0.0006468860216931324 -4.8038641132518 -3.274559714726191 -4.5133195471241825 -6.551757904973322 1.3605380883699956 -2.7904968655303732
250 2250 0.23612037704041883 0 0.0006467917357208422 -4.8285585420221135 -3.253478361623312 -4.492272583896039 -6.622521980715662 1.3901151214399692 -2.797684762288794
251 2259 0.2509285802780499 0 0.0006465997473718608 -4.826675634033165 -3.2605909559794664 -4.495940065251682 -6.627243729883691 1.386348286796528 -2.796491576432508
252 2268 0.2379303655268657 0 0.0006468739906809053 -4.822565865166364 -3.291897245723803 -4.501704636186061 -6.500361136862186 1.3774671574050448 -2.785655383884356
253 2277 0.24586983769004686 0 0.000646770621864031 -4.82490460684631 -3.277764405057047 -4.495490035845998 -6.624245438327194 1.3842289163578503 -2.795382726721225
254 2286 0.2281317460329319 0 0.0006466223466119627 -4.813138590891038 -3.255067812912519 -4.499697755644273 -6.672021237822525 1.3763083112919383 -2.8003213765117025
255 2295 0.22214591140716602 0 0.0006464443809990663 -4.823162848493745 -3.2677884469651097 -4.496781757603011 -6.604007348488034 1.3833554109145132 -2.793155939917419
256 2304 0.21677892626697193 0 0.0006463732496400828 -4.827909375496198 -3.2648690403994864 -4.495557209941613 -6.644911497469014 1.387331650692876 -2.7960022808930187
257 2313 0.18756878174118466 0 0.0006464811274375775 -4.823543087879171 -3.2702285234277704 -4.499288332715732 -6.626760643679621 1.3823775121194681 -2.795008407649656
258 2322 0.21051628433617456 0 0.0006462411789602482 -4.8469095376540166 -3.2642072347503444 -4.481784367881102 -6.614220137896284 1.4085306587311053 -2.7947281532408086
259 2331 0.21655226666541819 0 0.0006461387349346744 -4.8465497292400554 -3.256052768879445 -4.480785238554605 -6.651327680167883 1.4091994029549912 -2.7974859359980058
260 2340 0.2255120696447423 0 0.0006460928889760417 -4.85476093851342 -3.2561189002919724 -4.480803464314404 -6.700832993288211 1.415173489781918 -2.8008776428084414
261 2349 0.2326394851584106 0 0.0006460035003704673 -4.864216289204661 -3.2560041080916693 -4.469574929133645 -6.684456131881784 1.4277659839785248 -2.8005580178937604
262 2358 0.19785041413136206 0 0.0006461643297221374 -4.851321627978795 -3.2651457044215944 -4.479881318953519 -6.62600239372145 1.4123809763786976 -2.795591850309438
263 2367 0.1709936151381854 0 0.0006461065861534739 -4.861569644236346 -3.2559046654011854 -4.470702068975819 -6.684129380533087 1.4256946742239627 -2.800617172298212
264 2376 0.15278647779138285 0 0.0006460323718048804 -4.855691074308161 -3.2502418727996 -4.473653934056223 -6.671062254326799 1.4201923867321353 -2.7993371226991512
265 2385 0.15763434157187076 0 0.0006458689791648029 -4.875244616644755 -3.2515358055477397 -4.460904820869333 -6.6982891677767125 1.4405808041313246 -2.801379860837826
266 2394 0.15876960992980357 0 0.0006458505431419765 -4.873513717105942 -3.2559969342301076 -4.4641914757339265 -6.694301999589148 1.4373070033404118 -2.800618692673659
267 2403 0.14169366522410337 0 0.0006458551157647718 -4.876196144745059 -3.2565473537943146 -4.462733549394151 -6.715849394764961 1.4396692770528254 -2.8022213097363036
268 2412 0.13514338689854946 0 0.0006457081085044964 -4.87917114186233 -3.250236974253921 -4.461419219265554 -6.724209992210601 1.4433824940477162 -2.8026529938874853
269 2421 0.14468562441761212 0 0.000645621393580321 -4.897169465923796 -3.2524559476329618 -4.450606387225472 -6.735886295949388 1.4614818162606777 -2.803685494530296
270 2430 0.164415323508164 0 0.0006456394394727228 -4.896000223600748 -3.2517009957027225 -4.451250133797177 -6.75329296980947 1.4601292726794444 -2.804437985031655
271 2439 0.1828986585457553 0 0.0006456812571484849 -4.896384363570672 -3.257478359627626 -4.451145379512313 -6.7411705033657405 1.459984540543086 -2.802547513593529
272 2448 0.16144742999450887 0 0.0006457478245733769 -4.888326512342202 -3.257020262570901 -4.457182574433389 -6.711006751464854 1.4511990892681716 -2.8011943720867576
273 2457 0.14487211098023012 0 0.0006457146115505278 -4.891226442065295 -3.2596516369080075 -4.4553175469730695 -6.743802835036164 1.454107394566839 -2.8025844568470046
274 2466 0.14805614873983738 0 0.0006456468305198515 -4.90306819205688 -3.2523388577679113 -4.445862125568631 -6.737068973969075 1.4683501475270195 -2.803435188512789
275 2475 0.14425916501455285 0 0.0006456996586027961 -4.898750130552191 -3.257416394027736 -4.450473300900174 -6.752410097425941 1.4622341090105497 -2.803888553156106
276 2484 0.15659732021015696 0 0.0006455557568657259 -4.905171221928009 -3.2577681721578404 -4.446796114564188 -6.767314676877519 1.4689526917968103 -2.8037917033962145
277 2493 0.15728659990872587 0 0.0006455791590736218 -4.920446710579319 -3.2595585036848864 -4.438607738869454 -6.789340588112401 1.4836996475575635 -2.8053429324229837
278 2502 0.16937919766490916 0 0.0006454826038742518 -4.912391932198055 -3.2596397582695316 -4.444394875872426 -6.7584157365368505 1.4752228806616514 -2.802727642134048
279 2511 0.20459999979172422 0 0.0006453366236974171 -4.927486221858554 -3.2556464468303017 -4.435223196978573 -6.82291450355528 1.4917412982335563 -2.8068574057977513
280 2520 0.2307762769720217 0 0.0006453148234295469 -4.928572647300014 -3.254530035869382 -4.435096825410814 -6.806260684211596 1.4925073064523366 -2.806211748564537
281 2529 0.2755481618109247 0 0.0006452650440097471 -4.953473957728008 -3.2498133324034293 -4.417531104719569 -6.899925206874658 1.520572447578743 -2.811674456599896
282 2538 0.2802951778087064 0 0.0006451969805583243 -4.937220611955951 -3.2514511027455435 -4.4286527901536195 -6.856431438594813 1.5030841923485334 -2.8083642557940194
283 2547 0.25838664926601623 0 0.0006452756783609095 -4.970491437524113 -3.251173610554441 -4.4111753369528355 -6.926119278931773 1.5361267611241278 -2.812326617848274
284 2556 0.24563564703411367 0 0.0006451905775772944 -4.98142283040358 -3.2541668438915092 -4.4059311957267795 -6.954992366886726 1.5470309232505186 -2.813289641960904
285 2565 0.25805186827629667 0 0.0006451667660892933 -4.976521708217389 -3.2552169560362256 -4.407089016364156 -6.892605317290395 1.5430979110522578 -2.8107570654496397
286 2574 0.2843018724319738 0 0.0006452248165756047 -4.9826993147411835 -3.2538886552149107 -4.398297751252172 -6.893734765395206 1.552974274818031 -2.8105195269414587
287 2583 0.2683890495026752 0 0.0006450539686036992 -4.975660883583269 -3.2539441408824477 -4.407338678970148 -6.906139317654855 1.5425263202888628 -2.8103468595040324
288 2592 0.3628479034910387 0 0.0006447698017664589 -5.001535028976728 -3.2543972647771295 -4.391513469245305 -6.891657687885609 1.5707528338450834 -2.8089949944833936
289 2601 0.49080803499231235 0 0.0006449504685391223 -4.992287656194004 -3.2617667660102128 -4.398231183803747 -6.76807178377214 1.559574179267323 -2.8034925988122295
290 2610 0.6352484127256919 0 0.0006448102895970935 -5.010631477521794 -3.255770257540351 -4.386683643792502 -6.742563174609348 1.5800674183549157 -2.8041400175192153
291 2619 0.6664757258469115 0 0.0006444693842666779 -5.057246173330425 -3.2546527595623123 -4.363217380406187 -6.967478496327653 1.6288679463445472 -2.8135031100814083
292 2628 0.6550235440660273 0 0.000644425954511491 -5.043273894003349 -3.258647657022396 -4.3790510544187855 -6.948372659197184 1.6092662468448438 -2.811014045049656
293 2637 0.6744517696279861 0 0.000644964111534559 -5.050084278594249 -3.262937561694154 -4.373172607861727 -6.888596118509395 1.615841234711668 -2.81113895486194
294 2646 0.6398589921757908 0 0.0006444761757238914 -5.04084573059857 -3.2647883732381806 -4.375537666432155 -6.814711959760162 1.6086776500616546 -2.803446799977661
295 2655 0.6218050362635248 0 0.0006445372179121583 -5.079533074815588 -3.2677569078002655 -4.361507488106674 -7.066157624554515 1.645269204480632 -2.8130940451900046
296 2664 0.6179292265531839 0 0.000644446366867069 -5.09060315817031 -3.274796488404546 -4.358210529833802 -6.924728808986365 1.654026567517135 -2.807598256818256
297 2673 0.5406475860321953 0 0.000644363997093387 -5.056163276699551 -3.2682893130384034 -4.367565868466216 -6.785126296334304 1.6229218761205142 -2.8020956089943363
298 2682 0.49223054889912427 0 0.0006443141749208493 -5.090909663218134 -3.26673063232888 -4.3521589442172495 -6.913736329828745 1.6584663446388839 -2.8086585165973945
299 2691 0.4662575820014986 0 0.0006443913394513574 -5.092400353622365 -3.2777042294024583 -4.358034315775178 -6.89673484093083 1.655268047823097 -2.8069609895062357
300 2700 0.4240174761961623 0 0.0006441666533389477 -5.085268018955159 -3.2730991638003637 -4.357519245514302 -6.877628216407747 1.650705774496902 -2.806607207534882
301 2709 0.3608537533079074 0 0.0006441517366692983 -5.081354949594873 -3.2689981150805094 -4.360244259274802 -6.919564897913623 1.646917179020668 -2.809536638480131
302 2718 0.3756360559248241 0 0.0006439291431701436 -5.078415764855809 -3.26684185993878 -4.360970880389281 -6.877147122689265 1.6449049094814008 -2.8072565124595363
303 2727 0.3875740572783676 0 0.0006439578099558007 -5.070490556943894 -3.2670968855786016 -4.3615611829405045 -6.788450475890341 1.6386206713610056 -2.803653243411349
304 2736 0.3787264675724832 0 0.0006440254026274556 -5.060656305122942 -3.266981771177744 -4.367076964857966 -6.796321560670941 1.627678318065495 -2.803613066916245
305 2745 0.3810575223091966 0 0.0006439446221102464 -5.072714999582966 -3.265554041862462 -4.363354525637903 -6.765575562444089 1.6395423523654247 -2.8036470532086524
306 2754 0.3937259688209901 0 0.0006438182935252549 -5.082124576075293 -3.2594451527357355 -4.3564850355392055 -6.870673527309503 1.6509781006307425 -2.808420382906943
307 2763 0.436077281839781 0 0.00064386438943599 -5.083399901186688 -3.2590481539870275 -4.355184940162168 -6.7916325873920735 1.6525972063017829 -2.8053969171481428
308 2772 0.4584905953512936 0 0.000643852345299753 -5.088095698575698 -3.2560611926558924 -4.355932502251728 -6.864231409642138 1.6561057479789132 -2.808319537884501
309 2781 0.4660868162321163 0 0.0006437461730582679 -5.089115850096855 -3.2602429116730876 -4.354702633461949 -6.796423121007578 1.6570028705551079 -2.8047341427234493
310 2790 0.4776662412907944 0 0.000643653779542333 -5.09157799363924 -3.2509401624809517 -4.353446183801433 -6.812169629284261 1.6613305380822476 -2.8063497165546667
311 2799 0.5346752941175668 0 0.0006434017630642672 -5.1212110449099 -3.2586780723979625 -4.3447947940247795 -6.888948189346158 1.6882312847301895 -2.808518013407745
312 2808 0.5665885133791975 0 0.0006433295225028855 -5.120588652091616 -3.2594884891421323 -4.341315660581117 -6.804018407340863 1.690056013376004 -2.8055492794150396
313 2817 0.536882905904733 0 0.0006434453036109531 -5.119121261128119 -3.255144790166628 -4.346661836132855 -6.780759706054802 1.6865995282765083 -2.8043266358955132
314 2826 0.5944026268119451 0 0.0006430712831578452 -5.1404862502681 -3.25213033089292 -4.333875817311489 -6.795707950861051 1.7112869884950754 -2.8045276355004347
315 2835 0.6160825804261266 0 0.0006433437332105543 -5.13895909654511 -3.2598022306795977 -4.337338894591265 -6.7863315655443515 1.7058798595054483 -2.8046318127450367
316 2844 0.5505742460843357 0 0.0006430837619354598 -5.141545766236007 -3.2513671198308756 -4.334881853980504 -6.857687202710565 1.710915295103746 -2.8090743350607874
317 2853 0.5246040467215132 0 0.0006429972279951036 -5.153360092200732 -3.251856092541357 -4.332382203392743 -6.918817318696172 1.7222153673449507 -2.8113336466584387
318 2862 0.4835463928079544 0 0.0006429090383250419 -5.160837247832664 -3.255742443230112 -4.328693847219241 -6.880380832353817 1.7294544425404457 -2.8091954849810317
319 2871 0.44765382908629947 0 0.0006430029125670775 -5.157747545218935 -3.257948889033438 -4.329450724243019 -6.866724831366943 1.726683218990307 -2.8089431259320157
320 2880 0.4658152857761528 0 0.000642794779228713 -5.193712884659429 -3.258818666178094 -4.318515748901851 -6.855796554077763 1.7608423928438175 -2.8079925742116743
321 2889 0.4603236979708174 0 0.0006427031698149135 -5.184478090732792 -3.2583801552610256 -4.3199296049713 -6.820861400497727 1.7529930513254326 -2.8063497775451465
322 2898 0.4716448222481604 0 0.0006427442623272633 -5.189515924672741 -3.260121306337191 -4.31554909606896 -6.828724189587682 1.7590917633835035 -2.8065210919071855
323 2907 0.5148957303538972 0 0.000642560971427693 -5.227167616848793 -3.2557896275625944 -4.303618630849365 -6.855007323869042 1.7964997010043762 -2.807910494501098
324 2916 0.4940013014165602 0 0.0006426288491254484 -5.199305153298341 -3.261305661541708 -4.316089410018429 -6.863393400476358 1.7669067523700916 -2.807118898873625
325 2925 0.5852165024191918 0 0.0006422997975620318 -5.21912588875221 -3.248717542371788 -4.303925001475695 -6.855665091767072 1.7919809657163162 -2.808087342740644
326 2934 0.6038315481629526 0 0.00064240230204209 -5.219446018926189 -3.251588717830673 -4.3043664383210825 -6.91498493145021 1.7912026386302131 -2.81173846479857
327 2943 0.6288714851451521 0 0.0006423319268770802 -5.239883970564407 -3.2398171670787876 -4.292068897276335 -6.951243359760398 1.8164537209595792 -2.813965201569517
328 2952 0.6478520385399776 0 0.0006419656811582242 -5.272506535232696 -3.244226331036547 -4.285534062430961 -6.848773431606151 1.8460936988258732 -2.8089924886540194
329 2961 0.6814396474538251 0 0.0006419266492445845 -5.271841181721953 -3.2394838887266473 -4.2879241478993855 -7.0021601373479125 1.8446331170215395 -2.8149120162686785
330 2970 0.701996049489695 0 0.0006417728309902744 -5.291331262635535 -3.2398364529195818 -4.279999213620824 -7.007176987664787 1.8653803016334427 -2.815077112904049
331 2979 0.661463678956471 0 0.000642054025365526 -5.260349314386446 -3.2462174606984173 -4.288096981148982 -6.857659877900176 1.8350065576845025 -2.807408968580907
332 2988 0.6545876544092127 0 0.0006419618808162794 -5.273468806795902 -3.243537926953236 -4.286786967084869 -6.858911652081059 1.8468615822514831 -2.806895475494971
333 2997 0.6620332602606221 0 0.0006417145910043412 -5.300175183976461 -3.241317439617501 -4.2764018187297745 -6.926472482963629 1.8749919268368351 -2.8105370033689825
334 3006 0.6021499647867564 0 0.0006418347653471707 -5.297512961493729 -3.2389578204028293 -4.2771993129224315 -6.916682098765176 1.8729066621132509 -2.809500732641687
335 3015 0.5826624309857223 0 0.0006419367572232684 -5.27778492047986 -3.2413001644550166 -4.284575292896413 -6.868281594509007 1.8521533492382145 -2.807511154413226
336 3024 0.49581445048458994 0 0.0006420046944377237 -5.261256541958405 -3.246413280449667 -4.2884310734667395 -6.875802613219672 1.8353094310302358 -2.8083851606007926
337 3033 0.44164338048140217 0 0.0006417490442078916 -5.289222017118622 -3.242034479155952 -4.281111172834296 -6.914829440004227 1.8628438245753978 -2.810832362151971
338 3042 0.4586645280366617 0 0.0006416936701527152 -5.298650132603358 -3.24535427086755 -4.279714536658737 -6.894182492265535 1.8710971863157952 -2.8092644725263445
339 3051 0.48605401376508744 0 0.0006416698540864517 -5.297471455529233 -3.2437668191107014 -4.278331235071675 -6.9488506056179755 1.871181443889115 -2.812177315998325
340 3060 0.5123110642234592 0 0.0006416178719638294 -5.30656057303832 -3.2470809781938343 -4.2778065484869545 -6.865453752183863 1.8787751518054039 -2.809054433756782
341 3069 0.543689315682082 0 0.0006416336495625321 -5.29460121470625 -3.2399675065288642 -4.278726506588194 -6.8996535365676195 1.869633231641896 -2.8119194265668757
342 3078 0.5352362963407024 0 0.0006415865787474616 -5.304668161381867 -3.2407516700886765 -4.277217886039686 -6.877164339638315 1.8787409674880071 -2.811241162165916
343 3087 0.5223564834528608 0 0.0006416806029218272 -5.302061362414001 -3.2422736771954708 -4.280233256107106 -6.844520847798551 1.874898766653445 -2.8077032954732615
344 3096 0.47561579457423175 0 0.0006415695875169333 -5.302180118289261 -3.2439328102715805 -4.2779070886257395 -6.873305254402477 1.875932098873422 -2.8095709900852848
345 3105 0.42609469250810744 0 0.0006414934995657655 -5.3160034525789035 -3.2436313243475663 -4.273472631226306 -6.883403046580676 1.8895140088344875 -2.81007952816009
346 3114 0.3845676857129252 0 0.0006416407373981118 -5.3153557516022065 -3.246209575779678 -4.274870778831994 -6.866618110938147 1.8876490988150498 -2.8095976058281824
347 3123 0.345405013161608 0 0.0006415298308385134 -5.310162003725627 -3.2422632725887603 -4.27720726933799 -6.888023025877935 1.8830365870711174 -2.809624087190821
348 3132 0.347730940300994 0 0.0006414832569433084 -5.322371094823864 -3.2438657996906213 -4.274048712296495 -6.891754672166269 1.894416604938688 -2.8100578578237
349 3141 0.2897298591542274 0 0.0006415101272670059 -5.316077944878583 -3.2438338643551057 -4.274012261764282 -6.8899300314811445 1.889143315632845 -2.8101312522160753
350 3150 0.26620811020682705 0 0.0006415109367543367 -5.31385694763295 -3.243733008268235 -4.2759952278534 -6.89254124120853 1.8862826162963375 -2.810182262039659
351 3159 0.22063795258508825 0 0.000641495021638533 -5.314937963606751 -3.243116195110316 -4.275765133015173 -6.862962067256639 1.887576455896784 -2.8092496034095618
352 3168 0.20477191824371152 0 0.0006414879887503734 -5.322602759291693 -3.2438971028345462 -4.2731987106276 -6.901070719863001 1.894988999454769 -2.810476574667198
353 3177 0.16901472108985752 0 0.0006414835890339759 -5.318520891427445 -3.243536479428561 -4.274081573466677 -6.871234947912973 1.8912715493631223 -2.8096226670989988
354 3186 0.1682032420792934 0 0.0006414653835329798 -5.320715776682264 -3.2434706147893 -4.273266558433144 -6.86803196450251 1.8935933841814476 -2.809337719269457
355 3195 0.17505281923915333 0 0.0006414557533361684 -5.3222634887897105 -3.2440275060056463 -4.272369403261721 -6.867533883023804 1.8953597715951245 -2.8088303254472424
356 3204 0.1617160772761121 0 0.0006414524771672711 -5.322672245410231 -3.2437632515167896 -4.272680596920678 -6.834076846564799 1.8957146629834047 -2.807657734800658
357 3213 0.14271238276349008 0 0.0006414451031649189 -5.322856724767786 -3.243507040348523 -4.272649222443498 -6.837601822912155 1.8959451690450946 -2.8079750582047383
358 3222 0.1311075019756452 0 0.0006414414314134936 -5.324288106055551 -3.2439744170438263 -4.272903530423248 -6.849524393156081 1.8968839846362218 -2.8084833094927593
359 3231 0.11723213076198628 0 0.0006414356521033496 -5.324224826865995 -3.2439999991555317 -4.272507915829521 -6.851047291778254 1.8970585804725741 -2.808256861953196
360 3240 0.10351201949540206 0 0.0006414367107438598 -5.323733269386589 -3.2438479111583844 -4.27246040353659 -6.853436067326678 1.8966509172228792 -2.8085549029203167
361 3249 0.10114188659292919 0 0.0006414284079505739 -5.324168583354183 -3.2437814331698025 -4.272598208556806 -6.85387377620268 1.897034392780628 -2.8085498399159587
362 3258 0.09712468551759168 0 0.0006414341845440386 -5.324433984453944 -3.2438746086194525 -4.272526541324341 -6.856118461900143 1.8971908813830785 -2.80882980030284
363 3267 0.09700283941562636 0 0.0006414292304708807 -5.322674483288964 -3.243391080961379 -4.272761269183995 -6.858771100258734 1.8957619444137912 -2.8087836053926063
364 3276 0.11009324918722503 0 0.000641424044523027 -5.3227276306051685 -3.243314657090975 -4.272437676298779 -6.866398479098929 1.8959478984840346 -2.809357091820193
365 3285 0.11716519356826087 0 0.0006414200572582867 -5.324528633738106 -3.2439686810416903 -4.271743512273555 -6.8544660276853095 1.897765592935135 -2.808606190046548
366 3294 0.11345696214629558 0 0.0006414178921795882 -5.324321108004094 -3.2436613398713425 -4.271770553451177 -6.86971246310997 1.8975587359851134 -2.8094391645099486
367 3303 0.12330552772512457 0 0.0006414161962208611 -5.323944640682748 -3.24379099498579 -4.271408864863501 -6.879204581484498 1.897438306409394 -2.809900889561916
368 3312 0.10345390815779637 0 0.0006414203048599504 -5.321772425830877 -3.2431834345001502 -4.27240002217021 -6.866537349017599 1.8952955052276015 -2.809217652747113
369 3321 0.07976251989199604 0 0.0006414249806745108 -5.324561763908433 -3.2438095494067745 -4.271779127982814 -6.868981929786393 1.8976854011981394 -2.809324477472225
370 3330 0.0761295662476454 0 0.0006414212294005476 -5.322752419186841 -3.2437337973542926 -4.2721402136631115 -6.869814269430544 1.896092090247433 -2.809510117478103
371 3339 0.07791821883195105 0 0.0006414153563556122 -5.322977123694674 -3.2434886637290528 -4.271881793412282 -6.87106746408495 1.8964875834869992 -2.809623315720876
372 3348 0.08471767778130657 0 0.0006414142375522754 -5.3234535122027316 -3.243897543245829 -4.271658994680193 -6.874251220517618 1.8969420620718405 -2.8097463829834215
373 3357 0.08294834722655281 0 0.0006414131738314178 -5.3233377430148385 -3.243657853375936 -4.271964702624059 -6.870780558271283 1.8967218938948351 -2.80952681925393
374 3366 0.08791762157977691 0 0.0006414046853044338 -5.323907691616663 -3.243760691405252 -4.271790845636532 -6.880039219329213 1.8972893244290556 -2.809910362714307
375 3375 0.08214057818735561 0 0.0006414120619661304 -5.323284565758931 -3.24369411359589 -4.271965455505255 -6.86690374753662 1.8967180388524056 -2.8092711928619
376 3384 0.07403981179371649 0 0.0006414083486707957 -5.324165772402074 -3.2437444387584744 -4.2715749030261945 -6.8694733253583475 1.897626145501722 -2.8094975443377765
377 3393 0.0718596865690171 0 0.000641404666724258 -5.324345470220596 -3.243663160677744 -4.271757495701998 -6.874590925311456 1.897677624991834 -2.8096066408828637
378 3402 0.06007360123437288 0 0.0006414090787177051 -5.324019018795226 -3.243609464241997 -4.271788657178952 -6.86903862020405 1.8973976247778104 -2.8093400349874447
379 3411 0.05683228668265129 0 0.0006414042116811237 -5.324269532490417 -3.2435943245220558 -4.271463504278102 -6.876348159039026 1.897782999632045 -2.8097525040494817
380 3420 0.061332792266334556 0 0.0006414032962696882 -5.324040774801996 -3.243563968615514 -4.2713245033858245 -6.879955700944327 1.897685835871307 -2.8099087172463304
381 3429 0.05829320042712743 0 0.0006414015225366411 -5.324113926006048 -3.243578138330743 -4.271469723612127 -6.883117299101483 1.897661228771048 -2.810080332745993
382 3438 0.054557829701403854 0 0.0006414021183659706 -5.323364069253295 -3.243434126343254 -4.271801601044658 -6.886321147655883 1.8968921432865546 -2.8101849678151676
383 3447 0.05262345237437232 0 0.0006414010250720072 -5.323756925066508 -3.2436216846813384 -4.27152358495189 -6.8833509261065196 1.8973590930181834 -2.8099686525684895
384 3456 0.051315013908297895 0 0.0006414003404240701 -5.323851172072976 -3.24369522971206 -4.271435202634889 -6.8871728538894175 1.897468175702642 -2.8101891560824663
385 3465 0.047526924363225156 0 0.0006413997312427866 -5.324506514018241 -3.243639007593886 -4.271385154631466 -6.878512870750315 1.8980398402960017 -2.8097894244775836
386 3474 0.04847237181971159 0 0.0006413987445261955 -5.324051148098172 -3.2435676920087815 -4.271304246781078 -6.884259091285341 1.8977352088276487 -2.810051583625715
387 3483 0.045136894277693566 0 0.0006413965584194204 -5.324765848430289 -3.243677560413934 -4.27120208589488 -6.883730625483309 1.8983501032341699 -2.8100016384632434
388 3492 0.04571664020727319 0 0.0006413945990560029 -5.324787694694732 -3.243716598342659 -4.2713410669542675 -6.886671510292023 1.8982932690607202 -2.8101249517022953
389 3501 0.041844416249843565 0 0.0006413967134842884 -5.3247683724960595 -3.2436945424536447 -4.271179578480621 -6.8804314231110135 1.8983773888365743 -2.8098321434267386
390 3510 0.0451106662590262 0 0.0006413953108227566 -5.324352917053357 -3.2437233614069334 -4.271436707088369 -6.885243545197607 1.8979122678096816 -2.8100368106172486
391 3519 0.0469319323637599 0 0.0006413945737743864 -5.324600065493109 -3.243724872445074 -4.27125470482967 -6.885975099374423 1.898205103420871 -2.810091025806285
392 3528 0.04906486874967892 0 0.0006413931725254515 -5.324505660606271 -3.243694426451834 -4.2713213939209345 -6.889261614633715 1.8981109187169485 -2.8101105352051254
393 3537 0.05793147983460479 0 0.0006413936608551533 -5.324149419243759 -3.243556409133487 -4.271613830251052 -6.894680038810738 1.8976610478732945 -2.8103578162232052
394 3546 0.06158996780573846 0 0.0006413908835844761 -5.32462428250413 -3.2437364189044056 -4.271425252258293 -6.8907947647726555 1.8981596783481745 -2.8102326019060015
395 3555 0.06390598414387294 0 0.0006413889918652988 -5.3243520383981195 -3.243607492479913 -4.271288449192715 -6.901470466960213 1.8980346577485037 -2.810664135233926
396 3564 0.07574734035545085 0 0.0006413875806367049 -5.324469234093952 -3.2435310848208188 -4.271518693982625 -6.913461060415661 1.897989933359456 -2.8111545342498974
397 3573 0.08124376546513967 0 0.000641386403488468 -5.324767800611926 -3.2436016551413376 -4.27135242292913 -6.912041691125729 1.898323001937075 -2.811061947529004
398 3582 0.08800092154310217 0 0.0006413848119830316 -5.3245158994626 -3.2435585820259503 -4.271553676181996 -6.921719656839181 1.8980512441521165 -2.8115190766972833
399 3591 0.09458897770741935 0 0.000641386801056889 -5.325001032654198 -3.2437026313314186 -4.271643309975713 -6.917893959989555 1.8983846981634158 -2.8111693822359385
400 3600 0.09234005138003018 0 0.0006413862672162662 -5.3244767944990175 -3.243659000094462 -4.271456405740194 -6.910978218596911 1.8980702952365012 -2.811005432059459
401 3609 0.08534182807462508 0 0.0006413870100712045 -5.324150878245047 -3.243621664111554 -4.271537472283192 -6.923650348498235 1.8978197319904038 -2.8115217765248657
402 3618 0.07710563524106458 0 0.0006413865324649207 -5.324598177278819 -3.2436817262337825 -4.271353523633345 -6.925146173811835 1.8982065330998368 -2.8115527871682136
403 3627 0.08028105649190354 0 0.0006413850673640363 -5.324608259740172 -3.2435962289287383 -4.271094482940439 -6.908344841330802 1.8983772279130031 -2.8109959156722715
404 3636 0.08884621362985391 0 0.0006413838601563144 -5.324696761731881 -3.243587471119553 -4.271160542143231 -6.916711893139442 1.8984102906757165 -2.81149639018039
405 3645 0.09176803282972607 0 0.0006413840771832901 -5.324405701618322 -3.243436990165073 -4.271031165759704 -6.929487721777869 1.8982822160570818 -2.811913074589567
406 3654 0.08566610514799293 0 0.0006413825383448117 -5.324555600396536 -3.243531127673688 -4.271106742256209 -6.924606080645173 1.8983783525688858 -2.811667972395085
407 3663 0.0785982651146787 0 0.0006413828137517394 -5.324535796487809 -3.2435271125450122 -4.271075534093202 -6.923821360362357 1.8983994421820833 -2.811575740669909
408 3672 0.07813645638528617 0 0.0006413821931161966 -5.324840730311904 -3.2436125275655803 -4.271131315053867 -6.912103330940532 1.8985846813845775 -2.811072448448843
409 3681 0.0725993340774126 0 0.000641384142295587 -5.324382603963999 -3.2435090190282763 -4.2711842788031955 -6.913219838181189 1.898196262046019 -2.8111499050569475
410 3690 0.0693395524654457 0 0.0006413834692289291 -5.324514634444248 -3.2436611099103447 -4.271246283700909 -6.918046177676932 1.8982567645533004 -2.81143126193362
411 3699 0.05919578411477063 0 0.0006413838142540799 -5.324547374801067 -3.2436146133328916 -4.271236155378212 -6.916422061756328 1.8983074408241978 -2.811225551891103
412 3708 0.055865241396120355 0 0.0006413825802988381 -5.324906794426646 -3.2436792058706447 -4.271302843215718 -6.918244230179145 1.898544153051476 -2.811271478732617
413 3717 0.05947792173849248 0 0.000641381596858986 -5.324726049893426 -3.2435866991782736 -4.271168182813596 -6.928108906933925 1.8985090665108877 -2.8117802061293493
414 3726 0.0571895856061308 0 0.0006413821019193116 -5.324693665166256 -3.2436393068456764 -4.271292884478495 -6.926710838177191 1.8983982014280696 -2.8117694482980564
415 3735 0.05080767826407231 0 0.0006413822338175803 -5.324803078070844 -3.2436063663212997 -4.271250028597327 -6.913860537182728 1.898484997436776 -2.8111576139175014
416 3744 0.04790656825876955 0 0.0006413814214616695 -5.32472918271133 -3.2435723144363715 -4.271239828810685 -6.919194366812797 1.8984606743916754 -2.8114089481498867
417 3753 0.04956887813505392 0 0.0006413808380377445 -5.324976995092163 -3.2435943728785 -4.27131201157189 -6.924270512623707 1.898613925122511 -2.8115692084896398
418 3762 0.044482926631604455 0 0.0006413810957662544 -5.324820199769827 -3.2435743436487154 -4.2712252454289565 -6.919233471822174 1.898533566106983 -2.8113965828806293
419 3771 0.0449320333883402 0 0.0006413808344330043 -5.324836063556838 -3.2435536857902267 -4.271179167294245 -6.92978449263092 1.8985919801609021 -2.8118372229622577
420 3780 0.04415544598746869 0 0.0006413806603520362 -5.324932890068541 -3.2436198124663487 -4.271265432311612 -6.924212674635774 1.898619355237336 -2.8115938879915188
421 3789 0.04371603766395457 0 0.0006413796855148124 -5.325103435845107 -3.243646921447291 -4.271256777584387 -6.920962738236652 1.898744379708771 -2.8114860100673886
422 3798 0.045229779894511005 0 0.0006413801468286783 -5.32502659844971 -3.2436371593854254 -4.271338778317779 -6.921602548805768 1.898654243563829 -2.811518070133465
423 3807 0.047335215515808785 0 0.0006413791928807608 -5.325260456963444 -3.2436355689124707 -4.2713113028455805 -6.929001217343811 1.898859690701189 -2.811802221925946
424 3816 0.042334454765583375 0 0.0006413795578684141 -5.325056009402381 -3.243592095296388 -4.271276894800789 -6.927732967952548 1.8987233833426866 -2.811772852888279
425 3825 0.03522472459688548 0 0.000641379485280149 -5.325056094903452 -3.243611099362905 -4.271244433854198 -6.923524829466386 1.8987252951189735 -2.8116046528897676
426 3834 0.03439341158791062 0 0.0006413793773558852 -5.325199822681348 -3.2436450439267785 -4.271325004647626 -6.923733073873637 1.8988060558173747 -2.811581703635709
427 3843 0.03445932146086629 0 0.0006413793758481137 -5.3251093443449875 -3.243636858146524 -4.27124019663994 -6.918626030667243 1.8987773983948522 -2.8113837640055865
428 3852 0.03085536659318256 0 0.0006413791606699312 -5.325159824482216 -3.243631957980318 -4.271277141264747 -6.923670411684361 1.8988026988698525 -2.8115935855105296
429 3861 0.02846462818441424 0 0.0006413789767171101 -5.325136218022366 -3.243642832620964 -4.271212758831425 -6.917325878509167 1.8988105508563835 -2.8113727013220453
430 3870 0.027079531381086076 0 0.0006413793303357337 -5.325135069843456 -3.243648999830458 -4.271257995706134 -6.917223631462842 1.898787381541267 -2.8113354735571043
431 3879 0.025099781150023214 0 0.0006413790278174809 -5.325180480123832 -3.243659642155884 -4.271249107024533 -6.916548507384408 1.8988321903284495 -2.8113198820559036
432 3888 0.02314920322913031 0 0.000641378804127253 -5.3252035207685156 -3.243655699397522 -4.271259818108738 -6.919184836947892 1.8988477205949814 -2.811432545798016
433 3897 0.02267230712590454 0 0.000641378937035734 -5.3251708043580335 -3.2436445496732422 -4.271252690234985 -6.923350845952939 1.898832424511547 -2.811599764180986
434 3906 0.023661166661769976 0 0.0006413789500996447 -5.325169618269007 -3.243634467408279 -4.271272024846703 -6.924012597615882 1.8988240587571728 -2.8116284998015377
435 3915 0.025224152494282316 0 0.0006413792154307909 -5.325149638975333 -3.243629352022173 -4.271307317923607 -6.925346190105549 1.8987864261881833 -2.811686415613244
436 3924 0.03257292897533519 0 0.0006413788414452643 -5.325137870363708 -3.243622894192469 -4.271258467434666 -6.92597783400831 1.8988066077042887 -2.8117684619702423
437 3933 0.037156671866949605 0 0.000641378770036193 -5.3251886407971245 -3.24366002897213 -4.2712704310974265 -6.9195350510430504 1.898831867059785 -2.81150794955129
438 3942 0.04096762962562157 0 0.0006413789873840775 -5.3252684241520525 -3.2436940104147522 -4.271346725564548 -6.9200910909644575 1.8988453690938616 -2.8115284539459617
439 3951 0.03964175244348888 0 0.0006413785722060577 -5.325267613843323 -3.2436615221080785 -4.2712876193430045 -6.923151827554231 1.8988939385099006 -2.811606397816032
440 3960 0.03894519252081278 0 0.0006413785471673647 -5.325304504257606 -3.243684386493197 -4.27131434363883 -6.920764525333766 1.8988937796676382 -2.8115429159051635
441 3969 0.03544294606870227 0 0.0006413784779236221 -5.325330400713625 -3.2436801966567312 -4.271338523628427 -6.92071328666023 1.8989029813886358 -2.811557649508797
442 3978 0.03408915837033777 0 0.0006413788835022542 -5.325425666199962 -3.2437182611947386 -4.271421214642863 -6.921625829203893 1.8989349207909954 -2.8115819689289507
443 3987 0.03227078519745955 0 0.0006413786347092701 -5.325438882744201 -3.2437176787765925 -4.271398295540495 -6.920687881833518 1.8989624616464762 -2.8115438345182464
444 3996 0.030954286958953085 0 0.0006413786282522158 -5.325382817761523 -3.2436911567579285 -4.271377285659092 -6.923561106449392 1.8989390580172525 -2.8116917139888407
445 4005 0.03239243151621127 0 0.0006413784930030033 -5.325417464294408 -3.243705817900566 -4.271369014703574 -6.923346142178987 1.8989532674331897 -2.8116848632953055
446 4014 0.029222362128069678 0 0.0006413783787766879 -5.325449949533976 -3.243692544691611 -4.271375426360383 -6.926283591004885 1.8989906097222942 -2.8117874612445988
447 4023 0.02684550890711529 0 0.0006413784635166932 -5.32541164201409 -3.2436779873622488 -4.271356156966113 -6.928415514957535 1.8989724657485918 -2.8118759552913053
448 4032 0.025950230249060565 0 0.0006413782935320586 -5.325419474218867 -3.2436961517223133 -4.271357233647144 -6.923045204453411 1.8989651880801302 -2.8116639491128113
449 4041 0.024999266947806333 0 0.0006413783045113675 -5.325425474976699 -3.2436843430600115 -4.271345668493696 -6.927577449123578 1.898984040736691 -2.811845699675135
450 4050 0.02125647337792137 0 0.0006413782970348519 -5.3254525487165845 -3.2437026452832054 -4.2713744768224196 -6.923130971612456 1.8989843038869885 -2.811669523673481
451 4059 0.02082529939708325 0 0.0006413782931697928 -5.325428497557339 -3.243703171465194 -4.2713592243814995 -6.921836720530352 1.898973749424899 -2.8116175591518178
452 4068 0.01987254732342238 0 0.0006413782370835694 -5.325455393469337 -3.243690739522943 -4.2713570088770565 -6.926522609579392 1.8989992921166206 -2.811828462580569
453 4077 0.022675276998121684 0 0.0006413782887920745 -5.325470871324035 -3.243690626918799 -4.271359607884349 -6.927624382632335 1.8990209747849496 -2.8118794229140023
454 4086 0.021110027420475425 0 0.0006413782029299507 -5.325418842674746 -3.2436833152110793 -4.271337793640161 -6.925978158328494 1.8989914907977263 -2.811789139754747
455 4095 0.016938222855119988 0 0.0006413781892348481 -5.325435065815017 -3.243693104350045 -4.271351465902098 -6.924309471219305 1.898987724690648 -2.811719615994088
456 4104 0.016327988467435148 0 0.00064137816970752 -5.325459121983429 -3.2436942536894104 -4.271357370573099 -6.9255240050098354 1.8990024559134944 -2.8117698912552505
457 4113 0.015763526655490502 0 0.0006413781702654719 -5.325436212850203 -3.243691555672453 -4.271348128888124 -6.924871439818259 1.8989908448039727 -2.8117408883428796
458 4122 0.013450837071924541 0 0.0006413782253537606 -5.325434402449572 -3.24369100522039 -4.271352780914428 -6.925311793359444 1.8989859406509844 -2.811756963140041
459 4131 0.011184809133263468 0 0.0006413782143169497 -5.325425939115262 -3.2436877780412354 -4.271350239512842 -6.92508440447058 1.8989831554150396 -2.811746169998484
460 4140 0.010259953776576783 0 0.0006413781723844376 -5.325445298290276 -3.2436897466828647 -4.271349005464331 -6.925965696812363 1.8989970905779798 -2.8117918480574127
461 4149 0.009800469440441238 0 0.0006413781730095476 -5.325431125284963 -3.2436926981955287 -4.271345405757042 -6.924316963143833 1.8989870636319592 -2.8117264299737714
462 4158 0.011349512634236187 0 0.0006413782113156361 -5.325422817803653 -3.2436846385973013 -4.271340116047423 -6.926138234390397 1.8989878038064099 -2.8118070134755895
463 4167 0.014124189838853959 0 0.0006413781640946649 -5.325392879447777 -3.2436828861336386 -4.27132510336429 -6.924030206410638 1.8989728613284926 -2.811719871871165
464 4176 0.012588074137613823 0 0.0006413782167522073 -5.325423893558964 -3.243688546919865 -4.271346214466166 -6.924957200823348 1.8989856096769435 -2.8117551169570816
465 4185 0.010664383918458902 0 0.0006413781629489346 -5.325428514275752 -3.2436902338567886 -4.2713424436595675 -6.924806634779865 1.8989870014837387 -2.8117436723726126
466 4194 0.01025927430283401 0 0.0006413781353200267 -5.325401215071169 -3.243682447637761 -4.271324245500179 -6.924773318299995 1.8989813984471877 -2.8117450363961423
467 4203 0.008992257844629894 0 0.0006413781498786654 -5.325414627789481 -3.2436873996277535 -4.27133422533951 -6.924475500951161 1.8989840777904585 -2.8117310015963715
468 4212 0.007301037225428083 0 0.000641378167847639 -5.325418250151826 -3.2436853855820074 -4.271335877621629 -6.925388634302684 1.8989874772711866 -2.8117689284761544
469 4221 0.0072319840730019225 0 0.0006413781435511501 -5.3254132988178755 -3.2436823840085314 -4.271328349886021 -6.925803163784922 1.8989881876766896 -2.8117876886384656
470 4230 0.006917257923348499 0 0.0006413781268051852 -5.325412613022868 -3.2436836670025184 -4.271329038730495 -6.925222656198434 1.8989853928220275 -2.8117614874462276
471 4239 0.006503228663397459 0 0.0006413781439763213 -5.325385247511333 -3.243677637775248 -4.271316666269954 -6.925052383014917 1.8989715864433303 -2.811758649051032
472 4248 0.006392514293676828 0 0.0006413781415287303 -5.3253901035219755 -3.243680731157878 -4.271319538066466 -6.924559325983002 1.8989742230545277 -2.8117375401344993
473 4257 0.0061336734301894145 0 0.000641378132078116 -5.32538740450415 -3.2436776111762016 -4.271316542977365 -6.925127338890273 1.898974280514027 -2.811757545889571
474 4266 0.0053953250383699716 0 0.000641378138044772 -5.325390001158748 -3.2436782977542027 -4.271317799346613 -6.925208220332275 1.898974487272226 -2.8117655802425063
475 4275 0.005446050578799021 0 0.0006413781313589827 -5.325386068846255 -3.2436789511902457 -4.271316799682421 -6.9247000945488955 1.898972022027473 -2.8117393987976094
476 4284 0.005303808014499432 0 0.0006413781525637582 -5.3253785590161655 -3.24367704564715 -4.2713136078512814 -6.924822994460487 1.8989690571838171 -2.811751107246007
477 4293 0.0053157148188565035 0 0.0006413781478926887 -5.325381247669227 -3.2436789743217935 -4.271315508158236 -6.9244889739561915 1.8989696515035837 -2.811734694704908
478 4302 0.0044740038625934765 0 0.0006413781426802346 -5.325373580154577 -3.24367625618543 -4.271310812377389 -6.924651014718207 1.898966107333104 -2.811740169981056
479 4311 0.003948782679557477 0 0.0006413781435914362 -5.325374621404897 -3.2436770747892467 -4.271312193656909 -6.924459072060803 1.8989663097242029 -2.8117309218512845
480 4320 0.003977857581391055 0 0.0006413781316909442 -5.325383766675527 -3.24367926915563 -4.271316226859328 -6.924382762841958 1.898970156532878 -2.81172854657761
481 4329 0.003952827738683393 0 0.0006413781292770728 -5.325388595901226 -3.243681250616675 -4.271319263656011 -6.924207004078665 1.8989713092867984 -2.8117178223792942
482 4338 0.0036139249704436145 0 0.0006413781335969655 -5.32538537306134 -3.2436808213750927 -4.271317767644781 -6.9241303829742895 1.8989695178019128 -2.8117170035167587
483 4347 0.0032811152576951445 0 0.000641378131352762 -5.325378868016417 -3.2436781207780223 -4.27131295640085 -6.924451800563516 1.8989680443975585 -2.811730935878468
484 4356 0.003033362693451184 0 0.0006413781254934924 -5.325382327618849 -3.243678179341224 -4.271314000029161 -6.924591886959711 1.8989706449557677 -2.8117368176790407
485 4365 0.0031325903699450123 0 0.0006413781280096152 -5.325389955778088 -3.243679055958292 -4.2713176036131175 -6.924977371626717 1.8989742631721762 -2.8117517110926373
486 4374 0.0031020037875892003 0 0.0006413781234876182 -5.3253818379317615 -3.2436780985618596 -4.271313869015868 -6.924598660947644 1.8989695049177309 -2.811735251291715
487 4383 0.002852604092239845 0 0.0006413781245042335 -5.325390045949142 -3.2436801177549084 -4.2713183249911175 -6.924602473382328 1.898973950291794 -2.81173584891245
488 4392 0.00276248372165973 0 0.0006413781288492558 -5.325391120120426 -3.2436805743143076 -4.271319618905846 -6.924600990253824 1.8989734815672665 -2.8117351042685312
489 4401 0.0028770039854789696 0 0.0006413781229408597 -5.325387247026091 -3.243679550865701 -4.2713170636015665 -6.924571754487715 1.8989716265977268 -2.8117327899519062
490 4410 0.00334825977019903 0 0.0006413781223424637 -5.3253909911757455 -3.243679631513078 -4.271318721932779 -6.924832778225302 1.8989738792827635 -2.8117403405887753
491 4419 0.003522625037010331 0 0.0006413781166630885 -5.325392011450427 -3.2436787646425373 -4.27131721478426 -6.925154582686047 1.89897638301391 -2.8117546116369456
492 4428 0.003158868690610189 0 0.000641378118051183 -5.325389684969372 -3.2436793882662696 -4.271317628205637 -6.924766570299623 1.8989731871187092 -2.8117386393276353
493 4437 0.002823771937148976 0 0.0006413781194668785 -5.325388330364617 -3.2436787692835507 -4.271316778297432 -6.924847155973148 1.898972888931559 -2.811743095223031
494 4446 0.0028759195032107315 0 0.0006413781173661223 -5.325390630026141 -3.243678478186588 -4.271316535617435 -6.925128781553685 1.8989757738684125 -2.811754661349276
495 4455 0.002847951343962876 0 0.0006413781158858832 -5.3253965381428525 -3.2436793428410104 -4.271319267436297 -6.9252835630585174 1.898978829319029 -2.8117604677017765
496 4464 0.0024176844993241153 0 0.0006413781175061171 -5.325394883563295 -3.2436795262910594 -4.271319138119899 -6.925123408607229 1.8989774137923716 -2.8117530974551914
497 4473 0.0022111374567650916 0 0.0006413781170540734 -5.325392356460505 -3.2436791229031354 -4.271317661621812 -6.925079238799803 1.898975995038236 -2.811752591006609
498 4482 0.002261686648875977 0 0.0006413781177011013 -5.325392089464318 -3.243678444489148 -4.27131745243416 -6.925246013502619 1.8989759882655912 -2.8117572362367613
499 4491 0.002291518000743685 0 0.0006413781176530064 -5.325395355143754 -3.2436790671609543 -4.271318647944678 -6.925328773069796 1.898978042096582 -2.811761676409099
500 4500 0.0023363239131267027 0 0.000641378112772615 -5.325394499739781 -3.2436780672454946 -4.271317166749019 -6.925494284891951 1.8989785795804186 -2.8117678658089402
501 4509 0.0023744909599230928 0 0.0006413781112413851 -5.325393685434365 -3.2436778568440294 -4.271316870035451 -6.925489832303471 1.898977582898222 -2.8117652539433693
502 4518 0.0023678901325994537 0 0.0006413781135654277 -5.325395826422818 -3.2436785344335304 -4.271318153497738 -6.925498945407011 1.8989784409974504 -2.8117649663741506
503 4527 0.002113281067966039 0 0.000641378112651995 -5.32539745933092 -3.2436784931790967 -4.271318627825909 -6.925593848852544 1.8989796995054506 -2.811769937124252
504 4536 0.0021508365558314296 0 0.0006413781128353298 -5.325391999509288 -3.243676998421363 -4.271315659377751 -6.9256221424338 1.8989771734427432 -2.8117708696043664
505 4545 0.002050226451420532 0 0.0006413781112610583 -5.325391631155108 -3.2436772195250088 -4.271315430612998 -6.925518882617637 1.898977236057266 -2.81176815649366
506 4554 0.001917030307258288 0 0.0006413781118403582 -5.325390959017214 -3.2436769445370004 -4.271315142814069 -6.925564301955253 1.8989766621028794 -2.81176800857888
507 4563 0.001653838769670634 0 0.0006413781113041732 -5.325390939764778 -3.243677236187522 -4.271315346742265 -6.925468355091182 1.89897648343524 -2.81176518197359
508 4572 0.0014593652543537156 0 0.0006413781135111487 -5.325394645313022 -3.2436780702045915 -4.271317605080736 -6.925505213571119 1.8989779856297184 -2.8117663194645774
509 4581 0.0012058240877239551 0 0.0006413781126565936 -5.325393007242174 -3.2436773647112234 -4.271316304380686 -6.925583731504184 1.8989776772096214 -2.811769645363676
510 4590 0.0011373635443253293 0 0.0006413781124474131 -5.325393337218663 -3.243677566448296 -4.2713164561837615 -6.925563292701686 1.8989777883813737 -2.811768527108542
511 4599 0.0011002534861296138 0 0.0006413781118447717 -5.3253926147789725 -3.243677004773497 -4.271315653353357 -6.9256597100920745 1.8989778844932002 -2.8117727073698022
512 4608 0.0010876976822509908 0 0.0006413781117405894 -5.325392942260629 -3.2436770703829154 -4.271315907231973 -6.925663716081088 1.8989778079748398 -2.811771727667029
513 4617 0.0011367499949289706 0 0.0006413781107863991 -5.32539282459015 -3.243676863225008 -4.271315526623594 -6.925710199141184 1.8989779751776312 -2.8117741654157777
514 4626 0.0012771389197094602 0 0.0006413781088348006 -5.325390935580661 -3.2436769002186434 -4.271314718768931 -6.925563530785901 1.898976808071108 -2.8117683133530784
515 4635 0.001286395547580434 0 0.0006413781106608439 -5.325393103975303 -3.2436775751242015 -4.271316262624479 -6.925535752952037 1.8989776448969304 -2.8117666687363805
516 4644 0.0012853401493594307 0 0.0006413781100440091 -5.325393957221066 -3.2436776155713014 -4.271316553761445 -6.925574752201977 1.8989780749661684 -2.811768050503647
517 4653 0.0011118020430160942 0 0.000641378110663236 -5.325392666936383 -3.24367722369183 -4.271315852569634 -6.925596689337932 1.8989776018521873 -2.811768894546297
518 4662 0.0011580868724974398 0 0.0006413781105376581 -5.325394818632538 -3.2436780362493023 -4.27131728021525 -6.925524329571022 1.8989782756152338 -2.8117650194584862
519 4671 0.0013911363330608721 0 0.0006413781088467421 -5.325393031972122 -3.243677919037803 -4.271316383825923 -6.925420284328883 1.8989774094651546 -2.8117613583981127
520 4680 0.0017011013551731814 0 0.0006413781090757248 -5.325394274557084 -3.2436783665364786 -4.271317232192708 -6.925374048576276 1.8989780963590348 -2.8117590711446616
521 4689 0.0017232699279043566 0 0.0006413781124729904 -5.325392949836858 -3.243677402120716 -4.271316275894459 -6.925568322749127 1.8989778548760774 -2.811768099007166
522 4698 0.0016576797382551814 0 0.0006413781106792981 -5.325394994626695 -3.2436785431577952 -4.271317873848842 -6.925385706298404 1.8989780573906305 -2.811759290168436
523 4707 0.0013435967630984298 0 0.0006413781088455091 -5.325393755707047 -3.2436783113206316 -4.271317013876244 -6.92535902457243 1.898977521943835 -2.8117585694967806
524 4716 0.0011514173799894497 0 0.0006413781088845978 -5.325393122445165 -3.243677860612698 -4.271316386917309 -6.925445467460739 1.8989774124380565 -2.81176207142223
525 4725 0.0010606328916015553 0 0.0006413781084459428 -5.325393759291513 -3.243677990114235 -4.271316670773247 -6.925453974667883 1.8989777223119868 -2.811761603257323
526 4734 0.0009645372327876077 0 0.0006413781091602931 -5.325392362663878 -3.243677810526466 -4.271316188988794 -6.9253984393144865 1.8989769728425636 -2.811760440199245
527 4743 0.0008543681330429495 0 0.0006413781093900289 -5.325394657435767 -3.2436780587649285 -4.271317141949815 -6.925498178060634 1.8989782446372063 -2.811763421179793
528 4752 0.0008033095528922273 0 0.0006413781088113318 -5.32539361464954 -3.2436779926282266 -4.271316700387255 -6.925437076479435 1.8989775955643258 -2.8117617046515915
529 4761 0.0008121706506658524 0 0.0006413781078692312 -5.3253936444700685 -3.2436780366543774 -4.271316631238068 -6.9254254786330005 1.8989776563424008 -2.811760920361899
530 4770 0.0008393425522334424 0 0.0006413781081531389 -5.325393162234927 -3.243677832812105 -4.2713162875910085 -6.925454113645291 1.8989775131627382 -2.8117619900314934
531 4779 0.0007834265146963995 0 0.0006413781089364807 -5.325393861318077 -3.2436776005013064 -4.2713164143045095 -6.925569892717368 1.8989781208010978 -2.811766329285693
532 4788 0.0007250395846258183 0 0.0006413781086580301 -5.3253925989332584 -3.2436774506962505 -4.271315860992556 -6.925520380086986 1.8989773390709808 -2.8117646985034725
533 4797 0.000691852257264649 0 0.000641378108473001 -5.3253927255548765 -3.2436776112082013 -4.271316027325305 -6.925483999679497 1.8989773282828333 -2.811762862492253
534 4806 0.000674523486663081 0 0.0006413781082759955 -5.325392357242773 -3.2436775567721012 -4.271315828834147 -6.925469647179822 1.898977193406761 -2.8117627133769054
535 4815 0.0006599406216377419 0 0.0006413781079822587 -5.325392866958664 -3.2436775337798185 -4.271315924446201 -6.925513774473672 1.8989775437175944 -2.81176448623061
536 4824 0.0008046061061896479 0 0.0006413781074574282 -5.32539240734692 -3.24367737560715 -4.27131557410128 -6.9255282325883885 1.898977240209696 -2.811764760761237
537 4833 0.0010284533651478257 0 0.0006413781072755445 -5.325393853889285 -3.2436779073582676 -4.271316518354644 -6.92548581042328 1.8989776282644137 -2.811762351832185
538 4842 0.0010035787670926585 0 0.0006413781076688277 -5.325393533795445 -3.243677568009792 -4.271316126129251 -6.925555935319168 1.8989778381624036 -2.8117656445476182
539 4851 0.000977323025841842 0 0.0006413781072732183 -5.32539289442405 -3.2436777474546066 -4.2713160459437205 -6.925461077910118 1.8989772350569978 -2.811761483740464
540 4860 0.0012052731226774632 0 0.0006413781066680795 -5.325392453597462 -3.2436782598513343 -4.271316254668348 -6.925277911176663 1.8989768041234907 -2.8117547531063565
541 4869 0.001333252647520378 0 0.0006414173279408179 -5.325393467458193 -3.243678458662999 -4.271316976761935 -6.925298881373885 1.898977347203368 -2.811755826984911
542 4878 0.001430391441477145 0 0.0006414173200257571 -5.325392600305229 -3.2436783822057667 -4.271316659454053 -6.925255955294361 1.8989767848649826 -2.8117540455924717
543 4887 0.0015984342006704526 0 0.000641378107914876 -5.3253950918131086 -3.243678331925801 -4.271317354372288 -6.9254434798028495 1.8989784015118738 -2.8117615530971527
544 4896 0.00169646308147747 0 0.0006413781099831454 -5.325396132150668 -3.2436789558646755 -4.27131848658763 -6.925341607261303 1.8989787193780956 -2.811758031921051
545 4905 0.0018679580105218426 0 0.000641378109183603 -5.325395118402198 -3.2436790115947924 -4.271318116188574 -6.925247582202021 1.8989780856808867 -2.811754121914579
546 4914 0.0019053709638652203 0 0.0006413781083612162 -5.3253954770892875 -3.243678842712301 -4.271318034625072 -6.925323230689698 1.8989782554230485 -2.811756432765536
547 4923 0.0019055317726972246 0 0.0006413781087183022 -5.325394471445312 -3.243678963824452 -4.271317879299296 -6.925215898930891 1.898977467850914 -2.8117519740563304
548 4932 0.0018051717729001705 0 0.0006413781094561701 -5.325394792111574 -3.243678827188696 -4.271317965254061 -6.925288280041098 1.898977601166392 -2.8117541702487823
549 4941 0.0017050990838204396 0 0.0006413781095728212 -5.325396054414753 -3.2436785921137616 -4.271318152236614 -6.92544081469214 1.898978703714009 -2.8117611836549874
550 4950 0.0017678310604947141 0 0.0006413781087558309 -5.3253930823924085 -3.2436784202362965 -4.271316901808711 -6.92527741456132 1.8989769292099474 -2.811755334037287
551 4959 0.0020136480032498095 0 0.0006413781077015346 -5.32539108589105 -3.2436779114521523 -4.271315643725393 -6.925276949038629 1.8989760711204864 -2.811755945113937
552 4968 0.0017258776493268974 0 0.0006413781108271517 -5.325394845516447 -3.2436786292687056 -4.271317962893417 -6.925346150615362 1.8989778793111958 -2.8117575050987726
553 4977 0.0015811915151003495 0 0.0006413781083818824 -5.325391735531504 -3.2436783367982986 -4.271316353985528 -6.925200531516266 1.898976138837183 -2.811752322656069
554 4986 0.0015223774087557863 0 0.0006413781076587443 -5.325390375984688 -3.2436782111068028 -4.271315740211495 -6.92514076191375 1.8989751594566049 -2.8117494821527957
555 4995 0.0014895430853051625 0 0.0006413781087822887 -5.3253940152011 -3.2436790382988026 -4.2713177868905685 -6.925164771587808 1.8989769964028287 -2.811750534464648
556 5004 0.001743727506907892 0 0.0006413781094867114 -5.325394967705228 -3.243679410340413 -4.271318535799156 -6.9251238292173625 1.8989773198852493 -2.8117488390984646
557 5013 0.0020696529088501873 0 0.0006413781095086265 -5.32539139480808 -3.243678602205699 -4.271316746623237 -6.925103657299943 1.89897528651261 -2.8117467977350925
558 5022 0.001991899591917912 0 0.0006413781083002786 -5.325392238475595 -3.243678919579103 -4.271316964078737 -6.925069268116902 1.8989761624781754 -2.8117470078114626
559 5031 0.0024752692271657623 0 0.0006413781116943462 -5.325390749160284 -3.2436792830651826 -4.271317262318045 -6.92486072651454 1.8989747223127311 -2.8117375820822472
560 5040 0.0027159534760666376 0 0.0006413781077833542 -5.325392092877174 -3.243678999907103 -4.271316946185365 -6.925037662571068 1.898975989442686 -2.8117443072590214
561 5049 0.002513712003711571 0 0.0006413781091447596 -5.325394150956359 -3.243679122887273 -4.271318080554409 -6.925151189085143 1.8989767260656905 -2.811747522403111
562 5058 0.0024348779130449754 0 0.000641378108217706 -5.325393705574563 -3.24367934574834 -4.271317927342667 -6.925056129456422 1.898976413780571 -2.8117443457402342
563 5067 0.0026968611632044357 0 0.0006413781109835231 -5.325394543972578 -3.2436793648362165 -4.271318713853797 -6.925111254917159 1.898976590742572 -2.8117447841065433
564 5076 0.0031208663435122455 0 0.000641378107959225 -5.325391728331075 -3.243678922720697 -4.271316963644957 -6.925036579115629 1.8989749701361496 -2.811741300904929
565 5085 0.003188349135178515 0 0.0006413781071362796 -5.325389205180474 -3.2436781266375463 -4.271315278651462 -6.925079850238339 1.8989743168706494 -2.8117433550618753
566 5094 0.0035356264683945172 0 0.000641378108339145 -5.325388910737805 -3.2436776604799187 -4.271315006801043 -6.925201654698966 1.8989737819564183 -2.811746588815151
567 5103 0.0038832207033831336 0 0.0006413781095991442 -5.32538977299373 -3.2436768880836384 -4.271314609654326 -6.925494117517072 1.898975150300681 -2.8117577236458096
568 5112 0.004016964645306327 0 0.0006413781087003111 -5.325386072845188 -3.24367701204201 -4.2713135623856475 -6.925177974685952 1.8989725994388158 -2.8117461217564688
569 5121 0.003856438966850446 0 0.0006413781093597533 -5.325388947295324 -3.2436780756340347 -4.271315491124856 -6.92509367698586 1.8989734047312814 -2.811743231126607
570 5130 0.0038683035669016884 0 0.0006413781110298477 -5.32539078038381 -3.2436773232145355 -4.27131565524785 -6.925443888053367 1.898974882387419 -2.8117556619264703
571 5139 0.003266436690244571 0 0.0006413781093257181 -5.325390480359365 -3.243678214444167 -4.271316139997327 -6.9251613300662855 1.8989743399496368 -2.8117453332637705
572 5148 0.003190321067258845 0 0.0006413781080622133 -5.325388703645021 -3.243677069656409 -4.271314373227709 -6.925355083758364 1.8989739972540525 -2.8117519177501213
