% # columns="iteration, evaluation, sigma, void, void,  stds==sigma*sqrt(diag(C))", seed=421624, Thu Nov 30 11:13:17 2023, <python>{}</python>
1 9 2.1419346910466306 0 0 2.1329473458823265 2.3836253530907934 2.0750791943431417 2.1279277407532557 2.0610011314145544 2.148242735932689
2 18 2.489746170684245 0 0 2.451171665454188 3.0887232270544187 2.3488842777269165 2.4186733684627035 2.212161286193623 2.696879737728131
3 27 2.764562934417465 0 0 2.7469866591961165 3.518571069142648 2.6613462411764925 2.7421396788634222 2.237360498937199 3.2150397045855192
4 36 2.9734462393821444 0 0 2.9295090715903354 3.77583714690568 2.9629222408935423 3.4255675102163314 2.3014678204989814 3.241264265006753
5 45 2.8440905658411126 0 0 2.7342327223165968 3.663571930990339 2.8297838657141883 3.2963751228057068 2.1262979328407976 2.944927880539207
6 54 2.8137213053473125 0 0 2.7382333597654136 3.271351109264713 2.757051610539903 3.2013421391366257 2.064186182903847 2.947562569915646
7 63 2.8591122716670356 0 0 2.7697536605618693 3.4124387789185446 2.783931428279057 3.170200719396326 2.0213522233154912 3.052622338253207
8 72 2.645641246229887 0 0 2.6081716893453697 3.183112844059925 2.5278262392392485 2.8697448318000363 1.7620094714091556 2.7346928468264995
9 81 2.3450416515661483 0 0 2.3408392370072297 2.8226586192909573 2.2067859422634046 2.3485768824019098 1.4743789886185932 2.45361905224283
10 90 2.2490489379952145 0 0 2.1987211970552667 2.599271032123255 2.318159282728571 2.2109758200651264 1.3456782120569406 2.242797865180566
11 99 2.3533694662397804 0 0 2.3386164048091587 2.9540477531142764 2.4644384517254037 2.27876739773673 1.331011269214079 2.266907826716774
12 108 2.3576386552433073 0 0 2.2497404401943526 2.9114984404196402 2.40643218427724 2.3075056100560944 1.2614365975987674 2.338239091619942
13 117 2.5419561131627 0 0 2.2837924409642927 3.1707531774012727 2.596278338960148 2.79623670907331 1.2406240633930528 2.4368793185567172
14 126 2.68961924709917 0 0 2.606339326257912 3.467843753578502 2.8683998413148872 2.902225394644309 1.1839864544448668 2.6516341982754454
15 135 2.326337740049751 0 0 2.2406726073801053 3.038751047312276 2.318448446656063 2.504680642963345 0.9977369616174434 2.2459343686980886
16 144 2.313585974234818 0 0 2.3221633679618146 2.960053861327635 2.18201680728499 2.5469096053830813 0.9506176402051263 2.2584422335721546
17 153 2.5597123611715755 0 0 2.9627742119769005 3.155849978988986 2.408033888782333 2.9264817215906365 0.9917087451307358 2.5321192822795675
18 162 2.4508028206230725 0 0 2.9237261107706796 2.8595138214818587 2.277989256331015 2.8730705289940053 0.8340573551691044 2.406412535584909
19 171 2.4707727834539797 0 0 3.1575012837321617 3.0160654566475724 2.301860125929621 3.031087739822735 0.7519825798953728 2.3582998608201864
20 180 2.703793645041001 0 0 3.7973017455729337 3.4599892699316905 2.5490501485523027 3.467715648000488 0.7202775415303185 2.5958907540542255
21 189 2.8978045670974963 0 0 4.403777699368876 3.7882697496273927 2.772861725925803 3.907243005860061 0.7647992613765645 2.6620997485934303
22 198 2.8449581329423226 0 0 4.408129547815143 3.6448089805615114 2.758752972259417 3.815864082551485 0.6807682634187435 2.5221139939956885
23 207 3.1571024841631607 0 0 5.507869241017771 3.9638469367708953 3.0392228166909714 4.064786711136751 0.7438752457216273 2.8169964639105647
24 216 2.861680800644639 0 0 5.119496740111792 3.6680468184333104 2.871133534324017 3.608958753670014 0.6338019498501025 2.4788515910684015
25 225 2.796775281957681 0 0 5.276014547154462 3.900687891382814 2.854686538511392 3.7702079663062755 0.5927915924188798 2.312260956167551
26 234 2.8648378032498965 0 0 5.754959029725328 4.105199069659291 2.923643116233565 4.0502865206270044 0.5974124742446951 2.232930549981056
27 243 2.9955519216265096 0 0 6.168848190043847 4.197809484862757 3.1730920072619244 4.252894968043258 0.6135039313013017 2.2473930531971544
28 252 2.7914459287487348 0 0 5.697077142248107 3.8631316979491395 3.0482353693178386 4.035098698478704 0.50994611095084 2.056115683819162
29 261 2.2737341318712674 0 0 4.38913716950825 3.084198403600496 2.4807171518585776 3.1805810626354987 0.3860671241757425 1.6578104952130837
30 270 2.4519233504561035 0 0 5.102711250417396 3.204990861625529 2.6988144385052957 3.382748685901362 0.40581315879499213 1.6934453481419363
31 279 2.377597525032827 0 0 4.953248055978767 3.0763099052417693 2.5471914271357345 3.251695455310676 0.36749696625593875 1.5108273119568079
32 288 2.1970264163156368 0 0 4.802199947411878 2.919846408766378 2.400655346264097 3.164873273417821 0.3246183215609544 1.2578635087881758
33 297 1.9166957087903171 0 0 4.3288978526313615 2.5732992413599436 2.109368349837737 2.8175430639742736 0.2650665997249091 1.0814107735203018
34 306 1.595659269761822 0 0 3.5446442426979345 2.120360616150844 1.7067576687087864 2.292751834188245 0.19781273621638149 0.8781633409742309
35 315 1.5682127060072897 0 0 3.4103815241540927 2.12376189319699 1.7087439152852968 2.206232671479452 0.186344080111782 0.8289578960514055
36 324 1.5306095801877455 0 0 3.366610720024323 2.014181052913797 1.738712997152281 2.1563724978233525 0.17166446673690489 0.7961230693486528
37 333 1.5230980746679876 0 0 3.33726361973684 2.0640060634335136 1.7329692667344467 2.1137492596609015 0.16175907519104238 0.7487423773054208
38 342 1.434037759806152 0 0 3.134474476602313 1.9128946367900659 1.6583423711739678 1.9537235598650653 0.1440378945755287 0.6626210448819028
39 351 1.5496651984033227 0 0 3.3410071641765677 2.013750617266905 1.953661714786549 2.139354777505393 0.1566008271350747 0.6588182779260823
40 360 1.3877746279187118 0 0 2.974876169248146 1.763107422768791 1.763070471130087 1.9459624437170608 0.13505786044874654 0.5529456023068907
41 369 1.191441971343692 0 0 2.462519878362702 1.5185581160144184 1.4683267402614366 1.695983374290275 0.10766046815079058 0.45629321894597036
42 378 1.222640064659974 0 0 2.47908357017161 1.6216016870023728 1.5346433680316107 1.7345126335229526 0.11248742262538423 0.4380827588452451
43 387 1.331056855027705 0 0 2.9301855412143456 1.7323619764524838 1.785487391049127 1.8174715468222489 0.1205438221167094 0.42395840523668216
44 396 1.2660961571843927 0 0 2.772373288513071 1.6538080672926536 1.7309075887048062 1.8535771668769525 0.11137355858415551 0.3984571228315195
45 405 1.3873711255692676 0 0 3.4792125382017938 1.6718256074702766 1.82579667995443 1.9786068783763544 0.11815720263831864 0.4076031646400555
46 414 1.5311628651561822 0 0 4.078125279163784 1.8337988657491597 2.0245544356839296 2.187419695887796 0.12873067575617356 0.41415945424605993
47 423 1.5605086557538925 0 0 4.18522620394926 1.8492595560381935 2.1198262162938013 2.2049514027048924 0.12240106645760312 0.3867742314918112
48 432 1.561632266992633 0 0 4.062816583461365 1.9090226866940168 2.3399498850847573 2.1470610315689456 0.11882443699914759 0.3816678175443015
49 441 1.4056024330441377 0 0 3.745562549748158 1.6734497579771812 2.051911957187282 1.8577636099770631 0.10377926473627862 0.3020786011535761
50 450 1.563233837963277 0 0 4.3037904399080205 1.8661349526837392 2.26459373786637 2.0761286945382436 0.11199728508435473 0.3221673525130843
51 459 1.5376988125977662 0 0 4.247518204938854 1.9582954602670046 2.234702816866414 2.138735084887631 0.10762588854508062 0.2913806609072997
52 468 1.411659256101057 0 0 3.9922623711213188 1.7198234725449935 2.0205227520052405 1.9860052590847146 0.09456118922282271 0.23690831309398663
53 477 1.2869922179361035 0 0 3.660074452807081 1.5949566034113656 1.797318396758626 1.816576364848355 0.08206115828571832 0.20330265988549415
54 486 1.1614098544472795 0 0 3.230464822644451 1.3605246470681256 1.5734544208260406 1.5083862598324491 0.0680259082733921 0.1813947675657589
55 495 1.0973913963931368 0 0 3.0768239123850423 1.2723013078343808 1.4678670640489146 1.404927624621372 0.06068767845605303 0.1692117956250155
56 504 0.9850711282046558 0 0 2.754683150584154 1.1374160876734176 1.3690041884192108 1.2436524310985893 0.05215128921712141 0.1410548437669542
57 513 0.8306825646792221 0 0 2.4022492401469218 0.9461723321962512 1.1076012734347704 1.035588141120417 0.0419612429851451 0.1159016754940744
58 522 0.8541461257635096 0 0 2.3709786244442563 0.9530191520865914 1.2631095834169994 1.1172617873368416 0.04176137813150296 0.11036641214586021
59 531 0.7769358034356642 0 0 2.1747448333596355 0.8737962900612941 1.1311623708230016 1.0185250858753452 0.03644084851304006 0.09629785772351193
60 540 0.7095220990444184 0 0 1.9665814887701232 0.772963571867706 1.0267789378717354 0.9213757689222614 0.03285368343265083 0.08258272492778439
61 549 0.6344710470656404 0 0 1.757174093372367 0.6502646606190351 0.8843266822303191 0.7749111669699869 0.027481317010738016 0.07520450608928105
62 558 0.6467901318243708 0 0 1.9169323928719546 0.6570011119993235 0.9076797597862579 0.7484777763107897 0.025599138233640833 0.07588918803463889
63 567 0.6148552554998318 0 0 1.798224149261873 0.6218575531310971 0.869811678343426 0.7420028434217694 0.02353454658756723 0.06673091781410266
64 576 0.6248390618165954 0 0 1.9731054022237562 0.6197849951007502 0.9305982730131488 0.745994874824066 0.022434091227923746 0.06660212706077383
65 585 0.653708137507786 0 0 2.102633686663724 0.713774429550073 1.0244745427999031 0.801073958964979 0.020828144994364545 0.06672796899914825
66 594 0.7117296749315265 0 0 2.4010190304549663 0.7996812447938504 1.0774172999691785 0.8596207965315897 0.021830089302506912 0.07100321082908169
67 603 0.6824029906694526 0 0 2.3225733081071214 0.7684722255056945 1.0564154062170779 0.8291539620920056 0.019178984680240173 0.06611261843889737
68 612 0.7227146231647501 0 0 2.282882531250654 0.8406617994516 1.1164569724603892 0.9584664921877424 0.018624050738857596 0.07128279950878467
69 621 0.799091921782193 0 0 2.5247578169755185 0.9720066815712594 1.1879517952401704 1.053354871845966 0.020500897674164253 0.08009018531011025
70 630 0.8662255052036792 0 0 2.745221391931498 1.03709128829453 1.241019091782806 1.215045312149093 0.021724042087512496 0.08683701513413852
71 639 0.864686959934365 0 0 2.5737702530555358 0.9955727911162947 1.2270281729142212 1.22957125534191 0.02157821911931443 0.08672613746066847
72 648 0.7330212905867984 0 0 2.067000625170833 0.7522342174509978 0.9917253004458916 1.0437303095088502 0.01804660755704951 0.07276163859394949
73 657 0.6346921999724249 0 0 1.7900795263864544 0.6273944632550756 0.8644295719214997 0.8840770931415611 0.014515921041390439 0.06158173122270971
74 666 0.6234880089301511 0 0 1.8025380256142551 0.5860063986708901 0.8261507370787179 0.8689219773608732 0.01397719761584137 0.05904201845028044
75 675 0.5614283449762941 0 0 1.680126377998747 0.5250955618611709 0.7254895413293505 0.7885177598903941 0.01194123536732253 0.051435100729641324
76 684 0.49173516760657215 0 0 1.5056130677490187 0.43469120154342555 0.6322951895869305 0.6941468539020978 0.009639234901055668 0.044102957369972044
77 693 0.4644893499494281 0 0 1.446642515394505 0.4068468709914242 0.5898214332109613 0.6312227068719823 0.009025979719799758 0.04092406325138491
78 702 0.4671125347957859 0 0 1.577446747712188 0.36326528101583544 0.5872237036669877 0.6137601252343089 0.009142223776156415 0.04016195277842579
79 711 0.4673385955058859 0 0 1.687930520805659 0.36354840288910373 0.6048193250476336 0.5703317548938401 0.009099166699538036 0.038450649544205885
80 720 0.4316062753426837 0 0 1.5086952324202492 0.3014816265198962 0.5183060869072564 0.4977568895814377 0.008173058555601846 0.03580598939619243
81 729 0.4054394869079388 0 0 1.4285138740452672 0.2619294009904086 0.4649600714496512 0.4773017063651019 0.007714194642969366 0.03368185974851793
82 738 0.3724709795405481 0 0 1.3114380711486506 0.22042760773635076 0.4191636663241357 0.4003312250996571 0.006933463286483388 0.028529837376788655
83 747 0.33924096682878846 0 0 1.199326326165994 0.19474077123439207 0.38486702403708484 0.362302202706362 0.006366462715063109 0.025350758508392617
84 756 0.28199716606032427 0 0 0.9819159914991221 0.15539341286923095 0.3104092750522444 0.2937513626064672 0.005223709456230839 0.01923542322833581
85 765 0.24384387006857017 0 0 0.8264180636681361 0.13047122161823974 0.2660450834741418 0.2500196069216665 0.004190222423945651 0.016257792440348317
86 774 0.21655572434278458 0 0 0.7821985287010735 0.11172219161620352 0.2306111072765179 0.21391516947518616 0.003654656856479766 0.012707126674343492
87 783 0.23741888619475798 0 0 0.9080353423156852 0.11453171625238903 0.2688400576171701 0.2390855296628609 0.003924755583628073 0.013577390886134558
88 792 0.24583515288692134 0 0 0.9823958939239935 0.11703985188834448 0.2769429913692618 0.24761650059518264 0.0039955292307660775 0.013322890543200808
89 801 0.26319729829638056 0 0 1.1259556397363109 0.11640115894038291 0.28810416854255916 0.24802977519974326 0.004183945058355227 0.013113335642099207
90 810 0.264767345907444 0 0 1.1336351337785695 0.11022028926639116 0.2900026435375147 0.24190093639469384 0.0037916831548338824 0.012915344160505628
91 819 0.2727620103817758 0 0 1.1912398816121916 0.10228851032621307 0.2958230532279803 0.25131027240625614 0.0038963745436951915 0.012501688816092461
92 828 0.26530494198156745 0 0 1.2192301434989516 0.09639717068155716 0.30636684105524037 0.25365732001466523 0.0034367037114183072 0.012133531420308104
93 837 0.23861962754064348 0 0 1.0870005649583871 0.08553944688719577 0.2776314059625392 0.22987194715625953 0.002801793256316624 0.01046653549277849
94 846 0.20854250378536143 0 0 0.9373984074214274 0.07206620183338475 0.24171352039038596 0.19891158659927566 0.0023849556918456995 0.008585028923792268
95 855 0.1959099571718135 0 0 0.8936539243570277 0.059771693162764074 0.2281533932082514 0.1962671414630709 0.0022411898105173136 0.007714012811918031
96 864 0.195427961541625 0 0 0.9605260110460595 0.05867717980243795 0.23518616658953181 0.19300507229023214 0.0020478311826441567 0.007443649886764668
97 873 0.18455648544003986 0 0 0.943978317609547 0.051695837590294995 0.23077718259283087 0.18255254365436913 0.0018574657092136685 0.006806178503024216
98 882 0.16080749925246793 0 0 0.8140419122761421 0.04114014552932627 0.18448246883133798 0.15888591897790727 0.0015690471822323324 0.005878116401722998
99 891 0.1447980756097696 0 0 0.7651061813814541 0.03417599493940827 0.15737235524677165 0.14327840400156674 0.0014401914492736354 0.005142048047476343
100 900 0.12519814645492539 0 0 0.6429627985544578 0.029637945532606156 0.13726623779423267 0.12264706495774748 0.001194640060826659 0.004180664529806425
101 909 0.10768405755152055 0 0 0.5461332603211574 0.024560228424005525 0.11644442900129058 0.10240471857064559 0.0009961119505845456 0.0033572709621306203
102 918 0.10548863349414113 0 0 0.5292835654712756 0.02387378182795935 0.11445935640413704 0.09983915669402392 0.0009440376130986792 0.0032418937858191173
103 927 0.098750412289392 0 0 0.4986000261566067 0.022782257370593945 0.10661901497021946 0.09253477453441725 0.0008245527923659585 0.0028954181675731427
104 936 0.08390909816003103 0 0 0.4221148875136809 0.017564350586231958 0.08944969022407251 0.07595188894223948 0.0006886873614113499 0.00239896741797755
105 945 0.09298913309877845 0 0 0.44425377073832845 0.018123911026163658 0.10902990079921798 0.09339397118687537 0.0008093387200295103 0.0027074009430589595
106 954 0.09039756356963445 0 0 0.43849422552834516 0.017718119119819888 0.10740297167568565 0.0916815823780389 0.0007487224827775404 0.00263233697562951
107 963 0.08889555332161755 0 0 0.4302512828333668 0.01729320233858032 0.10443554657388412 0.0916888704269557 0.0007365023663854398 0.002289757715960977
108 972 0.09069834791565841 0 0 0.4008134725517502 0.0177099972126172 0.10655602913490009 0.08604350484380115 0.0007597964555833825 0.002372390329239132
109 981 0.07801783596268164 0 0 0.3623897864463856 0.014031801698740923 0.09282011834686446 0.0740677319831202 0.0006369469076210915 0.002009184746249731
110 990 0.07997993976217647 0 0 0.37648074440384593 0.014016121291670298 0.096810382285244 0.078621436012785 0.0006499473027005249 0.002047159162554968
111 999 0.07956212633945928 0 0 0.37281018722563425 0.012836182608656297 0.09244638778147105 0.07940372345212085 0.0006650088427410442 0.0020981026136766235
112 1008 0.07331837277697645 0 0 0.32992982034554236 0.012072433712446581 0.08521404945211845 0.07432069746194109 0.0005738164343507132 0.0019029591830994977
113 1017 0.06640666255569401 0 0 0.28403447729733694 0.010750723069209078 0.07783411478805448 0.06665378191686362 0.00048589006700921767 0.0016966803708572391
114 1026 0.0626760338104046 0 0 0.2664182232214762 0.009941411600245186 0.07408622760166218 0.06158466727191047 0.00043339297179290044 0.0015796438239239227
115 1035 0.059210206861185485 0 0 0.24602312068685286 0.008888795373903587 0.06703165419403465 0.05656787003966232 0.0003960749520492656 0.0014370172523419265
116 1044 0.05637993237843563 0 0 0.24192985817952953 0.00847315019221941 0.06362169889544393 0.05807412380061742 0.00035989100700816216 0.0013293252512041039
117 1053 0.04892798964567872 0 0 0.19956040270448067 0.007404636553004673 0.05613640655833353 0.050170252250203974 0.0002976087570542271 0.0011625220414157185
118 1062 0.0470272157803573 0 0 0.18623651801923044 0.0065881260907148615 0.05534832260260453 0.04707564689128127 0.0002747879783099705 0.0011054609663890924
119 1071 0.0482551403086345 0 0 0.17565111420460544 0.006748812103060363 0.05668282775969265 0.046270588265640185 0.00027162303627928044 0.001121131953511242
120 1080 0.046921433038845065 0 0 0.17212544016318282 0.0065796216018894176 0.05417712458901232 0.04458011659594604 0.0002632451532014932 0.0010567524834743263
121 1089 0.04232517130294845 0 0 0.14483189015284562 0.005969525912038319 0.048545299408598135 0.039892407431857714 0.00023080705390142816 0.00097069091748468
122 1098 0.042348114280970565 0 0 0.13020603041302026 0.006103872640532466 0.047878355099171904 0.03623606963895354 0.0002318821072835428 0.0009422783871211464
123 1107 0.040560760214799485 0 0 0.11794505058291033 0.005808763429918496 0.045127527197315984 0.03375966635610555 0.0002199122178947949 0.000920505760333108
124 1116 0.03565207302969709 0 0 0.09719973039660071 0.004977941449085544 0.03915947362786201 0.0294480693328104 0.00019358865507845417 0.0008137757500033623
125 1125 0.03343871296411121 0 0 0.08629886864515955 0.0046756085427265915 0.03640224340842858 0.02665097298138133 0.00017756029640450378 0.0007624514545872214
126 1134 0.03054046190139676 0 0 0.07781864037305111 0.00411613934288972 0.03230979280333392 0.02365178756405712 0.00016368791520249883 0.0006937816516383818
127 1143 0.029208285028760834 0 0 0.0668697429164507 0.0039622717494145416 0.03227967690997154 0.02219450207810114 0.00016141527493790218 0.0006529476811306484
128 1152 0.030985313624281956 0 0 0.0669748860531829 0.004185248197079807 0.035394333484444505 0.02372110524063198 0.0001710289910580195 0.0007311687303964898
129 1161 0.035531082933588996 0 0 0.07151138769373763 0.0048364377731181735 0.04146449059061001 0.0284805827848601 0.0001996451018381022 0.0008628327178145395
130 1170 0.037060612925600256 0 0 0.07335326825552395 0.004954921461816665 0.046702988889696956 0.029978096922438868 0.00020802692288727115 0.0008432444176607895
131 1179 0.04141888505781016 0 0 0.08097759634721452 0.005190865303650889 0.054966653155063036 0.03532980412945332 0.000246523650186256 0.0009461420946916601
132 1188 0.03972859967479068 0 0 0.0755947699915825 0.004929806575915491 0.049462470836224924 0.03183195936464157 0.00023395871430444305 0.0009641892343677958
133 1197 0.0429216592225175 0 0 0.08732578690742153 0.0054287537442323525 0.05100744017200204 0.033878180788243596 0.00024140401820413448 0.0010257114153700542
134 1206 0.037685765634198364 0 0 0.07376579719485112 0.0043714654398383694 0.04217957605494213 0.02954323696889714 0.00020767607974309476 0.0008947698586878118
135 1215 0.03247025363040399 0 0 0.06353196993903677 0.0037801632637044073 0.035599135076598926 0.02484807474725142 0.00016884078933759156 0.0007302327916557094
136 1224 0.028950765499277022 0 0 0.05215488173444201 0.0033022846704271864 0.03199715294367569 0.021566532200829762 0.00014903560747674482 0.0006567019293082913
137 1233 0.024974119696207282 0 0 0.044238389865028094 0.002861688947153307 0.026986405756087163 0.0185951887457042 0.00012213492288554056 0.0005390755441813076
138 1242 0.02408603424651592 0 0 0.04139332882457994 0.002587528179865625 0.02715340660140052 0.0180431968889597 0.00010840699761791462 0.0005169132426641415
139 1251 0.02521626879527572 0 0 0.041151341006664094 0.002678150928016729 0.02774835798653392 0.018521323412404974 0.00011942603798534706 0.0005198257185572909
140 1260 0.027474693593357552 0 0 0.044595580027417085 0.0030848656374051326 0.030218296858919136 0.020211949702268958 0.00012421442769331706 0.000554603046249848
141 1269 0.02944907139772488 0 0 0.050733732258274905 0.003470112557241826 0.03128425514116433 0.021370495456690796 0.00013174468375672397 0.0006212543370401603
142 1278 0.030197673400298365 0 0 0.04970817305278011 0.0036234057870023774 0.031473027892571656 0.021675018092178994 0.00013645626646746308 0.0006464784009009571
143 1287 0.026878503325348475 0 0 0.0436980881498973 0.003239524472492052 0.027080158900731083 0.019159677881195495 0.00012189618002433526 0.0005772821638087784
144 1296 0.02793136341210077 0 0 0.04510530128108176 0.0034971493995834485 0.027734295219706655 0.019869446094489786 0.00013061972654384107 0.000598663971005232
145 1305 0.02734641644398779 0 0 0.04327395980688612 0.003515626082465608 0.027173783246042305 0.019788185276496877 0.00013297402703157747 0.0005912786507412478
146 1314 0.027201823972530778 0 0 0.0427042289038824 0.003367852159166659 0.027104955984870862 0.020755670271824535 0.00013016060847773083 0.0005791200330951151
147 1323 0.024881859099737863 0 0 0.038915938440346035 0.0030486266629635487 0.024662698482860703 0.019071836609999664 0.00012092622231031794 0.0004993570060575176
148 1332 0.021675481982846346 0 0 0.034380849861544514 0.0027328577834439187 0.021713281199817244 0.016057004829386524 0.0001002876375805327 0.0004287104928263329
149 1341 0.021363756533764128 0 0 0.03731564438006192 0.002798893667458728 0.02212017935764293 0.015270006847653075 0.00010034520971503263 0.0004188640826385133
150 1350 0.019701564483549223 0 0 0.033399998018444954 0.002550950573632912 0.02025039504453475 0.013436629727503783 9.085023228901951e-05 0.0003875046242937649
151 1359 0.01820679456175054 0 0 0.03178578161976668 0.0023233697504690064 0.01857955742184276 0.012561036881781656 8.526340377129285e-05 0.00035625284860242183
152 1368 0.016548913418516827 0 0 0.028262735215530608 0.0020952226129879515 0.017041604747310358 0.010917024465098889 7.501071266229554e-05 0.0003250172009747932
153 1377 0.014938664320268361 0 0 0.02460416076921681 0.0018808549713323472 0.015515231113999882 0.009520436670137142 6.693240176771755e-05 0.0002835241915572698
154 1386 0.01518868591881271 0 0 0.023458433947596682 0.0018949063680671827 0.017479670862417557 0.010003851739746078 6.837251410459685e-05 0.0002923891485106147
155 1395 0.017128354949668616 0 0 0.025594558218271935 0.002069328838188154 0.022030027760210246 0.012292694997081419 7.764662109881365e-05 0.0003527403755336882
156 1404 0.015366644130907079 0 0 0.022993193494791266 0.0018510005893020163 0.020043017656483846 0.01056123859247385 6.982464895615261e-05 0.00031300968562039634
157 1413 0.013491915554687673 0 0 0.019451050897631588 0.0015415187414463368 0.017423548813623096 0.00919269398727799 6.0461978283633466e-05 0.0002681721191418732
158 1422 0.013416652467380807 0 0 0.018446297774971594 0.0014373784411040346 0.017328637101997096 0.009003054009270352 6.006586103003815e-05 0.0002642176799772338
159 1431 0.012935936195067246 0 0 0.01803966152020003 0.0013767637421408367 0.016506336022475823 0.008966769278938292 5.804985192195059e-05 0.0002534744332470051
160 1440 0.013106429960833459 0 0 0.018583020697634886 0.0014100406136903188 0.017801836685315365 0.00999713898827219 5.739575756857735e-05 0.00024182199848181193
161 1449 0.012040965707253945 0 0 0.017490173454572978 0.001286680042028458 0.01669712678898939 0.009345574450354601 5.1147862088301546e-05 0.0002202880025415289
162 1458 0.010050423744981257 0 0 0.014377628127030046 0.0010485286905659542 0.014010916423041694 0.007779258532534044 4.034250629684539e-05 0.0001832420198067356
163 1467 0.008837888894727561 0 0 0.012274140221453638 0.0008927117206956681 0.012283260170167575 0.006818404467273296 3.57768659266253e-05 0.00015454097174225575
164 1476 0.009023889698420128 0 0 0.01340510637684474 0.0009678820473523553 0.013258020149185543 0.007126349555848372 3.636328255808177e-05 0.00017067380288220344
165 1485 0.009850300188819397 0 0 0.014540017405755178 0.001052893673449593 0.014615927635422047 0.00798553265034475 4.2625294123600196e-05 0.00018675603390388656
166 1494 0.009392544245881896 0 0 0.013900021823745065 0.0009990175846445934 0.013332416693848189 0.007527623090715487 3.697861905631547e-05 0.0001761041909277107
167 1503 0.008438681164976135 0 0 0.012788186371442755 0.0009210172930410226 0.011840211173320792 0.006410188196460876 3.2476948977112677e-05 0.00015816333872085636
168 1512 0.007979195481100751 0 0 0.0114935275401897 0.0008155695103052807 0.011144984573286845 0.00593527712264743 3.2539653058173106e-05 0.00013672156957207589
169 1521 0.006988152328316077 0 0 0.009714883426500839 0.0006885924510120895 0.009834304908220515 0.005240479922759993 2.7648569438505193e-05 0.00011651701260872183
170 1530 0.006478341433106839 0 0 0.008675796686222016 0.0006214722113219764 0.009114455007028871 0.00486358448663936 2.5580419547122645e-05 0.00010909427086716726
171 1539 0.00613727483226026 0 0 0.007997692302596624 0.0005788801379931328 0.008607292975417291 0.004542227888321545 2.3690521729336276e-05 0.00010394434085030465
172 1548 0.0058309915213831005 0 0 0.008336180106000903 0.0006009649724774077 0.008340294042712682 0.004460360256029392 2.1657737159086966e-05 0.00010060165419034558
173 1557 0.005077243889731178 0 0 0.00728142368221803 0.0005221138609289701 0.007066578693660066 0.003585124953491483 1.8689328763562042e-05 8.426494228247e-05
174 1566 0.004364419900195528 0 0 0.006352046661132375 0.0004547443493069267 0.005978772187118604 0.0029400520925517704 1.6098590255450298e-05 6.91086459716824e-05
175 1575 0.004288308230512379 0 0 0.006225172931619624 0.0004430297659412279 0.006212722507945147 0.002907840156505479 1.583543632110939e-05 6.656548259309501e-05
176 1584 0.004694563672087299 0 0 0.007064729717853184 0.0005017011172907139 0.007744930244998257 0.0033839010821502904 1.8440078926094843e-05 7.314230082611072e-05
177 1593 0.004618011020303082 0 0 0.006689963921068146 0.00047795968941672116 0.007623042062890108 0.003101671571342567 1.8672329417272845e-05 6.884964321761282e-05
178 1602 0.004198537575133156 0 0 0.0060344043884671605 0.00043078010592617166 0.007080254086910774 0.0028798535867713684 1.55965517629717e-05 6.251210199622105e-05
179 1611 0.004079542786769633 0 0 0.005906731043326003 0.0004193674512386759 0.006986340897867402 0.002732785336513263 1.5787535132219404e-05 5.795045270862435e-05
180 1620 0.00434808530295568 0 0 0.006180906776606046 0.00043996802303481456 0.007137749295511113 0.0027527241233586282 1.834929273684841e-05 6.230612831162671e-05
181 1629 0.004191174818456393 0 0 0.006301481209544085 0.00044767535854398587 0.006842484253862124 0.0026513322243682247 1.778807842659121e-05 6.178569399056522e-05
182 1638 0.0040026863251812 0 0 0.005978609862226073 0.00042407228974190403 0.006760094371871124 0.002601933080575462 1.662787866339814e-05 5.8219783689174014e-05
183 1647 0.0037658487951283876 0 0 0.005836996931156456 0.00041253555361883665 0.006557569775719733 0.0024567877737669435 1.5757837777830174e-05 5.3589521847084606e-05
184 1656 0.0040329428745046764 0 0 0.006917241964642743 0.0004895474716224635 0.007020526826815978 0.0027311067008535523 1.6419210511633695e-05 5.698025155798284e-05
185 1665 0.004473408448380716 0 0 0.007527249400001901 0.0005325292637429533 0.007400074805799372 0.002883919526996612 1.8594702179257202e-05 6.405635939994871e-05
186 1674 0.004840784384282467 0 0 0.007831609445828197 0.0005536137049900432 0.008064001907179041 0.0031446069953513997 2.193395400971009e-05 6.996368100727746e-05
187 1683 0.005206002701638705 0 0 0.008284433027852483 0.000584401661145171 0.009339217159114553 0.003427655933443268 2.3509121133965907e-05 7.51077584556493e-05
188 1692 0.005502160783994019 0 0 0.008884541609292135 0.0006271551188674064 0.010834460793114512 0.00384596115077405 2.4711904602570176e-05 7.993815913151906e-05
189 1701 0.0051094339329050935 0 0 0.008540408386497307 0.0006023739835948685 0.010320514437925695 0.0035776530987923004 2.2246767997308954e-05 7.572853438466649e-05
190 1710 0.004503446604333256 0 0 0.007155423296737042 0.0005042129449443851 0.009045951427159405 0.0031577355461402043 1.9462064667993414e-05 6.353056488208606e-05
191 1719 0.00395098016655565 0 0 0.00608867594907889 0.0004298316141698589 0.007686956677802397 0.002730144671688613 1.6524972913727815e-05 5.598512531650497e-05
192 1728 0.003994707105041096 0 0 0.006130409498801564 0.0004325914894509378 0.007963193822315329 0.002823271318507394 1.5640889047247733e-05 5.607200631110996e-05
193 1737 0.003802219022537561 0 0 0.005829716534069507 0.0004120321234382114 0.007490462715778207 0.00266180457057006 1.3664567133400878e-05 5.264651342002997e-05
194 1746 0.003382766501554034 0 0 0.005011789423983105 0.00035449461093077197 0.006726846796700802 0.002376550539291662 1.2037398888616717e-05 4.42445907023069e-05
195 1755 0.0032404085290970177 0 0 0.00483222323284294 0.00034198651851159186 0.006329491173082252 0.0022635803635993592 9.766602567114609e-06 4.235064307734827e-05
196 1764 0.0028408238007881772 0 0 0.004226223194604799 0.00029883123121227654 0.005434558347653742 0.001976163066227793 8.695301558265594e-06 3.425441783820221e-05
197 1773 0.002925495952596623 0 0 0.0041961371383340395 0.000296689947716884 0.005183216638372714 0.0019858705491100164 9.069796593097486e-06 3.646339899680778e-05
198 1782 0.002450878106724254 0 0 0.0033071966273530633 0.000233860331088122 0.004303771100000351 0.0016061334801889884 7.478940809231498e-06 3.0058938697527517e-05
199 1791 0.002258861679208027 0 0 0.003013882674279531 0.0002131193956715298 0.0038018526302817444 0.0014456379931270737 6.772829878893805e-06 2.701998723530193e-05
200 1800 0.00228885798494855 0 0 0.0029345589423236673 0.00020780316963014817 0.0037976704517693775 0.0013963409729085953 6.358673580474767e-06 2.691717951295599e-05
201 1809 0.002460127255545024 0 0 0.0031425351897194785 0.00022280858347414233 0.004081007504876668 0.0014891285404483418 7.3005034794326105e-06 2.9859293485547977e-05
202 1818 0.0023334026036320285 0 0 0.003027390087750649 0.00021490146431276514 0.004023361734323829 0.0014120960071352423 6.674595074731161e-06 2.7377236273967282e-05
203 1827 0.002092467370346406 0 0 0.00264526360457725 0.00018812106310223519 0.0035149616862191232 0.0012702898910047903 6.000903863797197e-06 2.3711684393422025e-05
204 1836 0.0020812505500919535 0 0 0.0026428207050073374 0.00018814679539819524 0.0036064078361939906 0.001287480562896281 6.568972257093523e-06 2.2813637547865494e-05
205 1845 0.0019583700095607117 0 0 0.002569341207100234 0.00018275655975782254 0.0033998200473668964 0.0012460384352125447 6.28704318072748e-06 2.2545983271365047e-05
206 1854 0.0021554768916283874 0 0 0.003302158576496859 0.0002347159643037697 0.0037435600363930994 0.0013631418639579733 6.733627676425901e-06 2.5553445549052e-05
207 1863 0.0023782794714984836 0 0 0.0037051318785914934 0.00026345651944212903 0.004266918657960417 0.001496780899484767 8.508755390029286e-06 2.8097347548648588e-05
208 1872 0.0022560294677775234 0 0 0.0035559883266649173 0.0002528783589502103 0.003965089149596329 0.0013896837137535 8.079921322028736e-06 2.5967379549147385e-05
209 1881 0.0022369468142078687 0 0 0.003310628003512901 0.00023548730341406312 0.0038844781485335403 0.001392296067504019 7.812177453363182e-06 2.4101496034613394e-05
210 1890 0.0025451794760014304 0 0 0.00372729017525397 0.0002650760418481311 0.004171172765921357 0.0015943504195314257 8.467718350226415e-06 2.7157528983959813e-05
211 1899 0.002195848336529219 0 0 0.0032022043408371542 0.00022766048608517038 0.003442444280413724 0.0013358172697947952 7.211383845367308e-06 2.345735677942809e-05
212 1908 0.0019392181024041671 0 0 0.002583941494854351 0.0001834972566095962 0.0030419199954682245 0.0011739895117024127 6.179819231648342e-06 1.849211953523586e-05
213 1917 0.0017971852692116883 0 0 0.002461653265206392 0.00017463263497625672 0.0028225659492534094 0.0011210365194498097 5.647598211531393e-06 1.744427194526415e-05
214 1926 0.0015947950893731822 0 0 0.0021131459997262556 0.00015004980436235754 0.002390615841566482 0.0009635184063730931 5.127093617390821e-06 1.555909312899611e-05
215 1935 0.001547228884299406 0 0 0.0020384242120150315 0.00014481570159109264 0.0024863264167949936 0.0009830158313019791 5.137605750792727e-06 1.4950829952009762e-05
216 1944 0.0014727385154677743 0 0 0.001977362162090521 0.00014044916173476592 0.002457872183651001 0.0009874223856590227 4.657117500082634e-06 1.3855000457080612e-05
217 1953 0.001238659561458321 0 0 0.0016582332551871963 0.00011780787131692348 0.0020553816652553385 0.0008252886212243551 3.95249212790348e-06 1.1542024813905739e-05
218 1962 0.0011370841276233312 0 0 0.0015411965914665002 0.00010951861234203066 0.0018489328555638064 0.00075483497601568 3.665837706287596e-06 1.0443890961054505e-05
219 1971 0.0011374445008978937 0 0 0.0016163212155016202 0.00011498763846554096 0.0019878230709291143 0.0008368139026575921 3.6403049455383514e-06 1.0920425371843745e-05
220 1980 0.0010407186870260475 0 0 0.0014101529533931164 0.0001003381061545409 0.0017738861361236288 0.0007490013037805565 3.313079753875066e-06 1.0004101907757413e-05
221 1989 0.0009713566571307404 0 0 0.0013218654554420645 9.407841694944395e-05 0.0016581801004901119 0.0006859451498509203 3.2100233231492537e-06 9.273790369989904e-06
222 1998 0.0008228867094498424 0 0 0.0010755910472186072 7.658201282553278e-05 0.0013721066791954415 0.0005695924353737247 2.674127269879656e-06 7.707050888638217e-06
223 2007 0.0008178628151412068 0 0 0.0010718169480540146 7.627014165901212e-05 0.0013397967646247317 0.0005360009553587669 2.638506978638879e-06 7.534835098132915e-06
224 2016 0.0008100736897064799 0 0 0.0011145843128566016 7.929405164546234e-05 0.0012142135917735356 0.00047753770772973776 2.5704655286618704e-06 7.39674768151394e-06
225 2025 0.000809271479539969 0 0 0.0011319486203712821 8.052583464184348e-05 0.00121172342559529 0.000491944951564418 2.4255164862786923e-06 7.429985738894493e-06
226 2034 0.0008152601615385527 0 0 0.0011435379666928204 8.138066626825949e-05 0.0011534588669550663 0.0004820756481097685 2.4236272601881283e-06 7.401287450063022e-06
227 2043 0.0008632060047427931 0 0 0.0011849760569950932 8.434634538191019e-05 0.001246894712104826 0.0004932232505387724 2.9072709902892657e-06 7.87272594264227e-06
228 2052 0.0008069253175495874 0 0 0.001112496113021618 7.921975673727998e-05 0.0011512432991726371 0.0004629399406985294 2.530601712990241e-06 7.71457076977688e-06
229 2061 0.0007595971190043176 0 0 0.0010075055988977867 7.177516443646371e-05 0.0010837853352665104 0.00044050481189291334 2.3370063274611828e-06 7.333082050985282e-06
230 2070 0.0007568400899559669 0 0 0.0010057554899637747 7.168980108563017e-05 0.0010863983842202738 0.0004460344388330244 2.201383547254812e-06 7.789316903133802e-06
231 2079 0.000788864445133572 0 0 0.0011132960091634135 7.938866612852183e-05 0.0012791451665791723 0.0005485541590581559 2.0977607647026956e-06 9.042634132663434e-06
232 2088 0.0007692592994407899 0 0 0.0010898554506978766 7.76951436059686e-05 0.0012990942088184482 0.0005422146127746924 1.9331102866428214e-06 8.719621936293397e-06
233 2097 0.0007812825553441279 0 0 0.0010782311335194113 7.689935022193523e-05 0.0013624919516449497 0.0005862794683060898 1.947259288741949e-06 8.94816135089248e-06
234 2106 0.0007942087323987433 0 0 0.001063827858368993 7.587334218961979e-05 0.0014348329611011735 0.0006107868258043853 1.9746675596450576e-06 9.139590063776003e-06
235 2115 0.0008151971357904013 0 0 0.0010495449134079963 7.485597155480585e-05 0.0014369069156465423 0.0006078805589622169 1.9464087720914094e-06 9.13886160511571e-06
236 2124 0.000811950735197629 0 0 0.0010200431370936333 7.276895731372556e-05 0.0015516197744719802 0.0006591359908480217 1.9972508693781065e-06 8.943397645636046e-06
237 2133 0.0007833162371629596 0 0 0.0009294258160125864 6.625471539390821e-05 0.0013987879738135021 0.0006042048802945972 1.9021883144505524e-06 8.324303108423925e-06
238 2142 0.0007339060444442335 0 0 0.0008167934969114577 5.823942107423108e-05 0.0012862881773862645 0.0005541388050387718 1.6784896434856715e-06 7.401023042320929e-06
239 2151 0.0006798589190356743 0 0 0.0007086085118457969 5.0517505782559583e-05 0.0012161544085599796 0.0005340712428335608 1.5991099482802952e-06 6.967232140239228e-06
240 2160 0.0006741741096242865 0 0 0.000690511689845801 4.924481465836189e-05 0.0012288330640042597 0.0005577962459927602 1.6191890043237818e-06 6.935930984454285e-06
241 2169 0.0007009745318915914 0 0 0.0007134273203264124 5.0906320067441596e-05 0.001315282391113247 0.0006232423755855801 1.6627528241432675e-06 7.436115843633301e-06
242 2178 0.0006821626053608034 0 0 0.0007432811581474964 5.304046212476301e-05 0.0012752284606783596 0.0006002066412287077 1.5885363291460656e-06 7.666421885164291e-06
243 2187 0.0006684474287364715 0 0 0.0006952502709390988 4.959022750435339e-05 0.0012052783603002965 0.0005813844946979571 1.6287500647136582e-06 7.23929426070567e-06
244 2196 0.0005749439285974257 0 0 0.0005801095185574392 4.13727273635841e-05 0.0009890017072384147 0.0004911324768511979 1.3528734354655603e-06 6.220018974642043e-06
245 2205 0.0005782235675555864 0 0 0.0005510407085305616 3.9301323598128554e-05 0.0009619367679035585 0.0004909839104468277 1.403411441172682e-06 5.982038444577569e-06
246 2214 0.0006557228814254338 0 0 0.0006199564168172712 4.419275522571015e-05 0.001036336339335804 0.0005456473836042455 1.793632235422724e-06 6.714077354881583e-06
247 2223 0.0006834840485047733 0 0 0.0006393793853175777 4.557872392296007e-05 0.0011861475507824904 0.000626987500932794 1.79567128933378e-06 7.348609392587087e-06
248 2232 0.000649949208452975 0 0 0.0006008229926062778 4.284816246632437e-05 0.0011030424595380958 0.0005750946675562898 1.706221418397609e-06 6.995059292811155e-06
249 2241 0.0006158277796252423 0 0 0.0005398599630170146 3.8508150169128486e-05 0.001013084012380418 0.0005065052857563201 1.5924970227827614e-06 6.278846957868871e-06
250 2250 0.0005497202184453607 0 0 0.0004703010090524036 3.3550257333940224e-05 0.0009080681479801696 0.0004527574912201274 1.41080773243879e-06 5.54526482783513e-06
251 2259 0.0004673081108514578 0 0 0.00039177245050383387 2.7953432676697576e-05 0.0007340384494739715 0.00036481132025646673 1.24501448879848e-06 4.562400689283642e-06
252 2268 0.0004505168441073806 0 0 0.0003876777618694185 2.7666076907525903e-05 0.0007216746194177798 0.0003467155837798951 1.2062577915374071e-06 4.2804937255343574e-06
253 2277 0.00044231663506575655 0 0 0.00037940412493608997 2.708121557603173e-05 0.0007369673943902421 0.00035050220537475343 1.1360037425158022e-06 4.264138559369042e-06
254 2286 0.0004983419091113042 0 0 0.0004554809098593912 3.25039771439525e-05 0.0008132383416360895 0.0003874375581689845 1.3400035634909547e-06 5.028906645783591e-06
255 2295 0.00045289046419949266 0 0 0.0004151603791520303 2.9642829617689317e-05 0.0007206261683309946 0.00034669104824879503 1.1856569611580803e-06 4.6361336178573835e-06
256 2304 0.0004296944809152869 0 0 0.000380840101098402 2.72008131234344e-05 0.0006941782013248816 0.00033445377796611787 1.1195249579187693e-06 4.238005669751836e-06
257 2313 0.000348457168227134 0 0 0.0002936839623900463 2.0974466582616743e-05 0.0005468134906517351 0.0002730210064085303 9.007747334277658e-07 3.324999432348704e-06
258 2322 0.00031284036428744444 0 0 0.0002501529820198549 1.7871703855121873e-05 0.0004952836899145285 0.00024529972712860693 8.360743321889316e-07 3.0148196161110667e-06
259 2331 0.000286820860828181 0 0 0.0002133785784158762 1.525706039934432e-05 0.00044148592590398036 0.00021843032230375967 7.969185548306062e-07 2.6495039770739914e-06
260 2340 0.00026968088853192957 0 0 0.00019533796920281955 1.3975849808560524e-05 0.00041866938380376577 0.0002131076069782818 7.450018436007589e-07 2.5321312186737014e-06
261 2349 0.00030942182871423357 0 0 0.0002628666519645417 1.8820493310316884e-05 0.0005061608779438886 0.00025925146207953447 8.433938164356555e-07 3.061893392000061e-06
262 2358 0.0003223131766627482 0 0 0.0002770467125488081 1.984860077557023e-05 0.0005286294851095787 0.0002727118668933547 8.907588601498121e-07 3.213434195267317e-06
263 2367 0.0003028560667108259 0 0 0.00025226626538717715 1.8073252455800905e-05 0.000486059837220642 0.0002501442049069827 8.597928651578395e-07 3.012333963245911e-06
264 2376 0.0002813394368705222 0 0 0.00022902436527945125 1.6403766510209395e-05 0.0004258510527218528 0.00021849366397756146 7.874210111616723e-07 2.6163112351358713e-06
265 2385 0.00024676770644035636 0 0 0.00019632191086661128 1.4058892154966011e-05 0.00034063490343615047 0.00017609295896801693 6.939692774806392e-07 2.211147862687798e-06
266 2394 0.0002469480388931028 0 0 0.0002057393576843501 1.4733099033040169e-05 0.00033713008567898755 0.00017694475753306357 7.162937750162683e-07 2.2646409420637676e-06
267 2403 0.0002660456878524226 0 0 0.00022216720440735712 1.590850801443195e-05 0.0003675343615725179 0.00018623940982415152 7.734282895367039e-07 2.4186426607035174e-06
268 2412 0.0002523423933236534 0 0 0.0002166062908443198 1.55061966092075e-05 0.0003554101176342766 0.00017843347825269553 7.191534916657882e-07 2.25477146380701e-06
269 2421 0.0002478712130326198 0 0 0.00021342823964420218 1.5282413867463304e-05 0.00036560642884517073 0.0001775331476519213 7.043306201068682e-07 2.1701829653914554e-06
270 2430 0.000286756368674265 0 0 0.0002583997404617754 1.8517494068856525e-05 0.0004936970400418354 0.0002307989862243352 9.394402329341277e-07 2.510377375130688e-06
271 2439 0.0002922202142433526 0 0 0.0002576697359892331 1.84706505922463e-05 0.0004997273587805082 0.00023685644194787456 9.882731278820503e-07 2.5454724774948435e-06
272 2448 0.000279166670084453 0 0 0.0002414707556915161 1.7307105932146012e-05 0.00047667138896573757 0.00022508780063323412 9.299660960805166e-07 2.2979560306469216e-06
273 2457 0.00024849729539053964 0 0 0.00020400213606818073 1.4618875349684794e-05 0.0004210084916456352 0.00020009650400033425 8.233459883122599e-07 1.993917634023017e-06
274 2466 0.0002717312238907913 0 0 0.00021162038142358215 1.5159103768316637e-05 0.0003984289785133414 0.00019497463997110323 9.564138952663264e-07 2.1507453981698934e-06
275 2475 0.0002838432865139269 0 0 0.00020954620966662384 1.5012261302318444e-05 0.0004057859075926315 0.00019967022738231433 1.0079881585165672e-06 2.1353921394300004e-06
276 2484 0.0002737868036979719 0 0 0.00019989084642725293 1.4313567574536601e-05 0.0003740905000305221 0.0001802368721707497 9.501081201511182e-07 2.1035484242056716e-06
277 2493 0.00027269450708411957 0 0 0.00019646993271335634 1.40650914626401e-05 0.0003556262141434204 0.00016906362618720794 8.670593028442812e-07 2.0888134925334085e-06
278 2502 0.00028972945239749177 0 0 0.00021294048924151915 1.5251921358171283e-05 0.00040402021078141814 0.00018989303527267308 9.884875234532229e-07 2.2026849563309287e-06
279 2511 0.0002707257047509227 0 0 0.00020006758293352145 1.4333512936843075e-05 0.0003738892637586857 0.00017784599748661817 8.94136463355549e-07 2.0711726077839244e-06
280 2520 0.00030043132967494607 0 0 0.0002470591296341073 1.7683992569043785e-05 0.00041607076567538463 0.0001971729693712961 9.5860329197857e-07 2.5254672917516027e-06
281 2529 0.0002986010595478959 0 0 0.0002494490565313589 1.7850690036372843e-05 0.00041823620167334496 0.00019973940245674362 9.016693196127601e-07 2.603743609855957e-06
282 2538 0.00029023148106502246 0 0 0.00024357956047765607 1.742478157895247e-05 0.0004012476433343729 0.00019318922642266273 8.485955473799444e-07 2.5529400702856945e-06
283 2547 0.00028124410820735344 0 0 0.00024024221081714024 1.718454799794315e-05 0.0003890334220447821 0.00018460801593078854 7.87221880878005e-07 2.5199997982625835e-06
284 2556 0.0002893274240224254 0 0 0.0002495651134411219 1.785895823111779e-05 0.0004260474661344303 0.00020839969499024968 8.113927457982886e-07 2.676519971047468e-06
285 2565 0.00024235594543219172 0 0 0.00020683135501865557 1.47993759601667e-05 0.000353212103492576 0.00017559867516016766 6.47612560950436e-07 2.315107096159519e-06
286 2574 0.000240393894327852 0 0 0.00021082451557849667 1.508041157139598e-05 0.00034235822119162314 0.0001696782348442075 6.182318102819001e-07 2.4230281581041675e-06
287 2583 0.0002476036770132449 0 0 0.0002091919097818696 1.496546937678259e-05 0.0003642450273850122 0.0001786857474889892 6.33460194197411e-07 2.4300404716160343e-06
288 2592 0.0002787612673455444 0 0 0.00022762570642217582 1.628732058910984e-05 0.0004330005944849389 0.00019509882936409817 7.30914772243772e-07 2.5539080391204547e-06
289 2601 0.0002667836408400984 0 0 0.000216040415779713 1.5456181847662168e-05 0.0004143900221632131 0.0001886073950219549 6.810286698678323e-07 2.4636292562120126e-06
290 2610 0.0002473984688831539 0 0 0.0002000805442511281 1.4314341210202954e-05 0.00038443448636981683 0.00017350281671200973 6.27635640305902e-07 2.2066572310441566e-06
291 2619 0.0002345900875193211 0 0 0.00019142478859917342 1.3701409792643363e-05 0.0003849281034419347 0.00017944478207936886 5.957841100235563e-07 2.1523048411544757e-06
292 2628 0.0002489932897445725 0 0 0.00019257799147041294 1.378061402500794e-05 0.0004091551502789059 0.00018782713133003414 6.491701248956273e-07 2.16932507864416e-06
293 2637 0.00022084207168048589 0 0 0.00017079123932405585 1.2222720046564144e-05 0.00035958907873528376 0.00016855389051508558 5.65520285224533e-07 1.9220917912346516e-06
294 2646 0.00020281459422371003 0 0 0.00015697262326003474 1.123349285791674e-05 0.0003296987424028823 0.00015668152889416833 4.97440597426142e-07 1.7616513061208631e-06
295 2655 0.0002277590362964388 0 0 0.00018398277421749918 1.3167476201949236e-05 0.0003705212202429785 0.00017053786046256138 5.648023605754679e-07 1.922914655358675e-06
296 2664 0.00029019436780342527 0 0 0.00023677242429220432 1.6949900366150688e-05 0.00047793805721257996 0.00021460876315504028 7.234540290993508e-07 2.3021802831343715e-06
297 2673 0.0003223711353082474 0 0 0.00026183278290227847 1.8746315829491577e-05 0.0005300817146128166 0.00024258408639866384 8.104354924825977e-07 2.6150123524455375e-06
298 2682 0.00030674221708680896 0 0 0.0002520870578230826 1.804749479513647e-05 0.0005064423746787857 0.000233007173970277 7.33184332008347e-07 2.5423448859371673e-06
299 2691 0.00030663158212869445 0 0 0.00024003235305033787 1.7192279281287554e-05 0.0004992003543179158 0.0002313035011596378 7.199388255001179e-07 2.4896560483631356e-06
300 2700 0.0002881417579712423 0 0 0.00020625519427569996 1.4776238895440553e-05 0.00043670513106063735 0.0002085780649035677 6.681885755090796e-07 2.2327454659225577e-06
301 2709 0.0002709931092848217 0 0 0.00019055196579887215 1.3648602849703109e-05 0.00041866382606327014 0.0001959460131238149 6.142791653443964e-07 2.1047443700323484e-06
302 2718 0.00025851605003298674 0 0 0.0001824297853570448 1.3067893385845529e-05 0.0004017136768958076 0.00018771214788354567 5.884705304795461e-07 2.0206057834605133e-06
303 2727 0.0003108860325953523 0 0 0.00023655648244429208 1.6939555640997397e-05 0.0005307556823877099 0.00021894242475626894 7.594044444694057e-07 2.280712982986425e-06
304 2736 0.00032714497887868376 0 0 0.00025572809395318425 1.8319747597127164e-05 0.0006050682051136048 0.00025158557140787005 8.341100842043798e-07 2.5401003518321207e-06
305 2745 0.0002784297203153789 0 0 0.00022103343545672687 1.5832633865750216e-05 0.0005198243768748877 0.0002123711083136493 7.052376452072036e-07 2.152889007950147e-06
306 2754 0.00024230334348158668 0 0 0.0001764513192502771 1.264199562652597e-05 0.0004161284416068005 0.00017550634175522568 5.917909010882695e-07 1.806762529332385e-06
307 2763 0.00022125250024731302 0 0 0.0001679165982550036 1.20328993978119e-05 0.00039826079147681686 0.0001685228415289187 5.650942092248036e-07 1.7126835184348655e-06
308 2772 0.00021709665538330658 0 0 0.0001670938141994167 1.1976394445612859e-05 0.0003965540291246881 0.00016926725702129166 5.444949252337091e-07 1.715157934783801e-06
309 2781 0.0002240756524867841 0 0 0.00017739407081770694 1.2718458226658988e-05 0.00042003742350706747 0.00017674747170162591 6.047801842234148e-07 1.7263006135461439e-06
310 2790 0.00024548381930006427 0 0 0.0002041815099068142 1.4638988212234714e-05 0.0004690020421719668 0.00020318101654477733 7.06977941277396e-07 1.993007590666095e-06
311 2799 0.00023792654395289167 0 0 0.00019639047606208166 1.4085709239215892e-05 0.0004625462241062686 0.00020277361076578707 6.853279662264844e-07 1.916896086983922e-06
312 2808 0.00025417632664702676 0 0 0.0002091070060378045 1.5001517484195327e-05 0.0005107789572084931 0.00022613074035753434 7.29599347542734e-07 2.066975351298905e-06
313 2817 0.00024027787897244044 0 0 0.00019652474641252633 1.4100319862499623e-05 0.0004770720839683369 0.00021205501842385438 6.565250039321877e-07 1.9273463179499618e-06
314 2826 0.00021443812354272722 0 0 0.00017528000275571272 1.2573406989995368e-05 0.00042284149625521956 0.00018667413478155425 5.873220334175476e-07 1.6795521198124044e-06
315 2835 0.0001839495876379192 0 0 0.00015568349472479595 1.1166394024069656e-05 0.0003666250294033026 0.0001624475970624696 5.050565041741653e-07 1.4757839299779334e-06
316 2844 0.00017544912150141748 0 0 0.00014184783527369904 1.0174729178595937e-05 0.00033341176474992255 0.00014862908536264016 4.6660604882725254e-07 1.3701934600304714e-06
317 2853 0.0001922084069109943 0 0 0.00015607126125861183 1.1196351524423893e-05 0.00036817161237408594 0.0001645915790703463 5.051397967375354e-07 1.5113741894899932e-06
318 2862 0.00020070159724306313 0 0 0.00016940738526022956 1.21524058217803e-05 0.00039336124980382645 0.0001786422870614394 5.187409410688577e-07 1.6726323507076148e-06
319 2871 0.00019235022725338442 0 0 0.0001603236596527593 1.1499938059253455e-05 0.0003739585981610459 0.0001670347800856165 4.969901588822599e-07 1.5412190396245264e-06
320 2880 0.00020074312245623544 0 0 0.0001719727557498022 1.2335386029765136e-05 0.00040009893062502614 0.00018045649075661618 5.195450206973997e-07 1.6662687776449603e-06
321 2889 0.00022040725550252492 0 0 0.00020740580864080275 1.48755477963326e-05 0.0004645100554172062 0.00021352252549498312 5.886501376712351e-07 1.9817508476417705e-06
322 2898 0.0002236200687139839 0 0 0.0002124990450160238 1.5239506869086323e-05 0.0004777041219072108 0.00021788467570069066 5.93935942233609e-07 2.009597183753978e-06
323 2907 0.0002586409393920391 0 0 0.0002614600645776675 1.874495121630066e-05 0.0005793096359509337 0.00026212617365126427 6.85657971077072e-07 2.423076408951744e-06
324 2916 0.00023329207918512302 0 0 0.00023156767164451766 1.6602323140461503e-05 0.0005126149925848218 0.00023126941332938275 6.105183736592671e-07 2.1017272250706808e-06
325 2925 0.00023222373766363215 0 0 0.00021587065327292429 1.5478360062122367e-05 0.00046387577531396005 0.00021240367895270624 5.582532186924496e-07 1.958304547058389e-06
326 2934 0.00022499184139859697 0 0 0.00021311327414693892 1.5285068090893533e-05 0.0004524355494803107 0.0002127970139062238 5.437481737903938e-07 1.9723517568252344e-06
327 2943 0.0002065436864750245 0 0 0.0001861905899668131 1.3353300273244395e-05 0.00039715911892724003 0.000187244356374015 4.943463402571172e-07 1.7436017450484132e-06
328 2952 0.00023408872456328578 0 0 0.00020592619184282523 1.4770151302716521e-05 0.0004497783531581391 0.000207728435080937 5.664793213958327e-07 1.9028801715029506e-06
329 2961 0.00023735074884970568 0 0 0.000214339544361931 1.5376591672723802e-05 0.0004738552778143794 0.00021719003210222 5.998854374670366e-07 1.929097881289435e-06
330 2970 0.0002888003263180529 0 0 0.0002750229543776162 1.973744934624024e-05 0.0006174427298505715 0.000282372098033605 7.687802010885955e-07 2.431902694630026e-06
331 2979 0.00029580848540932005 0 0 0.0002762998358770581 1.983183714320516e-05 0.0006322405450398663 0.00028744293011396355 7.905719221905027e-07 2.428749969275543e-06
332 2988 0.0002757250290253103 0 0 0.00024600801214692955 1.7652998486129e-05 0.0005567350810831518 0.0002546395733919615 6.789730012723452e-07 2.213041983263787e-06
333 2997 0.00027374505450855223 0 0 0.00024203522734699763 1.7367076210491675e-05 0.0005340232599251043 0.00024590494657241515 6.666760906400595e-07 2.154415880916287e-06
334 3006 0.000248137709741588 0 0 0.00021903632972598277 1.571432631711688e-05 0.0004818698400029109 0.00021927681072063702 5.919611298952328e-07 1.932366837455856e-06
335 3015 0.00024087957659870823 0 0 0.00021210268844725524 1.5215136295747108e-05 0.00046707462419992156 0.00020966930827886272 5.842123471971688e-07 1.8482287124630535e-06
336 3024 0.00024282441099184303 0 0 0.00022029667088644105 1.5801329431842625e-05 0.00046958733415442563 0.00021035267510271228 5.849056707758918e-07 1.875579318408879e-06
337 3033 0.0002445738342008104 0 0 0.00022156447263532196 1.5893438942136224e-05 0.00047475696662537545 0.00021479595771909426 5.984304636945564e-07 1.882637654813029e-06
338 3042 0.00025898647536272515 0 0 0.00023426328634215354 1.68076604846479e-05 0.0005089390416469829 0.00023508352935979962 6.340795384095142e-07 2.0469400099787597e-06
339 3051 0.00028534404067836577 0 0 0.0002662734640840855 1.9104251144426546e-05 0.0005805171715072559 0.0002610573436737444 7.271504869732918e-07 2.199925435779045e-06
340 3060 0.00028946505754930623 0 0 0.00027729652506943087 1.9896146038322122e-05 0.0006139827359191743 0.0002739538042439966 7.540915510372886e-07 2.284493016609237e-06
341 3069 0.00029217860240074336 0 0 0.00026088130977809887 1.8713344830507663e-05 0.0005734746239600179 0.0002567109507220034 7.050371311682633e-07 2.1847805325352638e-06
342 3078 0.00026060741872518576 0 0 0.00020875504493039375 1.4975465442759792e-05 0.00047309352433147755 0.00021294833815279615 5.798377357289363e-07 1.8026146269895871e-06
343 3087 0.00023186911886552286 0 0 0.00018184088470219736 1.3044443342302702e-05 0.0004077278785573418 0.0001846395238950839 5.152155983302124e-07 1.5684088855129268e-06
344 3096 0.00022562156972742272 0 0 0.00018510049927234452 1.3279022631170739e-05 0.0004259129831121497 0.00019065661518533368 5.082982112315079e-07 1.6039343247794365e-06
345 3105 0.0002360465137731659 0 0 0.00020163057911530048 1.4470178459980096e-05 0.00048128188573525035 0.00020948026899431847 5.74271887812707e-07 1.6302293918536418e-06
346 3114 0.0002103436294297604 0 0 0.00017034238856371105 1.2225374122229826e-05 0.00040802302548446266 0.00017807150225116402 4.877788530791733e-07 1.3456181874932198e-06
347 3123 0.0002311708933680053 0 0 0.00019805805471710385 1.421538334344048e-05 0.00048273574923574054 0.00021447013711032613 5.477678327041432e-07 1.571475177904852e-06
348 3132 0.00024165885539814618 0 0 0.00019318550094160055 1.3863843146920157e-05 0.000478141453752477 0.00021496575052090604 5.422005233735718e-07 1.5974895783263377e-06
349 3141 0.00023958496203536306 0 0 0.0001971518327746878 1.4145562878056335e-05 0.00047170212239773117 0.0002124907202398365 5.45499494430558e-07 1.6042942196449687e-06
350 3150 0.00024518250260256936 0 0 0.00019912816656432957 1.4287086139782087e-05 0.00048509730231384684 0.00021689749253580413 5.606086305040408e-07 1.6026906372623896e-06
351 3159 0.0002474266615659718 0 0 0.0001970785213433769 1.4144374926503798e-05 0.0004913994489094543 0.00021616842001890744 5.796768639285282e-07 1.5118133958975266e-06
352 3168 0.000218576437492029 0 0 0.00017588468474259348 1.2623385875130325e-05 0.00043528374357003607 0.00019140706066149058 5.102730896948876e-07 1.3326414717769064e-06
353 3177 0.00020887429666326145 0 0 0.00016868358345853 1.2104002531262605e-05 0.0004082321655437771 0.0001780619433423609 4.879333423420555e-07 1.2551486702734388e-06
354 3186 0.00022245255499226215 0 0 0.00018320009057647374 1.3145708292846062e-05 0.0004520682358135175 0.00019210399659536258 5.512119114614499e-07 1.3215400607164309e-06
355 3195 0.00021835267086076923 0 0 0.00018206957057480776 1.3065304702840009e-05 0.00044742827685202594 0.00018936090746303442 5.450754696931859e-07 1.3104781522913678e-06
356 3204 0.00021614246559394762 0 0 0.00018269614843531286 1.3113469161990864e-05 0.00046080558804482004 0.00019895908425351472 5.602241010479668e-07 1.3365326424796683e-06
357 3213 0.00023250012460249248 0 0 0.00019758322746497563 1.4179187311831228e-05 0.0004908740043235941 0.00021549171145568048 5.775441484722075e-07 1.5099671827631971e-06
358 3222 0.0002573954121576611 0 0 0.00021494299267926266 1.542684485481214e-05 0.0005474542382239294 0.00024206532777224852 6.549515064083884e-07 1.6582492736065245e-06
359 3231 0.00026225839648706526 0 0 0.0002144456131562942 1.538865855269164e-05 0.0005516032917521095 0.00024072738609466488 6.454197759941535e-07 1.6327926622498655e-06
360 3240 0.0002721275513372295 0 0 0.00021982125326440848 1.5777177597500787e-05 0.00057359624328006 0.00025093049612645037 6.811656219509285e-07 1.6737216290280495e-06
361 3249 0.0002477759598702112 0 0 0.0001943507299093332 1.3950866209302394e-05 0.0005158723892178842 0.00022571618850230322 6.129740425377442e-07 1.4676277339944184e-06
362 3258 0.00021744542578343084 0 0 0.00017184302147934795 1.2334917459388554e-05 0.0004498931451885695 0.0001991317060325653 5.283693240685738e-07 1.312814777084599e-06
363 3267 0.00018768832111906985 0 0 0.00014649227073314797 1.0514731339668617e-05 0.0003821756062483296 0.00016897252189823286 4.503445202996831e-07 1.1149667369225774e-06
364 3276 0.00022286377945358293 0 0 0.00021820437602309306 1.56593697284856e-05 0.0005477385944264479 0.0002451542003238483 5.882384395218146e-07 1.7534083886156953e-06
365 3285 0.00023708908172760448 0 0 0.00023810647910256356 1.7089036086001993e-05 0.0005968416893424041 0.00026822961867030074 6.38215336459929e-07 1.9268249548244168e-06
366 3294 0.00025268118459461465 0 0 0.00027965435055286875 2.0075425943816493e-05 0.0007098931226358777 0.0003192117050949745 7.672748188589643e-07 2.2457780712220856e-06
367 3303 0.0002521159780405316 0 0 0.0002832190623610748 2.0334763571139726e-05 0.0007228566701348429 0.00032341733245007896 7.810430248906321e-07 2.2283734759587944e-06
368 3312 0.00021822126493818136 0 0 0.00024580123311638294 1.7646890167775148e-05 0.000626017305146436 0.000278148509239321 6.7294953195708e-07 1.9105665324608818e-06
369 3321 0.0002362364279325317 0 0 0.0002823083074722498 2.0264480260117463e-05 0.000713342570653336 0.00030627028438084063 7.864834461269552e-07 2.0672940104267e-06
370 3330 0.0002505842567918028 0 0 0.0002891716216642828 2.075956546725005e-05 0.0007323005111388168 0.0003143811192482317 8.226695591459164e-07 2.1031788358083214e-06
371 3339 0.0002692963374180981 0 0 0.0003101537525816933 2.2264587682749025e-05 0.000777534808211519 0.00033391631143702815 8.78777626429957e-07 2.259329104759445e-06
372 3348 0.00029162632382156355 0 0 0.0003219329298602156 2.3107251295246165e-05 0.0007808531416465243 0.000339335636513262 8.90212664128899e-07 2.378972168019792e-06
373 3357 0.0002726094427112312 0 0 0.00029564361593638545 2.1223052995915778e-05 0.0007265369737839273 0.00031628144383480394 8.330107376218695e-07 2.1951419938353817e-06
374 3366 0.00025654524596428687 0 0 0.00027233728482915857 1.9549969925692942e-05 0.0006724784778230432 0.0002925156033204636 7.735981563224223e-07 2.0341267663135695e-06
375 3375 0.0002746380541495656 0 0 0.00027583254551880623 1.9804093739356953e-05 0.0006947577396187271 0.0003053938055408214 7.923751548832879e-07 2.124550733508276e-06
376 3384 0.00025253089684767625 0 0 0.0002788864841527844 2.0024486735792042e-05 0.0006996488252438581 0.0003078225395093472 7.912172454932901e-07 2.1486868610202483e-06
377 3393 0.00021595884181943988 0 0 0.00021466289288184307 1.5412711643651733e-05 0.0005386360247891744 0.00023562869218461503 6.161175560143148e-07 1.6252128775836846e-06
378 3402 0.00019147406647800628 0 0 0.0001844290435142504 1.32434687751174e-05 0.00046953152279733085 0.00020501995761528763 5.409939307572244e-07 1.3986464431299508e-06
379 3411 0.00017889504948748381 0 0 0.00016345021128905552 1.1735870272337202e-05 0.0004113405165488794 0.0001818090002280567 4.742803856188699e-07 1.2714431557355068e-06
380 3420 0.00016658175346276073 0 0 0.00014882548859301948 1.068428449025212e-05 0.00037073391382116033 0.00016300122596649613 4.299554463049515e-07 1.144873655342112e-06
381 3429 0.0001576293766462853 0 0 0.00013972720510952084 1.003193354052389e-05 0.00035161311825850056 0.00015351289117542796 4.0727737310949423e-07 1.0681308583248826e-06
382 3438 0.00014069148025375693 0 0 0.000122145904617261 8.770927211713061e-06 0.00031084930051232274 0.00013700561455987344 3.575448363301289e-07 9.476712061520361e-07
383 3447 0.00013938671306141647 0 0 0.00011763648440756206 8.445808237227384e-06 0.00029572798014056997 0.0001314813296305408 3.3847459870340267e-07 9.372676687564638e-07
384 3456 0.00013707284990405072 0 0 0.0001149154236525193 8.25158821718745e-06 0.00029347326137540156 0.0001297015891532403 3.360405681606327e-07 9.02068951306701e-07
385 3465 0.00013592685042682556 0 0 0.0001090479408302403 7.83075507958149e-06 0.0002806783492396514 0.0001252123455710202 3.198871178274766e-07 8.711954526507742e-07
386 3474 0.00013711622321178093 0 0 0.00011162364486248576 8.01597095384528e-06 0.0002890333614122893 0.0001295116407515552 3.286077438798073e-07 9.085644226025971e-07
387 3483 0.00014157268023156757 0 0 0.00011771312321881013 8.452666185010125e-06 0.0003012111455526658 0.000134524881204099 3.4341374553664387e-07 9.569432208436876e-07
388 3492 0.00014746349478175576 0 0 0.00012827808255503226 9.209492406031584e-06 0.0003243886961007213 0.00013937698665850284 3.807621618737978e-07 9.743719557417698e-07
389 3501 0.00014622309654199655 0 0 0.0001243260540252389 8.925703217745641e-06 0.0003139915002102229 0.00013585076122781063 3.689005314314378e-07 9.584601690810787e-07
390 3510 0.0001521231222799846 0 0 0.00012488617838978327 8.96868103590509e-06 0.0003269335528283373 0.000140747459314533 3.891533414525602e-07 9.492841067722692e-07
391 3519 0.0001471550945772497 0 0 0.00011381706550399975 8.174807015905879e-06 0.00030092617817258717 0.00013047735926553794 3.602891439179505e-07 8.84351449640499e-07
392 3528 0.00014117529956560036 0 0 0.00010923631127429935 7.845660616067077e-06 0.00028764643945485154 0.0001249222694092971 3.458716610210835e-07 8.399662295579315e-07
393 3537 0.00015117971644934032 0 0 0.0001284764241997996 9.231585801810114e-06 0.00034751367188292715 0.00015162723329559702 4.113249889103309e-07 9.752174294393196e-07
394 3546 0.00015197463880886413 0 0 0.0001353974615497147 9.730583339143505e-06 0.0003710765564445036 0.0001609614643017292 4.421692388059133e-07 1.0100477494009002e-06
395 3555 0.0001398170364044826 0 0 0.0001262428241593957 9.071052937929598e-06 0.0003379181435373778 0.00014764392439327938 3.991114695116038e-07 9.566504297380543e-07
396 3564 0.00014775411576715394 0 0 0.00013750331167240176 9.881210283692214e-06 0.0003706044915586117 0.00016146485955201363 4.308383829087265e-07 1.025028301867801e-06
397 3573 0.00016672188823693262 0 0 0.0001501915650483511 1.0792878667262276e-05 0.0004051683402934303 0.0001756469230070214 4.6932622082654246e-07 1.0994648716802237e-06
398 3582 0.0001799801262765476 0 0 0.00017328109944938586 1.2452116379411874e-05 0.0004706704567477937 0.00019925009404672025 5.610106893131788e-07 1.2100307051754037e-06
399 3591 0.0001774313482738687 0 0 0.00016610779380942035 1.1935656185229732e-05 0.0004510336550115986 0.00018989170255902807 5.401840506554598e-07 1.162147992247832e-06
400 3600 0.00018493896560634136 0 0 0.00017133220853108715 1.231096181303719e-05 0.00046446351432746 0.00019655770933184625 5.51875358760372e-07 1.2200436044967448e-06
401 3609 0.00019929920696740744 0 0 0.000180105806216824 1.2942265151316328e-05 0.000497474136950152 0.0002106340728268016 5.887032302428204e-07 1.2963468106058235e-06
402 3618 0.00019159403305273894 0 0 0.00017802778699597884 1.2794755996637992e-05 0.0004965429843369988 0.0002110788749032685 5.889835652782705e-07 1.2795981104396693e-06
403 3627 0.0001843101854636058 0 0 0.00017358284622889488 1.2475063850535287e-05 0.0004842911136137231 0.00020265490818476234 5.845711693625088e-07 1.2067540062546527e-06
404 3636 0.00018646662090225416 0 0 0.00018202644692525454 1.3080091021560877e-05 0.0005031663865333171 0.00020731986420353924 6.074579235118147e-07 1.2276387656604583e-06
405 3645 0.0001714083527788577 0 0 0.00016511748211030675 1.1864371128394491e-05 0.0004521537622454942 0.00018654295554220988 5.463760104290631e-07 1.1179130375782864e-06
406 3654 0.0001710560345362896 0 0 0.00017033318672713963 1.2239725950291948e-05 0.00046687916595458326 0.0001933790484891867 5.57651787870546e-07 1.1611062109320728e-06
407 3663 0.00017950899893763984 0 0 0.00017836763559651977 1.2815849962611885e-05 0.00048210299353726465 0.00019887477922354282 5.812800474738729e-07 1.1917961854236675e-06
408 3672 0.0001891544987405033 0 0 0.00018710953784129066 1.3442795796709035e-05 0.0004980391795791301 0.00020536414823967063 6.054455838052467e-07 1.243553694354811e-06
409 3681 0.0001965359737680585 0 0 0.0001894151993016132 1.3608951034262126e-05 0.000503781699027863 0.00020815492101561417 6.134017881550396e-07 1.2524951530502117e-06
410 3690 0.00024512098905313256 0 0 0.00023184159990338315 1.6654932757359798e-05 0.0006080443634899244 0.00025220637651799624 7.361306073952272e-07 1.5621551176707704e-06
411 3699 0.0002782644240699824 0 0 0.0002574123901920443 1.8491039238749236e-05 0.0006730934796950864 0.00027824711923306 8.212667250941991e-07 1.7184103284332448e-06
412 3708 0.0003017567778487937 0 0 0.00027721043732141667 1.9913744196002437e-05 0.0007294307232080379 0.0003021551429650895 8.878870245127579e-07 1.836884660966025e-06
413 3717 0.00030950920488428794 0 0 0.00030789033382471506 2.211371752738235e-05 0.0007909483109142089 0.0003217404126539006 9.662388604471346e-07 1.9545984996335434e-06
414 3726 0.0002942426911557313 0 0 0.00029392369489147387 2.1111798635140193e-05 0.0007584637223666817 0.0003101239897832498 9.270187947411797e-07 1.8878501223938393e-06
415 3735 0.00030318981413531243 0 0 0.00030381594020960665 2.1823014789831233e-05 0.0007899149286004315 0.0003210008888873735 9.657318275505749e-07 1.909462104733368e-06
416 3744 0.00031258192273137724 0 0 0.00031006882537851845 2.2270384224644118e-05 0.0008030466882424454 0.0003265981106988987 9.736567048488513e-07 1.9488736113718646e-06
417 3753 0.00032626071010524146 0 0 0.0003138963610097552 2.2543152370774666e-05 0.0008093591370114553 0.0003274728589919956 9.908078120799371e-07 1.95857452852328e-06
418 3762 0.0003158167111360599 0 0 0.00029426833230466483 2.1135485254411035e-05 0.0007655029373603603 0.00031162486820392773 9.391725248755028e-07 1.850947163423248e-06
419 3771 0.0003058125452523558 0 0 0.00029641590319991196 2.129132932687822e-05 0.0007712312572462543 0.0003141070218974632 9.386525622960412e-07 1.8682309355779463e-06
420 3780 0.0003045044399601575 0 0 0.00028514132082588776 2.0481810943465604e-05 0.0007451105759987125 0.0003077671966019999 8.9980017877971e-07 1.8509105821952286e-06
421 3789 0.0003178826952043389 0 0 0.00030853848482792045 2.2164131795080176e-05 0.00081551542719744 0.0003423915500735775 9.653070325438633e-07 2.086148817803681e-06
422 3798 0.0003350213596204937 0 0 0.00031972098482760885 2.2967457868227754e-05 0.0008534497833523794 0.00035666683045019283 1.0070091480965158e-06 2.157150426469016e-06
423 3807 0.0003122343086678915 0 0 0.00029734384031799936 2.1358993264150292e-05 0.0007892693130662387 0.0003275711098579586 9.33734253615679e-07 1.984616260217961e-06
424 3816 0.0002977263143470503 0 0 0.0002767861886874208 1.988514280090018e-05 0.0007413308154865196 0.0003126623662776112 8.7052403158428e-07 1.9120599910266092e-06
425 3825 0.0002841171357323543 0 0 0.00025818506015813934 1.8547397769467043e-05 0.0006897049457656948 0.000289595698041416 8.048592381202634e-07 1.7850334566372719e-06
426 3834 0.00028869929844333125 0 0 0.00025370627449346813 1.8225409675440882e-05 0.000677329496069822 0.00028377941858597275 7.905939434418409e-07 1.7398163659911541e-06
427 3843 0.00031565189726082853 0 0 0.0002737843092373045 1.9669158417032914e-05 0.0007343975250678801 0.0003075888546375315 8.621728198133459e-07 1.8715993809740304e-06
428 3852 0.0003436826215530072 0 0 0.0002945116402712228 2.1157851777215117e-05 0.0007872435600089127 0.0003319849534704843 9.16742831267617e-07 2.0415674536467898e-06
429 3861 0.00030014779468565464 0 0 0.0002656480035700235 1.908499683077129e-05 0.0007170756225752887 0.0003007991668256406 8.19851321435342e-07 1.8368846738946766e-06
430 3870 0.00030782116693770005 0 0 0.0002675920755808938 1.922424165059037e-05 0.0007199113962804154 0.0003018793115253663 8.285589886545782e-07 1.8459294255998208e-06
431 3879 0.0003188874090397924 0 0 0.0002889643035289289 2.075786175688828e-05 0.0007731052160190936 0.0003200203971975616 8.961124256608302e-07 1.928606411653704e-06
432 3888 0.00031509101396480954 0 0 0.00026787928515924035 1.924576127884968e-05 0.0007301927519876459 0.00030512410701332495 8.478602736244537e-07 1.8382707418497093e-06
433 3897 0.00030764672480353394 0 0 0.00025938292772196734 1.8635442471668853e-05 0.0007111251894846381 0.00029639013638479067 8.250663189910522e-07 1.7788325895473336e-06
434 3906 0.00030206574100593675 0 0 0.0002326099090682598 1.6710993651877763e-05 0.0006388703625848255 0.000267173997333538 7.396709778227913e-07 1.596403920468272e-06
435 3915 0.0003085975524574862 0 0 0.00022021904458225273 1.5818248168625054e-05 0.000597187530610918 0.0002536590846621695 6.962693461072174e-07 1.5492631674455044e-06
436 3924 0.0003362197064630737 0 0 0.0002369933201257322 1.7026058831831445e-05 0.0006496800834382649 0.00028170981296838114 7.575335172649816e-07 1.6979446680621992e-06
437 3933 0.00032003451132540055 0 0 0.00021515778174237434 1.5459719663404582e-05 0.0005980171670731628 0.00025867324592243396 7.024849372347044e-07 1.5181978472298115e-06
438 3942 0.0002928650300504212 0 0 0.00018281655091495057 1.3128267492898419e-05 0.0004844662089245302 0.0002057824296550516 5.768846188648358e-07 1.2551170565077853e-06
439 3951 0.0002940458159465179 0 0 0.00017582221495084292 1.2624043795096928e-05 0.0004597681691205394 0.00019305159452602034 5.547779368543418e-07 1.1656566867177036e-06
440 3960 0.000272759856302175 0 0 0.0001554669153689509 1.1160683651350276e-05 0.0004041560511094971 0.0001685362056081383 4.915722242938576e-07 1.0085589287341915e-06
441 3969 0.00023945568758918138 0 0 0.00013005496012456885 9.336136343137889e-06 0.00033888222846646324 0.0001462491900827993 4.0494722979771624e-07 8.963409316117263e-07
442 3978 0.0002491510941373674 0 0 0.00013346777993320378 9.584274945496861e-06 0.0003584303319549682 0.00015664014249954698 4.3166662921892117e-07 9.26145528626991e-07
443 3987 0.00026325360197508016 0 0 0.00014153775617481925 1.016511645209895e-05 0.0003854951580549295 0.0001660908285129416 4.639018140377133e-07 9.568592405582947e-07
444 3996 0.00024279528299849383 0 0 0.00012583656794719122 9.038700247038096e-06 0.00034797603975069753 0.0001508502597657144 4.1106568445724845e-07 8.683709330664344e-07
445 4005 0.0002649570776884504 0 0 0.00013426472870963478 9.645640690705926e-06 0.00037458960509524316 0.00016449806726227456 4.406448079987648e-07 9.412077967546026e-07
446 4014 0.00024543375499419036 0 0 0.00012051921560028203 8.656856443766241e-06 0.00033890911669770974 0.00014959799529480354 3.970672222450973e-07 8.679819083738705e-07
447 4023 0.00022166787308310925 0 0 0.0001098456616497251 7.888626957691543e-06 0.00030088877337705795 0.00013210805049892826 3.4936064972713456e-07 7.913676548661366e-07
448 4032 0.0002131992333462351 0 0 0.00010386304303000097 7.459401639045143e-06 0.0002877437304076716 0.00012383855191282304 3.307717574170336e-07 7.46691319669637e-07
449 4041 0.00020246430393835012 0 0 9.406739358004496e-05 6.757401644841479e-06 0.0002643932442438768 0.00011552185424895693 3.091151150511882e-07 6.791409738350231e-07
450 4050 0.00022234576533675882 0 0 0.0001033298880682712 7.4242792118196885e-06 0.0002892216023267083 0.00012627342104919612 3.444566413702975e-07 7.223036538309185e-07
451 4059 0.0002077258929321432 0 0 9.523318066706983e-05 6.842316057431989e-06 0.00026615377962401675 0.00011657185438187145 3.171210043838099e-07 6.658155385822495e-07
452 4068 0.000187441682847564 0 0 7.83964248929508e-05 5.630011355500381e-06 0.000212510859997451 9.178533648082789e-05 2.57182629633474e-07 5.266208802321857e-07
453 4077 0.0001828020889783084 0 0 7.980119838889505e-05 5.7310621087317774e-06 0.00021802113190766742 9.030520043619063e-05 2.66926137579901e-07 5.106211057149892e-07
454 4086 0.00016022317477633463 0 0 6.646781791162756e-05 4.7733948649944894e-06 0.00018296988195331548 7.511393785785213e-05 2.2503210382111514e-07 4.068599623346833e-07
455 4095 0.0001667783285634591 0 0 6.939620642774843e-05 4.983461794579548e-06 0.00018911125746575347 7.712142020364183e-05 2.3285227718461281e-07 4.0506268579155727e-07
456 4104 0.00017420501363405474 0 0 7.685405110637612e-05 5.519195097807822e-06 0.00020469797438584018 8.290469277124741e-05 2.488601130133046e-07 4.370287314377649e-07
457 4113 0.00018501976439345877 0 0 8.252148825993244e-05 5.926265490818702e-06 0.00021999880562612902 8.931460646613776e-05 2.6043829393087007e-07 4.79021330276519e-07
458 4122 0.00020516019978064666 0 0 9.20874619025095e-05 6.615005109433631e-06 0.00025540946295022325 0.00010370031990029263 2.9661733006701473e-07 5.387883641180239e-07
459 4131 0.00020412534290956176 0 0 9.208172128202242e-05 6.616245958726082e-06 0.0002585833083573072 0.00010520519686820176 2.9875437242337754e-07 5.368783102002821e-07
460 4140 0.00021065125192673938 0 0 9.754708280652045e-05 7.008464622014997e-06 0.0002725912024501536 0.0001108913154149473 3.139937269148176e-07 5.666516256800105e-07
461 4149 0.00019032635264612147 0 0 8.176679860414792e-05 5.875584197298434e-06 0.00023338375793494613 9.513845590375086e-05 2.7057683903971457e-07 4.841851990408273e-07
462 4158 0.0002065938841583847 0 0 8.76144310817542e-05 6.295118889252621e-06 0.0002487772887885601 9.920623150897722e-05 2.9437147963241923e-07 4.920963799854315e-07
463 4167 0.00019701028667382846 0 0 8.312120266974598e-05 5.9726460020741594e-06 0.00023590507027531807 9.535063621286086e-05 2.7547719658469284e-07 4.773018351467022e-07
464 4176 0.00019108524763535313 0 0 7.734242001957162e-05 5.556649593725123e-06 0.00022174495578565715 8.9080802675098e-05 2.603605642688577e-07 4.5102451795077177e-07
465 4185 0.00016365231031322235 0 0 6.452974694042141e-05 4.6371057305705185e-06 0.0001875497269699349 7.625137034024024e-05 2.205868312123157e-07 3.793891743209766e-07
466 4194 0.00016011069391955876 0 0 6.131165533250889e-05 4.4054154293355785e-06 0.0001765546291227098 7.200938058320927e-05 2.0948769896093235e-07 3.5869320632004994e-07
467 4203 0.00014851975398633285 0 0 5.696679545968392e-05 4.0931037895718335e-06 0.0001635287484233562 6.670195122964896e-05 1.9163136369673285e-07 3.340173661062546e-07
468 4212 0.00014472973331156427 0 0 5.532840419168224e-05 3.9754735891691085e-06 0.00016001516014745162 6.593793804088712e-05 1.8564889816767088e-07 3.2601477512711964e-07
469 4221 0.000139343532618887 0 0 5.238634822616196e-05 3.765069852215642e-06 0.00015190830025071882 6.333116867474075e-05 1.7381272024930214e-07 3.191303880605443e-07
470 4230 0.00014206572737204593 0 0 5.32942503645263e-05 3.8278853677865304e-06 0.00014731070157728945 6.086517361476113e-05 1.694593999502728e-07 3.082249297824134e-07
471 4239 0.00015837037210454912 0 0 5.724700469574269e-05 4.1112822827705796e-06 0.00015984775799254724 6.731798502787637e-05 1.8093431993724494e-07 3.4016583898887973e-07
472 4248 0.00016214630145973752 0 0 6.275078751891486e-05 4.505949828876498e-06 0.00016695177982945203 6.790053410333983e-05 1.9393969510515473e-07 3.4544026065424554e-07
473 4257 0.00015499530894686267 0 0 6.0436415467305675e-05 4.339977517364862e-06 0.0001643427066028137 6.678261773270765e-05 1.9037318705426813e-07 3.320217365188504e-07
474 4266 0.0001626441990932515 0 0 7.002174111539702e-05 5.0270117963680455e-06 0.000188619360474451 7.294214509537573e-05 2.1310391639961647e-07 3.603412160276135e-07
475 4275 0.00016847530486374876 0 0 7.372598725356958e-05 5.294183845331694e-06 0.00020191368500930505 7.745283722067698e-05 2.2882562094940293e-07 3.692278598245096e-07
476 4284 0.0001819084363060002 0 0 8.182987591841762e-05 5.876919959519774e-06 0.0002245126171787056 8.437000900909416e-05 2.581828130594601e-07 3.9390735783695257e-07
477 4293 0.00016844484599082307 0 0 7.612507088986472e-05 5.46751032306548e-06 0.00020939554951779354 7.794542544386402e-05 2.432155607789362e-07 3.500981674051638e-07
478 4302 0.00016250528049065123 0 0 7.010296047195136e-05 5.034436476528414e-06 0.00019148145666754535 7.157400861235263e-05 2.2335098661638458e-07 3.2431867680343436e-07
479 4311 0.0001649906698843541 0 0 6.951731531271283e-05 4.99235638554503e-06 0.00018729639598705393 7.030921219256215e-05 2.2354552211988692e-07 3.234736100332103e-07
480 4320 0.00016405083459047513 0 0 6.381572540740785e-05 4.580799738780096e-06 0.00016759469228542408 6.292343986885809e-05 2.0004881025012752e-07 3.0418727075485916e-07
481 4329 0.0001798575275366162 0 0 6.665922673618504e-05 4.7830750840745675e-06 0.00017150140265079976 6.355581551261195e-05 2.0916360823255526e-07 3.1067923527079543e-07
482 4338 0.00017944062166511354 0 0 6.96152664695538e-05 4.997729633458799e-06 0.00018472840920060512 6.815703779339041e-05 2.299466553995399e-07 3.11370104435444e-07
483 4347 0.00016701424913034973 0 0 6.462858951548546e-05 4.639866340165934e-06 0.000171472403197102 6.387198774076805e-05 2.1033287001021968e-07 2.915151884214032e-07
484 4356 0.0001890530232411749 0 0 7.540198406104705e-05 5.412203758491483e-06 0.00019893700152358884 7.326268106441503e-05 2.40811728292236e-07 3.510969193568756e-07
485 4365 0.00016782158237791953 0 0 6.472112702191663e-05 4.6454312813479864e-06 0.00017202161389902763 6.385533539945616e-05 2.0888132249297427e-07 3.1171884378722583e-07
486 4374 0.00017476143344082425 0 0 6.805826925332381e-05 4.885595082746775e-06 0.0001854370187541429 6.927670204411753e-05 2.1966798630224794e-07 3.3526719704837014e-07
487 4383 0.00016630245999995575 0 0 6.133548144227695e-05 4.4027077650050495e-06 0.00016646891169686673 6.312720996282156e-05 1.957861185457763e-07 3.138687943651623e-07
488 4392 0.00014039246911582066 0 0 5.0590148186257415e-05 3.6313372043274872e-06 0.00013833474598780706 5.241834668572034e-05 1.6436220166102625e-07 2.622328116245833e-07
489 4401 0.00013974280495369413 0 0 4.902299238494478e-05 3.51990284200329e-06 0.0001373920691990804 5.2924247588305194e-05 1.6059031338482174e-07 2.6890050626242316e-07
490 4410 0.00015656712244210285 0 0 5.4873396565230254e-05 3.938396199598962e-06 0.0001492299891184695 5.5979709080970136e-05 1.7447319269130434e-07 2.8307236893592833e-07
491 4419 0.00016742260921677286 0 0 5.7160227666727174e-05 4.102859081507536e-06 0.00015439674655087432 5.8764573871863334e-05 1.7966938926605578e-07 2.9738727691930943e-07
492 4428 0.00018371330999143666 0 0 6.241864268930046e-05 4.482894784556472e-06 0.0001733514447362405 6.84770129509999e-05 2.0325662081851327e-07 3.411702220719557e-07
493 4437 0.0002003705642802259 0 0 6.78546750962476e-05 4.8749215683231736e-06 0.00019011648568488418 7.66417737417011e-05 2.235224233758153e-07 3.7664314350041085e-07
494 4446 0.00019623361663150525 0 0 7.087363235589734e-05 5.092589940720733e-06 0.00019773325758105985 7.976248937721704e-05 2.3124328676085606e-07 3.9039622859569977e-07
495 4455 0.00018150027344315142 0 0 6.399961814707019e-05 4.598889381430533e-06 0.0001815605733091239 7.2876053983349e-05 2.1144843539356506e-07 3.5107068095432636e-07
496 4464 0.00018035672841611134 0 0 6.1020048033111155e-05 4.384638008075037e-06 0.00017184490229490585 7.019504193821599e-05 2.0111206952923303e-07 3.4071588246890186e-07
497 4473 0.00020563307415793206 0 0 6.954020521105354e-05 4.993907047079747e-06 0.0001893924354626352 7.653032240058785e-05 2.2061569056771466e-07 3.6834625804263034e-07
498 4482 0.00021287986251653556 0 0 6.96223873946135e-05 5.0001815380607455e-06 0.0001917220904918645 7.953036405254413e-05 2.2475031230669696e-07 3.805001045676312e-07
499 4491 0.00020666526871440208 0 0 6.845638058035119e-05 4.9186421193616905e-06 0.0001947297639432365 8.00182164612527e-05 2.2890826803258784e-07 3.837944016581565e-07
500 4500 0.00022916637025480804 0 0 7.989447587959394e-05 5.738427941418263e-06 0.00022674822593630632 9.269237744136981e-05 2.5784450373548613e-07 4.732136767064905e-07
501 4509 0.00022871844444856632 0 0 7.994100370584332e-05 5.744384410549512e-06 0.0002347368115584473 9.684835346960303e-05 2.6924108555335615e-07 4.850326972428188e-07
502 4518 0.00021027140608443517 0 0 7.377820916555194e-05 5.301982809881825e-06 0.00021656586602054575 8.987124562971989e-05 2.521306647187073e-07 4.4118799092023757e-07
503 4527 0.00020827464817945154 0 0 6.99844917618832e-05 5.030698862364683e-06 0.00020791968200940513 8.695561403770809e-05 2.4504636185960426e-07 4.136166465148299e-07
504 4536 0.00020393814655805117 0 0 7.046198168219246e-05 5.063002188333604e-06 0.00020476621386778413 8.289295000076648e-05 2.409523355579145e-07 3.9305055434703865e-07
505 4545 0.00021301948502435916 0 0 7.404949410186433e-05 5.323016039878024e-06 0.00021720022524665444 8.953448278347196e-05 2.563554753942009e-07 4.283121845440343e-07
506 4554 0.0002053820252281608 0 0 6.763741401556789e-05 4.8631506057568745e-06 0.000203000719032121 8.617607929595383e-05 2.3471286840527635e-07 4.2385940392883234e-07
507 4563 0.00019445979662453838 0 0 6.142414949020373e-05 4.4183446050925405e-06 0.00019054133556646772 8.139240532728142e-05 2.1690077319902134e-07 3.921184951155333e-07
508 4572 0.00016889511195020582 0 0 5.3576665850685776e-05 3.854093236893083e-06 0.00016741611927053243 7.093802885021917e-05 1.9026278438238625e-07 3.378433211861036e-07
509 4581 0.00015891616667382293 0 0 4.977859356054293e-05 3.5797167213129382e-06 0.00015108168650725893 6.31314744695229e-05 1.7299990245721003e-07 3.0077862427328667e-07
510 4590 0.000143416256187866 0 0 4.614125041601144e-05 3.3188088790121833e-06 0.00014458214575208855 6.010625721828745e-05 1.6220672883013423e-07 2.787744839952966e-07
511 4599 0.00014923845710153812 0 0 4.5111031965527206e-05 3.2440421734912535e-06 0.00014241700418573614 5.922974601073337e-05 1.5958601839022185e-07 2.811926287781363e-07
512 4608 0.0001502539100366438 0 0 4.460152682942353e-05 3.207451547487986e-06 0.0001443425801923855 6.0728338710086134e-05 1.6069368867556683e-07 2.8955283891588563e-07
513 4617 0.00015521210816002638 0 0 4.608238369512531e-05 3.3131311624485195e-06 0.00014966117126752253 6.204708130970414e-05 1.6369237494853146e-07 2.980873788899954e-07
514 4626 0.00017457587437445124 0 0 5.885928317542261e-05 4.230116925670901e-06 0.00018345089275600623 7.272231411579624e-05 2.0389977577581407e-07 3.5200716797828767e-07
515 4635 0.00019540277768856 0 0 6.698662094582168e-05 4.813583572669428e-06 0.000204276764286721 8.088290842982377e-05 2.2967684381991377e-07 3.884474513025255e-07
516 4644 0.0001963578351187436 0 0 6.989053241331024e-05 5.023246709810899e-06 0.00021565409117439233 8.59519262900323e-05 2.413202633829853e-07 4.174102357690498e-07
517 4653 0.00016891255314360274 0 0 5.829674510580863e-05 4.189662909058603e-06 0.00017778543837211453 7.033035951428466e-05 2.0088704701358758e-07 3.40279412183301e-07
518 4662 0.00017319654925855007 0 0 6.0484817111103835e-05 4.3458246849924034e-06 0.00018108751565299775 7.108230886403412e-05 2.0300336786681383e-07 3.5230507205690693e-07
519 4671 0.00017303198027884278 0 0 5.811636684957999e-05 4.17588076500657e-06 0.000174810287861428 6.944605004410205e-05 1.9388691050517946e-07 3.4765786122903787e-07
520 4680 0.00017962739549702694 0 0 6.158145807986472e-05 4.4251668868951046e-06 0.00018745928124448984 7.370046738013677e-05 2.0543440615922713e-07 3.6293815120543133e-07
521 4689 0.00020056046139089602 0 0 6.841848970802628e-05 4.917840330976101e-06 0.0002092939373763498 8.285407571211907e-05 2.3129803735836809e-07 3.984873703512287e-07
522 4698 0.0002111773024281707 0 0 7.073656776627068e-05 5.086988561906543e-06 0.00022085556087566446 9.012276535708888e-05 2.446112787951523e-07 4.1771581133396726e-07
523 4707 0.0001981947503125224 0 0 6.649282431066878e-05 4.782928091570944e-06 0.00021084729751308162 8.745390801026565e-05 2.327638243296588e-07 4.126400886993324e-07
524 4716 0.00017410833739689845 0 0 5.623599289949695e-05 4.045339573918891e-06 0.00017741710259224793 7.430008973918452e-05 1.9721793103025845e-07 3.4783828278352187e-07
525 4725 0.0001674521499147353 0 0 5.3574340803240486e-05 3.853090271871934e-06 0.0001674542334950434 6.946689733124711e-05 1.8539428287453504e-07 3.294363642026026e-07
526 4734 0.00016185050487583876 0 0 5.3522574062490896e-05 3.850144213926234e-06 0.00016866548200096879 7.03931582096032e-05 1.878516244585914e-07 3.302349414625109e-07
527 4743 0.00016274744946662747 0 0 5.6104849974439604e-05 4.036655919519112e-06 0.00017406763352643801 7.26115590881007e-05 1.9782360605428103e-07 3.3352065462296777e-07
528 4752 0.00013940635580119633 0 0 4.676478739645846e-05 3.364781180930533e-06 0.00014446846302347796 6.056610402935558e-05 1.653956343706426e-07 2.7606791059934177e-07
529 4761 0.00012775651733230907 0 0 4.079965508009518e-05 2.935657430748427e-06 0.00012744429145548106 5.381354051608737e-05 1.4586735551026002e-07 2.48503500909616e-07
530 4770 0.0001229667109593405 0 0 3.801855794306276e-05 2.7343667028905257e-06 0.00011639885252415737 4.828423021391201e-05 1.329893472313418e-07 2.2932923791673692e-07
531 4779 0.00010775547208534671 0 0 3.071830459396965e-05 2.209102818265951e-06 9.330097480080936e-05 3.877296095415152e-05 1.0747542734600236e-07 1.831385595204644e-07
532 4788 9.425173689305394e-05 0 0 2.6178339894164554e-05 1.8821705264562157e-06 7.891611177376403e-05 3.2602282960434445e-05 9.044186110967753e-08 1.544580341862176e-07
533 4797 8.841159753208341e-05 0 0 2.457909919175938e-05 1.7669545344766233e-06 7.365389714652689e-05 3.0287428632705304e-05 8.381405049944875e-08 1.4656646116460105e-07
534 4806 8.776041382075448e-05 0 0 2.3830136258726772e-05 1.7131255326247338e-06 7.085492863196727e-05 2.9354160188382175e-05 8.023488927079505e-08 1.4236075102183284e-07
535 4815 7.993235784346933e-05 0 0 2.095571224079691e-05 1.5060688964410408e-06 6.187319394730896e-05 2.528083579847131e-05 6.978636295139993e-08 1.2386601826860782e-07
536 4824 8.05023625324837e-05 0 0 2.0688360804995394e-05 1.4870372164926443e-06 6.0896452945737586e-05 2.5441133875575745e-05 6.970166381406325e-08 1.256242755022067e-07
537 4833 7.683148356973236e-05 0 0 1.8104041558127922e-05 1.301308819259262e-06 5.265607900634147e-05 2.232488864987215e-05 6.090050199652276e-08 1.0856279139063464e-07
538 4842 7.415750202042426e-05 0 0 1.7136500684869212e-05 1.231379074276985e-06 4.966943231827451e-05 2.0818825757293608e-05 5.717919142239282e-08 1.0343389617256416e-07
539 4851 6.787931622026414e-05 0 0 1.5746129231253565e-05 1.1313485202163616e-06 4.5638111126108904e-05 1.894933284536623e-05 5.219795642467209e-08 9.495468017126503e-08
540 4860 7.223799587489216e-05 0 0 1.699275545939067e-05 1.2209533248252546e-06 4.994505757153356e-05 2.1088166204715862e-05 5.7266705857717554e-08 1.0456137608284222e-07
541 4869 7.464156990608164e-05 0 0 1.7244581174073055e-05 1.239281748997125e-06 5.088952814758734e-05 2.1664295671683698e-05 5.941075354468063e-08 1.0743672755912303e-07
542 4878 7.382543422783872e-05 0 0 1.6632166014846567e-05 1.194999129220816e-06 4.920662009200871e-05 2.0664422525239786e-05 5.659667463553242e-08 1.0390794923868869e-07
543 4887 7.667743672062039e-05 0 0 1.6870131413512236e-05 1.2119502933020384e-06 4.954128757820466e-05 2.1006339977996288e-05 5.647237641867668e-08 1.0792892104259393e-07
544 4896 7.054406362257929e-05 0 0 1.5289716904718806e-05 1.0982425225658093e-06 4.480048678360005e-05 1.8993170543063927e-05 5.039516244417369e-08 9.928852967968896e-08
545 4905 7.374899229328964e-05 0 0 1.6552946722734594e-05 1.1892221837660338e-06 4.777469669516052e-05 2.0474622364891645e-05 5.487070968109127e-08 1.0625497984853432e-07
546 4914 7.58919331137059e-05 0 0 1.6417043385969624e-05 1.179794081445622e-06 4.8009592121373235e-05 2.1495202389485095e-05 5.5880267818308244e-08 1.0741998980844655e-07
547 4923 7.965488592830842e-05 0 0 1.6688221432829667e-05 1.1994956261842446e-06 4.940277965988833e-05 2.2165837837031672e-05 5.693565316837886e-08 1.1076923411175061e-07
548 4932 8.58517254631489e-05 0 0 1.803979670656305e-05 1.2964191786268178e-06 5.334530270672984e-05 2.3739269699866214e-05 6.110822466640678e-08 1.193747729090274e-07
549 4941 8.72297515894386e-05 0 0 1.9458455530110946e-05 1.3982709979555012e-06 5.651586058403017e-05 2.5035870910561638e-05 6.468416895497677e-08 1.277047760162715e-07
550 4950 9.435304572764079e-05 0 0 2.2789713687157852e-05 1.6367253647548574e-06 6.354017580201804e-05 2.7114679989848427e-05 7.264870453140922e-08 1.4071821837815632e-07
551 4959 9.639106974031422e-05 0 0 2.3527737422327385e-05 1.6897503391616627e-06 6.551537800957516e-05 2.8158698825285075e-05 7.507154315400901e-08 1.4558644714021497e-07
552 4968 0.00010609414149048219 0 0 2.763823741463212e-05 1.9828352928741503e-06 7.382247772840138e-05 3.0466362443770447e-05 8.338470630096013e-08 1.6370585030592173e-07
553 4977 9.403935986798274e-05 0 0 2.4987894037972662e-05 1.7930616695176077e-06 6.731705873957624e-05 2.7751728445480564e-05 7.554454307114341e-08 1.4825956331079135e-07
554 4986 9.177145006461324e-05 0 0 2.4861075779435754e-05 1.7840660173840272e-06 6.67278436485174e-05 2.7234133647928418e-05 7.50044290488493e-08 1.4605494772800583e-07
555 4995 9.676614723985394e-05 0 0 2.5091610438695026e-05 1.8014189239269064e-06 6.873403306464626e-05 2.8892838633696847e-05 7.864203705069329e-08 1.482063273031564e-07
556 5004 0.00010457032952982713 0 0 2.720341508543871e-05 1.953610682029817e-06 7.496846755622643e-05 3.1727421166283614e-05 8.673535098192105e-08 1.5945090488448193e-07
557 5013 0.00011455217799390676 0 0 2.934287494088403e-05 2.107287232208205e-06 8.122724092320894e-05 3.462375841053953e-05 9.474239163839632e-08 1.7061108446583864e-07
558 5022 0.00011049677289608217 0 0 2.7974529791096905e-05 2.009168419471625e-06 7.784447989646281e-05 3.330550667529759e-05 9.048308296299386e-08 1.630859423245311e-07
559 5031 0.00011322307121083513 0 0 2.7306693104439282e-05 1.9613626045209874e-06 7.721809166696871e-05 3.337529504188721e-05 8.972113806942414e-08 1.600633380322819e-07
560 5040 0.00012259468364164778 0 0 2.598982779983194e-05 1.8660258270566083e-06 7.303552724455125e-05 3.225670117266867e-05 8.603439133241894e-08 1.4918055223203685e-07
561 5049 0.00013528454334509616 0 0 2.8601471253342944e-05 2.0529709442879587e-06 7.823381819788922e-05 3.420121091473183e-05 9.242045335893844e-08 1.6197510418860282e-07
562 5058 0.00013909325880809842 0 0 2.775653162556117e-05 1.9918492011934875e-06 7.50731841477635e-05 3.324142094621497e-05 9.034843220029354e-08 1.5381126294500795e-07
563 5067 0.00014759230501955174 0 0 2.9773825544795303e-05 2.1374498327466083e-06 8.198615290349535e-05 3.7205298996347145e-05 1.0090186189094137e-07 1.6461778625213721e-07
564 5076 0.0001314667802240188 0 0 2.589733014944354e-05 1.8583857813155922e-06 7.059265504355861e-05 3.2396439032671505e-05 8.68232153308111e-08 1.4590627461147782e-07
565 5085 0.00013488720533597168 0 0 2.611232275037413e-05 1.8742556000126554e-06 7.242033787277984e-05 3.350336661173635e-05 8.693026821015915e-08 1.4964789288174607e-07
566 5094 0.00013558528063522277 0 0 2.5919024114936797e-05 1.8606672630769046e-06 7.181957151016124e-05 3.288480388068838e-05 8.581132716794517e-08 1.4491205310408074e-07
567 5103 0.00013971705677101476 0 0 2.684978106724328e-05 1.927305580592271e-06 7.33001203572984e-05 3.378633504048664e-05 8.869061460556467e-08 1.4981847193124378e-07
568 5112 0.00015533063281586028 0 0 3.076816268580515e-05 2.209860119736742e-06 8.654414495533208e-05 4.096028763865289e-05 1.0404732030676857e-07 1.793345141803748e-07
569 5121 0.00015763460904078146 0 0 3.1206634414591816e-05 2.2411713350645114e-06 8.757555622339246e-05 4.190182587441394e-05 1.0653160275867521e-07 1.7792308501847862e-07
570 5130 0.00014687451006873276 0 0 2.9652131613202626e-05 2.1289853662117184e-06 8.180226803347294e-05 3.8896933089689345e-05 1.0075488643134347e-07 1.6734332094616072e-07
571 5139 0.00014362468832891073 0 0 2.8117197868676256e-05 2.01887193095502e-06 7.678793920687011e-05 3.677852602003834e-05 9.439847693258307e-08 1.593136770356585e-07
572 5148 0.00014467916611708354 0 0 2.7781567795638462e-05 1.9933555386563583e-06 7.384916068726307e-05 3.5166382622811725e-05 9.076609281779621e-08 1.5155625323775315e-07
573 5157 0.000153505417549959 0 0 3.067917754551401e-05 2.199320315913855e-06 7.882483767137899e-05 3.737211731500086e-05 9.72008434539954e-08 1.621702673096707e-07
574 5166 0.0001296033634729844 0 0 2.4444809359218617e-05 1.752399831074815e-06 6.255425916969944e-05 3.011540217429115e-05 7.76002407966986e-08 1.2909835473129013e-07
575 5175 0.00014063215113344174 0 0 2.7116588046668935e-05 1.9429599519864757e-06 6.803960737031142e-05 3.214237438946143e-05 8.317691221142198e-08 1.3809866459985925e-07
576 5184 0.0001553621451154368 0 0 3.0383445866394007e-05 2.177216293712049e-06 7.683592051329035e-05 3.581186929602781e-05 9.353198204225938e-08 1.624189863364136e-07
577 5193 0.0001624119878352278 0 0 3.2085554065039124e-05 2.2990330582736613e-06 8.09642299722543e-05 3.719619521915207e-05 9.673871469435973e-08 1.7314758249928527e-07
578 5202 0.0001649907321437887 0 0 3.271295475238231e-05 2.344333086703351e-06 8.277092764910548e-05 3.815787035023572e-05 9.815443891743341e-08 1.748682254843084e-07
579 5211 0.0001719324535144078 0 0 3.629010889165011e-05 2.6017610627616823e-06 9.104856358773215e-05 4.1705053457886075e-05 1.0692825861288289e-07 1.925882694863809e-07
580 5220 0.00018780837284130498 0 0 3.8524932690632164e-05 2.7625880510901434e-06 0.00010283033722443105 5.052817681723642e-05 1.2143778563006114e-07 2.138977121630709e-07
