% # columns="iteration, evaluation, void, void, void, xmean", seed=461577, Thu Nov 30 11:18:18 2023, <python>{}</python> # scaling_of_variables: 1, typical_x: 0
1 9 0 0 0 2.8850971325660777 1.437028474688041 -5.574411050438061 -3.0603186838275795 -0.32609223821269206 -1.1918036229121032
2 18 0 0 0 3.802526473022507 0.8116510056616422 -5.166833792535996 -2.170033677790662 -0.2898253462962955 -1.3657965060402142
3 27 0 0 0 3.114969006810981 0.5597448016332167 -5.902528247447789 -2.4194592219563624 -1.2457316477797618 -1.1610308045136368
4 36 0 0 0 3.9938117622430065 -0.00429844277578173 -5.830730256993774 -1.3937159483719734 -1.3990051590586288 -3.08456922191884
5 45 0 0 0 4.280738268757301 -0.35605149495571575 -7.825336759209431 -1.3075376226160276 -0.6071497819491771 -2.0888135882644066
6 54 0 0 0 4.391279969746413 -1.0955188863809038 -5.54233533183911 -0.5867574513706502 -0.20120333363612214 -1.8175942223042314
7 63 0 0 0 5.239204282436038 -1.841572854261916 -5.443473544045681 -1.0690241745804985 -0.30033913593040196 -1.7551660099141184
8 72 0 0 0 7.877406303024511 -3.417610476196171 -5.937502861545949 -0.7514686310854292 0.1268324210940333 -1.6593408965396903
9 81 0 0 0 8.23283370454066 -4.681232932093622 -6.433004368454105 0.25596135131990605 -0.1398324050154423 0.26766178159057086
10 90 0 0 0 5.6560664402633485 -3.985013281132879 -5.258933498505894 0.6512187806569671 -0.017152600450094452 -0.2589526814701134
11 99 0 0 0 5.871227225489566 -3.5965106414981256 -3.8105880612263094 0.6616993904572621 -0.304846101823801 -0.16033097555253242
12 108 0 0 0 5.194736406257473 -2.3042617649561485 -4.329235153100375 0.8205945292822486 -0.506002642923647 -0.45933255487370206
13 117 0 0 0 6.305348315587127 -3.0315489685502333 -5.602470827030449 0.6764565006590634 -0.19086701771826187 -0.05385887019548652
14 126 0 0 0 6.130676844443422 -1.9337647294036535 -5.399479452520146 0.7629063954783393 -0.0382889780700901 -0.9198863670829209
15 135 0 0 0 7.06702840627177 -3.5936983016846016 -5.15383302472565 0.8030426366192972 0.14090033385369855 0.6893904800351609
16 144 0 0 0 8.486699986515793 -3.9317310819917304 -4.872776475828326 0.5115172093192046 0.09421193468482776 1.0469016580136377
17 153 0 0 0 9.080758469492176 -3.261236987136427 -5.0090104728681 0.576952673942944 0.1332492633938174 1.1154101757765633
18 162 0 0 0 8.150346798169178 -2.364905858551482 -5.1449040937323405 1.157758499672592 0.22344570067307382 0.6200632267709905
19 171 0 0 0 8.775348251076743 -1.0496917781548405 -5.608527612774035 0.6681889261126899 0.05368691408868098 0.7648072714513304
20 180 0 0 0 7.839346152551226 -0.7557369573569919 -6.365737020337279 1.4755037316639905 0.15912254802897527 1.069534119184215
21 189 0 0 0 6.894524010500441 -1.0783063551248515 -7.372575540952851 1.1013699956387306 0.07016926126049534 1.5516066661742722
22 198 0 0 0 6.1750605241275185 -1.3863013371214659 -8.252098358133958 1.8248772609005903 0.022996657501871673 1.3822840558477958
23 207 0 0 0 6.819195871763327 -0.9214840644111285 -9.431256629018952 2.3179801419085626 0.05168483804338449 0.783230421632878
24 216 0 0 0 6.98545723132198 0.5056078591020704 -10.022085047375095 2.467519517464389 0.03756962843494025 0.5103917426383269
25 225 0 0 0 4.844872887440579 2.982538011810111 -9.568171480880958 2.5776593008363355 0.15989333169969283 0.13128466000784988
26 234 0 0 0 6.07984578711637 4.282181356112014 -10.25233160390902 1.3785484831706667 0.04192233264429429 1.0416910408000464
27 243 0 0 0 5.569956933744901 3.7129200203821764 -9.802734404001843 0.5097816392355647 0.14272211304653415 0.363293221557242
28 252 0 0 0 5.798043691969095 2.3257359957144024 -9.900332932662739 -0.103679897161011 -0.02995115647402813 -0.03204714762734212
29 261 0 0 0 4.478188657465118 3.285201669098788 -9.96235037918495 0.44644767726784795 0.18620427649244917 0.8644608902015403
30 270 0 0 0 3.3635724948928543 2.743760686308218 -8.954494406574439 0.9738264948996691 0.08491305152104944 0.8760693790902166
31 279 0 0 0 4.144189437345458 2.5612252428617355 -8.902283147339178 1.0475782212512388 -0.11456910175384372 1.1985100161332947
32 288 0 0 0 4.138742544012291 2.779400743812899 -8.516913975783435 1.2641857317097183 0.10505841217025569 1.6230415371808378
33 297 0 0 0 3.4067506374464562 3.3150986000091613 -8.23458134286325 1.7300161742066338 0.06646509315844798 1.34802587484995
34 306 0 0 0 2.1129053349200406 3.3227066210021943 -8.183960953747704 2.0813725055724506 0.12865702805559148 1.4083411532540318
35 315 0 0 0 2.501072332977601 3.8206039209849765 -8.854427709534264 2.457691422774591 0.1382401560423077 1.4942474499018001
36 324 0 0 0 3.023834553832971 3.8155804407062717 -8.290249964173599 1.4101613151151282 0.1223781155156963 1.0782407363093776
37 333 0 0 0 2.2830459179441367 4.27891311519225 -8.457572013771541 1.5012620557432614 0.18541062825230495 0.9084764643836246
38 342 0 0 0 2.3646001747368492 4.572265165722384 -8.514579607196875 0.8248040161069784 0.14641684200808877 0.5347000843396276
39 351 0 0 0 1.6195178770077763 3.8501229125329073 -8.291828723470843 0.5511706702546209 0.15300801951186718 0.39264000101804536
40 360 0 0 0 1.8400094588274087 4.280316136674227 -7.598699375954661 -0.10221120687096108 0.2860096127218631 0.26606745708639185
41 369 0 0 0 1.609515936682976 3.7408139333288597 -7.230146393837801 -0.49111850474476176 0.174451023002359 0.08612224977584829
42 378 0 0 0 1.294569800413608 3.4036447565229455 -7.110130019336595 -0.09368959421878648 0.16133017831557622 0.16981670301936058
43 387 0 0 0 1.631591029065858 3.554138936233025 -7.118746562768215 -0.035654622100206576 0.2041465598842109 -0.05427097272399367
44 396 0 0 0 1.477609874052102 3.449285832298911 -6.616317505575851 -0.3706158738851222 0.3629592803432624 -0.23351721871412995
45 405 0 0 0 0.6585244602993195 2.882515442293598 -7.029772060219738 -0.4853132449845053 0.3265478590897461 -0.38375554682494356
46 414 0 0 0 0.8817647416004678 2.840746221585045 -6.896464893904884 0.2722331269913269 0.3372440881351371 0.1141742004536076
47 423 0 0 0 1.721568217781119 3.8318442514485356 -7.039937306780682 -0.09745351555431608 0.35954319336332813 0.019390655484884084
48 432 0 0 0 1.4325907167985155 3.2181650260792187 -6.410960963302185 -0.6224082820881318 0.33192647227678695 -0.338745121105147
49 441 0 0 0 1.2935524222537667 3.508415478717474 -6.740481349431127 -0.8757980056756142 0.3441757161126605 -0.6105321620886307
50 450 0 0 0 1.0463150713577245 3.4452003392957753 -6.138368765846545 -0.8271854501109762 0.42614214760723673 -0.49478296211169065
51 459 0 0 0 1.038977312420366 3.3853131451082725 -6.635759478533678 -1.0060005929731886 0.4225844474526763 -0.6530548078645978
52 468 0 0 0 1.792714734605655 4.187786187678764 -6.842961474158515 -0.8472217071817694 0.43299987705902554 -0.4092209098174612
53 477 0 0 0 1.9184709390942538 4.448838339605473 -6.9921280414873275 -1.098086608458599 0.41970187462671044 -0.693297992499094
54 486 0 0 0 2.173875214269722 4.60410608747032 -7.261594934449192 -0.7782994502805867 0.4439212311491839 -0.4565199204924968
55 495 0 0 0 1.8729921622761805 4.20935770306621 -7.26899657072648 -1.1961578217766518 0.4117510392873863 -0.6649572711139615
56 504 0 0 0 1.1584772482561914 3.6119249182365802 -7.052012920183562 -1.0462508634616328 0.4367290312482841 -0.5835613313157925
57 513 0 0 0 1.7580530301987876 3.932196395294271 -7.162278613155535 -1.267200775502045 0.3753046897138782 -0.7744312766079545
58 522 0 0 0 1.6084889959337603 4.019823008950827 -7.192877027879145 -1.1876754694107519 0.4112497589139602 -0.8144104874404952
59 531 0 0 0 1.4872198564825647 3.9762533105410736 -7.145363645138043 -1.026892795682368 0.4578554025993534 -0.7170326649195122
60 540 0 0 0 1.565229552564657 4.089495915112165 -7.2255995409431035 -1.0794843245940466 0.4636756868323814 -0.7627662124050638
61 549 0 0 0 1.6369388301142394 4.139660702906224 -7.131347626178476 -1.181763223495306 0.46591784258440117 -0.8682231043656495
62 558 0 0 0 1.6849211116533327 4.172292447712007 -7.266265322134001 -1.2336690056102497 0.448505883976298 -0.8850261487202917
63 567 0 0 0 1.7493877267406193 4.208662239459147 -7.36622524388337 -1.1895416658105238 0.4326712679088125 -0.8387527362638965
64 576 0 0 0 1.6451349428039648 4.129697791947452 -7.185201118624069 -1.116474115029112 0.4428412654659291 -0.7762911982026426
65 585 0 0 0 1.742015196102332 4.21901861047643 -7.169433622493903 -1.052997546222111 0.45276719186411934 -0.7255135613265439
66 594 0 0 0 1.7712725074680074 4.287563927785775 -7.224596181379285 -1.1406207232062993 0.4595500545693745 -0.7925651874247169
67 603 0 0 0 1.848983575384533 4.36190552752577 -7.393937242037076 -1.1378303474708635 0.4555510140108936 -0.7833474828790157
68 612 0 0 0 1.928133872766247 4.408768017030502 -7.454698741819998 -1.0556794806453287 0.44511031035437354 -0.7163973537671934
69 621 0 0 0 1.9849080783999324 4.448183086065362 -7.438903828099422 -1.0073012391224996 0.44071788085739105 -0.6778034219914617
70 630 0 0 0 1.9242025283563287 4.409064202799511 -7.3871855057527736 -1.143022501232833 0.4452853594851321 -0.8030843425836011
71 639 0 0 0 1.9627415736988396 4.44135711078801 -7.473556267013851 -1.1098273022310494 0.43801016746548593 -0.7784801486590993
72 648 0 0 0 1.9808919343981597 4.457881882049452 -7.584385133455307 -1.069989438112079 0.43527529569666545 -0.7478291249372714
73 657 0 0 0 2.0021456859971503 4.482602938446879 -7.629485409486152 -1.0327558805377162 0.4345678309351437 -0.7013913767331281
74 666 0 0 0 2.0265453579807082 4.509569382232796 -7.557329245088033 -1.0439026654039731 0.4390923410856657 -0.7119250457811422
75 675 0 0 0 1.9637266064243977 4.45811048717883 -7.445515791626384 -1.0719614522156784 0.44299021353493323 -0.7479765963414169
76 684 0 0 0 1.9866167643404877 4.475423869824927 -7.5213330674783405 -1.0348210452607987 0.4411581728880403 -0.7068901385569144
77 693 0 0 0 2.0062706146520193 4.4937920954294475 -7.410011250082992 -1.0763473168942916 0.44383598810417896 -0.7419215252731259
78 702 0 0 0 1.997151058469427 4.4720881335175156 -7.398398483111937 -1.109473104869636 0.44038305529913524 -0.7670938590760924
79 711 0 0 0 2.020416286448597 4.4966878754886626 -7.381236863985461 -1.156399039463198 0.44090814352917507 -0.8135466550540473
80 720 0 0 0 2.041308313723036 4.519355892624488 -7.362479392197871 -1.1700574716589074 0.44202900525916405 -0.8280430934467912
81 729 0 0 0 2.029521944011732 4.507769979589576 -7.397433015509167 -1.1888492747242279 0.4403878141380752 -0.8429240813800325
82 738 0 0 0 2.0460680324662732 4.531483762951028 -7.358768615232865 -1.1996534243105517 0.44474034883992036 -0.8460339135870494
83 747 0 0 0 2.0235938748730757 4.505079605694129 -7.3287609783842225 -1.2132092886754406 0.4433891332840864 -0.8620965200666919
84 756 0 0 0 1.9962135507672627 4.474907441883188 -7.324756995522953 -1.278192036922425 0.4428380138459943 -0.92376658620126
85 765 0 0 0 1.9965384922276843 4.484480991489731 -7.2067415998011 -1.4211483823479583 0.44810943827743394 -1.0489564372625775
86 774 0 0 0 1.9898238423587773 4.475435893018936 -7.216953273046878 -1.4557530401516976 0.44777069191842006 -1.0849914091415402
87 783 0 0 0 1.9559139695403611 4.448004773587552 -7.118489643069259 -1.5800224188434069 0.45265042691713037 -1.187865433013739
88 792 0 0 0 1.911474765656897 4.396058279166043 -7.103921579722145 -1.8300367106031934 0.44880141690536013 -1.4017715874203411
89 801 0 0 0 1.9090184331190168 4.406234142789747 -7.113883533450699 -2.1713550721255546 0.4468038386490816 -1.6916735515219323
90 810 0 0 0 2.0928562402081283 4.571348595212469 -7.214249488891115 -2.30691195176035 0.43888045938434034 -1.8045430640512838
91 819 0 0 0 2.426806840991014 4.894159803380432 -7.283022106164077 -2.4177597682749314 0.43711117981128644 -1.8580843283016475
92 828 0 0 0 2.199971875199452 4.713728743758638 -7.060758024861849 -2.574387830643165 0.453188308861043 -1.987062604882855
93 837 0 0 0 2.3434877921272363 4.794191345506272 -7.209907997595484 -2.5374535789221198 0.43441079188843945 -1.9730461754742787
94 846 0 0 0 2.6826727524113214 5.1770905083650955 -7.072335527968289 -2.6135525053989817 0.44723262590533025 -1.9906717286194462
95 855 0 0 0 2.64572300006854 5.166409142490208 -7.095194176424843 -2.682313675791871 0.4620578515859894 -2.0181018512392104
96 864 0 0 0 2.8765765841063318 5.371722284769839 -6.788721053048587 -2.8415498643781114 0.47629799055797095 -2.1057855622921933
97 873 0 0 0 2.7834887352250406 5.288045766171415 -6.7210933988454515 -3.208839034054769 0.47431818066188564 -2.3827529616467165
98 882 0 0 0 3.132083959257763 5.538916519990929 -6.911657847326331 -2.788664888451768 0.4446102372007425 -2.018696703899759
99 891 0 0 0 2.9313006985088865 5.374917067276698 -6.988624184560417 -3.2751281560931336 0.4455500375245049 -2.437249003351743
100 900 0 0 0 2.6285175680288746 5.1106123943110005 -7.309488826886483 -3.157379649395003 0.44510286000721944 -2.322776227120637
101 909 0 0 0 2.7635076027217256 5.2513891965122115 -7.688593872934681 -2.9396230777479095 0.4207289387785269 -2.132526731501725
102 918 0 0 0 2.439137543953305 4.92093358161939 -7.4137158394325535 -3.01941259937987 0.4367537565426906 -2.1919274922450755
103 927 0 0 0 2.6246457891459363 5.062433240712657 -7.269960791297814 -3.0205029624088247 0.4320890221274395 -2.222395650486163
104 936 0 0 0 2.837316336065845 5.260276658393265 -7.173234254989618 -3.207441330624258 0.4425768277257097 -2.334399917698003
105 945 0 0 0 2.8480665006800505 5.290279697232756 -7.5620284040091486 -3.1466443545865452 0.44074108497081865 -2.272348175638578
106 954 0 0 0 3.098247755302463 5.542271737686711 -7.565271570096277 -3.2431227975085997 0.4373920534109763 -2.3230917376559836
107 963 0 0 0 3.028555357755082 5.499758066519066 -7.486383336317459 -3.3535718934050887 0.43651900271466676 -2.4192599810371798
108 972 0 0 0 3.3917053670323805 5.845293263544676 -7.515861042541134 -3.518008397203419 0.4399171006555877 -2.46028202175547
109 981 0 0 0 3.9053080306379795 6.340599253786527 -7.532144163784081 -3.733595830075142 0.43956704346098896 -2.564898094977797
110 990 0 0 0 3.841720454827091 6.289258395837894 -7.461620984546801 -3.661538515413731 0.439563634026299 -2.5154821947266335
111 999 0 0 0 4.0660325576224645 6.5499169088613485 -7.680851509787334 -3.8194132384899016 0.43382637563058646 -2.60472806694837
112 1008 0 0 0 4.796027374676431 7.273934547909139 -7.985591870794995 -3.835997718854572 0.4226980299281108 -2.5849988229719583
113 1017 0 0 0 4.971885263241007 7.467900565186815 -7.711558189794786 -3.8962048522086454 0.43039770418582735 -2.6605765499668004
114 1026 0 0 0 5.086800421978652 7.609646235854546 -7.637358084764967 -3.891310363761023 0.44409419561568153 -2.6073078685855346
115 1035 0 0 0 5.019616177600721 7.526296543601462 -7.374316867352952 -3.9972126476301097 0.45702307145861487 -2.591616237209972
116 1044 0 0 0 5.396760811999195 7.950551667583229 -7.3950907859585095 -4.064346762994717 0.46136863881999185 -2.634218745945703
117 1053 0 0 0 5.6787307072730675 8.17417988832181 -7.217863048647972 -4.07957516534531 0.4651748666659191 -2.628837905331826
118 1062 0 0 0 6.0339027686216085 8.517250623714759 -7.405406682792865 -4.115614498953501 0.45930085855512276 -2.581555103125876
119 1071 0 0 0 6.469360747444128 8.909318918725646 -6.980080322902282 -4.3498517731883535 0.44799754904399475 -2.707483863517772
120 1080 0 0 0 6.79003471987184 9.202880705370134 -7.40998138679608 -4.45075965011839 0.4249206204365928 -2.731071020687778
121 1089 0 0 0 6.932757943444678 9.402032983872804 -7.4298454616157725 -4.420621162969836 0.43503789928298814 -2.740382623733368
122 1098 0 0 0 7.266377557671087 9.792644835007977 -7.0653305050130095 -4.643872157312434 0.464107554815095 -2.794631671993965
123 1107 0 0 0 7.514233268324455 9.975409850105187 -7.1097904129855305 -4.7132920918278405 0.45607517427843863 -2.7897473832945145
124 1116 0 0 0 7.87284551317752 10.346059722337099 -7.097965738879998 -4.6825118179643495 0.46038946438903106 -2.7755076606553333
125 1125 0 0 0 8.082396693748722 10.594883663803296 -7.048708692015933 -4.685660204945303 0.4771033751795388 -2.762534759106091
126 1134 0 0 0 7.920162913298812 10.447381630729392 -6.457176068988223 -4.853752020029008 0.4994245346440118 -2.8328383833704636
127 1143 0 0 0 8.33612178822735 10.842330217820003 -6.436738122777771 -4.943001432097936 0.4948390905507219 -2.8477666871181655
128 1152 0 0 0 8.733552356011721 11.236587136348529 -6.6709939709430985 -5.129284872179031 0.48551430519795313 -2.843027989162969
129 1161 0 0 0 9.336715631438533 11.87743095204512 -6.432812025007196 -5.320327379948934 0.4946442249357275 -2.8664574438663593
130 1170 0 0 0 9.35486286164078 11.959432479966399 -6.152474333920785 -5.397343071794413 0.5307642034551373 -2.8962277246050494
131 1179 0 0 0 9.223188055278417 11.84562647702874 -6.402056947214426 -5.36529641934324 0.5225285807119822 -2.8713055533308274
132 1188 0 0 0 8.657133593246387 11.24548912657102 -6.586222690315879 -5.064963264219915 0.5009089489392937 -2.812242625138369
133 1197 0 0 0 8.777531428710152 11.349076707347688 -6.974914061125531 -5.024056019152923 0.48236309581640874 -2.790563874119
134 1206 0 0 0 9.69897087930822 12.305458412865935 -6.600894657695656 -5.406522866366408 0.5055787493278275 -2.8324307939107958
135 1215 0 0 0 9.655627364728607 12.202148522151777 -6.724398351885407 -5.386937245209352 0.4830876685194254 -2.8609609005538417
136 1224 0 0 0 9.225957597593169 11.727056805926363 -6.563939165771052 -5.220964752948661 0.47448209398793684 -2.827021546807908
137 1233 0 0 0 10.19527791316096 12.704488078755126 -6.655263585028869 -5.728409860829182 0.4773682367182154 -2.9093697686245736
138 1242 0 0 0 10.517889820438207 13.041191444303518 -6.736729466444703 -5.830447807558676 0.47492055558805635 -2.921428979851947
139 1251 0 0 0 10.783072547874736 13.3048044449592 -6.6796351280346755 -6.0062511055044565 0.47807187717047667 -2.9302272096350888
140 1260 0 0 0 10.55099825273586 13.044644653869124 -6.97669312864381 -5.975893319027446 0.46679449642396 -2.9194916753072615
141 1269 0 0 0 11.001113276634404 13.523177296850568 -6.786306063819358 -6.056788910687794 0.48016599910040614 -2.907688012736735
142 1278 0 0 0 11.366698336076642 13.873561047277748 -7.144503343110237 -6.100545061605473 0.4554150118364954 -2.8912398029182693
143 1287 0 0 0 11.261672811741448 13.764191846238813 -7.225518874839977 -6.125532180943591 0.4508531616845516 -2.89459661887559
144 1296 0 0 0 11.420250039225829 13.939857455142151 -7.394877122531037 -6.343035294330972 0.45188952663406773 -2.9547926894285856
145 1305 0 0 0 11.15396555461123 13.635741726478694 -7.517578733375615 -6.25631545368597 0.439928166587497 -2.9290912294968265
146 1314 0 0 0 11.87635344983644 14.368092299660418 -7.599828374960588 -6.559556661782796 0.43736635826433196 -2.936853195991471
147 1323 0 0 0 11.65145270059259 14.10400202489902 -7.940703449483959 -6.622023282755434 0.41893460597853555 -2.940980560412144
148 1332 0 0 0 11.509488086888716 13.985255814044411 -7.823370769595698 -6.734357592601818 0.43206923358110794 -2.9449288676432035
149 1341 0 0 0 11.187074760341416 13.672415621049504 -7.66855570456065 -6.786761259638705 0.44343334282147284 -2.974917903939668
150 1350 0 0 0 10.932612184700588 13.387164325751082 -7.882655955287251 -6.870412821800813 0.43186998802160276 -2.953435665840662
151 1359 0 0 0 10.472538060934792 12.88245787594691 -8.429003341853045 -6.817170606267933 0.40279935347936263 -2.9550241338918735
152 1368 0 0 0 10.717478311945882 13.094975321835774 -8.552957130719156 -6.903636627381864 0.3887549879122749 -2.9381842851163364
153 1377 0 0 0 11.175033496291512 13.645132654052011 -7.534696453985578 -6.997802084425078 0.4408078578781667 -2.9678043322113026
154 1386 0 0 0 12.071853424675048 14.538598116394546 -7.619935028348878 -7.371686118674666 0.43629141345457434 -2.9630775006770347
155 1395 0 0 0 11.590982570890045 14.042637461920393 -7.382797780147313 -7.215595865556697 0.4372861872721413 -2.9569294395271597
156 1404 0 0 0 11.725098289648647 14.186585397056604 -7.552602149922853 -7.421967599287371 0.43548352903779325 -2.9573593977064347
157 1413 0 0 0 11.794057379485025 14.278914100675415 -7.316731942974375 -7.347501960981173 0.4450210430826803 -2.9534182232199537
158 1422 0 0 0 12.064626969636807 14.557299152663294 -7.367166413204831 -7.506573304140456 0.4460611244294947 -2.9608633625351857
159 1431 0 0 0 12.09214666253274 14.57738147898679 -7.634306164264094 -7.762824810338214 0.4416681215204923 -2.9625095465397386
160 1440 0 0 0 12.460755786562167 14.933227627183298 -8.165857201508025 -7.936029157213435 0.42667455482006666 -2.973946650014859
161 1449 0 0 0 12.456082986138464 14.93342195193545 -7.898427474531971 -7.750531728246073 0.4295989809352738 -2.9701366456629
162 1458 0 0 0 12.56541954800311 15.019556927544157 -8.061315396417 -7.767197127800176 0.4202911913656778 -2.9572857794118272
163 1467 0 0 0 12.308987307783433 14.768777875645021 -7.977699259211278 -7.981800246297525 0.42371813715178064 -2.9692021129517574
164 1476 0 0 0 12.57873435703016 15.04148122236445 -7.945673157487596 -8.3361209839805 0.42462543138009545 -2.972719064751544
165 1485 0 0 0 12.924845502322416 15.386386271472722 -7.788073304076671 -8.8241082979283 0.4340090827396215 -2.978863133569715
166 1494 0 0 0 13.285141362624623 15.74542284754094 -7.879030040087226 -8.768278171324761 0.4296969557520285 -2.966963641381396
167 1503 0 0 0 12.994667058589469 15.480788436686892 -7.422882792619688 -9.222578325444278 0.44542057120296225 -2.985189431194386
168 1512 0 0 0 13.41896971768595 15.916547932855751 -7.782493418773989 -9.146485704246471 0.4361927912639615 -2.971622658282547
169 1521 0 0 0 12.762843449811513 15.243317768778061 -8.004483595772339 -8.78331818507752 0.4272991537176314 -2.969621375525347
170 1530 0 0 0 12.001485758878932 14.46840083685707 -8.05682947315073 -8.862858027171603 0.42467958964080166 -2.969522647396242
171 1539 0 0 0 12.531474632887868 15.007779184075869 -7.867220174933859 -9.43815335047366 0.4315499402420415 -2.9786439702212384
172 1548 0 0 0 12.727159774096567 15.20815088513535 -7.977545759760273 -9.38164842523406 0.43134522809233145 -2.9801904749456094
173 1557 0 0 0 12.631669253776044 15.102919048630312 -8.279714823910703 -9.257060419036637 0.42399446842737654 -2.964901081342301
174 1566 0 0 0 12.537318080569259 15.009277775402369 -8.240352262615056 -9.184259006973154 0.42327406821590385 -2.9700782113278894
175 1575 0 0 0 12.162284399394878 14.616853426860681 -8.446723796050662 -9.132972119298888 0.4143388879238857 -2.9735108495132603
176 1584 0 0 0 11.852352469251224 14.313610033687576 -8.218094525393754 -8.959561847010388 0.41879588631278425 -2.9765902377038738
177 1593 0 0 0 11.91281494069621 14.374553750419018 -8.112247222801825 -8.775536543639264 0.4246664273298644 -2.970384166197006
178 1602 0 0 0 12.13617954051542 14.59512245110983 -8.306123917958363 -8.54478123762633 0.41912348384584797 -2.964053923068237
179 1611 0 0 0 12.129602651301642 14.57252294312482 -8.331420075096247 -8.779740712508499 0.41586310360135237 -2.9671600573578574
180 1620 0 0 0 12.267486967824324 14.724799170684015 -8.30658465088764 -8.775689963819314 0.41964270567439815 -2.9739122639813016
181 1629 0 0 0 12.322869507945713 14.77139774599241 -8.304731441241868 -8.96940836133005 0.41720058247767244 -2.9751921639814194
182 1638 0 0 0 12.289063655960124 14.741107991225388 -8.271304162246427 -8.90895628597518 0.41914034897976116 -2.9735873490191604
183 1647 0 0 0 12.250946344553014 14.700731400871447 -8.314143500497226 -9.140940529037877 0.4192243491362886 -2.9738328447881823
184 1656 0 0 0 12.302470640940403 14.75914382480949 -8.288798461411774 -9.010448481280086 0.4199892448550986 -2.9734867938612877
185 1665 0 0 0 12.026150956745441 14.486053592872937 -8.234102564365157 -8.807412273335618 0.42137860741924565 -2.9724097291147396
186 1674 0 0 0 12.059230258625494 14.519937514601963 -8.211490653308408 -8.930309239288121 0.4206387089852207 -2.970678148544659
187 1683 0 0 0 12.209936319462924 14.663615561304548 -8.270698865096643 -9.115419486365449 0.41674689022561934 -2.970533268432231
188 1692 0 0 0 12.207848138512166 14.662229811283163 -8.318280937774082 -8.994582438931026 0.4148894078857978 -2.9716871092293125
189 1701 0 0 0 12.080225974041593 14.5364141173202 -8.215209570376961 -9.181536177140899 0.41780781409723394 -2.9740882853298474
190 1710 0 0 0 12.219178668325243 14.671743682796226 -8.19049950902044 -9.31096628296404 0.41683082795175425 -2.9720359334362167
191 1719 0 0 0 12.08760936280656 14.539736540279868 -8.12686397765247 -9.355725709012093 0.41783694508949454 -2.971987038290553
192 1728 0 0 0 12.014653107802749 14.469583284298349 -8.13871889160942 -9.30033582649106 0.41969781959369007 -2.9695725350277744
193 1737 0 0 0 11.7964438365695 14.252907072355473 -8.020914562993093 -9.340360748136833 0.4217464448467927 -2.972181786328656
194 1746 0 0 0 11.840268937897266 14.299154153760378 -7.9597349680954235 -9.511544207015744 0.4229128549029618 -2.972630378787563
195 1755 0 0 0 12.07281038765252 14.522458618691132 -8.01858779481457 -9.8352495379937 0.4193057246205204 -2.9752938469990697
196 1764 0 0 0 12.019871241030097 14.476812023421745 -8.044172111622961 -9.561203843094424 0.42186734936063053 -2.9748274348262953
197 1773 0 0 0 12.124583041898294 14.576900633320093 -8.06180360920821 -9.664654166741977 0.42053474970604493 -2.972643976145541
198 1782 0 0 0 12.03468147457234 14.486600403550492 -8.074222166731344 -9.5486176492402 0.42048492902285756 -2.971431464655466
199 1791 0 0 0 12.123123016654406 14.572324116892297 -8.083945940051468 -9.76438375310789 0.4204575811156891 -2.974148696312316
200 1800 0 0 0 12.204743691398992 14.657524495642244 -8.017627491328803 -9.923256678335811 0.42161450473388 -2.9769022335018818
201 1809 0 0 0 12.06988336472517 14.521772985497487 -8.067508836381675 -9.913620232885144 0.42050204489896176 -2.977938676262135
202 1818 0 0 0 12.42465734699537 14.871278091256235 -8.129435664341445 -10.113251540504358 0.41811015025971177 -2.9756471360241314
203 1827 0 0 0 12.524109128963378 14.973196457691987 -8.15376401891006 -10.1933882097184 0.41868298021629463 -2.975825003884813
204 1836 0 0 0 12.638896060214492 15.086400509396157 -8.164698706488814 -10.14545683719669 0.41826884527937574 -2.975564673204458
205 1845 0 0 0 12.773796373724865 15.221475684452463 -8.16659121325558 -10.244035921069178 0.41828672917253223 -2.975562083715425
206 1854 0 0 0 12.702154045077535 15.156689600404336 -8.12563667445439 -10.276607073170617 0.4205351376841601 -2.97554266348094
207 1863 0 0 0 12.63512892822045 15.087875850864696 -8.1554773334205 -10.317230515867369 0.41992302446801827 -2.9758734878362576
208 1872 0 0 0 12.474110859196085 14.928857660249161 -8.14086971195913 -10.23913319965948 0.4196276264276073 -2.974628845571545
209 1881 0 0 0 12.428489812436833 14.88356195037694 -8.091099153911912 -10.36333515901258 0.4197375890197858 -2.973673650439485
210 1890 0 0 0 12.457997511985438 14.912656570214152 -8.118189886149636 -10.511685955629304 0.41999879259231054 -2.977224694172767
211 1899 0 0 0 12.38449881108165 14.84127775088453 -8.121552304797678 -10.478851794609719 0.4201085755650317 -2.976866920809562
212 1908 0 0 0 12.491976691956427 14.949113461199463 -8.147199833216185 -10.498392275198078 0.4194098114980083 -2.9757052517747424
213 1917 0 0 0 12.558111448266429 15.013210920647632 -8.221646392182144 -10.722574989970298 0.41819447557460737 -2.9745133123351746
214 1926 0 0 0 12.587283743886873 15.043660289200844 -8.175078690450125 -10.779714117061545 0.41951543731015833 -2.9774305427589063
215 1935 0 0 0 12.491288153962019 14.946060700416389 -8.232413146048508 -10.549522074193241 0.41869850721446844 -2.974581402692838
216 1944 0 0 0 12.599803683356631 15.055848943234315 -8.260147363232832 -10.679690310811697 0.41898538562325083 -2.97702062454913
217 1953 0 0 0 12.613902886894378 15.065745791554582 -8.260126600850088 -10.61996311660339 0.4182496826669962 -2.975540705713786
218 1962 0 0 0 12.561003097105552 15.017054908872971 -8.199875231495476 -10.613043476942721 0.42035131536291914 -2.97531393146811
219 1971 0 0 0 12.52749305802766 14.978592831089854 -8.264108161237093 -10.500925775225435 0.4186708024417325 -2.975047669325961
220 1980 0 0 0 12.459246619288484 14.909201870447928 -8.237809951337276 -10.434619575123085 0.4189565382629886 -2.9751698059176537
221 1989 0 0 0 12.528083213524887 14.976699728956765 -8.244633299749788 -10.349267041047097 0.41773313181954314 -2.9737497780929862
222 1998 0 0 0 12.48413760226758 14.936075378819467 -8.211829181526499 -10.353766459777479 0.4193736844146704 -2.972683274970236
223 2007 0 0 0 12.477222339569197 14.932653551376635 -8.154275107632893 -10.400489181838545 0.421121522100729 -2.973175118633839
224 2016 0 0 0 12.473766395052332 14.928297270580046 -8.12496322436312 -10.308245545642942 0.4209712928038432 -2.97205828907491
225 2025 0 0 0 12.563497012554498 15.017291615061291 -8.190527708168503 -10.371691985920021 0.41917223604473847 -2.9704521603333283
226 2034 0 0 0 12.531921083020206 14.988297252612787 -8.092127781873819 -10.355189654773508 0.4213638175418778 -2.9707774852081217
227 2043 0 0 0 12.55964786800151 15.014702747144696 -8.015856779068212 -10.445279562150926 0.42227643280178156 -2.972293801842765
228 2052 0 0 0 12.55317017283986 15.010313126445109 -7.960018271893092 -10.522622281036696 0.4239887872705034 -2.9729597293296615
229 2061 0 0 0 12.536096110009893 14.995761678178082 -7.950431714961905 -10.529186032154785 0.4240322654081075 -2.9715335960606932
230 2070 0 0 0 12.561538239015423 15.020838302022167 -7.964614694474793 -10.710821634082246 0.4239072937568494 -2.9741238588311663
231 2079 0 0 0 12.537881062255789 14.998173069716813 -7.955551747183502 -10.5867283753165 0.42409239094448986 -2.9734265896513326
232 2088 0 0 0 12.50580479879283 14.96712540109953 -7.964317377437238 -10.560243898233221 0.4241955824772252 -2.973834047347826
233 2097 0 0 0 12.5583103977976 15.0202489081279 -7.988347361374313 -10.579267413734026 0.42410334726364407 -2.974479805409905
234 2106 0 0 0 12.522555243559244 14.982463792539914 -7.958089135598375 -10.530541015034617 0.4241415601104262 -2.976205460061993
235 2115 0 0 0 12.554207590451117 15.012168201763252 -7.956413442800024 -10.583199839977985 0.4238642186486385 -2.9758330149256267
236 2124 0 0 0 12.545658352000254 15.008529976477647 -7.837448224177666 -10.66545940018472 0.4273816290715531 -2.976213844282385
237 2133 0 0 0 12.563247406078029 15.027148504942552 -7.794464751419407 -10.836013895151654 0.42848858783451466 -2.9763120657540783
238 2142 0 0 0 12.537223294847452 15.000770144787456 -7.779802270823474 -10.893947396413338 0.4285960853807913 -2.9754582767219993
239 2151 0 0 0 12.556812670132546 15.018763068397645 -7.8332357410452 -10.913914181941706 0.42678130351050647 -2.9753593668088905
240 2160 0 0 0 12.564860039743182 15.023961738419088 -7.850897360609382 -10.694081661287552 0.4259606265354337 -2.9747647880508477
241 2169 0 0 0 12.556948283641601 15.018159581899809 -7.7753512898582855 -10.720501085283606 0.427052400294914 -2.974950173184498
242 2178 0 0 0 12.527353944253987 14.989880085385051 -7.69652072261459 -10.666573045500002 0.42831309606291934 -2.974131786822681
243 2187 0 0 0 12.4286906637439 14.891424963013085 -7.710229467125257 -10.495753580023262 0.4286417333498013 -2.973723818161031
244 2196 0 0 0 12.498910234230806 14.957159121808496 -7.736639647380795 -10.628158097043721 0.4274839543762973 -2.974591937975492
245 2205 0 0 0 12.464120941033048 14.926913926081196 -7.667325012126359 -10.828977317828807 0.4286039067557828 -2.9727015871728915
246 2214 0 0 0 12.485500923262938 14.946965333171377 -7.753904494095799 -10.68842228843631 0.4273561179294893 -2.9718700341206654
247 2223 0 0 0 12.478585487654138 14.941596507612438 -7.73076497042612 -10.829740090175612 0.42923496419734464 -2.973273891867273
248 2232 0 0 0 12.542258899901903 15.003538906043635 -7.706987238789951 -10.857196139000463 0.42891916326516666 -2.9739888923807913
249 2241 0 0 0 12.488431026675343 14.95256108297143 -7.624437818932733 -10.83056120023536 0.431275934232663 -2.974516665149541
250 2250 0 0 0 12.566639419583005 15.028005779030053 -7.7285055381264405 -11.069546854908928 0.42889686234261226 -2.9745897556596237
251 2259 0 0 0 12.588165226130027 15.050103803500745 -7.7664000634162 -11.095012293742666 0.42830032065295515 -2.97434682810657
252 2268 0 0 0 12.5473012642429 15.009891943458152 -7.743755665303475 -11.203394158594648 0.4291818479118879 -2.9752509696574827
253 2277 0 0 0 12.555376353891997 15.018795378509935 -7.74172849484996 -11.200894243608285 0.4289673751044061 -2.9749475752728483
254 2286 0 0 0 12.543542218262665 15.009935095268395 -7.755376368289046 -11.189962747453112 0.4296269897577245 -2.9738506811953607
255 2295 0 0 0 12.548450242471041 15.014362800961528 -7.753545327431667 -11.389876612800467 0.42949665466271963 -2.973987439379915
256 2304 0 0 0 12.537890031507445 15.003390122250089 -7.767938615515878 -11.292575890192087 0.42923806034926354 -2.9741954935703343
257 2313 0 0 0 12.543755071001346 15.009308325081674 -7.776000532717971 -11.380142554602926 0.429793461911226 -2.9749888245581237
258 2322 0 0 0 12.554477285840488 15.019821649818677 -7.753152032175616 -11.501515601732503 0.43010681980611093 -2.9757644288529694
259 2331 0 0 0 12.541269546948017 15.007175992428278 -7.708910931100079 -11.50665137899278 0.4308496455376322 -2.97593579191605
260 2340 0 0 0 12.5232900062471 14.989247693430183 -7.68988625721073 -11.42334280970835 0.4313533654613476 -2.9752743926991534
261 2349 0 0 0 12.490290093460416 14.957255328322649 -7.686643875590065 -11.427725703065894 0.4316959391956414 -2.9747878123798457
262 2358 0 0 0 12.46541125263904 14.931719447064303 -7.641617316697418 -11.300595134622979 0.4319766774209583 -2.9748612064706177
263 2367 0 0 0 12.48001669084558 14.946759931136533 -7.650256760556003 -11.386974478901083 0.4320189299362207 -2.9753876581541485
264 2376 0 0 0 12.482573868287629 14.948421747195777 -7.668338771636209 -11.407300790549705 0.4312654599321408 -2.9749675266684887
265 2385 0 0 0 12.488392018323955 14.953566065467527 -7.709494158264445 -11.380412121412256 0.4302516822845176 -2.9747046210910217
266 2394 0 0 0 12.473156137401665 14.939134509170088 -7.716883474137518 -11.427272609148694 0.430064726139166 -2.973807747338132
267 2403 0 0 0 12.475318792624117 14.941449868443343 -7.7239932253239045 -11.439291293258615 0.42984882008249975 -2.973167933824124
268 2412 0 0 0 12.46640563613205 14.932302175634318 -7.696152028066789 -11.448402176932762 0.4304098578573263 -2.973784089552811
269 2421 0 0 0 12.478190944082158 14.944311058461443 -7.709379205091499 -11.504934058744206 0.43007950491882635 -2.9736170169525122
270 2430 0 0 0 12.483860862792397 14.9490919482406 -7.748304799701841 -11.557546595107217 0.42911655157141115 -2.973404838138992
271 2439 0 0 0 12.501300129074426 14.9671842172935 -7.781660624479833 -11.68706099230258 0.42858298936135486 -2.973083553643675
272 2448 0 0 0 12.49338496530076 14.959876813767393 -7.79609451005349 -11.730263112617106 0.4286318663491656 -2.9729018532717726
273 2457 0 0 0 12.486710105239553 14.952767370983693 -7.744819981948767 -11.606863904493519 0.4298868311902499 -2.9731861393807373
274 2466 0 0 0 12.498057336745877 14.964275130660981 -7.727603982488644 -11.636139208608862 0.430329171092229 -2.9734155576837193
275 2475 0 0 0 12.504751909928826 14.97025863236919 -7.725501084256653 -11.62643566748404 0.4301091226989803 -2.9735098077287767
276 2484 0 0 0 12.507300553742885 14.973015817877052 -7.7383803672545675 -11.622109944652264 0.4295504195309322 -2.972514267198306
277 2493 0 0 0 12.505871753142914 14.971743474615035 -7.732003440300351 -11.669236119211527 0.42947509324275385 -2.9727764139315624
278 2502 0 0 0 12.502249244354726 14.967634779447279 -7.71851277259705 -11.627013300830974 0.4296568927685704 -2.972681910700102
279 2511 0 0 0 12.524214111855155 14.989472066843582 -7.761018472376705 -11.729337879644188 0.42883584171067346 -2.9726734874596383
280 2520 0 0 0 12.528782579174399 14.993698502883538 -7.7398623999138305 -11.775743834961663 0.4292092327168416 -2.9728807126867207
281 2529 0 0 0 12.5366580303975 15.001483490250632 -7.750447410201729 -11.777977618265634 0.42915462351215533 -2.9728722493701287
282 2538 0 0 0 12.536676641767004 15.001422166320598 -7.758046569775755 -11.77123515240046 0.4290968269505367 -2.97254888591885
283 2547 0 0 0 12.525556717468012 14.990499645815813 -7.724408177932706 -11.74772467669465 0.42992886718413714 -2.9725189178209197
284 2556 0 0 0 12.523205639870078 14.988203096439568 -7.739589431191661 -11.753768850173051 0.42961983880980975 -2.972288234674891
285 2565 0 0 0 12.521174836814087 14.985893001556223 -7.727525286315069 -11.739537047346548 0.42980220849419465 -2.97230626664196
286 2574 0 0 0 12.524459338776214 14.988928577917306 -7.711173573878268 -11.80614868653188 0.4302355213326477 -2.9727069855202206
287 2583 0 0 0 12.52197167535377 14.98710547165891 -7.7191808251103 -11.842142892537105 0.4302645127960457 -2.9726964877869
288 2592 0 0 0 12.523573699652056 14.989044363987201 -7.709561917643391 -11.838386370341908 0.43033516954323064 -2.9727244778184887
289 2601 0 0 0 12.537000306949244 15.002609491095816 -7.726953806044227 -11.909088147211989 0.4300500802360583 -2.9725703281780507
290 2610 0 0 0 12.54584084425259 15.011361304365611 -7.721195546189376 -11.83573420660722 0.43024625968310254 -2.9729766875919386
291 2619 0 0 0 12.542838187552931 15.008676989219337 -7.721782423764968 -11.836167545106703 0.43042608629488954 -2.972751546348789
292 2628 0 0 0 12.536597233363196 15.002610652378957 -7.711183082113317 -11.766826195237961 0.43073879297736434 -2.972604976173297
293 2637 0 0 0 12.533292052271166 14.999387222205801 -7.706033349159265 -11.768207872132354 0.4308012551127473 -2.972395218520963
294 2646 0 0 0 12.529784811004106 14.996133717552674 -7.704909858027859 -11.729240455368629 0.4309869607984865 -2.972391989507022
295 2655 0 0 0 12.51680412861525 14.983281076248183 -7.691890373998053 -11.72336390202269 0.4313039906623668 -2.9722424673743038
296 2664 0 0 0 12.514756517510484 14.980613366790974 -7.709952184239799 -11.787227501774218 0.4306842861069698 -2.971844132118988
297 2673 0 0 0 12.513081499670834 14.978856147774104 -7.695326612236799 -11.812013794662004 0.43122338391124454 -2.972071591701148
298 2682 0 0 0 12.51960380043046 14.98562169053865 -7.693529129322232 -11.854860041009541 0.4313309018894622 -2.972175867053456
299 2691 0 0 0 12.508642191421897 14.974443735961087 -7.6868820744145925 -11.836437242963527 0.4312381758033552 -2.9721155686882876
300 2700 0 0 0 12.507328860208114 14.973021883906938 -7.682497696592282 -11.85516359893646 0.431228560961384 -2.972263178131222
301 2709 0 0 0 12.5203806044839 14.985992693967036 -7.690577957110724 -11.830701801086144 0.43106834228956414 -2.972310324511975
302 2718 0 0 0 12.51980596357494 14.985574809052398 -7.694189975953298 -11.803039073595714 0.4310698101335318 -2.972280475099685
303 2727 0 0 0 12.522380732218801 14.988171495993003 -7.7043261675737895 -11.766696773234594 0.4307777888867935 -2.9722219357808446
304 2736 0 0 0 12.518445831880744 14.984144963060086 -7.706002029774355 -11.801841082243682 0.43068017148592574 -2.9721634270589843
305 2745 0 0 0 12.523229060250003 14.989137428320538 -7.709338949413398 -11.811001052874817 0.4306485566836454 -2.972123379570542
306 2754 0 0 0 12.524687643081341 14.990747562645902 -7.7021456040837135 -11.806137416487381 0.4308247326564655 -2.972253354235389
307 2763 0 0 0 12.529570647061202 14.99590801655986 -7.709792215156936 -11.794529964067927 0.4307008925913836 -2.972210126985239
308 2772 0 0 0 12.528675064435754 14.994934504523135 -7.71616096063326 -11.82545686401394 0.4305576280852596 -2.9722106386078324
309 2781 0 0 0 12.526853384844763 14.992846745983911 -7.71477767351489 -11.784394218823072 0.43044035619910875 -2.9721966232566084
310 2790 0 0 0 12.527926382306394 14.994050571466474 -7.711423035436511 -11.79330627531079 0.43046926292988275 -2.972159121094515
311 2799 0 0 0 12.525632359213246 14.991926175019602 -7.708913171029129 -11.795697330714317 0.43047352868413963 -2.9720877893369995
312 2808 0 0 0 12.52894388482586 14.99507272297696 -7.7121261966839265 -11.804519466164576 0.4304278021579381 -2.9720252086073615
313 2817 0 0 0 12.53129976203827 14.997382931808673 -7.71140128655537 -11.798924739838299 0.4304123648261464 -2.9719859845256105
314 2826 0 0 0 12.533339956283493 14.999386417370863 -7.722549289824372 -11.83290367154879 0.4300385942870671 -2.971890812911903
315 2835 0 0 0 12.533594739824784 14.999509111725704 -7.718488623123608 -11.8009758605182 0.4301290391866243 -2.971992985666099
316 2844 0 0 0 12.537878717083487 15.003773703644624 -7.715366060208779 -11.806191299855147 0.4302107258344619 -2.9720497147474516
317 2853 0 0 0 12.541162125108176 15.007162668297227 -7.714276383426948 -11.79811861980592 0.43027258168267035 -2.972046704793409
318 2862 0 0 0 12.542045012603221 15.008141290834747 -7.71318212298592 -11.796245805743506 0.4303145251216931 -2.9720266128297794
319 2871 0 0 0 12.537449622645402 15.003712851809201 -7.716589776840322 -11.755275337563079 0.43028031862643085 -2.9720104509433853
320 2880 0 0 0 12.530459308200063 14.996797257005756 -7.733305633997848 -11.735383281085348 0.4298256968563972 -2.971773161288747
321 2889 0 0 0 12.526266305795815 14.992457765960335 -7.726407686434939 -11.671136199890006 0.4300255345664636 -2.971962637390507
322 2898 0 0 0 12.532313299901972 14.99904732652054 -7.718969223394764 -11.670873622590019 0.43046893404638475 -2.9720790437221423
323 2907 0 0 0 12.538263015406622 15.00492384695643 -7.709026813853466 -11.640376915934166 0.430700225588453 -2.972285588034015
324 2916 0 0 0 12.539430179210832 15.00635909571309 -7.716843410005029 -11.575125110757401 0.43059807475867384 -2.9723763628990607
325 2925 0 0 0 12.53873086375488 15.005484484132564 -7.706482397683112 -11.608929686265647 0.4308393787555286 -2.972576800702438
326 2934 0 0 0 12.539353963238208 15.00578788672932 -7.704528308690255 -11.655939156451785 0.4308020576212614 -2.9725227059924437
327 2943 0 0 0 12.534309763814102 15.0008233639982 -7.702635812454997 -11.679272751624977 0.43086720738078954 -2.9724896066459823
328 2952 0 0 0 12.531489697475758 14.99789083153883 -7.707128524486165 -11.707116830559352 0.4306915147403969 -2.9723121784556277
329 2961 0 0 0 12.530068405258374 14.99677838141596 -7.722254064392834 -11.736921392526538 0.43040648267508774 -2.972036969408153
330 2970 0 0 0 12.53275446667736 14.999389258333759 -7.718139065077275 -11.702894240014682 0.4305967781592204 -2.9722308478835524
331 2979 0 0 0 12.533440341992465 14.999950462891919 -7.727758771599805 -11.739812137563396 0.4302950823065661 -2.972066969619808
332 2988 0 0 0 12.528123056124809 14.994673127133213 -7.730587086995786 -11.758889456165424 0.43016538984153263 -2.9719581565805737
333 2997 0 0 0 12.528592871550579 14.995233371495448 -7.732607286233063 -11.782631970332504 0.43005689293083854 -2.971748096700331
334 3006 0 0 0 12.530170456577515 14.996893381818369 -7.741628676525893 -11.76113622174421 0.4298200297759238 -2.9716426581723723
335 3015 0 0 0 12.525634316820893 14.992327552179304 -7.743644308941978 -11.78597041285827 0.42972038110210337 -2.971519295558051
336 3024 0 0 0 12.52470961046778 14.991446522122908 -7.751690096620719 -11.840191931363679 0.4294791289873159 -2.9713883398181715
337 3033 0 0 0 12.531321487095267 14.998221690239138 -7.752635326889386 -11.844504509108186 0.42963000573341886 -2.971503114709995
338 3042 0 0 0 12.524914165331483 14.991873477097725 -7.7518863365195525 -11.892114482856066 0.4295997264823197 -2.971370298161297
339 3051 0 0 0 12.526765236592778 14.993647167422287 -7.757851490258112 -11.892158066394344 0.42946941660752364 -2.9713616876467293
340 3060 0 0 0 12.5257427579542 14.992603682492947 -7.752509467782152 -11.917555866397379 0.4295641383246705 -2.9713637238238046
341 3069 0 0 0 12.522044157339137 14.98872303849048 -7.752509216426601 -11.939727554916729 0.42944355417676094 -2.9712621557121617
342 3078 0 0 0 12.529297785596354 14.99621601114019 -7.743413390812097 -11.872425309472888 0.4298870471662808 -2.971508425022469
343 3087 0 0 0 12.533204197836735 15.000203737580547 -7.743798195433227 -11.842314320577206 0.429943369181996 -2.971559350017063
344 3096 0 0 0 12.532708363713441 14.999755528937042 -7.749232354733037 -11.881525369720165 0.429759704390622 -2.971461298366155
345 3105 0 0 0 12.534825392067122 15.00184651228932 -7.7422474255148215 -11.817108619566294 0.42997254419441866 -2.9716263900005027
346 3114 0 0 0 12.534012757071963 15.001010985241283 -7.743306889040226 -11.825979773618698 0.42992214072971374 -2.9715798457212768
347 3123 0 0 0 12.53435747131395 15.001306616313865 -7.74160311115767 -11.82352147461103 0.42997014016350704 -2.971645207177903
348 3132 0 0 0 12.536048300211938 15.003047725969852 -7.738296117165559 -11.815381888883326 0.4301047308500503 -2.9717125721318447
349 3141 0 0 0 12.536843642979695 15.003916443104846 -7.735256168090921 -11.818163315602835 0.43024404787169823 -2.9717756393257524
350 3150 0 0 0 12.535404587909056 15.002450210590052 -7.737313061018131 -11.795953706847559 0.43018196537202796 -2.9717892373890575
351 3159 0 0 0 12.53501535274012 15.002100829296035 -7.733910083367791 -11.793812467653742 0.43027079173649935 -2.9718118090579257
352 3168 0 0 0 12.535534136290318 15.002727474102922 -7.733860860562711 -11.797900298341755 0.4303034185605426 -2.9717796585674097
353 3177 0 0 0 12.536907973376008 15.00400868647816 -7.7316692157887505 -11.810356173268225 0.43033555070726226 -2.9718059559058485
354 3186 0 0 0 12.536059056583262 15.003178337484457 -7.734263138739285 -11.821685719684165 0.43026724425573415 -2.971756933019606
355 3195 0 0 0 12.53518308843749 15.002317972233332 -7.73689553754461 -11.830574453771373 0.43018609164300675 -2.971687785570875
356 3204 0 0 0 12.536230186880603 15.003382743191068 -7.736348193460765 -11.83860336366443 0.4302128153955675 -2.971691083616209
357 3213 0 0 0 12.536571894380304 15.003697557510167 -7.7353531864839065 -11.837446520235913 0.4302429168394937 -2.9717214080839898
358 3222 0 0 0 12.537043395524497 15.004192793741044 -7.735832210642007 -11.840702280565107 0.4302350922029321 -2.971718518913914
359 3231 0 0 0 12.5373661196799 15.004522524132884 -7.735804781146291 -11.851909569938579 0.43023443783826265 -2.9717106882885393
360 3240 0 0 0 12.536731808034528 15.003845141380106 -7.737236437395815 -11.848666351045285 0.4301708368425929 -2.97169190367253
361 3249 0 0 0 12.53573249990527 15.002781868853473 -7.737926917345031 -11.85530770468302 0.430118242598345 -2.9716714292355975
362 3258 0 0 0 12.535267990453026 15.002377125673801 -7.738841094429345 -11.857687014830937 0.4301212798668488 -2.971656649590843
363 3267 0 0 0 12.535906122530285 15.003032753608979 -7.738856852091589 -11.851793829756128 0.4301306847934601 -2.971668981748427
364 3276 0 0 0 12.536208540112364 15.003333141652584 -7.738301290947387 -11.849007481884817 0.43015658425618003 -2.97169352248046
365 3285 0 0 0 12.535510657340168 15.002646300548502 -7.7403644660696775 -11.857118417837052 0.4300941125978927 -2.9716542394745105
366 3294 0 0 0 12.535073808001199 15.002226584229238 -7.741915952091698 -11.868664666617184 0.43005042013869865 -2.971613798923692
367 3303 0 0 0 12.534884676361802 15.002011777157955 -7.741778104579803 -11.865371250319226 0.4300403666385526 -2.9716083099215194
368 3312 0 0 0 12.534850115885991 15.001994147247153 -7.742977221587465 -11.87156198951259 0.43001346487562736 -2.97158774620467
369 3321 0 0 0 12.534747763962947 15.001914061447927 -7.743345503723122 -11.873706472985331 0.43001141067431403 -2.971576344882944
370 3330 0 0 0 12.534958650797297 15.002120408130025 -7.742541156974063 -11.865693465833951 0.43004386927228383 -2.971608680709784
371 3339 0 0 0 12.535186366352784 15.002362661974283 -7.7424806110206 -11.87236310247454 0.43005302034208104 -2.9715984879213653
372 3348 0 0 0 12.535125634167562 15.002311017856462 -7.742252215066769 -11.865380584815702 0.4300694950759876 -2.971618003092029
373 3357 0 0 0 12.535383833789782 15.002584257846133 -7.742193395788722 -11.867986856126395 0.43007419466622426 -2.9716176896404187
374 3366 0 0 0 12.535372826539902 15.002591138604137 -7.741985449566713 -11.864581278506964 0.4300924417360296 -2.9716309111823356
375 3375 0 0 0 12.535035003477649 15.002242106214611 -7.742062338014815 -11.862787593926676 0.43008482560473305 -2.9716338038943015
376 3384 0 0 0 12.535193581344299 15.002396848139531 -7.741862071136002 -11.86606568954629 0.4300886230020229 -2.971635499058837
377 3393 0 0 0 12.535739461972048 15.002946205211048 -7.741026932120766 -11.86530647075273 0.4301139365788139 -2.9716517595229477
378 3402 0 0 0 12.535480929913964 15.002690556506648 -7.741173575991737 -11.86913514658984 0.43011157247305226 -2.9716449153660576
379 3411 0 0 0 12.534971232668441 15.002159500383291 -7.742006563987176 -11.865490916565241 0.43007993206028783 -2.9716371808556694
380 3420 0 0 0 12.535227275424248 15.00243624236112 -7.741170239264189 -11.860477423033405 0.430124400010653 -2.9716639326774907
381 3429 0 0 0 12.53541835258856 15.002612074761892 -7.741030197143144 -11.860520921559264 0.43011776371942134 -2.971667122100272
382 3438 0 0 0 12.535528556151327 15.002720980294008 -7.740627592999742 -11.86026392630893 0.43012281292203747 -2.971664182374477
383 3447 0 0 0 12.535300880720143 15.002489816512146 -7.74142351661263 -11.865382296011365 0.43009937125086556 -2.9716479368035897
384 3456 0 0 0 12.535792347427382 15.002955695692878 -7.73995902874494 -11.86279242096226 0.430127991236315 -2.971667649877944
385 3465 0 0 0 12.535449989125437 15.002639275931886 -7.74142210264986 -11.868623268002114 0.43009374521750626 -2.971636205248448
386 3474 0 0 0 12.535011339202402 15.002213903673043 -7.743128438664505 -11.871562142994133 0.43004348369093887 -2.971597748176857
387 3483 0 0 0 12.535191472023747 15.002395720354343 -7.74309308946136 -11.875637187197471 0.4300409517865162 -2.971589222134469
388 3492 0 0 0 12.535437218824876 15.002635659206883 -7.742637652060698 -11.871541103195437 0.43005409228828395 -2.971602168112617
389 3501 0 0 0 12.535270586083849 15.002439069824312 -7.742002030465103 -11.869551989475356 0.43006078519703017 -2.9716116443468237
390 3510 0 0 0 12.535482295157758 15.002645808621788 -7.741598917635438 -11.873305801095244 0.43006731215686833 -2.9716075176381973
391 3519 0 0 0 12.535755679622959 15.002883058939366 -7.740644639651529 -11.873134852644245 0.43007825068591593 -2.9716191672870274
392 3528 0 0 0 12.535233193561739 15.002393943850247 -7.742731452648551 -11.887875047369278 0.4300229544317317 -2.971564896017465
393 3537 0 0 0 12.535427270792278 15.00257399578755 -7.741923538494458 -11.889596613250777 0.43004832722587555 -2.971585591656969
394 3546 0 0 0 12.535765110712056 15.00290669497026 -7.741696884344039 -11.892477117219485 0.4300477626308389 -2.9715755608689287
395 3555 0 0 0 12.53557840447087 15.00273268539105 -7.742486424578528 -11.895452618641984 0.4300291937510001 -2.9715567346277822
396 3564 0 0 0 12.535048729404512 15.00217181348781 -7.743536972001797 -11.899171261571645 0.42997928244995026 -2.9715302952681597
397 3573 0 0 0 12.535170175564803 15.002284194212393 -7.74341372077511 -11.905618245665202 0.4299715178411283 -2.97151777202883
398 3582 0 0 0 12.535099904189524 15.002224350722091 -7.7434663447101055 -11.902687773069921 0.4299731709054438 -2.9715190851567144
399 3591 0 0 0 12.535367850088734 15.002512340463337 -7.742939456017378 -11.894779038531757 0.4300011587905128 -2.971542258608215
400 3600 0 0 0 12.535496555269829 15.002629712024376 -7.742841414843824 -11.894379530147686 0.4300024372465965 -2.971547646348777
401 3609 0 0 0 12.535410451529021 15.002561164383145 -7.743057046867897 -11.893677227828384 0.42999612663501624 -2.9715354929537656
402 3618 0 0 0 12.535389824845254 15.002535284751973 -7.74298755300744 -11.891690099427981 0.42999965670358614 -2.9715414578782244
403 3627 0 0 0 12.535783100025629 15.002925469049154 -7.741758861935341 -11.885814742965422 0.43004015138868834 -2.971569570256472
404 3636 0 0 0 12.53581600529328 15.00295770443579 -7.741758599552804 -11.887823842525437 0.43003866020692844 -2.9715641215790005
405 3645 0 0 0 12.535767671369642 15.002907992101774 -7.741483593547119 -11.888005384137506 0.4300455868387802 -2.971568384700323
406 3654 0 0 0 12.536318689943577 15.003457121991477 -7.739922461276669 -11.884741649591472 0.4300956853486069 -2.9715963192523147
407 3663 0 0 0 12.535829600255488 15.00296864869248 -7.741144338971502 -11.893643910609224 0.43005538217982175 -2.971566398472132
408 3672 0 0 0 12.535821571049174 15.00295145598991 -7.7403252693439315 -11.889327001200344 0.4300747537738424 -2.9715841500044116
409 3681 0 0 0 12.535753318264039 15.002906745982322 -7.741056045297497 -11.890610040844152 0.43006385983717127 -2.9715751914329496
410 3690 0 0 0 12.535608404899014 15.002753403797719 -7.74124820341512 -11.891510277793108 0.43005366478553364 -2.9715676560804964
411 3699 0 0 0 12.535461125980259 15.002609286049584 -7.741644051283249 -11.890293915267875 0.4300401120600653 -2.971561796831876
412 3708 0 0 0 12.535728694571905 15.002876593508914 -7.740591426493381 -11.886192826301958 0.4300740107573464 -2.971584555841145
413 3717 0 0 0 12.535928239614663 15.003070917604832 -7.739988046818924 -11.886157348159962 0.43008810369980033 -2.9715914850591645
414 3726 0 0 0 12.535809888031102 15.002948407689912 -7.7402339080031375 -11.886586218345457 0.43008512714860814 -2.971593943259923
415 3735 0 0 0 12.53597868635838 15.003116839786383 -7.739513275568129 -11.88575123299133 0.4301057830574452 -2.971604622201275
416 3744 0 0 0 12.535998231900699 15.003133166875473 -7.739265169555761 -11.886838318950042 0.4301140903185504 -2.971610241727819
417 3753 0 0 0 12.535733377420524 15.002858959427423 -7.739667230887694 -11.888151425389754 0.43010326363887336 -2.971609483934298
418 3762 0 0 0 12.53553518736267 15.002644358417966 -7.739942718070676 -11.890362030635513 0.43008314525361435 -2.9715944653492588
419 3771 0 0 0 12.535525014716418 15.002631425426062 -7.7400025099419345 -11.889447646529664 0.4300780316901871 -2.971592081972153
420 3780 0 0 0 12.535404345887978 15.00250617875569 -7.740499624373704 -11.890103644089788 0.43006149074957856 -2.971585123175163
421 3789 0 0 0 12.535383764978253 15.00247234343904 -7.740194345139787 -11.88723220311739 0.4300634959645751 -2.971590359156169
422 3798 0 0 0 12.53515415539816 15.002248995259597 -7.74105912904845 -11.890572904462655 0.43003382194596307 -2.9715673317409923
423 3807 0 0 0 12.53520685547978 15.00230137610258 -7.740925349595489 -11.889816830374489 0.4300436282157312 -2.9715757078519043
424 3816 0 0 0 12.535239110567638 15.002325436775651 -7.740792166980261 -11.887881139827503 0.430041262266078 -2.971576863731796
425 3825 0 0 0 12.535208901128215 15.002290257242212 -7.740820987855801 -11.888091117139666 0.4300442616581383 -2.9715855362225017
426 3834 0 0 0 12.535007490795303 15.002089508249485 -7.741352379832308 -11.886103171191055 0.43003420733006087 -2.9715888216891915
427 3843 0 0 0 12.535164982094464 15.002241586877616 -7.741268690745788 -11.889088795521982 0.43003146430173433 -2.9715837700740173
428 3852 0 0 0 12.535321264833046 15.002407090290669 -7.740398977559488 -11.88643813655317 0.43006782009446093 -2.971609699205278
429 3861 0 0 0 12.535435421043388 15.002515593175312 -7.740295220330092 -11.885297949776703 0.4300673873829929 -2.9716117950852223
430 3870 0 0 0 12.535507258384737 15.002574809607975 -7.73983167325729 -11.882964543478089 0.4300752601894994 -2.971621361388571
431 3879 0 0 0 12.535575606333252 15.00263027228683 -7.739598674181828 -11.884385421066112 0.4300696208243158 -2.9716151151629164
432 3888 0 0 0 12.535539036183234 15.002612897775764 -7.740367117245738 -11.887507229643179 0.4300455863561369 -2.9715880412119384
433 3897 0 0 0 12.535610201471009 15.00267480300931 -7.740005631804549 -11.88493308930764 0.430052026384946 -2.971596092774432
434 3906 0 0 0 12.535705039017238 15.002760349952032 -7.739486199669115 -11.883637137280195 0.4300615692351103 -2.9716023720513034
435 3915 0 0 0 12.535467000524292 15.002523276747333 -7.7401521811193765 -11.891220345966977 0.43003369825748256 -2.9715716426324192
436 3924 0 0 0 12.535345010425356 15.002391563619856 -7.740670114817049 -11.896121077984944 0.4300114809484965 -2.9715531384737743
437 3933 0 0 0 12.535517286847034 15.002561731690458 -7.7400963287997655 -11.898564961741302 0.43003075640122895 -2.971564866427562
438 3942 0 0 0 12.535545415761336 15.00260107542812 -7.739868996027089 -11.893895422136737 0.4300480689674399 -2.971582358680348
439 3951 0 0 0 12.535958415341577 15.003027523454271 -7.738817348125498 -11.89280213452564 0.4300964059346831 -2.9716127710592417
440 3960 0 0 0 12.535557868550455 15.002624901036958 -7.739618234566228 -11.896044659895088 0.43007369499697 -2.971600419616112
441 3969 0 0 0 12.535480436629953 15.002531728049812 -7.739810091854292 -11.892535631865888 0.4300584391588948 -2.97159778464986
442 3978 0 0 0 12.535728641430172 15.002803702693003 -7.739139806399914 -11.887050347549474 0.43010647391446805 -2.9716368104379454
443 3987 0 0 0 12.535635048467201 15.002699119805659 -7.739598692390517 -11.891258821679855 0.43007892292011524 -2.9716151912487345
444 3996 0 0 0 12.535745001422397 15.002812888657656 -7.739222897416338 -11.888365684344247 0.4300940967671651 -2.971628635903856
445 4005 0 0 0 12.536051242219452 15.00312922425409 -7.7382001147893655 -11.880951950080926 0.430135580712652 -2.9716612522475394
446 4014 0 0 0 12.53605103455725 15.003133699524254 -7.738138521643492 -11.882976685978644 0.4301358051941023 -2.971655785517385
447 4023 0 0 0 12.535897712363013 15.002973672350468 -7.739024034349967 -11.88872518985113 0.4301020025753472 -2.971629239058385
448 4032 0 0 0 12.535731034980483 15.00279578640411 -7.739231894990829 -11.889039246338923 0.43009193541476265 -2.971626091361583
449 4041 0 0 0 12.5355870228833 15.002652878627204 -7.739520046139977 -11.888609889205133 0.4300843499530291 -2.9716249458249613
450 4050 0 0 0 12.535382051779957 15.002449673316907 -7.73993306570278 -11.889043296779613 0.4300741772122824 -2.971619530304693
451 4059 0 0 0 12.535374538226884 15.002441466108626 -7.739996642372137 -11.891834351485349 0.4300741844810798 -2.9716183368593905
452 4068 0 0 0 12.53499607429091 15.00206155751616 -7.741041360738529 -11.895428698447635 0.4300381484308179 -2.971591763565415
453 4077 0 0 0 12.534987645040545 15.002049877546998 -7.740920299125442 -11.897419163040356 0.4300418907294003 -2.97159444418497
454 4086 0 0 0 12.534795089703476 15.001842583399435 -7.741340036024254 -11.900177864571486 0.43001717285898594 -2.9715753820107507
455 4095 0 0 0 12.535089281643806 15.002157510285068 -7.740491314949562 -11.898172007200971 0.4300563909957599 -2.971596771126255
456 4104 0 0 0 12.53465390418953 15.001702964162803 -7.74139197616862 -11.904084617225287 0.43000894852116767 -2.97156036877769
457 4113 0 0 0 12.53460159295421 15.001658686781862 -7.741550314042954 -11.905563112478035 0.4300042786936674 -2.9715521747452573
458 4122 0 0 0 12.534414117434103 15.00147029875533 -7.742402836314215 -11.911969821267878 0.4299721618047811 -2.971521355170591
459 4131 0 0 0 12.534026890639577 15.001066538305897 -7.742751665792748 -11.912198576574557 0.4299542613586983 -2.9715141148097697
460 4140 0 0 0 12.534515101233762 15.001555586198085 -7.741578791595574 -11.907177972131262 0.4299968532111936 -2.9715460044233817
461 4149 0 0 0 12.53493109406013 15.001987341452447 -7.740218407309058 -11.898768716528721 0.4300555475547382 -2.97158952824773
462 4158 0 0 0 12.535125563069577 15.002192183906836 -7.740078024224248 -11.898502642774925 0.4300590955490775 -2.971583415338822
463 4167 0 0 0 12.535451619841659 15.002536691870716 -7.739423357481323 -11.896215072652659 0.4300901619740194 -2.9715990155692613
464 4176 0 0 0 12.535689834015459 15.002773259025547 -7.739438648939834 -11.896803744479277 0.43007532793573156 -2.9715785659014466
465 4185 0 0 0 12.53616551555336 15.003278336335406 -7.738727181458724 -11.899849581922883 0.430107269066519 -2.9715911391230563
466 4194 0 0 0 12.535781742083955 15.002878370880179 -7.739959608387303 -11.903772818534295 0.4300492276964951 -2.9715430254452855
467 4203 0 0 0 12.534782086871315 15.001863729614904 -7.74279550442705 -11.909608553802073 0.4299617228906255 -2.97150288860799
468 4212 0 0 0 12.534847174169812 15.001895692699804 -7.742822813900839 -11.906536434631612 0.42994263071472555 -2.971497754564746
469 4221 0 0 0 12.534859086020193 15.001901390945898 -7.742716021508081 -11.908544250883597 0.42993302825371416 -2.9714749848581015
470 4230 0 0 0 12.534771813320413 15.001858082727141 -7.7423351163753935 -11.914851401408784 0.42998278900143555 -2.9715006457884887
471 4239 0 0 0 12.5337649202684 15.000822136239961 -7.744978542960504 -11.93008004869044 0.429881037757017 -2.971432166889006
472 4248 0 0 0 12.533976243458275 15.001021073536851 -7.744772043286194 -11.940659275348073 0.42986524569729495 -2.971399781792277
473 4257 0 0 0 12.533911662145124 15.00095944276745 -7.745185588207272 -11.929835250579753 0.4298625301663276 -2.971421678369159
474 4266 0 0 0 12.533436218177318 15.000483770987522 -7.7461017257240705 -11.935286293796539 0.42984605106451573 -2.971417621692236
475 4275 0 0 0 12.533316919068856 15.000330254193502 -7.745585497555253 -11.933254106324954 0.42984377307627175 -2.9714193970871117
476 4284 0 0 0 12.533859493939687 15.000846426719175 -7.743155323486712 -11.924466233108484 0.4299084862703126 -2.971467186394331
477 4293 0 0 0 12.534019939784356 15.000981406175505 -7.742600248905362 -11.904972643911323 0.42992836103901927 -2.97151928442437
478 4302 0 0 0 12.534061310955426 15.001021895318658 -7.742065248055085 -11.896579180751674 0.42995464995698984 -2.971551250193006
479 4311 0 0 0 12.53479459729552 15.001771091698686 -7.740840664124866 -11.90393477436207 0.42998287563518994 -2.9715406021429143
480 4320 0 0 0 12.535121263053592 15.002110821500002 -7.739980862561878 -11.900671150550368 0.43000775855892226 -2.97154565830109
481 4329 0 0 0 12.535202204018413 15.002228761756292 -7.740950844174849 -11.908305173659333 0.4299973266908127 -2.9715305776478553
482 4338 0 0 0 12.535314625665807 15.002323176564538 -7.741398282160828 -11.90933720267486 0.4299679605535273 -2.971514582885514
483 4347 0 0 0 12.534696584285822 15.001713755124076 -7.743513877380435 -11.927756496227396 0.42988329177021034 -2.9714262860869187
484 4356 0 0 0 12.534949364524826 15.001964763829937 -7.742654983499541 -11.924841500127698 0.4299028473812903 -2.97144128421917
485 4365 0 0 0 12.534838483705846 15.001858345538237 -7.743875745235618 -11.933253683806715 0.4298584882030736 -2.971399107328409
486 4374 0 0 0 12.535669229386999 15.002711819341732 -7.741968798635764 -11.921791596110351 0.42994861091173575 -2.971474702160385
487 4383 0 0 0 12.535427604753071 15.002452741859068 -7.742781116901397 -11.923716857970202 0.429911996673668 -2.971455677252871
488 4392 0 0 0 12.534914300471302 15.001947437623432 -7.743403363384277 -11.923400859140804 0.4299199728041561 -2.9714827195273332
489 4401 0 0 0 12.534904595809909 15.001955885519479 -7.743419322039766 -11.9294961729459 0.429938248352527 -2.9714978196339694
490 4410 0 0 0 12.535791603758161 15.00289046333898 -7.740574130347162 -11.919572237220926 0.4300646294651789 -2.9715777049829453
491 4419 0 0 0 12.535967595498953 15.003042156249455 -7.738832008771202 -11.908722857128144 0.430116395897747 -2.971629238293974
492 4428 0 0 0 12.536438428147937 15.003512299895338 -7.736817373646243 -11.895146710973943 0.4301813294924577 -2.971684904344073
493 4437 0 0 0 12.535929691964997 15.002986136906982 -7.738290524990256 -11.906545767360063 0.4301092047321212 -2.9716246630107914
494 4446 0 0 0 12.536325644650663 15.003377976482144 -7.737302613260696 -11.893353981824117 0.43013908931555467 -2.9716644546129896
495 4455 0 0 0 12.535345871956714 15.002366997289899 -7.739439962060504 -11.894016905831336 0.43006462765720355 -2.9716400624761055
496 4464 0 0 0 12.536383757578976 15.003364374384164 -7.733955399155591 -11.871076943805914 0.4302045432231741 -2.971733600277694
497 4473 0 0 0 12.537040253549367 15.003998314812122 -7.731888023487183 -11.859689825475641 0.43027477170753103 -2.9717965113878324
498 4482 0 0 0 12.537781751390991 15.004717148604463 -7.727756792775121 -11.8318098895826 0.43041757962316535 -2.971928434194504
499 4491 0 0 0 12.538161524905345 15.00514025926712 -7.726724261778151 -11.823382555380535 0.43050246627387906 -2.9720015866498146
500 4500 0 0 0 12.538127975703869 15.00509854938908 -7.726529344414672 -11.827259970665164 0.43049487611058623 -2.9719840055366253
501 4509 0 0 0 12.538794677841679 15.005718526006396 -7.722711642333806 -11.789839031061893 0.4306287526640753 -2.9721388117877914
502 4518 0 0 0 12.538833008770549 15.005773591488493 -7.721644841923246 -11.792382843212412 0.4306824032644934 -2.9721731758693806
503 4527 0 0 0 12.537614132079206 15.004539925333281 -7.724726785835471 -11.798052934526615 0.4306001139991666 -2.972142318038502
504 4536 0 0 0 12.53766513245065 15.004586595531324 -7.72418535157739 -11.79531558088826 0.4306271185610207 -2.9721776891390723
505 4545 0 0 0 12.5373458031534 15.004225907736059 -7.727070621318036 -11.800089948138352 0.4304750525621719 -2.9720659398762863
