% # columns="iter, evals, sigma, 0, fitness, xbest" seed=442476, Thu Nov 30 11:10:59 2023, <python>{}</python>
1 9 1.742718176008305 0 0.09526520315587741 3.19756922024055 1.8823384855394976 -2.1593172295119945 -1.4642728547119273 0.5550766070916979 -0.4141274664627963
2 18 1.7425428543442727 0 0.12681547593787032 1.5437081330729883 0.7863581509261193 -1.7603943339166357 -1.067344199226994 0.890665183435599 -2.8785359139770845
3 27 1.7628919189562153 0 0.07617263026806274 -0.054194092344957756 0.03840904394316336 -0.3509212338713894 -0.503030970697563 1.527712870961754 -2.2183105045437124
4 36 1.7554764447756483 0 0.2223371067762042 -1.6211892910032268 0.5723679915063203 -1.2932177380045458 -0.3551770902640434 0.8251242625451274 -0.7677922731641815
5 45 1.5845436755768223 0 0.21453245864777892 2.93074009936101 -1.0318702246391056 -2.851131756517656 -1.7586177159227652 -1.9019303484498438 -1.2712283769610142
6 54 1.825107231178045 0 0.1402513628428065 4.0914653273397406 0.1617391290378768 -0.6598383696463304 -0.2073550973562046 -0.6280962074448173 -4.98409963829031
7 63 1.7993412873941157 0 0.21511195120298474 2.95717025126756 -1.98285228167267 -1.856865965282029 -0.7460792050242371 -1.4485775000999888 -2.7252799736603732
8 72 1.8641881252357375 0 0.053064028057475496 5.672564139975169 -1.267244828507248 -0.41229000014976314 -2.0022790837096505 -0.024126501439126757 -2.668802424042736
9 81 2.0166594467822168 0 0.06342456964905636 8.519529034479902 1.0267618114905686 1.547154563750231 -2.403335065918026 0.20553268852736173 -4.178970353606028
10 90 1.9318950220712017 0 0.03154612135382209 7.0870591512502825 2.0308355720790217 -1.0149782551274829 -6.287289423229948 0.2243320827456737 -2.8148674644840406
11 99 1.5817519375534195 0 0.07677563186281731 4.524294334811222 -1.157020591549484 -0.12102547406174702 -0.9325245209279256 -0.09856978425904198 -4.736251817648
12 108 1.5635256929794097 0 0.03527984283406372 7.728013257197231 1.7522690246568136 -0.0038962004684436335 -5.368227522329462 0.21376290413114726 -3.2914310776235594
13 117 1.4601409233889056 0 0.036844029527693424 7.673000214339602 -0.7832186452330432 1.6517871874661698 -3.272883227758568 -0.061140117987074014 -2.51643334932239
14 126 1.3799548734123084 0 0.06585184462578328 5.080581108478833 -0.311289908647565 1.1296193965618155 -2.5647709683845594 0.06267942606544509 -1.2445444370774699
15 135 1.3096734687696145 0 0.04825206216960678 7.339925653177307 0.445955020052371 3.9078762357990033 -3.2216534027192125 0.20267168320379125 -3.2141481820948727
16 144 1.3469002074631062 0 0.07167589125992183 6.731952187077583 0.455499605349949 4.199475279804288 -3.4816503098542153 0.27627180203437834 -3.656575682112817
17 153 1.3432668793525688 0 0.048420991452847416 8.21034450324241 0.1622823039045993 4.098824822574175 -3.687066451796712 -0.08300308036667264 -2.2106090162516607
18 162 1.2737247059560466 0 0.05068781778052221 8.058501629261901 0.9930452686332761 2.7421691933261085 -2.0755483611262266 0.12587986442988355 -2.8631821590229336
19 171 1.2251807272868893 0 0.042825470327082796 7.2187153626246445 0.20891802951253935 5.141316170908721 -0.9825169319194267 0.7592696374203893 -1.464522161865798
20 180 1.2017835462465272 0 0.03953293186456912 9.399764554249007 0.5949422178752453 7.071970706274774 -2.60223177266855 0.6070021345544109 -2.2333502383848165
21 189 1.132688916961736 0 0.04382957606446172 8.616435752713992 0.12410304748074563 4.436865151303499 -4.126135614160279 0.003231257172430335 -2.2644247252937375
22 198 1.1085137320554996 0 0.029746585785945856 6.728288659384834 1.2266542046447724 4.700851667108573 -3.182780756869021 1.3579153538352484 -2.217860142599802
23 207 1.0992461490072778 0 0.032072231847573705 8.795681597734895 0.8459523788288461 5.320591642270665 -4.33160190317783 0.5185888135996484 -2.485457197926736
24 216 0.9698677143148507 0 0.030011158513514005 9.847865732759228 1.3614176297541891 7.043053749430448 -2.986275966527094 0.9528097961411783 -2.149057500930942
25 225 1.0157685206634772 0 0.029150998430711964 9.466472985673747 2.3091830244648492 3.7631738216472437 -5.435658764454152 0.18677867455665015 -2.8079139529049906
26 234 1.0556023411485773 0 0.03945070581722953 8.346817002047189 2.8164617444456903 2.9902139195392006 -4.714859310330793 0.599224368709991 -3.1728671691993746
27 243 1.0072122285780059 0 0.03595987096115663 7.800856280987766 3.7159019955236174 2.9184478328245627 -5.334817275294393 0.9337780285363254 -2.5561169564895985
28 252 0.9266297593525059 0 0.03117050325897743 8.282467978130667 3.3337361321343715 3.5406676113961795 -5.061445465049334 1.0036132620633067 -2.675068389629292
29 261 0.8780894854291402 0 0.02928487203141348 9.549071222463978 4.233742490957227 4.386134215573291 -4.862406275452716 1.2756625260930696 -2.797932926959996
30 270 0.7989798950141953 0 0.030663411738004513 8.678170863216858 4.112365555771202 3.4348118445688374 -4.21489572725492 1.1282519615482842 -2.890737829027565
31 279 0.7420082230936389 0 0.034120206597938116 9.613849046815819 2.589873835680966 4.4351926259761045 -4.762610494196071 0.5736916734402252 -2.7186956826059756
32 288 0.7542313307207743 0 0.030332213157067717 8.778867328822177 2.15763943293389 2.2473191316199643 -4.096350058590145 0.15853739419344293 -2.4330452612618334
33 297 0.7811187393388139 0 0.029539300685731254 9.690903858519556 1.8961405264573248 4.15648643773385 -3.739525676461658 0.28578686416455185 -2.497720027309239
34 306 0.7801823950252853 0 0.0307332346733193 9.830835726003663 1.8921779617458634 4.337766709376144 -4.694255841375027 0.33038948117911604 -2.856941482623965
35 315 0.7752987712222488 0 0.02907436496520039 11.26379681292986 1.2224835332977657 6.162072169007349 -3.525099935011826 0.18399618014638544 -2.426205082436953
36 324 0.6955344941414866 0 0.03189782540698129 10.273757557900765 1.0471458833845944 5.231065584347826 -4.401324994175507 0.25167633481807883 -2.4670509668323177
37 333 0.685771716050066 0 0.028410550407868215 11.227821653505949 0.8352845969849112 5.985805582670016 -4.42436314025914 0.13386006357004318 -2.6794111236697797
38 342 0.7365400356761851 0 0.030385960378158088 11.758939089394165 -0.5546433855128937 8.22365156107158 -4.192770057061865 0.11900066653315561 -2.7365681135797884
39 351 0.7899461065906163 0 0.028870121176678847 11.84056823984075 0.1188199399283622 6.792560440478685 -4.624588836555261 0.0941119042469424 -2.8441780118680136
40 360 0.7439856597892073 0 0.03258370109587667 11.720038994484653 0.35383209509442876 6.422659118314493 -4.339397188371418 0.21656993507210742 -2.448884466498215
41 369 0.6496685083247783 0 0.029151379908862584 11.54166013279204 0.29799276387315515 6.174932861846007 -4.186313757853703 0.14318096897996999 -2.5106766749384213
42 378 0.5861723524326722 0 0.03119185425208697 11.79552097740634 -0.5193940086997122 6.542260068281049 -3.8773381441007793 0.02020164205302849 -2.444542503366468
43 387 0.5335751795289208 0 0.030548751622876954 11.094633590824156 -0.9500903506250036 6.692595334780993 -3.428683175336218 0.062441056201848116 -2.4456625854018585
44 396 0.54512449568672 0 0.028733993945363797 11.284607997802818 0.5700448417666226 5.599888965965766 -4.945371611948743 0.08160455965250218 -2.888409838757352
45 405 0.5580733439580332 0 0.02851718232905951 11.167260976459586 0.3764651660100491 6.466505505430238 -4.601035969111443 0.13377434578120484 -2.804571432318159
46 414 0.5024970341345483 0 0.028239776821761573 11.986968583685504 -0.07339628036190232 7.3531917335740715 -4.421678207261347 0.14983903072036572 -2.644569485680237
47 423 0.5069737628641195 0 0.028619543700243714 11.945394104044727 -0.13842348761705525 7.835916422126234 -3.8540253306353622 0.20256459624040035 -2.531179064517854
48 432 0.5075466033713657 0 0.02850569046996339 12.371722862199112 -0.443987926552489 8.027866875032664 -4.312590845713927 0.12556385635692102 -2.7395865293364543
49 441 0.5023395895064243 0 0.028267853789052638 13.073606312971725 -0.44567669379278574 8.827066726674492 -5.013920983502702 0.16687864168624608 -2.925910399047366
50 450 0.4596287441548356 0 0.028079415636662695 12.301447539268725 -0.3540936893174913 7.806212994325625 -4.601333613549438 0.12889077027468446 -2.721677956194345
51 459 0.5615635041896657 0 0.027738071583868512 14.598285378540341 -1.1395873976619342 10.5096657916853 -4.999961172334301 0.1578504949978767 -2.8148504826096956
52 468 0.5358023552127839 0 0.02821585761726806 13.003935404444805 -0.6262790948766299 8.60567944725029 -4.295798068618242 0.1359802739956341 -2.705234425604253
53 477 0.5687377864168571 0 0.02862702614959926 14.67955559659957 -0.7135530650032121 10.334487299097983 -4.656906808840759 0.19569702183315718 -2.6962580342819047
54 486 0.5624302917002508 0 0.028047393947323425 14.265937837471403 -0.5616170839485473 9.842237910511052 -4.54462951418198 0.16466220972069298 -2.7329295845524357
55 495 0.5990475284396923 0 0.02835983651631683 15.909514565862779 -1.8438003438407438 12.732260462124383 -5.555210712577443 0.23240329693450124 -2.8879354387592593
56 504 0.665618764371147 0 0.028066769098863336 16.23101814073421 -1.9928240600959661 12.830895987286102 -4.781078995165507 0.1926815297617827 -2.7781764575273806
57 513 0.6704303899640955 0 0.027810317700843325 14.833110546012497 -0.975979896426623 9.867019763049797 -5.168546830806283 0.13767369153120634 -2.8717245397566242
58 522 0.6774098529471654 0 0.027671329755502263 15.427921475676794 -1.0827251333334567 10.262974152200178 -6.057994753371232 0.13393917233922423 -2.963470442197262
59 531 0.6999486713435407 0 0.02773720012509147 16.68063435879925 -1.6769476260909886 12.300945199059173 -6.085045270583517 0.14318158361196157 -2.9800402681988873
60 540 0.6526148395499234 0 0.027622005621695124 15.146574031759316 -2.111195357676642 10.728536488299085 -5.167535427504088 0.08870780755487846 -2.7939513587670146
61 549 0.5883065142544207 0 0.027623707656346027 15.261548801643556 -1.8889999713158103 10.510929691309883 -4.805098775680052 0.10254977643936741 -2.7343662073035007
62 558 0.5457317159432719 0 0.027535088869034757 16.146931950735066 -2.3458310338578046 12.031962400947194 -4.985942968579759 0.12966375255159632 -2.6531502188341163
63 567 0.49562979043342653 0 0.027539508351000226 15.457572813969618 -2.0724879961003846 11.166839722005717 -4.944367895243875 0.1045009457437241 -2.7283351195176557
64 576 0.4901662229367288 0 0.027200782549043317 16.869591241073802 -2.941609972604079 12.895313439894604 -4.828586832118321 0.11058694458530338 -2.6128671314916154
65 585 0.5646175531465458 0 0.02715735991338336 18.569293830739394 -3.0782623123111628 15.504187237425885 -4.747469825182556 0.1523837031738638 -2.594255928913381
66 594 0.5511478487085708 0 0.02720224667607174 17.09374570380913 -3.036025342413375 13.67842269209758 -5.437316971848267 0.13835744753895846 -2.792759704446821
67 603 0.5198068090628924 0 0.027034734716391975 18.037621130997394 -2.9498507687704323 14.666810883409797 -5.3534924560062365 0.15507426928045145 -2.704400664651795
68 612 0.4655890393882087 0 0.0271430005369772 17.41205633549884 -2.9085793910450652 13.855185668607433 -5.587685440951123 0.1108509023756993 -2.762894628458434
69 621 0.44207094400973695 0 0.02701339406193735 18.933785844619642 -3.138072132212786 15.373779716249294 -5.868250474894566 0.15381408914890266 -2.7850772726759625
70 630 0.3960891754342275 0 0.026972561404661817 18.331713314550797 -3.260911109279439 14.821394199108479 -5.127906777354755 0.12706319267594232 -2.6379305351094477
71 639 0.3737730697522872 0 0.0269477144014836 18.59527251895533 -3.527790638804267 15.428234333776455 -5.42407583122423 0.14743407215834994 -2.674631300538053
72 648 0.3823615132549576 0 0.026861074028793168 18.634387105783627 -3.54373793562477 14.940811787665108 -5.398028215211275 0.12688387344282154 -2.6301571079325887
73 657 0.40412271986938947 0 0.026875387474750902 18.791084848782713 -3.222197481776311 14.593098284551317 -5.781839995080968 0.11922609965690026 -2.739311693040209
74 666 0.4428285694715273 0 0.026879038693901222 19.49370373331283 -3.4171033296946183 15.67772346737346 -5.947069638932172 0.11630658335719303 -2.7094745227640864
75 675 0.4126074411083473 0 0.026858018452224273 19.256519788105763 -3.258504240504549 15.1446343425559 -6.375459492351659 0.12125044734561116 -2.792292301329906
76 684 0.38608364615440766 0 0.026880171430845003 18.956685443882083 -3.4799145906843485 15.177735183186615 -5.9914902445779195 0.12945393892125392 -2.6877890809222573
77 693 0.37115669930249795 0 0.02686939582196748 18.3519029321331 -3.132335533756323 14.187060024160228 -6.317941954417563 0.1177281627706736 -2.802611593711489
78 702 0.3382037771838989 0 0.02686640300952417 18.960962261815872 -3.3948806535184097 14.762898165287147 -6.2318942146087055 0.11677124150112446 -2.7313770663875503
79 711 0.3576189606305169 0 0.026878428269500505 18.96355200287686 -3.565356165501865 14.915270707200479 -5.931795698249249 0.13033657757436537 -2.6971956896244373
80 720 0.3359857412411684 0 0.026858901601205038 18.47894027677313 -3.2001000742627923 14.310551262273716 -6.654584432517673 0.1243296611563613 -2.8118752279397716
81 729 0.34296490854421124 0 0.02691476082316895 19.265470358397803 -3.4701512758487345 15.050015577759046 -6.458332990752966 0.12778250730898044 -2.7293853832710933
82 738 0.3274030237415001 0 0.026888505575710254 18.575492414749803 -3.6103650964205873 14.165580718580138 -6.146751958624636 0.11151252504495743 -2.72301923994759
83 747 0.29805315873818156 0 0.026857760343921205 18.05498703493636 -3.4095548084836333 14.015237810511971 -5.848669891326422 0.12465505750923679 -2.6993320616542738
84 756 0.2721191973732442 0 0.026854467654561388 18.373291676492865 -3.4862802444473004 14.332492342950692 -5.820670045307144 0.12482137776305578 -2.6886104718260353
85 765 0.2619002969167974 0 0.02685506355834462 18.044742132249645 -3.452313422104608 13.716599527999358 -6.056145998986267 0.1133647679198677 -2.720208134682832
86 774 0.23815234171299596 0 0.02686895726974147 17.612103427871034 -3.229902997563069 13.067126601748082 -6.141853798684391 0.11185185645302786 -2.7494439195161644
87 783 0.22451076762160707 0 0.02685301497757306 18.336734481443855 -3.426411283255164 13.875329875894343 -6.111375142054913 0.1153401710783626 -2.7268718623698835
88 792 0.1927666880153983 0 0.02684966558664279 18.087977557413872 -3.3384693989023644 13.601039816482535 -6.145894677900094 0.11378556848425249 -2.7497283383934423
89 801 0.16492965825262282 0 0.026848805392150194 18.130013638942145 -3.362632324604826 13.764799093447252 -6.207693974639969 0.11542670574112843 -2.7551774792752455
90 810 0.15046087638670264 0 0.026850506856593702 18.258078597792416 -3.4045984234864446 13.824692935491068 -5.972768523264287 0.11486137067808162 -2.7185892055629957
91 819 0.14624633483617566 0 0.02685035382136975 17.757274290118524 -3.430065209002104 13.401581821474794 -5.872627144530168 0.11330689807185604 -2.712475171032118
92 828 0.14650433293096662 0 0.02685022445947227 17.798280812995795 -3.402426216175415 13.466595044464105 -6.076551844878866 0.11354943192424212 -2.7380979246841797
93 837 0.1425481255177167 0 0.026850002528053415 18.175890698558344 -3.352055971144842 13.795210075268256 -6.227796149504755 0.11704912212328247 -2.752201644123146
94 846 0.13154489197699099 0 0.02684986353706315 18.195835561101816 -3.399644785987766 13.80223565336775 -6.184994109577064 0.11537579629256253 -2.7452834480789035
95 855 0.11208347680913829 0 0.02684991404451873 18.01166206982195 -3.3766233215182986 13.671823081423694 -6.038992683787676 0.11525869426440312 -2.733434308523964
96 864 0.10533771227588686 0 0.02685169499759396 18.05453655405487 -3.4168545679561246 13.645452235579091 -6.044877237138566 0.11391266486985824 -2.7338595385700044
97 873 0.10749569538683373 0 0.026849292229727748 18.12347499426223 -3.357499419960221 13.773935501721994 -6.1742255059873274 0.11461001934427764 -2.752979708910158
98 882 0.09724082138023528 0 0.026849124510714598 18.39962763874462 -3.3817526176772974 14.004972695311286 -6.256257196688966 0.1157411783738841 -2.7541252419386275
99 891 0.09384089184896773 0 0.026848706027350764 17.794801712144753 -3.376600100715339 13.474865372235557 -6.102679482660466 0.11610816962208438 -2.738392256854547
100 900 0.08228933077054802 0 0.026849751068236293 18.024646053210088 -3.360446681648746 13.659522030325757 -6.12545484105154 0.11434233868121187 -2.7433844629924535
101 909 0.0717845923588995 0 0.026849229393249165 18.11106119555395 -3.365462135307178 13.74802048967082 -6.203046201447051 0.1171675331703431 -2.7496481816602727
102 918 0.06458823125644148 0 0.02684956069157293 18.01333206895957 -3.34065268609146 13.656881998162643 -6.20402940717313 0.11745173103253749 -2.752802849358449
103 927 0.0559910180480765 0 0.026848876962979964 18.043437059651882 -3.362423939832297 13.666703814519105 -6.181400180433419 0.11607173069770078 -2.7487279087135996
104 936 0.04868533335620517 0 0.026848897942787865 18.07045305486181 -3.3666964469315737 13.68506306868162 -6.173549638419058 0.11545934144165933 -2.74716293871216
105 945 0.04703979715240932 0 0.026848975824947805 18.111392238186276 -3.354519343103378 13.738800894988412 -6.25307255475329 0.11595835122754515 -2.754909224720385
106 954 0.04433894127263417 0 0.026849104165239033 18.14668538449913 -3.36023454808699 13.783983782996701 -6.253810017641721 0.11681018762913165 -2.754447602023561
107 963 0.04139105936574203 0 0.026848930092941252 18.16027379820399 -3.3520919228516504 13.76821778473199 -6.257867771286773 0.11531224824438144 -2.7571240537704984
108 972 0.03761182684229358 0 0.026848804723745845 18.131014926862147 -3.352373937158903 13.778469337408213 -6.235280390572598 0.11606868493793944 -2.7551014416929087
109 981 0.035662366018946526 0 0.026848646438504223 18.128898334617833 -3.3564718541172964 13.774848866543108 -6.269804157574609 0.11590726445029496 -2.7582560851990605
110 990 0.03371324137585349 0 0.0268486695625441 18.13627715430946 -3.3595218287074 13.784535515036966 -6.244617882424678 0.11570361454487517 -2.7555394694079625
111 999 0.03206701536554801 0 0.026848619424234357 18.130041631991244 -3.3576736543751124 13.779145334979727 -6.2251510288543725 0.11573845462171474 -2.755017655597789
112 1008 0.034998059778363434 0 0.026848615639413903 18.126122178832354 -3.3619331671478476 13.769630139937204 -6.216649541108833 0.11634261438723802 -2.754736142021638
113 1017 0.03148603176641697 0 0.026848605149963026 18.160777641770746 -3.3655628306522893 13.799464291825478 -6.224390911123124 0.1158296205197521 -2.7533203389021605
114 1026 0.02668920389184815 0 0.026848608811749896 18.134406883217657 -3.3555338101865706 13.765411544312167 -6.221250895626919 0.11597574380979445 -2.7553497803909694
115 1035 0.02386815228114627 0 0.026848574323019805 18.138530235307414 -3.357059113749978 13.767457751433787 -6.205129890097419 0.11535215592405007 -2.7530580927486774
116 1044 0.024698205434138622 0 0.026848477627119047 18.10928937767918 -3.3609990531544924 13.741138158353557 -6.176528632868163 0.11588288826783112 -2.750249290944535
117 1053 0.029351085146705203 0 0.026848512297924773 18.118540857831295 -3.361309835186327 13.740077910666876 -6.160769934580778 0.11573313568743007 -2.7494200228488648
118 1062 0.029422171812735848 0 0.026848481073303825 18.16358266520202 -3.3655913449555612 13.775330717852363 -6.193109783112069 0.11530996148540976 -2.7509782850288564
119 1071 0.02713961307831971 0 0.026848450655105202 18.11609448043851 -3.3638397232189696 13.740384654908759 -6.174785647464126 0.11585434227859448 -2.750094871680191
120 1080 0.02477875485425661 0 0.026848457923865518 18.173093105092683 -3.3698427183719146 13.796840638155071 -6.166849163323054 0.11557164806565723 -2.7479268888571964
121 1089 0.025657224794395538 0 0.02684843405425703 18.14735050742389 -3.368632672710358 13.79687930584061 -6.16527574078692 0.11615196180430219 -2.7483709062693977
122 1098 0.024084226072331405 0 0.026848457305344117 18.17491174005165 -3.3727640686159623 13.818992283249901 -6.157179436250217 0.1158622954522645 -2.746763585083343
123 1107 0.024093013965920607 0 0.026848459509924476 18.189253014683707 -3.3725409590164803 13.8350431113564 -6.168367381946905 0.11579784458624212 -2.7476712250150643
124 1116 0.020860036272067683 0 0.026848433351043734 18.1646684588779 -3.370349851411339 13.792101628773887 -6.164416066216546 0.11577840719361236 -2.7481296719598176
125 1125 0.01750279031796508 0 0.02684844508682859 18.160346383517776 -3.369343015018211 13.783078915202651 -6.1623722203531335 0.11577375050784194 -2.747758794065168
126 1134 0.015578542781991233 0 0.02684845173277811 18.147225950270162 -3.366961391518691 13.78787423263666 -6.1627293221784765 0.11598395718229806 -2.7485560187749174
127 1143 0.014608500440136679 0 0.026848435436751732 18.164595364779903 -3.370787310193577 13.808642091391377 -6.176234680231365 0.11605368612567014 -2.7486737238418146
128 1152 0.013828610438365349 0 0.026848434471205936 18.165296820429568 -3.3701534572877723 13.804410063546188 -6.1712179303514265 0.11588057432082577 -2.748858296394958
129 1161 0.01344830220009319 0 0.026848431291684946 18.179676519070664 -3.372747058585595 13.822588153372642 -6.168349438218427 0.1160027146827446 -2.747840839704543
130 1170 0.012136269750604316 0 0.026848436692282554 18.161752274486926 -3.3694543554423815 13.810369714815673 -6.174335736020104 0.1161545797784403 -2.7493058794817586
131 1179 0.013267325971132789 0 0.026848434782883127 18.158237401343186 -3.3697499324298827 13.813978378879263 -6.16949369395083 0.11625362842939307 -2.7489815005198297
132 1188 0.011862798945494416 0 0.026848438434263103 18.151611646382484 -3.367908403566307 13.796889823203978 -6.1756377019720325 0.1160938416585883 -2.7496153070120637
133 1197 0.010634484438313335 0 0.026848433304812156 18.153129405507695 -3.368776294471888 13.793617089078882 -6.170608980245569 0.11592678717223213 -2.7489226495083314
134 1206 0.009458940107779699 0 0.026848431247204433 18.142402829734916 -3.367980331607922 13.783863047152442 -6.1722843693288425 0.11604146645023977 -2.749296021705757
135 1215 0.009363708857155444 0 0.02684842918701403 18.145153734378507 -3.36819825356081 13.782729230658347 -6.178368949986308 0.1158786313516277 -2.7497175713436266
136 1224 0.009616619401515347 0 0.026848428825706993 18.15884054985498 -3.3699846061057777 13.802940419415123 -6.17773865045819 0.11599030874909173 -2.74941347494397
137 1233 0.009347268368100162 0 0.026848431316120646 18.170292017744888 -3.371163381896411 13.815465209749181 -6.175870191018633 0.11605128249005106 -2.7489691752785395
138 1242 0.008643604170549614 0 0.026848429581220468 18.164964832891087 -3.3706486302272936 13.815219047247377 -6.174305179507211 0.11616202043618017 -2.74894189645218
139 1251 0.007878027583134509 0 0.0268484302856647 18.168079961180887 -3.370865539955577 13.816816245751674 -6.171075926788809 0.11608401084608534 -2.7487078330245422
140 1260 0.007490759291735119 0 0.02684842875791911 18.165062422892174 -3.370644380877915 13.819463280683468 -6.175416503568832 0.11615631370985745 -2.749032834298775
141 1269 0.0069148730078655 0 0.026848430008930127 18.15921399030742 -3.3698977023026786 13.803854561339525 -6.174552266054076 0.11596357324359381 -2.7489740623096686
142 1278 0.006648139871527713 0 0.026848429090398203 18.153043910599116 -3.3694598403327625 13.794278620023862 -6.1746729436503935 0.11598420546715812 -2.749133373003062
143 1287 0.006241717270875624 0 0.026848427984539795 18.152880941548997 -3.369319899723152 13.798657083795753 -6.175104862500249 0.11598506616607512 -2.7492406082534178
144 1296 0.006263228363196093 0 0.026848428151512886 18.15783577037151 -3.369805027898702 13.808627102673995 -6.1727722815786406 0.11610213181930407 -2.7489841446058643
145 1305 0.005582319631113156 0 0.026848429803717856 18.15506425921297 -3.3692591489198023 13.803189158771103 -6.17498231186393 0.11610507152775369 -2.7492711666966785
146 1314 0.0051060393328782195 0 0.02684842834425056 18.16114792297087 -3.370220408201076 13.80944681234999 -6.174728838784946 0.1160618420358143 -2.748988870418925
147 1323 0.004915472709609478 0 0.026848427594475872 18.155012630944427 -3.3695103338139587 13.804841857356468 -6.173201779124554 0.11609956508929888 -2.7489703709805413
148 1332 0.00428101630891679 0 0.026848427706950066 18.157114288738676 -3.3697893470590263 13.805264615775439 -6.172063697085447 0.11606987676382916 -2.748831103011217
149 1341 0.004102667586471643 0 0.02684842889202824 18.160068681715394 -3.370036580251552 13.806817501264076 -6.175262488195259 0.11608030883777028 -2.7491477187582753
150 1350 0.003907981461796 0 0.026848428043154047 18.15469108318175 -3.369402842192726 13.802107939004353 -6.175431317251263 0.11606658801764724 -2.749186475797864
151 1359 0.0039049445359406404 0 0.026848427665185987 18.15729897702739 -3.3698308563130546 13.802722056700079 -6.176175235021088 0.1160285097730343 -2.7492092221176865
152 1368 0.0038521260874614252 0 0.026848428255427145 18.159964342310783 -3.3701387233461872 13.804728760006421 -6.175004863043475 0.11601080284696474 -2.7489900319569056
153 1377 0.004099163722917658 0 0.02684842802946248 18.157509493044344 -3.369908379498522 13.803039416850503 -6.172667549648599 0.11606935413827642 -2.7487900366964424
154 1386 0.003830951033620114 0 0.026848428155912728 18.158436474274808 -3.369994186485159 13.802894333948162 -6.174577028368244 0.11598916632746852 -2.748954484426356
155 1395 0.003409426156532538 0 0.02684842838371582 18.156282117115673 -3.3696465536553353 13.799406436736275 -6.175804257977763 0.11598350989355279 -2.749132153223898
156 1404 0.003198633781964437 0 0.02684842784544245 18.155960524107723 -3.3696674519183265 13.801819781623768 -6.173366837449119 0.11603897147972507 -2.748905449749369
157 1413 0.003314701230979971 0 0.026848427571686272 18.156137824611175 -3.3696783058960533 13.80420642501073 -6.173813878752879 0.11606286658055172 -2.7490747503499313
158 1422 0.0030047246220199077 0 0.0268484275375502 18.155456777289242 -3.369601606250814 13.801735593609589 -6.174103033028414 0.1160401536707665 -2.7490329526543915
159 1431 0.0030799714971379366 0 0.026848427427281305 18.15492664855088 -3.3695274266351998 13.805876237843972 -6.173612733800444 0.11612920187314886 -2.7490912597491466
160 1440 0.003371304457175216 0 0.026848427895686925 18.151042308720054 -3.3690203467663045 13.80158682683963 -6.173621524843354 0.11613256277064736 -2.7491856823596232
161 1449 0.004009554946401878 0 0.026848427717748972 18.147256882985513 -3.3685524799245474 13.795344989455538 -6.175381760350382 0.11609035891392167 -2.749389972158577
162 1458 0.004679099159449904 0 0.026848427454721886 18.149622570788164 -3.3689217145009747 13.792598766578065 -6.177827680809513 0.11596056167170865 -2.749512919849654
163 1467 0.004858202521255671 0 0.026848427214920777 18.14658713391127 -3.3685245239953496 13.790234337901154 -6.177296325649764 0.11599229777796412 -2.7495006127331334
164 1476 0.004525727630541288 0 0.026848427247619985 18.15408369153147 -3.369490791735475 13.797850563925515 -6.175515373340746 0.11602290624600187 -2.7492342759150996
165 1485 0.0044154079225081294 0 0.026848427258739274 18.14820493509686 -3.368727479900606 13.789439469994992 -6.177937104887846 0.115975753597109 -2.749533401489687
166 1494 0.004276127411585852 0 0.02684842733755659 18.146586567017195 -3.368515813518203 13.78596320130026 -6.180155936628355 0.11595013315211503 -2.749728420572568
167 1503 0.004456328102277125 0 0.026848426976408133 18.142386308130924 -3.3680257172893326 13.780767777146512 -6.180683852557305 0.11593284377413475 -2.749852527541207
168 1512 0.00515672931868105 0 0.02684842687211299 18.139407565943923 -3.3676120611145173 13.781417783280892 -6.182277395428669 0.1160047579455106 -2.75008743625828
169 1521 0.005084155746751134 0 0.02684842712329237 18.139967759749986 -3.36764742073117 13.782748697131247 -6.1832541668068535 0.11598731885546551 -2.750210719172512
170 1530 0.005479165263790155 0 0.02684842656324591 18.131259884509085 -3.3666306851878702 13.765974564427848 -6.187230941164983 0.1158699420932286 -2.7506617905302804
171 1539 0.005051901376597166 0 0.026848427132438662 18.13768892539636 -3.367398057314995 13.779518638211758 -6.182182787515906 0.11598726665881716 -2.750169762049906
172 1548 0.005187025190861004 0 0.026848427196527348 18.12871137146708 -3.366287467580547 13.761871012858757 -6.191103014800763 0.11582640793094522 -2.7511267955395025
173 1557 0.005319943839996722 0 0.026848426702593842 18.132659981096786 -3.3668071939484667 13.766012508000575 -6.187796855446541 0.11584440428430928 -2.750688870603768
174 1566 0.004825623227250219 0 0.02684842671582418 18.128260887112226 -3.366221460321189 13.762141822989062 -6.188674389523837 0.11586812332246414 -2.7508959373163777
175 1575 0.004645491730595346 0 0.02684842657565551 18.128223472338025 -3.3662201640361733 13.762101218169756 -6.190522639326958 0.11585825480327298 -2.7510364325158383
176 1584 0.0044206655747659794 0 0.026848426889015495 18.127960559913674 -3.3662565769807573 13.757859221116195 -6.188957693089122 0.11578062944885334 -2.7508531028499164
177 1593 0.004217110190942161 0 0.02684842666722333 18.131330941503286 -3.366645647053661 13.763241520695917 -6.187013588862145 0.11584263236688763 -2.7506528944371316
178 1602 0.004076055129388581 0 0.026848426526159572 18.128916777982912 -3.3663656350570874 13.758382273583507 -6.190358798766378 0.11580134986521552 -2.7509975172687446
179 1611 0.0044653077031729105 0 0.026848426213555206 18.122786697510584 -3.3656016468268724 13.748828379210819 -6.191846622129232 0.11575789778731138 -2.7512175523571516
180 1620 0.004629066845231235 0 0.02684842647690435 18.123983615112568 -3.365742254521293 13.751291883971103 -6.190194223672436 0.11579840183554513 -2.7510485687903574
181 1629 0.004253006050669395 0 0.026848426401562143 18.12402631426282 -3.3657618853489626 13.748913186987327 -6.190896465828871 0.1157366765633348 -2.7511185823712365
182 1638 0.0037055276546985234 0 0.026848426163857863 18.120533289619154 -3.3653383095036116 13.742622194882562 -6.193823592626496 0.11570733623331245 -2.7514256810303386
183 1647 0.0034767953613425136 0 0.026848426445775793 18.119454585359193 -3.3651666978795327 13.742372238946595 -6.192921887145574 0.11572428485727888 -2.7514003952967645
184 1656 0.003213175279784201 0 0.026848426309611144 18.12367281593182 -3.365739059824045 13.746448416342316 -6.191642497025653 0.1157067387919182 -2.751153361987728
185 1665 0.003070372616243468 0 0.026848426177244596 18.123107532260306 -3.3656738702117397 13.74635388104078 -6.192537106914723 0.11571307365552252 -2.751237641513275
186 1674 0.0029152403186671607 0 0.026848426295895043 18.1206442541528 -3.3653435934639 13.741868113720285 -6.193692507790647 0.11568243428923392 -2.7514155140084497
187 1683 0.0025845315460820335 0 0.026848426299316615 18.12364533651022 -3.3657668627378508 13.744649635075277 -6.192574421028627 0.1156678142707141 -2.7512056640293547
188 1692 0.0024519857448931327 0 0.026848426265841434 18.119577909081595 -3.3651986874467457 13.74184628783518 -6.193306315828813 0.11568886343794832 -2.75138409100874
189 1701 0.0020104287915310363 0 0.026848426292099624 18.1210499703779 -3.3653997516684666 13.742725444227458 -6.192985599314131 0.11568036564906971 -2.7513277484190333
190 1710 0.002007853574211485 0 0.026848426140512718 18.120348521004757 -3.3653199124805466 13.742548382945845 -6.193506616916475 0.11568686897734907 -2.7513808775140562
191 1719 0.0020270308899941756 0 0.02684842613144457 18.118441808389523 -3.3650660438798834 13.740467318745281 -6.193457020022774 0.11569069850839866 -2.7514267358929616
192 1728 0.001974901158783265 0 0.02684842610665848 18.11855732184782 -3.365086311172583 13.74039490224662 -6.193405542524691 0.11569437638166442 -2.7514133540649914
193 1737 0.0017945844198898444 0 0.02684842614465839 18.1209879214766 -3.3653999879672254 13.743507738494593 -6.192826309296497 0.11569863330580288 -2.75130643334905
194 1746 0.0015989041500951036 0 0.026848426156367657 18.122472048098576 -3.3655976272643215 13.744996655159953 -6.192662189230183 0.11570290450288523 -2.7512677974737447
195 1755 0.001460333528114378 0 0.026848426124211382 18.121031118793514 -3.3654202445884263 13.742143303151462 -6.193380738516256 0.11568369119896818 -2.75133626820743
196 1764 0.0014065008496170442 0 0.02684842610167511 18.11948917214031 -3.365222596895953 13.739973403517673 -6.193557002219836 0.11567058636656687 -2.751379556165417
197 1773 0.0013553393708948698 0 0.026848426125103474 18.118563734343844 -3.3650915343214587 13.73958850107429 -6.19371577122667 0.1156734285146399 -2.751417519167806
198 1782 0.001254739434951768 0 0.026848426084689708 18.119333206640334 -3.365205072835875 13.739659094968847 -6.193956528048457 0.1156664858547712 -2.7514121885690983
199 1791 0.001177639981923336 0 0.026848426072079802 18.118298144070653 -3.365065175224752 13.738693706850375 -6.194134415302812 0.11566675287783378 -2.75145481903317
200 1800 0.0010229155889600653 0 0.02684842609264391 18.119079802460877 -3.3651629622334998 13.739765705357854 -6.193967228102916 0.11567375210358163 -2.751429890637243
201 1809 0.001145821260948534 0 0.026848426065017375 18.118671585366812 -3.3651122969435434 13.739202558961942 -6.194039875546238 0.11567366075099293 -2.7514440485073566
202 1818 0.001349474603807452 0 0.026848426049355938 18.118260100698038 -3.365056674239434 13.73896953990782 -6.194103285536008 0.11568247232837514 -2.7514768601335944
203 1827 0.0012327495935083787 0 0.0268484260589602 18.119038902325105 -3.3651546414378806 13.740411926550848 -6.193857560654105 0.11568558354386047 -2.7514325991001516
204 1836 0.0013495237209011663 0 0.026848426070106374 18.12018832821223 -3.3653168885233944 13.740727223233343 -6.193927779787529 0.11567436601633906 -2.75140863646126
205 1845 0.0012874900049478543 0 0.02684842608912519 18.120748933931736 -3.365387896466216 13.741701293528749 -6.193557550641763 0.11568129153280884 -2.7513639382066986
206 1854 0.0011933820647268788 0 0.026848426069705476 18.119936788844427 -3.3652802611385795 13.740713356405058 -6.194027175589761 0.1156765211899666 -2.751419191371441
207 1863 0.00115069459306443 0 0.026848426118573104 18.11950338132531 -3.3652077156380007 13.741106531276175 -6.1936687815499525 0.11568734845630661 -2.7514042591607506
208 1872 0.001013860282650774 0 0.02684842608715885 18.119367042803077 -3.365196773040733 13.740527141800923 -6.193985237529365 0.11568051897777244 -2.751436520181098
209 1881 0.0009472284540748351 0 0.026848426051593224 18.118852235000176 -3.3651294058865733 13.740178401918941 -6.194059604006535 0.11568582767555724 -2.75145761038263
210 1890 0.0010035932418028 0 0.026848426057332772 18.118713038624715 -3.3651053230875836 13.740603560386791 -6.193880871237418 0.11569593319430238 -2.7514492244934967
211 1899 0.0009939101638408844 0 0.02684842605986575 18.1190072070956 -3.365146202605386 13.740776907927103 -6.19384440349036 0.11569324837611258 -2.751437538120268
212 1908 0.000836916959137273 0 0.02684842606270666 18.11893756680641 -3.365133640538017 13.740903395642693 -6.19389969179609 0.11569660890695278 -2.7514463765358625
213 1917 0.000727447727580666 0 0.026848426060832285 18.11859402481769 -3.3650856402716744 13.740785206692511 -6.193916871423466 0.11569840321743481 -2.751452407835131
214 1926 0.0006632058820816011 0 0.026848426059160244 18.11834911540897 -3.3650570672659663 13.740119783375984 -6.193958282985247 0.11569266556986778 -2.751458752542585
215 1935 0.0006637453061040525 0 0.026848426052121076 18.118611296978354 -3.365095453073958 13.740037907713916 -6.1940694309486455 0.11569110539267151 -2.751464787228765
216 1944 0.0007108013732673659 0 0.02684842604490193 18.11859371479877 -3.3650966977551096 13.739768652854496 -6.194052742997239 0.11568718986127349 -2.75145600185696
217 1953 0.000748017263272378 0 0.026848426039919163 18.118104915209805 -3.3650335268796114 13.739111258913438 -6.194117832861149 0.11568305543352787 -2.7514688391876803
218 1962 0.0007642779274239717 0 0.026848426044713342 18.118663249211973 -3.3651087104814597 13.739647662033587 -6.193978244763204 0.11568566499042837 -2.75144554659864
219 1971 0.0007094584982414269 0 0.026848426042917393 18.117955487500833 -3.3650123258937357 13.739027861762533 -6.194148563457459 0.11568737929744362 -2.7514831154533237
220 1980 0.0006723029928757954 0 0.026848426046259737 18.11813253140125 -3.3650372652725093 13.739153665489244 -6.19408741076177 0.11569026315813684 -2.7514744184299404
221 1989 0.000627788830011061 0 0.02684842604374966 18.118193621281094 -3.3650433903881964 13.739403131142808 -6.194024090664758 0.11568852688940016 -2.7514652634929764
222 1998 0.0005580951877677096 0 0.026848426046787176 18.11789001404241 -3.365000837029316 13.739223257220473 -6.194104554012795 0.11569157841099689 -2.7514813962017617
223 2007 0.0005497529174456272 0 0.026848426038025654 18.118237953313447 -3.3650563575702996 13.738799492605846 -6.194110976286036 0.11568107618868761 -2.751464760656053
224 2016 0.0005709517617594106 0 0.026848426037609927 18.117722071960365 -3.3649862385021008 13.738401415284004 -6.194184556061612 0.11568483816326089 -2.751484536351121
225 2025 0.0005796247041348733 0 0.026848426043074896 18.117813639427595 -3.3649988981350463 13.73847160450775 -6.1940863226642655 0.11568488294076804 -2.75147337952535
226 2034 0.0005579915956295993 0 0.026848426039614147 18.118174301663327 -3.3650475311697656 13.738786464845415 -6.194077414719126 0.11568293492036964 -2.751463881742144
227 2043 0.0005723454131848292 0 0.02684842603824827 18.117553979304304 -3.3649642717202752 13.738232699076583 -6.194149472957426 0.11568354220907477 -2.751481053278278
228 2052 0.0006201569096734302 0 0.026848426036599753 18.117524720232968 -3.3649592312269823 13.738307385025767 -6.1941552832431235 0.11568419901990964 -2.7514792382775863
229 2061 0.0006577263931243477 0 0.0268484260419279 18.117446647993745 -3.364947018653096 13.738331611111603 -6.194146126227742 0.11568541242731245 -2.751482197499999
230 2070 0.0006268382164546257 0 0.026848426040204987 18.117412069030777 -3.364943714623996 13.738166320549778 -6.194185004357225 0.11568236841805515 -2.751483237947044
231 2079 0.0005611911859387648 0 0.026848426034334627 18.11777454825063 -3.3649940866297112 13.73840334084997 -6.194171207963384 0.1156788300689964 -2.7514741745252023
232 2088 0.00048101715994009245 0 0.026848426036980802 18.11779265825108 -3.364996223562444 13.738439979612584 -6.194132519105668 0.11568254429174613 -2.7514749153515976
233 2097 0.000431400728469938 0 0.02684842603607448 18.11730842460439 -3.3649303377779143 13.738059280783864 -6.194192092654571 0.11568307468176708 -2.751493375001298
234 2106 0.00037856276139072313 0 0.026848426035185752 18.11756177116045 -3.3649673934716 13.738048998016689 -6.194184501724558 0.11567887859703811 -2.7514795322907055
235 2115 0.0003625981947772365 0 0.026848426032872835 18.117377624112827 -3.364942443182853 13.737896626222428 -6.194207703970767 0.11567956965036204 -2.751489753027898
236 2124 0.00033775639785620413 0 0.026848426032792888 18.117716099571343 -3.364988038545571 13.73820216210684 -6.194184742129957 0.11567920923696609 -2.7514799858733654
237 2133 0.0003209433094322941 0 0.02684842603389723 18.117562355201926 -3.3649657215222617 13.738193727485775 -6.194173308839645 0.11568259700232403 -2.7514860494848854
238 2142 0.0002879424256736935 0 0.026848426031635998 18.117666912804314 -3.3649807768228714 13.738197566131548 -6.194191252494128 0.11568026310699901 -2.7514816118559295
239 2151 0.00023360381543764298 0 0.02684842603299033 18.117428708589483 -3.364947863589304 13.738069051153342 -6.194192139637112 0.11568159081862917 -2.7514880009197342
240 2160 0.0002457949516728501 0 0.026848426033161926 18.117702995128564 -3.3649865030269144 13.73816686351389 -6.194169641737198 0.11567835024576702 -2.751474372544803
241 2169 0.0002431116095880782 0 0.026848426032399925 18.117561036109965 -3.3649661002591835 13.73814324126344 -6.194193678609715 0.11567944252763346 -2.751482748272711
242 2178 0.00022676403969609535 0 0.026848426033334476 18.117533731258586 -3.364962593872703 13.738094698453988 -6.194193180334243 0.11567952294073222 -2.7514830635946512
243 2187 0.00022795680614231715 0 0.02684842603366681 18.11766955462784 -3.3649803048003286 13.738275739679283 -6.194182635506185 0.11567973306305271 -2.7514775301484593
244 2196 0.00022560773799320906 0 0.02684842603215872 18.117722062292216 -3.3649900548150846 13.738087691653588 -6.194181159848367 0.11567711804376214 -2.751475043247697
245 2205 0.00021493417688756193 0 0.026848426031846277 18.117781538830283 -3.3649978231739444 13.738171964465645 -6.194175517303766 0.11567754592975173 -2.751473467289341
246 2214 0.00019369021398293987 0 0.02684842603247155 18.117765272257802 -3.364995720744733 13.738142576159794 -6.194181972358312 0.11567751466141375 -2.7514740871721335
247 2223 0.00017245793698633132 0 0.026848426031901646 18.117566576009438 -3.3649669338448684 13.738138739745258 -6.194195017026697 0.11567995491779169 -2.7514830205317398
248 2232 0.00017311893604766632 0 0.026848426031766223 18.11768712214783 -3.364985436144161 13.738055159913799 -6.194185886972482 0.11567822284382773 -2.7514772245868304
249 2241 0.00017407343180874147 0 0.026848426031905487 18.117638726291176 -3.3649767632788774 13.738202066896594 -6.194184396634459 0.11568096200153113 -2.751481463223017
250 2250 0.00016297646585552628 0 0.026848426032050877 18.11776006638151 -3.364995283506705 13.738116271637143 -6.194183545363707 0.11567761621639437 -2.751474533821895
251 2259 0.00016364241654797672 0 0.026848426031479508 18.117723812642474 -3.3649894243360077 13.738172555606974 -6.194184099258694 0.11567941162442442 -2.7514787281012296
252 2268 0.00015677613130090116 0 0.02684842603185996 18.11763463926968 -3.3649767210637656 13.738155105285578 -6.1941835436981565 0.11568045638324494 -2.7514817025640554
253 2277 0.00014208219246396274 0 0.02684842603166776 18.117607298908627 -3.3649724980477917 13.738175670206296 -6.194188396089276 0.11568103272549021 -2.7514835676516234
254 2286 0.00014054538930327265 0 0.026848426031671386 18.117630457683504 -3.3649752470494008 13.738228204379634 -6.194186194167197 0.11568100736406817 -2.7514832186866243
255 2295 0.00012256856021758647 0 0.02684842603146663 18.117625648031805 -3.364974970633402 13.738193115812319 -6.194188951910615 0.11568070937946333 -2.7514824712025368
256 2304 0.0001148728874673441 0 0.026848426031365186 18.117697824356103 -3.3649848002858778 13.738246135112872 -6.194183511283775 0.11568051229159403 -2.7514805478754685
257 2313 0.0001056446108768529 0 0.026848426031620833 18.117678499778748 -3.3649820229084497 13.738242487939868 -6.194185596090359 0.11568074333390875 -2.751480891916944
258 2322 9.373210460740332e-05 0 0.026848426031341174 18.117695909652223 -3.3649841901470627 13.738274633774434 -6.194183747749518 0.1156806795844812 -2.751479947938814
259 2331 9.356578017822124e-05 0 0.02684842603155755 18.117665269891187 -3.3649802057779064 13.738233128436653 -6.194185482355692 0.11568034954550127 -2.751480775726531
