% # columns="iteration, evaluation, sigma, max axis length,  min axis length, all principal axes lengths  (sorted square roots of eigenvalues of C)", seed=535687, Fri Dec  1 12:28:19 2023
1 9 1.991770399264843 1.0000416675347343 1.0 1.0 1.0000083333680556 1.0000166668055563 1.0000250003125026 1.0000333338888951 1.0000416675347343
2 18 1.900321909220241 1.1378871547956524 0.8788586223016045 0.8788586223016045 0.9689408299216595 0.9892197789798498 1.0018286577432174 1.0311415500826984 1.1378871547956524
3 27 1.6674757844854295 1.1720696234253216 0.8333426287592788 0.8333426287592788 0.9180849390623146 0.9434212124921688 1.0030379479986253 1.0376678808136026 1.1720696234253216
4 36 1.6942088788893328 1.1403188623152003 0.7808147335119568 0.7808147335119568 0.8814061729919815 0.9486504850303189 0.9783944681483996 1.0196012207613787 1.1403188623152003
5 45 1.5063758567848173 1.1554229995091525 0.7528404093474643 0.7528404093474643 0.8871581815906094 0.9401635427292103 0.9510570354270821 1.0418967263237104 1.1554229995091525
6 54 1.4903995338491316 1.1739108039933552 0.7080171335730667 0.7080171335730667 0.8498615153190481 0.8978629920692549 0.9513311118277412 1.0176344537851159 1.1739108039933552
7 63 1.5066487747659203 1.1107958684389818 0.6906756012388547 0.6906756012388547 0.8553015877202801 0.8673326320716968 0.9647495461616389 1.087134015378568 1.1107958684389818
8 72 1.5415098215383471 1.1566473501943728 0.6886673643570613 0.6886673643570613 0.8084650469804668 0.8514029124016804 0.923513723911917 1.0914987214628826 1.1566473501943728
9 81 1.476143084856887 1.1448095265120053 0.6552689678746302 0.6552689678746302 0.7726069738644511 0.8939926681196374 0.904014401662083 1.096154170264119 1.1448095265120053
10 90 1.5092750362841172 1.2734418310823978 0.6179830995483306 0.6179830995483306 0.7706850901883495 0.8392141049068617 0.9108302276774041 1.111936773840259 1.2734418310823978
11 99 1.3808151440570267 1.3055813822634668 0.5598604560501199 0.5598604560501199 0.8144204647056943 0.8457238542687765 0.9021263901600723 1.1014598879773627 1.3055813822634668
12 108 1.3192932150995713 1.2977585382277725 0.5254459411696332 0.5254459411696332 0.7825573565584351 0.8880804055575211 0.9481983833483472 1.048587311734031 1.2977585382277725
13 117 1.2642487847437023 1.3225496574841134 0.4729738890814573 0.4729738890814573 0.780894883646806 0.8860986244582755 0.9748182674025314 0.9786801886202305 1.3225496574841134
14 126 1.0825091217416563 1.3293048922062594 0.46275597045111666 0.46275597045111666 0.7626992596830692 0.8674777593639252 0.8763504052493772 0.993845953112391 1.3293048922062594
15 135 0.926021902178548 1.2766736342647915 0.4214707203740768 0.4214707203740768 0.7559989902884587 0.8600968088052102 0.8800611301563891 1.0042810791255725 1.2766736342647915
16 144 0.8081950986495232 1.1690655340016105 0.39664330438326134 0.39664330438326134 0.7636538379503244 0.8569441219409614 0.8834335935996223 0.994224927590031 1.1690655340016105
17 153 0.7744645027939091 1.1662824705187098 0.35451120566186395 0.35451120566186395 0.7215822159998483 0.8311893643221316 0.8761025734535353 0.9976919834268738 1.1662824705187098
18 162 0.7802592375309405 1.135260120029843 0.3349465421636372 0.3349465421636372 0.705537347687099 0.8339987703217737 0.8707139039367264 1.009089297576353 1.135260120029843
19 171 0.7160234129039285 1.0982297403142522 0.3164980398082489 0.3164980398082489 0.7199242961839231 0.7929576510048092 0.8749992656837786 1.0561695808538565 1.0982297403142522
20 180 0.6304098101936784 1.122965365549949 0.3109964473116828 0.3109964473116828 0.6704288084759953 0.7794509016788328 0.84628811532171 1.0203835874973697 1.122965365549949
21 189 0.5633813810733762 1.087619628713779 0.30914720609235663 0.30914720609235663 0.6621839745566105 0.770693404969196 0.8442381574952361 0.937478921257761 1.087619628713779
22 198 0.4708317973018311 1.0752529002484574 0.2646439260435336 0.2646439260435336 0.6591475275609243 0.7672424413823877 0.8940600762673586 0.9115185565480859 1.0752529002484574
23 207 0.5317496359339201 1.0499097357377039 0.25522073065892503 0.25522073065892503 0.6205524112242801 0.7631664034299561 0.857129497557142 0.9072896364917098 1.0499097357377039
24 216 0.7231570520388635 1.2331856693772272 0.25610413513353136 0.25610413513353136 0.5833815824719698 0.7618867106347587 0.8126657556251435 0.913752328530341 1.2331856693772272
25 225 0.7437912347765185 1.3411066749931797 0.24176053536527456 0.24176053536527456 0.5764992161605715 0.7741722586852327 0.879251333161188 0.9226512144106525 1.3411066749931797
26 234 0.6844560836390735 1.3248830859248961 0.22638735106690444 0.22638735106690444 0.5426013612865555 0.7559076843363111 0.8671948549434985 0.9133186226293645 1.3248830859248961
27 243 0.7405090774424209 1.2009971808318238 0.22228797338791279 0.22228797338791279 0.5462942017996409 0.6937812444615813 0.8981609880952007 0.9186953963621501 1.2009971808318238
28 252 0.6942973703439003 1.2593409850772161 0.2057815184176514 0.2057815184176514 0.5395908293416378 0.6993574519445432 0.8862457340425685 0.99053032886566 1.2593409850772161
29 261 0.6115556059738839 1.2735990463944347 0.19593865149632103 0.19593865149632103 0.5176948023800219 0.6704352638753754 0.8440456886046589 1.0003847193069118 1.2735990463944347
30 270 0.5204127369708528 1.2665363091618005 0.19080960181859488 0.19080960181859488 0.512123214128191 0.6296455318144532 0.796452935033336 0.9867781126435811 1.2665363091618005
31 279 0.4480095280311099 1.24939247520412 0.18377397196862538 0.18377397196862538 0.5169431357013614 0.6431580562855072 0.7499800030447553 0.9415658852080777 1.24939247520412
32 288 0.4363095072931464 1.2412488657719147 0.17560984911516417 0.17560984911516417 0.4773233601709549 0.6083118477451361 0.7517627634117406 0.9281861091422057 1.2412488657719147
33 297 0.3911889232240844 1.2320895720871674 0.1579704248945108 0.1579704248945108 0.4527599727118801 0.6679850576386913 0.7573972755154508 0.9149042371676133 1.2320895720871674
34 306 0.41452486283976775 1.1968998293314346 0.15751343555404604 0.15751343555404604 0.4090733821528664 0.6794444703496929 0.7205793141449431 0.9119267073799309 1.1968998293314346
35 315 0.4332141624357606 1.345071984867916 0.1496814829923532 0.1496814829923532 0.39703097138400895 0.6737237806482289 0.725856597078724 0.8996302378587748 1.345071984867916
36 324 0.42412780225691527 1.4796483005334986 0.14414665398504153 0.14414665398504153 0.3872800635037504 0.6229675381733247 0.6816091310243025 0.9094440565694378 1.4796483005334986
37 333 0.46176931513982594 1.4495718193656173 0.13932105706605316 0.13932105706605316 0.39696865336188336 0.6081828841859451 0.6763130941446169 0.8751055283864762 1.4495718193656173
38 342 0.41552989750421915 1.668400179864951 0.12898601552128947 0.12898601552128947 0.36664730076506785 0.583490378809733 0.6882804486430082 0.8734132141696287 1.668400179864951
39 351 0.37956779994206136 1.6922928554817944 0.12236835137617436 0.12236835137617436 0.3350569149027963 0.5788128024253543 0.6779526530454351 0.8661207640929895 1.6922928554817944
40 360 0.35756536149696977 1.7642152440810364 0.11594462590348618 0.11594462590348618 0.3025615108538205 0.5696643312478199 0.6589970930437214 0.8472992153599866 1.7642152440810364
41 369 0.2934572340590389 1.7623204859293413 0.11326226726375832 0.11326226726375832 0.2778143226043039 0.5393568102815005 0.6639674756602894 0.8871466601644364 1.7623204859293413
42 378 0.2656522891549892 1.599951250243668 0.11301943455533431 0.11301943455533431 0.26568296307713385 0.5285050253103508 0.6479969464094628 0.8958360510804845 1.599951250243668
43 387 0.21809130879548988 1.5546371777696064 0.10666634745569363 0.10666634745569363 0.2657716813792123 0.5058288682994196 0.6485190026055554 0.8807159196321989 1.5546371777696064
44 396 0.2079838681306083 1.5337166325557068 0.1061128856620237 0.1061128856620237 0.2513347034733828 0.48480358066211376 0.63849654033092 0.8695905203893994 1.5337166325557068
45 405 0.21015981591583224 1.4853048473538026 0.10229022032323433 0.10229022032323433 0.24555798867855785 0.4982132574188205 0.6445162805379361 0.8573623856934003 1.4853048473538026
46 414 0.21889609347060549 1.4934682806638893 0.0960305290842062 0.0960305290842062 0.23856935424307063 0.5316262879391428 0.6371812960474231 0.8158758128075847 1.4934682806638893
47 423 0.2246165060378392 1.4868635613465948 0.09612244818835357 0.09612244818835357 0.2279112280819061 0.5427924193738909 0.6246015973355761 0.8317721482860082 1.4868635613465948
48 432 0.2079867687425844 1.5129306729180132 0.09507310247069391 0.09507310247069391 0.214684238975704 0.5341904403659624 0.6492940803280353 0.8359885862677425 1.5129306729180132
49 441 0.22935402644870553 1.5482237111426345 0.09163181909367257 0.09163181909367257 0.2043032164765912 0.5318058193741001 0.6455001388492001 0.8188342434086443 1.5482237111426345
50 450 0.24954687941959386 1.5919723787903879 0.08560707727263998 0.08560707727263998 0.19812855823597245 0.5781566076169233 0.6582702243874192 0.8022310458428158 1.5919723787903879
51 459 0.250211636945052 1.6309079197184235 0.08419994890862541 0.08419994890862541 0.17559674564334238 0.5681879964764489 0.6932435720896427 0.7691391855465267 1.6309079197184235
52 468 0.24456161271225532 1.710165168829031 0.07864771395527533 0.07864771395527533 0.17190573645625673 0.5630707718639867 0.7002745331872604 0.7578144084799219 1.710165168829031
53 477 0.27047592550252625 1.8386220775867361 0.07428905496508824 0.07428905496508824 0.1644210962906474 0.5342158089161949 0.6974368596161012 0.7471464597578249 1.8386220775867361
54 486 0.29020957049426493 2.217893173703181 0.06991914852747254 0.06991914852747254 0.14826893093442897 0.5213011524123609 0.7050323139166035 0.7423978189457879 2.217893173703181
55 495 0.3328165269541169 2.304675143672084 0.07123704112398195 0.07123704112398195 0.14557074739601894 0.519628391271116 0.6458726579638238 0.749267519900619 2.304675143672084
56 504 0.37150728498626345 2.3929190652386874 0.06684688207697032 0.06684688207697032 0.13757192285618747 0.5176745166606489 0.6362065757959792 0.8100985463384658 2.3929190652386874
57 513 0.42255460307987663 2.326147438036014 0.06529367700227892 0.06529367700227892 0.1395690185374868 0.5349690502945615 0.6355049951325494 0.8058993800987276 2.326147438036014
58 522 0.42312514445900723 2.252353199567498 0.06186179047316991 0.06186179047316991 0.13096011009879827 0.5391961216556596 0.6725434425446372 0.870913680328843 2.252353199567498
59 531 0.3784824961344552 2.1603401145253476 0.06230922991524207 0.06230922991524207 0.12703225172048271 0.5328871728812802 0.6838133472893204 0.8556634554629657 2.1603401145253476
60 540 0.3725714284265054 2.0119213081999368 0.06201256561240051 0.06201256561240051 0.1269384622165386 0.5262037001347958 0.6424211707105552 0.8287170193525305 2.0119213081999368
61 549 0.38704276128157855 1.917400572589877 0.06130259295778869 0.06130259295778869 0.12579251726321564 0.5126254340867687 0.643278322484848 0.8143848394397267 1.917400572589877
62 558 0.39729647889360126 1.8430695897308826 0.06252972326758192 0.06252972326758192 0.13033107441626376 0.49947762701608356 0.6295155798211394 0.8205879481471682 1.8430695897308826
63 567 0.3667867748823744 1.7931108853693858 0.05689394009603928 0.05689394009603928 0.12905304536997317 0.5103911543337305 0.629979984500273 0.8187376814539015 1.7931108853693858
64 576 0.36761482395325396 1.5167536138937152 0.0580936972897742 0.0580936972897742 0.12918407211999858 0.5125591798147419 0.609629338263198 0.8094183726709856 1.5167536138937152
65 585 0.36412721257203523 1.4408483303494433 0.06049627378449997 0.06049627378449997 0.12501592408304443 0.5206690777089789 0.6029776660766469 0.7710943758032776 1.4408483303494433
66 594 0.37689588967618115 1.4233668081655506 0.05853691713326583 0.05853691713326583 0.12686862498208065 0.5076549212022153 0.5998909713888645 0.7524828815048105 1.4233668081655506
67 603 0.34772584293255887 1.3685459561900268 0.05531883642183769 0.05531883642183769 0.14066168344870414 0.48088531088110736 0.5638937611342855 0.751725967814262 1.3685459561900268
68 612 0.3041203189978902 1.3065898449072288 0.05419969175630296 0.05419969175630296 0.13576692029674714 0.4804961087029736 0.5591314999320547 0.7135271754808599 1.3065898449072288
69 621 0.28648884559924936 1.2753644967996174 0.05392964889653427 0.05392964889653427 0.12441589297205255 0.4993498191616998 0.542377484472252 0.7149082125077872 1.2753644967996174
70 630 0.2520734428153777 1.271399327563462 0.05369967497961422 0.05369967497961422 0.1166667487876713 0.4942098930992168 0.5560471998166175 0.680730444570989 1.271399327563462
71 639 0.24729105537281826 1.2442049111105462 0.052604512081053996 0.052604512081053996 0.11403341531502305 0.47175046138046867 0.5575802287794019 0.6344258297045879 1.2442049111105462
72 648 0.2193694485518341 1.2270335068374072 0.04967208203532547 0.04967208203532547 0.1195945267859544 0.4782300002149358 0.5485536022319283 0.5851068417187587 1.2270335068374072
73 657 0.18627372409534013 1.0978096650094655 0.04891944697564629 0.04891944697564629 0.11609260059526608 0.4721346772385008 0.5487123694365774 0.5639330235868777 1.0978096650094655
74 666 0.15711081512932076 1.046777793943504 0.04857101330114777 0.04857101330114777 0.11146973474084838 0.4478414543227385 0.5440734751014951 0.574853608714182 1.046777793943504
75 675 0.14773180378621342 1.0059549321458316 0.048913924288736976 0.048913924288736976 0.10529166075148291 0.4277646096782829 0.534405663395375 0.5479805864763074 1.0059549321458316
76 684 0.1636609298163068 0.9898970629705877 0.045755942304030385 0.045755942304030385 0.10411984637519435 0.41072077040903066 0.5294425737572924 0.5514526870380113 0.9898970629705877
77 693 0.19990295283851373 0.9471250564090824 0.04636973566994801 0.04636973566994801 0.10453697387804624 0.4099496639582231 0.5372041707322661 0.5586210903985531 0.9471250564090824
78 702 0.23943633446606466 0.854087548040617 0.04750717893347918 0.04750717893347918 0.11171186530290818 0.3972540722684026 0.5440418632699144 0.5728697289899869 0.854087548040617
79 711 0.28093571427851716 0.8172290523514282 0.046315628325361055 0.046315628325361055 0.11082611617020209 0.4406462613351399 0.530428624314409 0.5661844500596334 0.8172290523514282
80 720 0.2982478124975953 0.8668860720118627 0.042931122155321716 0.042931122155321716 0.11053202101015643 0.4503701820626205 0.512330341317249 0.554397008871685 0.8668860720118627
81 729 0.3108358553452834 0.8436823238150872 0.04081165905111168 0.04081165905111168 0.11080614175897403 0.45233383935476407 0.5020423011222959 0.5501255945355898 0.8436823238150872
82 738 0.3238754059612887 0.8048853966625323 0.04045737248171274 0.04045737248171274 0.10404105854182984 0.45948483054644157 0.5175097082708935 0.5594518531084606 0.8048853966625323
83 747 0.32362222647550487 0.8174589422859923 0.04138174694073899 0.04138174694073899 0.09987175343146325 0.4335233363752232 0.4961425333938739 0.571561357971672 0.8174589422859923
84 756 0.3108051082286386 0.8219932209977633 0.04074279400925513 0.04074279400925513 0.09239733355906761 0.4214768291499863 0.5098147615880503 0.5676678344565574 0.8219932209977633
85 765 0.327563118633456 0.7979443681670415 0.0394422776481126 0.0394422776481126 0.08911201529665673 0.4174864968345709 0.5168173527427757 0.573479842115991 0.7979443681670415
86 774 0.3754956412713301 0.7575532971270974 0.03899887213660102 0.03899887213660102 0.08647405981218244 0.4284582823758878 0.5330666480648107 0.5618501586006364 0.7575532971270974
87 783 0.4104878876912171 0.7510497150813288 0.040431411524943256 0.040431411524943256 0.08651206577656705 0.4233374552050988 0.5319825400442694 0.5652153836305037 0.7510497150813288
88 792 0.4516425318038323 0.7149133720661633 0.041742644042882054 0.041742644042882054 0.08039591067301717 0.41621692749212136 0.5486708689581253 0.5638940414209299 0.7149133720661633
89 801 0.4500902151004249 0.7282846062840558 0.04254299792253568 0.04254299792253568 0.07884414451750296 0.4042953653750119 0.5304538594041518 0.5588893783880597 0.7282846062840558
90 810 0.47237334669466935 0.7043074619783323 0.04221049410920652 0.04221049410920652 0.07662763815400517 0.40213566821290325 0.49616443108614217 0.5553382645374747 0.7043074619783323
91 819 0.41369397183682227 0.7048235357423459 0.03964819231961838 0.03964819231961838 0.075425047547189 0.38591589960397554 0.5084170240993543 0.559892588026435 0.7048235357423459
92 828 0.4153382854577119 0.706634619587293 0.03785039642244443 0.03785039642244443 0.07439462894080355 0.3642374433602513 0.4841680095517255 0.5756947686373406 0.706634619587293
93 837 0.3614211618935476 0.7199606483631735 0.037317968692002344 0.037317968692002344 0.07263555440924085 0.3425774886961494 0.4742756518434856 0.6058342136700069 0.7199606483631735
94 846 0.3344396380809009 0.7111067077942179 0.03512944607907773 0.03512944607907773 0.07079871759502074 0.3365798122942726 0.4606092571640108 0.6078582958412583 0.7111067077942179
95 855 0.2771768640684247 0.6959459417667755 0.03497255725685089 0.03497255725685089 0.06993662080292702 0.3242224826186187 0.46176965711239865 0.5851213839159741 0.6959459417667755
96 864 0.26987877526551807 0.6834797399713022 0.03397137630664978 0.03397137630664978 0.06778022655300565 0.315416867158003 0.4202017983183566 0.5789117973826241 0.6834797399713022
97 873 0.22919165893797985 0.6821285966206124 0.03197928258607244 0.03197928258607244 0.06697825831468837 0.3138543131468979 0.44791416858199734 0.5558277861665999 0.6821285966206124
98 882 0.19209252490809292 0.6813104455857153 0.030779451317610104 0.030779451317610104 0.0636506700644999 0.29669294166197585 0.4343760490774671 0.5471706017653333 0.6813104455857153
99 891 0.17238595389791866 0.6706929638904787 0.02826554455053172 0.02826554455053172 0.0633334936846262 0.29830399439026073 0.40096696002379717 0.5402149392858427 0.6706929638904787
100 900 0.1497263977949973 0.6486578675565309 0.026285830173365412 0.026285830173365412 0.0610674577902669 0.2970915780758792 0.4118208031816873 0.5384853138490647 0.6486578675565309
101 909 0.1474088712211812 0.6622875929926922 0.025040581598237018 0.025040581598237018 0.06128674855891128 0.26753083660920707 0.3974422340617881 0.5522587753279709 0.6622875929926922
102 918 0.13548118529333752 0.658770472737756 0.02410779444326205 0.02410779444326205 0.06233537312451455 0.25557301760166096 0.37615061077744677 0.5715865669226566 0.658770472737756
103 927 0.11421922715484811 0.6373563680843449 0.023293987338823437 0.023293987338823437 0.05968297675313064 0.2543003307335458 0.3593291178130121 0.5652135458897519 0.6373563680843449
104 936 0.11869068885470803 0.6162189842449293 0.023263586878492122 0.023263586878492122 0.05950146814196204 0.25412517600380974 0.3476044683091488 0.5366144055950031 0.6162189842449293
105 945 0.11690907769893984 0.6806901715385882 0.023134116504685512 0.023134116504685512 0.05518323309873804 0.25528038238121636 0.33596008127923105 0.5359192898330891 0.6806901715385882
106 954 0.1245217176315974 0.699676437293519 0.022328938532647797 0.022328938532647797 0.052046181086370116 0.25040683818875836 0.33189971822713205 0.5223012687311247 0.699676437293519
107 963 0.11478560308923652 0.7026040578470338 0.021769289133856996 0.021769289133856996 0.05205434258625134 0.2635546685633319 0.3214710917051638 0.5145737321621247 0.7026040578470338
108 972 0.09936739983854181 0.7014204276500349 0.021422403126659714 0.021422403126659714 0.052308475025103614 0.2526625908309202 0.3210591672395182 0.4825497967188141 0.7014204276500349
109 981 0.07980045775885754 0.7010778628543276 0.02076370562854272 0.02076370562854272 0.05192971657314772 0.2539914926078809 0.2904114272301662 0.4703459435849048 0.7010778628543276
110 990 0.08203005468549325 0.6951195532657187 0.019661810358963375 0.019661810358963375 0.04885385634578888 0.23729166458871284 0.2935445971108497 0.47109866675146667 0.6951195532657187
111 999 0.0830201884063699 0.6735580112640441 0.01971474536058474 0.01971474536058474 0.048091670936313946 0.2347192081303059 0.2843091627603779 0.4898701929846735 0.6735580112640441
112 1008 0.07790217800135357 0.6800729944876511 0.019289809823912093 0.019289809823912093 0.045345179339721146 0.21287831773723287 0.27986217450915657 0.5476168199373287 0.6800729944876511
113 1017 0.06849556919643518 0.6931841245173838 0.018657083791358487 0.018657083791358487 0.044874675961433186 0.20911168419470838 0.26940414579037564 0.5174343605117531 0.6931841245173838
114 1026 0.06375624981846977 0.7269181501538964 0.017490271602330056 0.017490271602330056 0.04381072896083689 0.19910778518938477 0.26682996463631997 0.5234630151625015 0.7269181501538964
115 1035 0.05160594954983221 0.7399829022739504 0.016198359296815415 0.016198359296815415 0.0432390602380127 0.19453661530118624 0.2635109369193969 0.5431252835785463 0.7399829022739504
116 1044 0.0487961601502022 0.7406122453738174 0.014595376815635056 0.014595376815635056 0.04306823352330517 0.18719314605657647 0.2541915754449988 0.5382796993253672 0.7406122453738174
117 1053 0.04681490254662817 0.7896232970810204 0.014689065557633467 0.014689065557633467 0.042230253247081226 0.18091676152479585 0.24194063992029274 0.5106940581648612 0.7896232970810204
118 1062 0.046468850416652975 0.7526914393378757 0.014607213843003796 0.014607213843003796 0.04156630754773446 0.175236788824254 0.23988972288706636 0.5175483025031002 0.7526914393378757
119 1071 0.0424302567306997 0.7129184200177026 0.014216393774436828 0.014216393774436828 0.04041710024859992 0.16814365238688678 0.23848591642639633 0.5411684843220662 0.7129184200177026
120 1080 0.04519231781060164 0.7003376290840132 0.013785707252024616 0.013785707252024616 0.038135233801645116 0.1642603516063111 0.23984131853223953 0.5282322439293451 0.7003376290840132
121 1089 0.043812307103272004 0.6863001704294328 0.01444912255810038 0.01444912255810038 0.038571316320884834 0.1591341145541454 0.2435434119466786 0.550956498877493 0.6863001704294328
122 1098 0.04052884362822857 0.6299063264723938 0.014419400151706712 0.014419400151706712 0.03813131205534331 0.16392013146491327 0.24227475733948245 0.5453646635808977 0.6299063264723938
123 1107 0.03991017133108599 0.6091757173467778 0.013479433543914439 0.013479433543914439 0.0387613535899521 0.16672957023639776 0.24247899197973075 0.5549604846321693 0.6091757173467778
124 1116 0.0384814096096 0.622589116521938 0.013054095967811983 0.013054095967811983 0.03807970440851675 0.16752461339122493 0.24042904216879352 0.5423369244314824 0.622589116521938
125 1125 0.0359880570468936 0.6057728061695338 0.012944325012230385 0.012944325012230385 0.03477704525500991 0.16801361539528753 0.2408983761082886 0.5444942503021928 0.6057728061695338
126 1134 0.03231979183071946 0.6036794388876784 0.012494969372582071 0.012494969372582071 0.034153613034241324 0.1699481212714775 0.2399829059387769 0.48695041675500583 0.6036794388876784
127 1143 0.03153330968168419 0.5877788063887673 0.012304398433966909 0.012304398433966909 0.03374700638346921 0.17079374610879694 0.23663845563185762 0.4427206633937973 0.5877788063887673
128 1152 0.0304640689445486 0.5973914216936009 0.011900319253882977 0.011900319253882977 0.033171659800553574 0.1733831084269078 0.22551193974879372 0.4270712587994135 0.5973914216936009
129 1161 0.029006624408136592 0.565003909701192 0.011930591680272024 0.011930591680272024 0.033618451409664164 0.16792314466100078 0.228847571420521 0.3996315473516987 0.565003909701192
130 1170 0.027620336469675974 0.5779724633514565 0.011513666604864102 0.011513666604864102 0.034362541705999686 0.1507609426718892 0.22089407002961053 0.4134953499669468 0.5779724633514565
131 1179 0.02368450182339338 0.5954969846594085 0.011403650219089756 0.011403650219089756 0.033152547664422466 0.1522567200787381 0.21649671170934778 0.3850698041253916 0.5954969846594085
132 1188 0.02165677720790074 0.5815356111714592 0.01084428520824954 0.01084428520824954 0.03057026779993924 0.15331422825291988 0.21724648455605391 0.3826289578116805 0.5815356111714592
133 1197 0.020755098759513278 0.5773200616301705 0.010809864963770763 0.010809864963770763 0.030470306877141525 0.1504993974131788 0.21908600843446774 0.3506596432411974 0.5773200616301705
134 1206 0.0204952302549312 0.5871591975883473 0.010636057816871396 0.010636057816871396 0.030358989627301776 0.15274037160820814 0.20960471082224122 0.3377368647283599 0.5871591975883473
135 1215 0.020937592430372593 0.6229778348900982 0.010736678349582075 0.010736678349582075 0.030169043595846195 0.15196920635415762 0.19507233126482318 0.34464318088458407 0.6229778348900982
136 1224 0.02444317916827687 0.625300510845752 0.010807608641919552 0.010807608641919552 0.029480384296165906 0.14881116721791307 0.18623046172662072 0.34360995821792395 0.625300510845752
137 1233 0.02178504006900062 0.6667680355520922 0.010109777940296346 0.010109777940296346 0.02971009057759698 0.17146835431818935 0.185461279868069 0.3286143213686176 0.6667680355520922
138 1242 0.020022559361744307 0.6310528593418414 0.009864884478874212 0.009864884478874212 0.03014851401269535 0.1691213321915175 0.17898387777877187 0.32837602309404557 0.6310528593418414
139 1251 0.017066221105238807 0.6049773167651891 0.009624413080143274 0.009624413080143274 0.02924424295796503 0.17159702275864414 0.18581835169484567 0.3026213985198391 0.6049773167651891
140 1260 0.014686350383933339 0.5891587606940422 0.009349156870184413 0.009349156870184413 0.0290201358784243 0.1625537512468955 0.18067640570521945 0.3003034760848087 0.5891587606940422
141 1269 0.013969082957913203 0.5897039976794002 0.009333238415140943 0.009333238415140943 0.028508149658962013 0.14691009939908245 0.17351411730893976 0.294627584640503 0.5897039976794002
142 1278 0.011783285129616582 0.6001325870990154 0.009057360427314967 0.009057360427314967 0.028419546634308415 0.13144862145986425 0.17239369785781136 0.2986465626998107 0.6001325870990154
143 1287 0.010965806406578894 0.5849151491597309 0.008775751013254668 0.008775751013254668 0.028774031278449803 0.12376990444759711 0.1644196401003637 0.29645687247823344 0.5849151491597309
144 1296 0.00925526989163505 0.581818930179107 0.008784793075951229 0.008784793075951229 0.029582169436327844 0.11980581183950001 0.15958097639935598 0.2747603621372234 0.581818930179107
145 1305 0.007968566804618618 0.5738117726888997 0.008478039553230132 0.008478039553230132 0.0295291314088383 0.11752563366621038 0.15284221602177298 0.25513812560328386 0.5738117726888997
146 1314 0.007990182676154756 0.5713708001369385 0.008379296898716894 0.008379296898716894 0.028522697453391695 0.10563854079494123 0.14829027405536638 0.25472857704241336 0.5713708001369385
147 1323 0.00867375753422979 0.5692674546505552 0.008368266171954257 0.008368266171954257 0.02955196256354781 0.10333560298033169 0.1447948612823648 0.25318729417037383 0.5692674546505552
148 1332 0.008746159823169807 0.584826937906374 0.00850299940666203 0.00850299940666203 0.03165892417707844 0.0971816356873848 0.14516283907077054 0.26218771091302956 0.584826937906374
149 1341 0.007869495479812472 0.5904288230726953 0.008480795538498002 0.008480795538498002 0.03129690425781143 0.09360589813979377 0.14160772016359238 0.2655016685453453 0.5904288230726953
150 1350 0.007470952528716902 0.5892749462276927 0.008493654392822273 0.008493654392822273 0.031103682892634467 0.09181072655127341 0.13362355652549304 0.244977781949618 0.5892749462276927
151 1359 0.007054063713854147 0.5922989291313668 0.007923441892017222 0.007923441892017222 0.030486157977803224 0.08504950073268248 0.13436523356880326 0.24730940810765561 0.5922989291313668
152 1368 0.00677725804330379 0.5906072066151268 0.007541245069941319 0.007541245069941319 0.030195078431973173 0.07724899231152209 0.13770911094009522 0.2556202139423014 0.5906072066151268
153 1377 0.006630726116047552 0.5534677799743906 0.007558271316927311 0.007558271316927311 0.029104525742065592 0.07416287100746324 0.14131464889500922 0.25510662378280413 0.5534677799743906
154 1386 0.005924898762753304 0.5485115123031579 0.00796599403457322 0.00796599403457322 0.027925331846389626 0.06926150654077426 0.14072895770458518 0.2578533707945324 0.5485115123031579
155 1395 0.005144233982081132 0.5347868605485804 0.007915777000145927 0.007915777000145927 0.02637436171952531 0.06825712016320713 0.13310741240307422 0.2599065203517217 0.5347868605485804
156 1404 0.004667853056760524 0.5290966495418395 0.007834460334423426 0.007834460334423426 0.025946819515620424 0.06504316926487586 0.12903448515490823 0.24584006486500226 0.5290966495418395
157 1413 0.005201546435908781 0.515982525008644 0.007661061327704197 0.007661061327704197 0.025917801093342702 0.061538017728066115 0.12892656929899593 0.23718936565142906 0.515982525008644
158 1422 0.005764547588215937 0.5561431235023443 0.00753377393122958 0.00753377393122958 0.02724911384506134 0.05798418481997435 0.12142002034195824 0.258075678456273 0.5561431235023443
159 1431 0.0072718312701439925 0.5882582591961922 0.0072773704156312 0.0072773704156312 0.027592688548525535 0.05309422395214539 0.12405299008263977 0.2559731518537461 0.5882582591961922
160 1440 0.007563893963237468 0.6031189892638249 0.007305314823542629 0.007305314823542629 0.026732155680695625 0.04857161233840798 0.12993097290583144 0.2683706523453018 0.6031189892638249
161 1449 0.008463317026242818 0.5896002592912277 0.007238437452373573 0.007238437452373573 0.02525667966948857 0.04752591022669688 0.1273208470921764 0.27889208079230704 0.5896002592912277
162 1458 0.008987204186120937 0.5799581328169807 0.006931620517632385 0.006931620517632385 0.025794587458725385 0.04820738863966291 0.12799916494245103 0.27920084090788455 0.5799581328169807
163 1467 0.009810650578042049 0.5560544850535251 0.007388147518418325 0.007388147518418325 0.024463745715074734 0.04559836255860402 0.1278718786662801 0.27682318235672465 0.5560544850535251
164 1476 0.009825603242788802 0.6562539745937112 0.007460786208396702 0.007460786208396702 0.02329494702109926 0.043642410804439494 0.12314436492579064 0.2674482391975415 0.6562539745937112
165 1485 0.010401701631661106 0.6638655345291932 0.007359838912108182 0.007359838912108182 0.023167237384532517 0.03885424875269954 0.12014086515694111 0.27255227915027974 0.6638655345291932
166 1494 0.010809518810956131 0.6757834364743962 0.0071923413246389204 0.0071923413246389204 0.02311000085590761 0.038252894329592654 0.12480500948445616 0.24870032070587744 0.6757834364743962
167 1503 0.010721069251991368 0.723700651379731 0.006750778465830923 0.006750778465830923 0.022508087578238797 0.037837924306575954 0.12399927519413903 0.24213136581530095 0.723700651379731
168 1512 0.012131857718687017 0.6999231897215615 0.006627804034569032 0.006627804034569032 0.023030817825958172 0.036053559424587045 0.12287539167943262 0.23342487689696764 0.6999231897215615
169 1521 0.013245552149320008 0.8113523729881458 0.006249753920823505 0.006249753920823505 0.022035361944544578 0.036251375332152336 0.11792869812134762 0.2315774628721016 0.8113523729881458
170 1530 0.013549650075077439 0.886592206270714 0.005880356982812992 0.005880356982812992 0.02204183706282573 0.03427162633095261 0.11785518035422642 0.22946490783275716 0.886592206270714
171 1539 0.013794255482303817 0.8524691580879854 0.00602075655291834 0.00602075655291834 0.021821718964552084 0.0334787878875258 0.12034689747375102 0.22879719568549373 0.8524691580879854
172 1548 0.014180633699182503 0.8865662419203862 0.005626443968934078 0.005626443968934078 0.021978083719927696 0.03322145026273237 0.1237236286031253 0.21774761226808953 0.8865662419203862
173 1557 0.014134189160752299 0.9139610009208008 0.005761621295042359 0.005761621295042359 0.021428712687909093 0.031092169868865486 0.11950886038077825 0.21821531170845435 0.9139610009208008
174 1566 0.01671370211491774 0.9095043718954072 0.005626461537645374 0.005626461537645374 0.021171739985157954 0.03109692387785974 0.1181982393996645 0.20488113860674476 0.9095043718954072
175 1575 0.017493265900090496 1.0505909435076073 0.0055760681262894156 0.0055760681262894156 0.020016628252124316 0.029904528100529397 0.12008801349842169 0.20024442770000433 1.0505909435076073
176 1584 0.019739677131765363 1.041367625659759 0.005170331235610511 0.005170331235610511 0.02063447855877816 0.0299881443310998 0.11418192237122654 0.2027722508894844 1.041367625659759
177 1593 0.017116584674084525 1.0185146973409485 0.006416276950030351 0.006416276950030351 0.02076019514778381 0.030470816801104455 0.11478542347692614 0.17376211954762374 1.0185146973409485
178 1602 0.013941604246901051 1.0253242501305257 0.0063653205673143975 0.0063653205673143975 0.01976487249691476 0.02902634865008567 0.1059884261459783 0.1742643949959615 1.0253242501305257
179 1611 0.012836814319663251 0.9984140350475977 0.0063470997963349955 0.0063470997963349955 0.017626300206897826 0.028595561131781196 0.10764668452292021 0.1683964028974863 0.9984140350475977
180 1620 0.012523242675848893 1.0403001696877547 0.006181488877902298 0.006181488877902298 0.01704644039312419 0.027480898993613823 0.10322696456481555 0.1629550118056923 1.0403001696877547
181 1629 0.012364428725159936 1.0247207811267365 0.006048001435125825 0.006048001435125825 0.01746521982138806 0.02737637685780087 0.09635134589620581 0.15989292375215844 1.0247207811267365
182 1638 0.01284001304264212 0.9786131752852743 0.005829736601198713 0.005829736601198713 0.016654886749082887 0.029037786964483135 0.09572252792209779 0.16157774026862304 0.9786131752852743
183 1647 0.014180536150337096 1.0039759651394673 0.005765251697293982 0.005765251697293982 0.016578732196672528 0.027436152454941704 0.09659262244964312 0.15701753587007328 1.0039759651394673
184 1656 0.013738248759088571 1.013431711959151 0.005520476256475193 0.005520476256475193 0.016608992948616157 0.026871067240190737 0.09587996127729888 0.16249799953214047 1.013431711959151
185 1665 0.013653793173451693 0.9578867404556154 0.005250627567629683 0.005250627567629683 0.01702923267042678 0.027318136319838225 0.09212239070477754 0.1619245949657278 0.9578867404556154
186 1674 0.014508949924948337 0.9496167623354322 0.005376136848819472 0.005376136848819472 0.016067684922381968 0.027688026406202857 0.09008222742698983 0.1538796355088981 0.9496167623354322
187 1683 0.015017858008113855 0.9953471875163163 0.005345198969244949 0.005345198969244949 0.015348074126128318 0.02706559074606733 0.08641414724037767 0.15480183948769977 0.9953471875163163
188 1692 0.013615511513488639 1.0378686515397542 0.005237206465650315 0.005237206465650315 0.015053950043947273 0.02729832399662622 0.07967766723869264 0.1540649001734406 1.0378686515397542
189 1701 0.013049562531686586 1.0540272708976242 0.005152606776018574 0.005152606776018574 0.014870940017099488 0.024554279678643424 0.07916409190481924 0.14531385450306464 1.0540272708976242
190 1710 0.013521783954206806 1.0716388907423107 0.005170402441792952 0.005170402441792952 0.01384011593642085 0.023372062588575146 0.07660754325160922 0.14710346270033406 1.0716388907423107
191 1719 0.015440711306628843 1.080087578713826 0.005508329145641471 0.005508329145641471 0.013832864904835384 0.0222126458683345 0.07452351242430234 0.14464693596631548 1.080087578713826
192 1728 0.01571884345607117 1.112234960859105 0.005677438893371148 0.005677438893371148 0.013911624070943518 0.021920962492022376 0.07025821386216713 0.14210858577166352 1.112234960859105
193 1737 0.015152539189203491 1.0711810467265432 0.0055848785923994495 0.0055848785923994495 0.014350574570144391 0.020584859298920736 0.07007370288669408 0.138097168154734 1.0711810467265432
194 1746 0.014372410555831872 1.0618392901416793 0.005282430655513705 0.005282430655513705 0.014776068460763516 0.02036698723231824 0.0693451049652338 0.1370898487089241 1.0618392901416793
195 1755 0.013468155869101784 1.026778773573772 0.004988571032494124 0.004988571032494124 0.014393409614004078 0.0202653381253262 0.06807164872809797 0.133921565792781 1.026778773573772
196 1764 0.012396233292554616 0.9762600699397517 0.005023570651483589 0.005023570651483589 0.01412527100080291 0.020413401026889 0.06860132642423009 0.12235767396014356 0.9762600699397517
197 1773 0.011239325716346737 0.9737774376169102 0.0049864561222306425 0.0049864561222306425 0.013894155860775267 0.02068730353681134 0.062179002365114804 0.12071361453684816 0.9737774376169102
198 1782 0.011721713233635392 0.9533428633858783 0.004885751195984195 0.004885751195984195 0.013376032490122647 0.019964453656690608 0.058391032442292996 0.12175719376889654 0.9533428633858783
199 1791 0.01323902019740935 0.9259659512888887 0.004784539256919905 0.004784539256919905 0.0130712472992304 0.019855680039040594 0.056882397337895366 0.13698236706593203 0.9259659512888887
200 1800 0.01467184202545525 0.9717465645570499 0.004878635910430832 0.004878635910430832 0.012263385918985903 0.01981188107658625 0.055942942066703374 0.146892869329408 0.9717465645570499
201 1809 0.017166710994822334 0.9644157094485752 0.004829470718548697 0.004829470718548697 0.011972264381304188 0.018601547614404353 0.05375248424984638 0.16365482720783014 0.9644157094485752
202 1818 0.018398019283688408 0.950783100130704 0.004596954237652101 0.004596954237652101 0.01193769968538075 0.01745318627942693 0.051172583282596926 0.19329527713722028 0.950783100130704
203 1827 0.01751365620555732 0.9851005676757696 0.0048921616961988355 0.0048921616961988355 0.011680501266274186 0.015613508003504022 0.05040557647834649 0.18896429333404036 0.9851005676757696
204 1836 0.01682809078381894 0.9561002975426452 0.004480044127898044 0.004480044127898044 0.011433792419817056 0.0160577366350937 0.04956500563640692 0.19160516095992702 0.9561002975426452
205 1845 0.016473493429552667 0.8461422210939444 0.004531879543403134 0.004531879543403134 0.011107139576065152 0.01650430407595682 0.04905408406873796 0.1909115644424363 0.8461422210939444
206 1854 0.015334613165746065 0.8004515916218825 0.0044274835381643 0.0044274835381643 0.011055530771665456 0.01711822457183152 0.04806941826688386 0.18678799345878871 0.8004515916218825
207 1863 0.01598884779066952 0.7926140302739014 0.004452706139952201 0.004452706139952201 0.010714946988446354 0.0174468133028085 0.04274021935674368 0.18694131474553205 0.7926140302739014
208 1872 0.01596650534760407 0.7781837195119259 0.004457667287263877 0.004457667287263877 0.009883106271031544 0.017967847083090273 0.04259401667243996 0.18919804124038206 0.7781837195119259
209 1881 0.014423041227721076 0.7455241578838058 0.004325534673627586 0.004325534673627586 0.009741654077956198 0.01849208327182453 0.04196108796870803 0.1823157205392775 0.7455241578838058
210 1890 0.015779076255626565 0.7231158234170891 0.0042089614127558475 0.0042089614127558475 0.009903501599432351 0.017151639599619222 0.03999220405529148 0.18334671326077273 0.7231158234170891
211 1899 0.017705864585585606 0.6909722981868281 0.004102481615422456 0.004102481615422456 0.01101163337955511 0.016723292790891617 0.039244452512687836 0.18592949549687735 0.6909722981868281
212 1908 0.016917353723807423 0.6864149000371771 0.004174485389551982 0.004174485389551982 0.011548571922014016 0.016193489915618173 0.03733446289729302 0.1855682355418879 0.6864149000371771
213 1917 0.015267854842324948 0.6691378559521663 0.004005726111935838 0.004005726111935838 0.010963239189938391 0.015400901869636526 0.03682087339261011 0.19043635404364304 0.6691378559521663
214 1926 0.014498595800179906 0.6547628847252187 0.0038603238496081396 0.0038603238496081396 0.010775641902726407 0.015036745330969168 0.03481340576973095 0.1837100647092537 0.6547628847252187
215 1935 0.016450719557943354 0.6389930613319273 0.003716056729735963 0.003716056729735963 0.010472854717368552 0.015051130141742364 0.032874733855714836 0.18530655142696661 0.6389930613319273
216 1944 0.017224967052133874 0.7035080260393175 0.0034495718430666987 0.0034495718430666987 0.01156138938811057 0.015131759041147651 0.03104419879298883 0.1831027393564848 0.7035080260393175
217 1953 0.015884142078646694 0.7159320754753947 0.0031893218231904053 0.0031893218231904053 0.011312425018271175 0.014050453196136724 0.032174843662378445 0.1934797191942427 0.7159320754753947
218 1962 0.013581174770792568 0.6736733639433423 0.003135860282615843 0.003135860282615843 0.011399694331911311 0.013624307865436728 0.030969907518090943 0.1953482092749203 0.6736733639433423
219 1971 0.01289822453752648 0.6412078600041374 0.003138451106351797 0.003138451106351797 0.011298441335808805 0.012987723875869639 0.02886025234699203 0.19352887309083977 0.6412078600041374
220 1980 0.011963040801601701 0.6551103606220346 0.0030040583754068245 0.0030040583754068245 0.011197385710428475 0.012212371937471763 0.028347308968356636 0.18633912422354576 0.6551103606220346
221 1989 0.013308788990274009 0.6204301593352083 0.0028843465286521796 0.0028843465286521796 0.010954026200357247 0.01194488981414457 0.028574139747458326 0.18088578513228373 0.6204301593352083
222 1998 0.013694434835637016 0.6579023264857882 0.0028150817384215363 0.0028150817384215363 0.011125002204907175 0.011460738439006043 0.027410313269589183 0.18462340023152976 0.6579023264857882
223 2007 0.014374472915676449 0.689583166785675 0.0026489393943229327 0.0026489393943229327 0.009990500583391865 0.011058753458506692 0.028238598758189067 0.18385920801887295 0.689583166785675
224 2016 0.012694883608822797 0.6660855906832261 0.0025503918920560874 0.0025503918920560874 0.00992464046923159 0.010538798401703492 0.0279775642884915 0.19668206758578952 0.6660855906832261
225 2025 0.011594357644130984 0.6653943118835618 0.0026202844832322793 0.0026202844832322793 0.009662523607893568 0.009716014615124616 0.026221313577442704 0.1938851938965643 0.6653943118835618
226 2034 0.014412678125594538 0.6217720659489206 0.0026294283425445956 0.0026294283425445956 0.00958481023760229 0.009704717299576986 0.023532540342565158 0.20070806686011197 0.6217720659489206
227 2043 0.016640913240726158 0.6411507330717019 0.002634517491531049 0.002634517491531049 0.00903735046609067 0.009742768840297098 0.023472255601963043 0.21782774595170218 0.6411507330717019
228 2052 0.017203063886086795 0.6162398663848349 0.0024166681653009963 0.0024166681653009963 0.008689840536019419 0.009796175728307712 0.023529912519090063 0.22281070148278034 0.6162398663848349
229 2061 0.01698314419213576 0.6173550823093357 0.002275594378313402 0.002275594378313402 0.008314823171290198 0.009599704444018989 0.023367677078642762 0.22070642809862392 0.6173550823093357
230 2070 0.017251606457222762 0.6099290037008974 0.0022290385053946975 0.0022290385053946975 0.008104817713038337 0.009480121894299868 0.022410689648734987 0.22139170048660156 0.6099290037008974
231 2079 0.022269065980708137 0.6124561854349948 0.002116530453018051 0.002116530453018051 0.007938278398777919 0.009286937896637955 0.022364818315612146 0.22364238561340885 0.6124561854349948
232 2088 0.024407458834306502 0.6036667857604577 0.002140846492897023 0.002140846492897023 0.0075137149829106464 0.009117042168095113 0.023371315876981786 0.23021320427000438 0.6036667857604577
233 2097 0.02711619258672388 0.5842128313371621 0.002208221200275668 0.002208221200275668 0.007260129685701223 0.009097408479738512 0.023689364935927434 0.22746495462438432 0.5842128313371621
234 2106 0.02736280906539132 0.5870624585825734 0.0021508008762867645 0.0021508008762867645 0.007025399206387709 0.009114017034893009 0.02261146218935831 0.23846181125346533 0.5870624585825734
235 2115 0.03038609846193627 0.5791557859396899 0.002083913434842437 0.002083913434842437 0.006614547973987407 0.00913665804732964 0.022434859339029396 0.23620449109242042 0.5791557859396899
236 2124 0.030501170287031767 0.6021256959776717 0.0020070080853068733 0.0020070080853068733 0.006969660429910229 0.00849533829557524 0.02226654817307974 0.23645144847760413 0.6021256959776717
237 2133 0.03394971478027465 0.5886458858213921 0.0019269709593033408 0.0019269709593033408 0.0071251938593399535 0.008206530266641464 0.020730373730556174 0.24273468891129243 0.5886458858213921
238 2142 0.036650464856152774 0.5981682991535733 0.0020406667043287785 0.0020406667043287785 0.006659240184785849 0.008039857399819753 0.020137090875486933 0.2436925763886933 0.5981682991535733
239 2151 0.037078501637943045 0.6143141880716098 0.002018930674402256 0.002018930674402256 0.006697268397123395 0.007183436213630989 0.019180293244155107 0.26247338050605246 0.6143141880716098
240 2160 0.03599162872419477 0.602495379532932 0.0019114340545098216 0.0019114340545098216 0.006200368294549819 0.007660896749011602 0.019180742712839 0.26437667867178916 0.602495379532932
241 2169 0.03248866773014529 0.5799016445937774 0.0019049627380082923 0.0019049627380082923 0.006116088351054211 0.0075383669412056 0.019368563941396924 0.23566487237644818 0.5799016445937774
242 2178 0.028082859044270613 0.5637059446179864 0.001794921299238488 0.001794921299238488 0.005858072115682028 0.007516186064685072 0.01897622233705549 0.2397154396242775 0.5637059446179864
243 2187 0.027778682258594076 0.5603636101480329 0.0017223479145108424 0.0017223479145108424 0.005811428396636784 0.007161506866586671 0.01798728558408932 0.23063419085414386 0.5603636101480329
244 2196 0.026447284334894888 0.5015185189712931 0.0017161332740555858 0.0017161332740555858 0.006349405215058926 0.007200942902048952 0.017830496486363735 0.22777493424949805 0.5015185189712931
245 2205 0.028347435653458503 0.46637822465077783 0.0017385401580058985 0.0017385401580058985 0.006238697711887242 0.006814803035248364 0.01833031478268008 0.2195929255286132 0.46637822465077783
246 2214 0.03297622888331907 0.4129037869042261 0.0016943987002598362 0.0016943987002598362 0.006746472234663972 0.007183813286550644 0.01793297199903713 0.21570366461078036 0.4129037869042261
247 2223 0.029306950748002897 0.4264877067268275 0.0017226849813266427 0.0017226849813266427 0.006475042535300756 0.006772412100988795 0.019173819172113235 0.21156942295355563 0.4264877067268275
248 2232 0.025780675063665038 0.4224797828451085 0.0016836110838109285 0.0016836110838109285 0.006258798001989735 0.006780949093540595 0.01823102992008497 0.21116979574416778 0.4224797828451085
249 2241 0.023359869368089724 0.42940443994615074 0.0016764270473046653 0.0016764270473046653 0.006029720202344105 0.006347955618544218 0.01824788791478693 0.20039638828004835 0.42940443994615074
250 2250 0.024269289932411873 0.4499270758680207 0.0015593788914820387 0.0015593788914820387 0.00584858732997507 0.006399996808218679 0.01816538545790109 0.18768672435289208 0.4499270758680207
251 2259 0.0255801855391535 0.440606868492436 0.0015572182052748704 0.0015572182052748704 0.005521706395314886 0.006949388359395042 0.018055296093680395 0.18160133504517625 0.440606868492436
252 2268 0.029739472840703676 0.4515188011351818 0.001465115723881913 0.001465115723881913 0.00541640820787102 0.0070632355640605155 0.017797738697501193 0.17661234095004932 0.4515188011351818
253 2277 0.02463201404233184 0.4528565039981622 0.001442587774988336 0.001442587774988336 0.005375334452740885 0.00716179425589862 0.017483455128694415 0.17646867253671203 0.4528565039981622
254 2286 0.021577282726262567 0.4383496019280396 0.0014272609360584303 0.0014272609360584303 0.005366811670727987 0.0068579313194526 0.016156189215840562 0.175157302037688 0.4383496019280396
255 2295 0.021171372188173755 0.40355918555970044 0.0014159791459162144 0.0014159791459162144 0.005132766911997724 0.006694888955602839 0.016423015426997083 0.1710258343983009 0.40355918555970044
256 2304 0.021254789712089717 0.3791683954468986 0.001335683441370842 0.001335683441370842 0.005089423774887439 0.007141936326778762 0.01590153260907116 0.17105525501234684 0.3791683954468986
257 2313 0.020967292351588323 0.3951382318739184 0.0013203263428912984 0.0013203263428912984 0.004752722970328678 0.006680472167122292 0.015835290229216994 0.17430900280856257 0.3951382318739184
258 2322 0.019506728899173008 0.4044531969208048 0.001274977496502502 0.001274977496502502 0.0045739679320140735 0.006505330821722913 0.016306615837885903 0.16513011907554778 0.4044531969208048
259 2331 0.019287674315248977 0.40538628511780195 0.00126459415997053 0.00126459415997053 0.004408741664794755 0.006156257418176772 0.016409319683499436 0.15910273287476268 0.40538628511780195
260 2340 0.021559204166151858 0.3954407992609184 0.0012248851980164075 0.0012248851980164075 0.004783407882787281 0.005972634441628289 0.015329876889065354 0.1586321932186706 0.3954407992609184
261 2349 0.02273211902262112 0.4548470750245645 0.0012112762787989076 0.0012112762787989076 0.004709943395514607 0.005444125831778854 0.015756555558337035 0.15500049480399145 0.4548470750245645
262 2358 0.02285234496100782 0.44646445190159195 0.0011894963268370838 0.0011894963268370838 0.00458595118912169 0.005243498232219093 0.015411415496762924 0.1597232675767315 0.44646445190159195
263 2367 0.020920015248551645 0.4217908404107869 0.0011672519256976793 0.0011672519256976793 0.004483519765458688 0.005162045042065082 0.01448957604440355 0.16757447271219994 0.4217908404107869
264 2376 0.020965645643840874 0.3981181765737004 0.0011448114722592767 0.0011448114722592767 0.004216351544486921 0.005060725436287289 0.014589916032044296 0.16989669514317696 0.3981181765737004
265 2385 0.018640141449788625 0.36751823067603856 0.0011169374161128637 0.0011169374161128637 0.0041976565705025785 0.005161579374113531 0.014669238744258847 0.16752404169195034 0.36751823067603856
266 2394 0.017547466818302018 0.36674962981678266 0.00112823121150041 0.00112823121150041 0.0040723062066178066 0.005148788214075022 0.01412750602683714 0.1601230371746861 0.36674962981678266
267 2403 0.01566242705230552 0.34249633780504635 0.001129065214763088 0.001129065214763088 0.003853556580111654 0.0049868008607356065 0.01429915163670814 0.1642652913996129 0.34249633780504635
268 2412 0.017203098818328825 0.32702801914191654 0.001131499270574034 0.001131499270574034 0.00369140994319117 0.004839547779916505 0.01420870254662146 0.15902677834188172 0.32702801914191654
269 2421 0.017627066794047238 0.3118772539599575 0.001164018808859064 0.001164018808859064 0.0036607701573698505 0.005487988200584248 0.013408812407573202 0.161589720106071 0.3118772539599575
270 2430 0.01614469859130769 0.29888742493929904 0.0011581374680560174 0.0011581374680560174 0.0036726520139836235 0.005391841393972927 0.01320201758798619 0.17788954782287178 0.29888742493929904
271 2439 0.01379456908113765 0.29331676559752456 0.0011240266609456758 0.0011240266609456758 0.0035477871185664034 0.005198610869590034 0.012732166978296254 0.17405246349142672 0.29331676559752456
272 2448 0.011601595413386904 0.28563856861715914 0.0010392269974093358 0.0010392269974093358 0.0036675719378347514 0.0047802404018804315 0.01278573576894823 0.16887428622715628 0.28563856861715914
273 2457 0.010536045352992306 0.2752569571214251 0.0010300314771454567 0.0010300314771454567 0.0034683662698865043 0.004570426186282352 0.012753864356977533 0.16462195436902988 0.2752569571214251
274 2466 0.010297648347479135 0.2584799810667699 0.00100919699250678 0.00100919699250678 0.0033085668974140426 0.004545080603649425 0.012467565191520027 0.16994392573716674 0.2584799810667699
275 2475 0.009183242290949958 0.25671301418864617 0.0010193210141883843 0.0010193210141883843 0.003133994900205382 0.004503115962870542 0.012451817069425346 0.16605020436304777 0.25671301418864617
276 2484 0.00910511706713393 0.2495673102608199 0.0010004608947453018 0.0010004608947453018 0.003155785330412688 0.004285261325770018 0.011883706245165356 0.16278722363692671 0.2495673102608199
277 2493 0.008905480556981534 0.2497891240051715 0.001011060725528845 0.001011060725528845 0.0032154414290672985 0.004210170225735605 0.011756357161465999 0.14645744483949588 0.2497891240051715
278 2502 0.007779507616292333 0.2458425154777403 0.000946154218126865 0.000946154218126865 0.0031934524728597716 0.004279827721124667 0.011591163323224176 0.13921498743423633 0.2458425154777403
279 2511 0.007204386013358149 0.24369223985856417 0.0009146372883501324 0.0009146372883501324 0.0030388304849951744 0.004105170871501017 0.011403643026394981 0.1326618690523037 0.24369223985856417
280 2520 0.006208931944277987 0.22897981855324018 0.000918294367904242 0.000918294367904242 0.0030128206506035674 0.004040671945402297 0.012481672265859835 0.1260802407739233 0.22897981855324018
281 2529 0.006388611399193486 0.22733696257583177 0.0008979354468583839 0.0008979354468583839 0.0029133197801791315 0.00388938828053647 0.012800904477688562 0.11971463645739426 0.22733696257583177
282 2538 0.006437320626297469 0.2485496729673787 0.000901666073375569 0.000901666073375569 0.002654622211206655 0.003907756009967748 0.012489923945230085 0.11574968057490377 0.2485496729673787
283 2547 0.0053996861310631325 0.25389277402065824 0.0008556203821379729 0.0008556203821379729 0.0026801217539885905 0.003953366234482869 0.01166305697441387 0.11523271060071737 0.25389277402065824
284 2556 0.004981602106430326 0.25106119956518447 0.0008114660965696683 0.0008114660965696683 0.0025811425811600275 0.003939220344519851 0.011254262306329409 0.11331478923279126 0.25106119956518447
285 2565 0.005201313915586771 0.25447061087810924 0.0008024577044632108 0.0008024577044632108 0.002438471589734651 0.0037411122041834614 0.011216350054194156 0.11333345806889088 0.25447061087810924
286 2574 0.005049965429934802 0.2636657154830939 0.0008123717648265443 0.0008123717648265443 0.002384530189868913 0.003660976569929975 0.011116791188031851 0.11331343532588188 0.2636657154830939
287 2583 0.004566958017263906 0.2517766147168774 0.0008272717368785056 0.0008272717368785056 0.00232513240702157 0.003617268192437754 0.010874264029170994 0.11232738956257154 0.2517766147168774
288 2592 0.004217075787701363 0.24947164750655823 0.0008191120611754631 0.0008191120611754631 0.0019762461074356317 0.0036045869559590423 0.01086516410585394 0.11466658549041199 0.24947164750655823
289 2601 0.003800702948723566 0.23713582097955838 0.0008451165323234869 0.0008451165323234869 0.0019838137952191736 0.0036299576737718643 0.010268515927063829 0.10855991418689283 0.23713582097955838
290 2610 0.003499562662397971 0.23568267020966166 0.0008388270482455062 0.0008388270482455062 0.0018904077751200506 0.0035097918472396287 0.010280941866226469 0.10689104655923785 0.23568267020966166
291 2619 0.0032055926925048106 0.22259870456412614 0.0008999621079745726 0.0008999621079745726 0.0018884314731943406 0.0034800279618860735 0.009897453726836961 0.09914776356407984 0.22259870456412614
292 2628 0.0032539911684624613 0.2059855964432744 0.0008932283155705049 0.0008932283155705049 0.001917630209286873 0.0034960474641726304 0.009685285917542787 0.09496491027241424 0.2059855964432744
293 2637 0.002967052857190633 0.2048915432857034 0.0009070403704238254 0.0009070403704238254 0.001855703585114023 0.0035718311319898736 0.00937806277290259 0.09241954035500169 0.2048915432857034
294 2646 0.0028011248308397988 0.20348676620151385 0.0008718930017583977 0.0008718930017583977 0.0019066221208986378 0.003574946770568971 0.009138016922947051 0.08318127616108867 0.20348676620151385
295 2655 0.002494959309206639 0.19212158152055392 0.0008728860584195801 0.0008728860584195801 0.0018703655952285589 0.003684001617829657 0.009013751967645306 0.08154444161254887 0.19212158152055392
296 2664 0.002225026505371021 0.18931310160695441 0.0008754712974900318 0.0008754712974900318 0.0018171786797990606 0.0037193294782140148 0.008895373023701695 0.0732598929375511 0.18931310160695441
297 2673 0.002223814933252995 0.1863555028698495 0.0008820518023502792 0.0008820518023502792 0.0017205853107342278 0.0036837842757416915 0.008723965341329768 0.06834941297157189 0.1863555028698495
298 2682 0.0021944579172452996 0.19791076984699807 0.0009058552495607118 0.0009058552495607118 0.0016732835049578108 0.0036074483742566284 0.0085361512971353 0.0649800550051662 0.19791076984699807
299 2691 0.0018918989984136375 0.19922382451437798 0.0009320100795514272 0.0009320100795514272 0.0016348618739636112 0.0035584413055748717 0.008453652731043145 0.06344273462880769 0.19922382451437798
300 2700 0.0021502795320167394 0.19634411521488723 0.0009489687528497243 0.0009489687528497243 0.0015210584382651232 0.003375531390847906 0.008265619869190962 0.06377782845119684 0.19634411521488723
301 2709 0.0024093186118678313 0.22200259309225118 0.0009574738992536525 0.0009574738992536525 0.0014904305359372664 0.0032655289986242416 0.00832201540269959 0.06241359960879439 0.22200259309225118
302 2718 0.0025616816507204516 0.2413533694059758 0.0009270349402956193 0.0009270349402956193 0.0013990699319531173 0.0032862765251163483 0.008426737586182745 0.06216351317642204 0.2413533694059758
303 2727 0.0025691744913866046 0.25442908851868035 0.000910557754281525 0.000910557754281525 0.0014108692897393034 0.0033786963008223545 0.008097833876543543 0.05845078288647161 0.25442908851868035
304 2736 0.0022704298030345213 0.265085568294378 0.0008956302092748773 0.0008956302092748773 0.0013375072283736795 0.0033225526201335702 0.008123704907023174 0.05392699319652068 0.265085568294378
305 2745 0.0021273741313537395 0.26579171004714286 0.0008780883509173222 0.0008780883509173222 0.0012503362045589589 0.0034197140740509133 0.007966063617243365 0.0514127733618991 0.26579171004714286
306 2754 0.001892887844372867 0.24737893829944874 0.0008453124161105192 0.0008453124161105192 0.0012448024855921482 0.0034727709643497893 0.007600583191158948 0.05266895236313728 0.24737893829944874
307 2763 0.0018950719800691085 0.2391014541360136 0.0008302919711036858 0.0008302919711036858 0.0012389586988861396 0.0034039902045608183 0.007914735483872634 0.047645944953141006 0.2391014541360136
308 2772 0.0019704238402779026 0.23651251104787646 0.0008058684293546508 0.0008058684293546508 0.0011856246560497912 0.003961927783282692 0.007837751560624176 0.04556122539293678 0.23651251104787646
309 2781 0.0019895634659969816 0.2310270486653063 0.0008104601199065298 0.0008104601199065298 0.001094655790514553 0.004042937569812015 0.007527625867452131 0.04845973016053872 0.2310270486653063
310 2790 0.0018461099429685538 0.22191939986261805 0.0007570949193570372 0.0007570949193570372 0.001058707449405739 0.004122827842846564 0.007516294067639609 0.050079235131411166 0.22191939986261805
311 2799 0.0019117094802964677 0.23314434621283808 0.0007331753210432796 0.0007331753210432796 0.0010604472928419065 0.004025629035475897 0.0075517338348529235 0.048464604636892256 0.23314434621283808
312 2808 0.0021662811562050428 0.2380770190071705 0.0007153547927268095 0.0007153547927268095 0.0010097251399198536 0.004292824932680968 0.007228715264064006 0.04740085283602012 0.2380770190071705
313 2817 0.0022098249942922882 0.2350991396629435 0.000745777105307779 0.000745777105307779 0.0009790601350423095 0.004526482866509955 0.007039202236067685 0.04535765049793153 0.2350991396629435
314 2826 0.002009091789554762 0.23502343631569952 0.0007148405473086036 0.0007148405473086036 0.0009761222621942218 0.004754958133286018 0.0070344747974600925 0.04190062825739576 0.23502343631569952
315 2835 0.0018304658948995506 0.23254559037117317 0.0007103877508936154 0.0007103877508936154 0.0009794975051648043 0.004708199836253001 0.006721396879048704 0.038135354658098496 0.23254559037117317
316 2844 0.0016941736256753056 0.23430143441992027 0.0007171110250614519 0.0007171110250614519 0.0009881097290904417 0.004181037057773741 0.00656388325002039 0.03805836621718387 0.23430143441992027
317 2853 0.0016811303318530768 0.22654608174849988 0.0007078063976693113 0.0007078063976693113 0.0009825670789030028 0.004125280622496469 0.006185672894812619 0.03757036819946538 0.22654608174849988
318 2862 0.0017291409963759228 0.22829134239879514 0.0006756616679455283 0.0006756616679455283 0.0009735342309680961 0.004078475651861413 0.0066347337936430925 0.035961323201070275 0.22829134239879514
319 2871 0.0017752765708325476 0.2322677975397306 0.0006436273879973353 0.0006436273879973353 0.000990749711713196 0.003909895992090797 0.006583104949223231 0.03557825645579709 0.2322677975397306
320 2880 0.0019210739245296184 0.2350790697469008 0.0006088687730630298 0.0006088687730630298 0.000994699689461094 0.0036183016404850907 0.006591794299117902 0.03749401444890299 0.2350790697469008
321 2889 0.0019235241253911283 0.2597072026025627 0.0005887401169021826 0.0005887401169021826 0.0009895074274933874 0.0033829817504078363 0.006511128238201059 0.03797827105203201 0.2597072026025627
322 2898 0.0018860812032980457 0.2551535850766772 0.0005803171295887582 0.0005803171295887582 0.0009679576797008685 0.003505645349896121 0.00644521021493296 0.03461063259126273 0.2551535850766772
323 2907 0.0020032395699503412 0.2609727943004736 0.0005506540517961622 0.0005506540517961622 0.0009204948200982965 0.003505466349259972 0.006254188619446813 0.033584648062125716 0.2609727943004736
324 2916 0.0018833156178088173 0.2553038568652157 0.0005220779847585606 0.0005220779847585606 0.0008981361580437938 0.003564445901582985 0.006507882045483549 0.03484261979224662 0.2553038568652157
325 2925 0.0017768332428241768 0.2518078052301215 0.0005012158421373062 0.0005012158421373062 0.0008932733150777113 0.003453630134470161 0.0063967061423396455 0.03303943222145409 0.2518078052301215
326 2934 0.0017365092377323876 0.24528817535546538 0.0004989932723119519 0.0004989932723119519 0.0008704662131086869 0.0035597403758371757 0.006146838564290362 0.03197816440605163 0.24528817535546538
327 2943 0.0018522422642616178 0.23955601271648752 0.0004824302311171821 0.0004824302311171821 0.0008360161971390182 0.0035193740656375965 0.005946860135368685 0.034836031223423804 0.23955601271648752
328 2952 0.0017675636244209323 0.23169394417523237 0.00046885803774119553 0.00046885803774119553 0.0007635610878679479 0.003564098135112536 0.005975828954203456 0.03831525066364405 0.23169394417523237
329 2961 0.0014512409693947384 0.22502855814765482 0.000445442230624416 0.000445442230624416 0.0007546414726065546 0.0036750119514564047 0.00574220873185938 0.03837286674047468 0.22502855814765482
330 2970 0.001278944761566686 0.22468531136757694 0.00041778796879144445 0.00041778796879144445 0.000719880561742614 0.003653473072126137 0.005533314671464436 0.03656686801201105 0.22468531136757694
331 2979 0.0013118514251080778 0.22363642462469677 0.00039774078716029327 0.00039774078716029327 0.0006951657747890561 0.0036584141942736215 0.005641354435397638 0.03417505694994861 0.22363642462469677
332 2988 0.001246608087488195 0.2299393773989518 0.0003839047180487293 0.0003839047180487293 0.0007034555044614722 0.0035589113487464346 0.005752418430359941 0.03336296403627306 0.2299393773989518
333 2997 0.001241677399025636 0.22549663092097408 0.0003618085052673388 0.0003618085052673388 0.0006966289027447898 0.003562935548998259 0.005645675253599287 0.03301725867766632 0.22549663092097408
334 3006 0.0012377540220282971 0.2198627951267471 0.0003883269780866313 0.0003883269780866313 0.0006696085291011473 0.0035239210527754587 0.0055051571830306645 0.032406738334892375 0.2198627951267471
335 3015 0.0011669870785723532 0.21752107922691025 0.0003835262421432878 0.0003835262421432878 0.0007138390968819032 0.003494516794917741 0.005069966868616704 0.03184018443849173 0.21752107922691025
336 3024 0.00132480741301485 0.21350895664272307 0.0003736057802846377 0.0003736057802846377 0.0006841393192497684 0.0034448747669507513 0.004783874348230881 0.03166852917853415 0.21350895664272307
337 3033 0.0013432506231056253 0.2028455191827598 0.00037274755317072785 0.00037274755317072785 0.0006708819162040428 0.003190482391831001 0.004688987429571732 0.037840411836141036 0.2028455191827598
338 3042 0.001472769297625847 0.1820383056695866 0.0003533392791889591 0.0003533392791889591 0.0006639404100094112 0.003302677272964187 0.004693287827422237 0.03892976155464791 0.1820383056695866
339 3051 0.0016471044475230615 0.17740022397156546 0.00034502436078631796 0.00034502436078631796 0.0006656372721993144 0.0033014485794463544 0.0045531658622580745 0.04226979700808503 0.17740022397156546
340 3060 0.0016638826569650097 0.186268816315907 0.0003256994742244712 0.0003256994742244712 0.00065888386502437 0.0032257529157824747 0.0044400316069102466 0.043827962017765856 0.186268816315907
341 3069 0.0016458547783623685 0.18960850618542327 0.00030663442724203945 0.00030663442724203945 0.0006523614695081646 0.003160076209453797 0.004348986707633585 0.04649102856314582 0.18960850618542327
342 3078 0.0017306977416101771 0.18809665196324502 0.0003005663514149354 0.0003005663514149354 0.000644096113880884 0.0030889566369156304 0.004278975844423727 0.04530445368470671 0.18809665196324502
343 3087 0.0019368875454872658 0.19333013815369163 0.0002861416372311106 0.0002861416372311106 0.0006331041379152241 0.0031221940234777692 0.004158873489757431 0.04537205169660903 0.19333013815369163
344 3096 0.001994636514741614 0.20821863322370074 0.0002774756208353924 0.0002774756208353924 0.0006408054108266545 0.0030654555456664694 0.004035905059767953 0.04542375745716655 0.20821863322370074
345 3105 0.0024935185295442046 0.21356411755989704 0.00027983624973314285 0.00027983624973314285 0.0005836253530628401 0.002877770230894194 0.0038670676660451874 0.046397562809959755 0.21356411755989704
346 3114 0.0030835355773318287 0.23714140952320367 0.00027684519198553355 0.00027684519198553355 0.0005837143664335841 0.002752423134044194 0.003842165664111459 0.04467014366368107 0.23714140952320367
347 3123 0.0039214447996835594 0.2422547414226575 0.0002684040655928245 0.0002684040655928245 0.0005411175958269835 0.00276560629848301 0.0038665204577140663 0.04612240823032682 0.2422547414226575
348 3132 0.004207583580341186 0.24859032224913188 0.00025947964285290455 0.00025947964285290455 0.0005533393239529023 0.00284673132490089 0.0035782979884535536 0.04548674514973929 0.24859032224913188
349 3141 0.004857824619889815 0.24634372720027167 0.00025869783904879323 0.00025869783904879323 0.0005332384681087797 0.0027183198646845096 0.003395565159591827 0.04380344213489895 0.24634372720027167
350 3150 0.005607430864158519 0.24595171201231225 0.00026461677860909426 0.00026461677860909426 0.0005306603766833454 0.002509222347350462 0.0033574661205248244 0.04652210599536234 0.24595171201231225
351 3159 0.006035498294463899 0.24893125544385208 0.00024055610111059538 0.00024055610111059538 0.0005280065197662434 0.0026381353683625837 0.00337086760688253 0.04625381050256984 0.24893125544385208
352 3168 0.00721155900855507 0.2452863274444081 0.00025001769567013624 0.00025001769567013624 0.000521406450674527 0.0025363226138661933 0.0032918824426223397 0.04555078833393739 0.2452863274444081
353 3177 0.007166096401963868 0.2425246367633502 0.00023443180283701316 0.00023443180283701316 0.0005125652534885783 0.0024522223533571187 0.0033884572674401808 0.0512163880923568 0.2425246367633502
354 3186 0.007220008540206755 0.23619025144418498 0.0002251377984230035 0.0002251377984230035 0.0005131142963956917 0.002382160262127554 0.003380804085819226 0.05042029378552403 0.23619025144418498
355 3195 0.007612158198895163 0.2459711777455733 0.00022749562533105273 0.00022749562533105273 0.0005175103314053849 0.0021744755509660683 0.003396830531775806 0.04885007803482241 0.2459711777455733
356 3204 0.007506817960632126 0.22821409316316102 0.00022451996730907863 0.00022451996730907863 0.0005131517963886781 0.0024532859071182828 0.003231574546361088 0.05024881688838152 0.22821409316316102
357 3213 0.007679130256117888 0.2260256500040406 0.0002173623697265477 0.0002173623697265477 0.0005452055582270885 0.002414641436647685 0.0031624065682335353 0.04873243698342461 0.2260256500040406
358 3222 0.007662880700151717 0.22791549105703923 0.00021170854471229015 0.00021170854471229015 0.000574548365681508 0.002276386636343519 0.00324090031099899 0.04488306193706521 0.22791549105703923
359 3231 0.006624675404866 0.21905883425026856 0.0002177259897234132 0.0002177259897234132 0.0005712040290506217 0.002248067663467969 0.00317530221354603 0.044056726627474854 0.21905883425026856
360 3240 0.006151020820229463 0.22232959348124262 0.00021722518258507248 0.00021722518258507248 0.0005574071632116879 0.0022262529654938274 0.0031463539986105855 0.03982322972481679 0.22232959348124262
361 3249 0.0056425595157598065 0.2214241539030034 0.00021519979597406155 0.00021519979597406155 0.0005507647660844214 0.0022162525821950714 0.0029084741073808337 0.03974644924821533 0.2214241539030034
362 3258 0.006032236759594926 0.2121981423787013 0.0002174813415295559 0.0002174813415295559 0.0005303889552191013 0.0021746762461906455 0.002902577738790675 0.03804093346399229 0.2121981423787013
363 3267 0.005660894068355357 0.21554024389063944 0.00022602318103765546 0.00022602318103765546 0.0005421266100970644 0.00231721326073116 0.0028300066672305355 0.03560490621363891 0.21554024389063944
364 3276 0.005743949196259568 0.21123357404654014 0.0002209083394295024 0.0002209083394295024 0.0005635475086072829 0.002234257841742053 0.002678905634153128 0.0347730641100362 0.21123357404654014
365 3285 0.005514662620945494 0.21754906743902197 0.00021804659975173746 0.00021804659975173746 0.0005534593271308744 0.0023276192292648766 0.0026576896434994464 0.032771280545253405 0.21754906743902197
366 3294 0.004784205656328574 0.1995679068919316 0.00021663252418420987 0.00021663252418420987 0.0005693059091974995 0.0024095675086758086 0.0026282436820421356 0.03048705611847052 0.1995679068919316
367 3303 0.004625911441027922 0.17680401637891868 0.00020921983832951826 0.00020921983832951826 0.0005725725482376032 0.0023986487413584943 0.0025950064628988676 0.029091253205220324 0.17680401637891868
368 3312 0.004027641464726247 0.17420281284508815 0.0002066985158857108 0.0002066985158857108 0.0005899929212023232 0.0023294747399596424 0.0024557842563576833 0.027863863820947774 0.17420281284508815
369 3321 0.003890709387449821 0.16902619847861394 0.00020762237510587531 0.00020762237510587531 0.0005442117439352464 0.002262271638334552 0.002468357720492303 0.02668030819020501 0.16902619847861394
370 3330 0.003605124397449899 0.16420559145506597 0.0002134365640132959 0.0002134365640132959 0.0005457314696885803 0.0022465932929590293 0.0024294948952393617 0.02504059702437225 0.16420559145506597
371 3339 0.0029582622759233455 0.15281766003441544 0.0002056308762156944 0.0002056308762156944 0.0005578219828192078 0.0022653272148096264 0.0024329088764055568 0.0241846973806826 0.15281766003441544
372 3348 0.0029273088653530735 0.145554741440546 0.00019683925900979948 0.00019683925900979948 0.0005661207716455538 0.0022180836544330833 0.0024576531068497267 0.022927941553453696 0.145554741440546
373 3357 0.0029514812557903986 0.15017265118434858 0.00020420855341159538 0.00020420855341159538 0.0005639338350051284 0.002167709971638646 0.00248837618356985 0.021629902130592408 0.15017265118434858
374 3366 0.0028883159289735684 0.1435107359102187 0.00022676974614652674 0.00022676974614652674 0.0005619449131867118 0.0020628726380055224 0.0023662172324746948 0.021393613631778014 0.1435107359102187
375 3375 0.003040980466406532 0.14328595116047255 0.00021856206968886213 0.00021856206968886213 0.0005248075877080253 0.002103247623657346 0.0024360069283848188 0.02074918464310621 0.14328595116047255
376 3384 0.0027317148138828935 0.13094165453566153 0.0002224664881903894 0.0002224664881903894 0.000545015624066255 0.0020858626180383717 0.002519701765944301 0.02069297872580123 0.13094165453566153
377 3393 0.0026813687964284943 0.12858876758244833 0.00020813000244308472 0.00020813000244308472 0.0005393845494056608 0.0019922751519651115 0.0024089079071536222 0.021061337145970905 0.12858876758244833
378 3402 0.0026008761456752013 0.12575484924539193 0.00020522940006309203 0.00020522940006309203 0.0005342411333621388 0.0018988648938877382 0.0023035241522831825 0.021526781157013442 0.12575484924539193
379 3411 0.0024103633864607644 0.12896657921451035 0.0001984262511968414 0.0001984262511968414 0.0005028467620967077 0.00190299064112205 0.002303984830310493 0.02130941620944225 0.12896657921451035
380 3420 0.0023084249478089987 0.11516044484242664 0.00018846689988460968 0.00018846689988460968 0.0005091923907807168 0.0019156507595394078 0.0023635500657005278 0.021327865864504462 0.11516044484242664
381 3429 0.0021825659235084434 0.11036771769883318 0.00018508160922491251 0.00018508160922491251 0.0005132070270734693 0.0018649779574228594 0.002467066947999355 0.019744766508761467 0.11036771769883318
382 3438 0.0022230097785407707 0.10485364193578377 0.00018550781436819675 0.00018550781436819675 0.0005137335504291349 0.0018537357501583929 0.0023954059809740717 0.019388291998847222 0.10485364193578377
383 3447 0.0021099082076180375 0.09843846774519022 0.00018366972890862654 0.00018366972890862654 0.00048455281757713476 0.0020473627272045093 0.002392793550009426 0.018810480062615733 0.09843846774519022
384 3456 0.0017943198872378192 0.09690131219770128 0.000185265268819466 0.000185265268819466 0.0004917020445363235 0.0020169927477016753 0.0024306766364693613 0.01710296479662398 0.09690131219770128
385 3465 0.0016595872176344438 0.09485084839559381 0.00017600139688970593 0.00017600139688970593 0.000495019287088631 0.0019677644471308665 0.0022563701739340305 0.01697557441778707 0.09485084839559381
386 3474 0.0015731988211295173 0.09450812513677578 0.00015578165513942396 0.00015578165513942396 0.0004967826209050507 0.0019283653116651271 0.002227673840342958 0.01728406983812602 0.09450812513677578
387 3483 0.001469107853387161 0.09145543530661895 0.00015362842032821454 0.00015362842032821454 0.00048658844303108955 0.0017655696241631062 0.002218236341793139 0.01806251652787722 0.09145543530661895
388 3492 0.0014941965133488616 0.08694502563400074 0.00014793715422188315 0.00014793715422188315 0.00047307563930647 0.0017395273967067977 0.0022094457769296647 0.017975393087571807 0.08694502563400074
389 3501 0.0015568475592722692 0.09071313245537889 0.00014794386216868848 0.00014794386216868848 0.0004470678685877402 0.001718378869681059 0.0021626554700240343 0.017625995825853308 0.09071313245537889
390 3510 0.0015376087075759648 0.09052160839806864 0.00015133593647233295 0.00015133593647233295 0.0004466319021049033 0.0016024530413705743 0.002323790694857401 0.01632896242210808 0.09052160839806864
391 3519 0.001478860525310049 0.09224888148217995 0.00015127162501105812 0.00015127162501105812 0.0004286481833612959 0.0016168387642239213 0.002316388337125467 0.015057205769310076 0.09224888148217995
392 3528 0.0014469717782294703 0.09289363454147428 0.00015105292490517598 0.00015105292490517598 0.0004072469110750371 0.0016237671603465853 0.0022169096391275026 0.014943218869041939 0.09289363454147428
393 3537 0.0014812696677634857 0.0932513137749644 0.00014886566194713462 0.00014886566194713462 0.00038114834072598767 0.0016517348715456121 0.0022550504264406577 0.014129203828105565 0.0932513137749644
394 3546 0.0013491355638769406 0.09222916649248902 0.00014558024945057586 0.00014558024945057586 0.000382864012188183 0.0015731820813345552 0.002262364707794758 0.01381667356472786 0.09222916649248902
395 3555 0.0011488320219872972 0.0908265402213731 0.0001441797554611026 0.0001441797554611026 0.0003903992593012356 0.0014620712150615392 0.0021398599017332025 0.013378494815382924 0.0908265402213731
396 3564 0.0010030626281189153 0.09046131116487965 0.0001397041484573817 0.0001397041484573817 0.00039357354695658016 0.0014244184262862984 0.00196586643428236 0.012940006270677118 0.09046131116487965
397 3573 0.0008381707241331899 0.08968647836023222 0.00013381355176913541 0.00013381355176913541 0.0003946717722215328 0.0013354430270213974 0.0019495051468243858 0.012418034415258935 0.08968647836023222
398 3582 0.0007991915899708987 0.08803842757327497 0.00013024541701255561 0.00013024541701255561 0.0003759430101635105 0.001230410317762664 0.0019485937420236014 0.012195305148618893 0.08803842757327497
399 3591 0.0007761588903831156 0.08765115155052473 0.0001275621688007025 0.0001275621688007025 0.0004025283612167268 0.0012478158037739842 0.0018115863688436121 0.011848197578984457 0.08765115155052473
400 3600 0.0007167324917705419 0.08624350332122309 0.00012716730347146283 0.00012716730347146283 0.000392864710397234 0.001249398639570515 0.0017735390124284458 0.01131512707275439 0.08624350332122309
401 3609 0.0007003721508189046 0.0830309429568215 0.0001268527966832092 0.0001268527966832092 0.00036916072325637476 0.001277787556140194 0.0017086680836405112 0.011181231295259778 0.0830309429568215
402 3618 0.000730470036809357 0.082547823252449 0.00011512044663068256 0.00011512044663068256 0.0003626865822228895 0.0013274715033036273 0.0017098690620004347 0.010958777370485968 0.082547823252449
403 3627 0.0006293320827212033 0.08183437832799328 0.00011043398897831673 0.00011043398897831673 0.0003956732877070275 0.0013769799465878395 0.001645597937738983 0.010760289095409289 0.08183437832799328
404 3636 0.0005649788196568208 0.08032788066595137 0.000110160408040183 0.000110160408040183 0.0003605629128945177 0.001359480853873247 0.0016004315107914933 0.010720062439257909 0.08032788066595137
405 3645 0.0005643823392753229 0.08067234424873354 0.00010689074046930672 0.00010689074046930672 0.0003625727964872324 0.0013451491448241437 0.0015312989266215383 0.010540756707734938 0.08067234424873354
406 3654 0.0005998365051502312 0.07884719795569654 0.00010538504761048306 0.00010538504761048306 0.00036251314459016695 0.0013011920397430082 0.0015693735006419877 0.010373226019830569 0.07884719795569654
407 3663 0.000625060966940252 0.08295696420334867 0.00010350620689831991 0.00010350620689831991 0.00035023787174804337 0.001262414369444825 0.001632055506383974 0.009891212255560385 0.08295696420334867
408 3672 0.0006059426632104533 0.08249595764111589 0.0001032764565575615 0.0001032764565575615 0.00038543643206114637 0.0012194348513461062 0.001556609480230249 0.009599088404944304 0.08249595764111589
409 3681 0.0005680176467940869 0.08272283856122119 0.00010110608078984845 0.00010110608078984845 0.00038823761800805206 0.0011481118169169493 0.0014943707698164203 0.009284406111073845 0.08272283856122119
410 3690 0.0006571838019226513 0.08155808823863979 9.886570135939978e-05 9.886570135939978e-05 0.0003892602483752857 0.0010449495179159173 0.0014684871555256105 0.009173989041422144 0.08155808823863979
411 3699 0.0006300604983486931 0.0862179016426673 9.39017256648292e-05 9.39017256648292e-05 0.000400303185115184 0.0011432875937693382 0.00141641479927659 0.008980026613162443 0.0862179016426673
412 3708 0.0005967166306736743 0.08470833838515175 9.401889394637356e-05 9.401889394637356e-05 0.00040431902871168265 0.0011254296402865105 0.0014025284754890736 0.008612311894759812 0.08470833838515175
413 3717 0.0005993145637337922 0.08251631421110897 9.344567713271464e-05 9.344567713271464e-05 0.00039587023774961447 0.0011057342930450883 0.0014130239744785719 0.008132850389809173 0.08251631421110897
414 3726 0.0005273557120094234 0.08039831321487276 8.84351200590552e-05 8.84351200590552e-05 0.00041733178344747015 0.0010742340225049685 0.0013937332857648132 0.00778896941291953 0.08039831321487276
415 3735 0.000452248999479933 0.07999083696710774 8.041646090604693e-05 8.041646090604693e-05 0.0004045085630312999 0.0010503853279311528 0.0014111399790467346 0.0076605184788828785 0.07999083696710774
416 3744 0.00042242270034535727 0.07701009719128653 8.04971718178172e-05 8.04971718178172e-05 0.0004036962111765305 0.0010314301900200315 0.0014475042311247418 0.0066763668044891025 0.07701009719128653
417 3753 0.00038623916347933817 0.07214352440745443 7.81017698440858e-05 7.81017698440858e-05 0.0004246788029695483 0.0009995386145521064 0.0014585792858364378 0.006320145017345732 0.07214352440745443
418 3762 0.00035667858766701697 0.07253265474514017 7.702881070287025e-05 7.702881070287025e-05 0.0004089533919389544 0.0009481623878793246 0.0014447758535135107 0.006146935486858235 0.07253265474514017
419 3771 0.00033705834750705346 0.07132433025231946 7.79456609141158e-05 7.79456609141158e-05 0.000402465958106819 0.0009554000739308746 0.001355383665178472 0.00592021809890006 0.07132433025231946
420 3780 0.0003034064931878589 0.07046238918541961 7.422397735385858e-05 7.422397735385858e-05 0.0004081397948457961 0.0009384417468015942 0.001348778128861403 0.00549597500915909 0.07046238918541961
421 3789 0.0002778002959934325 0.06819728331796776 7.036186564558574e-05 7.036186564558574e-05 0.00041194321342020475 0.0008883549903066877 0.00135379052152486 0.005409268709464739 0.06819728331796776
