% # columns="iteration, evaluation, sigma, max axis length,  min axis length, all principal axes lengths  (sorted square roots of eigenvalues of C)", seed=485154, Thu Nov 30 11:00:25 2023
1 9 2.161562422509007 1.0000416675347343 1.0 1.0 1.0000083333680556 1.0000166668055563 1.0000250003125026 1.0000333338888951 1.0000416675347343
2 18 2.43682692475418 1.2300009951493653 0.8839399996830207 0.8839399996830207 0.9577013786279857 0.9977020806018174 1.0032083771914515 1.0207725323022305 1.2300009951493653
3 27 2.4263520732256154 1.4035254966913588 0.8569046871687718 0.8569046871687718 0.8783995491343607 0.9859817161887015 0.9967595400166196 1.021044700172965 1.4035254966913588
4 36 2.2867550793454186 1.4340972603346618 0.7703955310585224 0.7703955310585224 0.8562038117986852 0.9705667296041172 0.9875916585443957 1.1068604541965599 1.4340972603346618
5 45 2.550687910745723 1.4074823424256242 0.7104298002254488 0.7104298002254488 0.8472971996931298 0.9522770758701496 0.9978005984317433 1.0967411085220096 1.4074823424256242
6 54 2.7178930838274913 1.3651921740384636 0.7146992609325605 0.7146992609325605 0.8417864382326613 0.9405653805153295 1.0965564700232697 1.1386076935304368 1.3651921740384636
7 63 2.6895505463261475 1.3624563018543334 0.7064851329110613 0.7064851329110613 0.8548684525552142 0.9082629313940535 1.0847306478265324 1.2163257750132308 1.3624563018543334
8 72 2.767149977894645 1.3951877015966012 0.7010600653981541 0.7010600653981541 0.8342335036082835 0.877265161775909 1.0048252038889511 1.1963529879155372 1.3951877015966012
9 81 2.541371108268482 1.4075820128580607 0.739892453842563 0.739892453842563 0.808217283948682 0.8848989285651415 0.9195681128974615 1.185960129177765 1.4075820128580607
10 90 2.137485903612456 1.3971979391855165 0.7340421835759909 0.7340421835759909 0.7833537828713159 0.8207465084348264 0.8970616102716733 1.1658398051496903 1.3971979391855165
11 99 2.0468950363781473 1.374710081108358 0.6432035405112867 0.6432035405112867 0.7695409183047419 0.8118506355497437 0.9414209596951599 1.1120312612770835 1.374710081108358
12 108 1.7685149125108384 1.4061447623054766 0.5984124998858807 0.5984124998858807 0.7726735570705293 0.7847305601699045 0.9247083303175057 1.1174129452752115 1.4061447623054766
13 117 1.563735293537221 1.4030234461751934 0.5809408210361429 0.5809408210361429 0.6812818956767686 0.7897768743215453 0.9301366133981848 1.1092808448609206 1.4030234461751934
14 126 1.4069372270867853 1.3980472840104936 0.5112268743891404 0.5112268743891404 0.6559883558716004 0.798799297629749 0.9086514643147692 1.0998415408608437 1.3980472840104936
15 135 1.2150168585175218 1.3856934852493528 0.4919699198584782 0.4919699198584782 0.6346943449195248 0.7979271091403018 0.8881861043785642 1.0652447290475247 1.3856934852493528
16 144 1.1415446271103624 1.3333122056596762 0.4615879669885739 0.4615879669885739 0.6577554731543277 0.819470097281189 0.8617113667890804 1.0067194679870695 1.3333122056596762
17 153 1.1399045225556508 1.358054045933673 0.4335396786030607 0.4335396786030607 0.6472540638838997 0.7895541624379788 0.8682759618070737 0.9983906992072156 1.358054045933673
18 162 1.3048026807214155 1.324966781218586 0.4212150107150716 0.4212150107150716 0.6515251032978223 0.759861053103224 0.8757422738936531 0.9974335725508122 1.324966781218586
19 171 1.411532953873587 1.4166488020011758 0.380068626085956 0.380068626085956 0.6685401780784116 0.7771493509179195 0.8528412223925315 1.100474000518578 1.4166488020011758
20 180 1.400128301042358 1.369038902341794 0.3517406332295819 0.3517406332295819 0.6634538641377096 0.7834710430684031 0.8809885486849381 1.110996435506474 1.369038902341794
21 189 1.1881200440013655 1.407697407009647 0.3158031993255556 0.3158031993255556 0.6162762617890057 0.7725870432107588 0.8852513187560807 1.11998037438981 1.407697407009647
22 198 1.0090915122666313 1.4330149539771684 0.2979574739709177 0.2979574739709177 0.6070094412281647 0.7847523214831045 0.8536788138124634 1.0436586378855532 1.4330149539771684
23 207 1.0982231522729766 1.4126201031695256 0.269176875996408 0.269176875996408 0.6090088453928052 0.750115567987043 0.8550728069248432 1.0014534147904863 1.4126201031695256
24 216 1.2018476506597222 1.4002875456759556 0.23596638594542643 0.23596638594542643 0.5983572558917066 0.7295748377092618 0.8418008442986392 1.1997798620575764 1.4002875456759556
25 225 1.335316464759807 1.4280269630275946 0.21855069312990866 0.21855069312990866 0.577266848921909 0.7134329927965909 0.8599231439368558 1.297190826602807 1.4280269630275946
26 234 1.3547451760198648 1.4393665930955808 0.21352882714066976 0.21352882714066976 0.5316302673601443 0.7047667566660349 0.9134939854475713 1.346966466492632 1.4393665930955808
27 243 1.3589095255083943 1.4954103045381322 0.1989928497819338 0.1989928497819338 0.5288923215932596 0.7006328647848918 0.9081348580507567 1.226767099543979 1.4954103045381322
28 252 1.4108937789395801 1.5104553570898622 0.17397713024581363 0.17397713024581363 0.5248468960321971 0.6850415386118416 0.943378180415695 1.3023527021351848 1.5104553570898622
29 261 1.3478392016760963 1.47679644706842 0.16086703064124916 0.16086703064124916 0.5451136375368576 0.6688908939454382 0.9402712469185196 1.3438916932370781 1.47679644706842
30 270 1.2824159802926398 1.505234393778667 0.1437741585431598 0.1437741585431598 0.5299629823594085 0.6531100161439117 0.941624235616588 1.3291440445234717 1.505234393778667
31 279 1.347950948991678 1.4415726486969023 0.1326460808533481 0.1326460808533481 0.5353012997594688 0.6562860035104654 0.9490224789747308 1.3108787229325947 1.4415726486969023
32 288 1.478726392373769 1.4425537544729126 0.1282197751841992 0.1282197751841992 0.528166275678549 0.6623135784856534 0.9187922947941698 1.33402218537741 1.4425537544729126
33 297 1.5497903146303427 1.4218178419697403 0.12006877370898403 0.12006877370898403 0.5391989306946662 0.6995850621970946 0.8843550564785236 1.3642376805070904 1.4218178419697403
34 306 1.6937350341693242 1.4358424047529885 0.11084215360714965 0.11084215360714965 0.5300317592477969 0.7186493092857281 0.8765927127230179 1.307727528969045 1.4358424047529885
35 315 1.633809039444049 1.4543380634006429 0.10613499379289705 0.10613499379289705 0.5142391685821203 0.7274534072939691 0.8684059701692135 1.4298605812375307 1.4543380634006429
36 324 1.7436989892057857 1.4388158835918334 0.10325687028011248 0.10325687028011248 0.5263485655437536 0.6899702168821483 0.8787076336104473 1.3734096146458232 1.4388158835918334
37 333 1.756294735877399 1.52888155588366 0.09154201172230127 0.09154201172230127 0.5210987616986534 0.6896912812225668 0.8885425724889661 1.4036231768936622 1.52888155588366
38 342 1.497754320723442 1.5036952193284543 0.08929690012037886 0.08929690012037886 0.5285684028818792 0.6461002122319969 0.9108320025281957 1.3557286048387007 1.5036952193284543
39 351 1.3403643206382132 1.4908187960048158 0.08622273752401463 0.08622273752401463 0.5029658974434827 0.6576322336128452 0.8625873073382607 1.3559342862346115 1.4908187960048158
40 360 1.1913495370734548 1.4907941403186669 0.08114863310241097 0.08114863310241097 0.49402514648676216 0.6446196991701455 0.8430060210438209 1.2964836966296054 1.4907941403186669
41 369 0.9766438050112332 1.4627962129039578 0.07888207213895425 0.07888207213895425 0.5005581729624261 0.6139351472472175 0.8269676484352672 1.2285848213949186 1.4627962129039578
42 378 1.0484480109288186 1.402204670118632 0.07728435255086066 0.07728435255086066 0.48891839818055555 0.5969684900776645 0.7885710248806226 1.1908661961847429 1.402204670118632
43 387 1.038423430001738 1.3275535110921017 0.07743399310306033 0.07743399310306033 0.5106668727650802 0.6247128390946192 0.8057818062040215 1.1609962968027463 1.3275535110921017
44 396 1.007078155677604 1.3907956525703333 0.07486993091952243 0.07486993091952243 0.4775681039193622 0.6201527808768502 0.7765104859534915 1.1205078567559077 1.3907956525703333
45 405 0.9039229442121164 1.3882678235485653 0.07296472472773982 0.07296472472773982 0.4617574700957286 0.6255591187592878 0.7909420748191237 1.0830648875161915 1.3882678235485653
46 414 0.7996814496365872 1.4049649471971488 0.06625806992242914 0.06625806992242914 0.4663159170196509 0.6371035816036082 0.7461794977864353 1.0408582841213951 1.4049649471971488
47 423 0.6809307766144708 1.3648998323584787 0.06407890120134267 0.06407890120134267 0.44656763567942487 0.6228104796208523 0.7507599749132136 1.0127391590665384 1.3648998323584787
48 432 0.6351148612307266 1.363981341916312 0.05753373882349275 0.05753373882349275 0.4297654880851164 0.6117090203989081 0.7521021176944157 0.99769062647935 1.363981341916312
49 441 0.6340677029070928 1.3525714920697567 0.05625388852057615 0.05625388852057615 0.412530738537834 0.567014268986818 0.7593361610648743 0.9996698729006138 1.3525714920697567
50 450 0.7215482156797104 1.43262908820173 0.05342140048807092 0.05342140048807092 0.412023364570628 0.5970137275165789 0.7394586772701972 0.9407358654179013 1.43262908820173
51 459 0.8308298245841724 1.43402800329608 0.053439703410052435 0.053439703410052435 0.3765514149406364 0.6303316436538174 0.7397077807766909 0.9899277672513277 1.43402800329608
52 468 1.0466314412940438 1.386476270392349 0.05370380330697815 0.05370380330697815 0.38859355430564996 0.60312382129577 0.729890991136842 1.0572496023344833 1.386476270392349
53 477 1.0790610491379682 1.3970876207659195 0.05322473289689942 0.05322473289689942 0.3571706161790602 0.6190740490770287 0.7478819105955697 1.0555419030268685 1.3970876207659195
54 486 0.8956247185951259 1.4003963684312601 0.05029400923806104 0.05029400923806104 0.34455402173508004 0.5905365331232467 0.7631942354432545 1.0475934267297173 1.4003963684312601
55 495 0.856756187202433 1.3334647634024694 0.050106897874024565 0.050106897874024565 0.3380808765348043 0.580214790427424 0.753862290210389 1.016149446418196 1.3334647634024694
56 504 0.7491985871377522 1.3099771296139429 0.04855956430823514 0.04855956430823514 0.33215695694287317 0.634472874894363 0.7255910909905993 1.0360816743889363 1.3099771296139429
57 513 0.6226602384349126 1.2729221233624022 0.047026684705023074 0.047026684705023074 0.3148980661456127 0.6487169636195419 0.7224037693583455 0.9736462565516025 1.2729221233624022
58 522 0.6149833810040835 1.25997622573553 0.04558782543010375 0.04558782543010375 0.29579217757576953 0.6375521908602017 0.7152273475997724 0.930373002882543 1.25997622573553
59 531 0.6770444450955564 1.3465497949390903 0.04119819780541371 0.04119819780541371 0.29256233853245833 0.6235016332313277 0.7104363844228547 0.9038556637633878 1.3465497949390903
60 540 0.6870530166500728 1.4446723643008592 0.037770136520296205 0.037770136520296205 0.285653236628704 0.6104438930115192 0.7149507045090071 0.9184239909315851 1.4446723643008592
61 549 0.6666820957481839 1.4617611366662777 0.03318778763390601 0.03318778763390601 0.28884400960392237 0.6016028118420546 0.7204100768068319 0.9601815664015425 1.4617611366662777
62 558 0.6336476873631399 1.4406486032983878 0.03237387974391598 0.03237387974391598 0.28917434789540414 0.5663909451117937 0.7463518622921063 0.9764700844376942 1.4406486032983878
63 567 0.5693830184796742 1.3963368650188113 0.029703737716653918 0.029703737716653918 0.2787091162518043 0.5706034044050641 0.8120393272298412 0.9844634237041574 1.3963368650188113
64 576 0.5077661707610245 1.375779426080384 0.02666568777807263 0.02666568777807263 0.266185185112532 0.5715796123462369 0.8155861043016247 0.9890745806359433 1.375779426080384
65 585 0.4797815239097246 1.3170600874688028 0.02515955342164168 0.02515955342164168 0.25665346599889083 0.5542520891516513 0.8284354146798044 0.9843598245345756 1.3170600874688028
66 594 0.4692409673967646 1.358209851343924 0.024854000378502716 0.024854000378502716 0.24098488629279927 0.5411078668774008 0.8363904207232877 1.0023416981599065 1.358209851343924
67 603 0.40544121095338326 1.35268364674968 0.02509602568700992 0.02509602568700992 0.22388522608545183 0.55352354113103 0.7866672489149347 1.0123207601401865 1.35268364674968
68 612 0.4091656461193385 1.3378522493650151 0.02468443979084197 0.02468443979084197 0.21063696431826154 0.5438859599200587 0.7516504385821627 0.9591686813265439 1.3378522493650151
69 621 0.43225314022614003 1.4023965460640202 0.025200839416801117 0.025200839416801117 0.200578181484357 0.5411206032018406 0.713957137214784 0.9197436086595536 1.4023965460640202
70 630 0.4432175685914609 1.4355697315284521 0.026141039843011128 0.026141039843011128 0.19142987774481357 0.5120151937840486 0.7022931790284983 0.8955554114643275 1.4355697315284521
71 639 0.44201963492563123 1.4255676326452897 0.02597662038171747 0.02597662038171747 0.18860795534817504 0.503064092999517 0.7508160871051429 0.8250733448141118 1.4255676326452897
72 648 0.4559362967424798 1.4153423144633053 0.025465065489881783 0.025465065489881783 0.18331133219031978 0.49250801506387326 0.7327656342487611 0.8311643677666716 1.4153423144633053
73 657 0.40769451778336513 1.3596328907191402 0.02534492048673446 0.02534492048673446 0.1671637522198552 0.48691409354643345 0.7736245979479737 0.8314369118208179 1.3596328907191402
74 666 0.3805909802865859 1.3640988862056986 0.024782130592029324 0.024782130592029324 0.16202479729569033 0.4523263119818511 0.7565906892813004 0.8567883096150936 1.3640988862056986
75 675 0.3757265350095448 1.359154219075063 0.024847171766578573 0.024847171766578573 0.16266630498335388 0.4162127752313132 0.7110519814125561 0.862512390651801 1.359154219075063
76 684 0.35691588861531304 1.4337193677328979 0.024504571046189128 0.024504571046189128 0.1590514931934181 0.3760432417599697 0.688179523970903 0.8646104683660067 1.4337193677328979
77 693 0.3599672149940938 1.4191116619005075 0.02431765169847098 0.02431765169847098 0.1514056964810968 0.3600343668601159 0.7146606540180152 0.8628949579041992 1.4191116619005075
78 702 0.3509539021284489 1.4591724886315993 0.024528672699037562 0.024528672699037562 0.1489855067842628 0.32723073830085014 0.7384034919448271 0.853547104519023 1.4591724886315993
79 711 0.34464121226254046 1.4955210728527557 0.024511464741590605 0.024511464741590605 0.1370321856213678 0.31458023373525484 0.7122413366392464 0.8633375858075378 1.4955210728527557
80 720 0.3322071607641946 1.5005209167637568 0.023903836621852845 0.023903836621852845 0.1361804921845524 0.31799683663208866 0.6665010232465913 0.8740703624985354 1.5005209167637568
81 729 0.35178326315748865 1.3605329304386615 0.023332347399846385 0.023332347399846385 0.13471158005120218 0.3147013713950503 0.6940584449604122 0.861037436364574 1.3605329304386615
82 738 0.3627860671113395 1.3172222860572513 0.022485798068539224 0.022485798068539224 0.12348059404100985 0.3183842028169533 0.7909801705076165 0.9112274184475297 1.3172222860572513
83 747 0.30183796564269383 1.2804198758642307 0.02106654631427921 0.02106654631427921 0.1204022647677814 0.30687281044430714 0.8208232447699754 0.925179115763544 1.2804198758642307
84 756 0.26777997822477667 1.2749131783906815 0.020745464068706747 0.020745464068706747 0.11082462589220654 0.2926186032105528 0.871935258224333 0.9020784504318768 1.2749131783906815
85 765 0.23874508124724217 1.2771619122848097 0.01975728197751326 0.01975728197751326 0.10429532125896271 0.28872376311281994 0.854407458836988 0.9043839750122314 1.2771619122848097
86 774 0.22698360324014946 1.2038440971586202 0.01800342966229 0.01800342966229 0.10293841221388175 0.30100496939737315 0.8344781312804298 0.9071972484619336 1.2038440971586202
87 783 0.19171828507529723 1.2048956318695385 0.017382485221025472 0.017382485221025472 0.09873450719135038 0.28602427047210177 0.875658756762232 0.8909506467627017 1.2048956318695385
88 792 0.17255811692247616 1.1349176334422262 0.017313844039195826 0.017313844039195826 0.0914256450803828 0.28441303261034584 0.8524021824223499 0.8906053264700897 1.1349176334422262
89 801 0.14704778765219284 1.1552532931912238 0.0161740096162153 0.0161740096162153 0.09150823228837258 0.27761791780174516 0.8036536919739062 0.8784822431549616 1.1552532931912238
90 810 0.15081960284081686 1.192356278832278 0.016323633309262762 0.016323633309262762 0.08488560813929191 0.2749110705240071 0.7609402486028158 0.8193596237587705 1.192356278832278
91 819 0.16678323473986184 1.1645994632249725 0.016514435535046963 0.016514435535046963 0.07522929025567505 0.27599748844772987 0.8068298646386025 0.8261911605377353 1.1645994632249725
92 828 0.18193218925086016 1.1973750722725192 0.016124145211264988 0.016124145211264988 0.07425890847422376 0.2785073711326532 0.810364809931113 0.8422039185870417 1.1973750722725192
93 837 0.1904457477311018 1.1703888566837408 0.01589762221510512 0.01589762221510512 0.07311616554371096 0.2879169481504937 0.7941793877259876 0.8276906136483463 1.1703888566837408
94 846 0.21988891649819017 1.1938423509759004 0.015440036745699602 0.015440036745699602 0.07161539291575207 0.26763656843912853 0.7937486879414931 0.864055141886487 1.1938423509759004
95 855 0.2640515021217509 1.21815552570253 0.014802654295282177 0.014802654295282177 0.06868633228425232 0.2678039365464808 0.8082739474700547 0.9343802917492405 1.21815552570253
96 864 0.25421807582210665 1.400032035565989 0.01465689671928249 0.01465689671928249 0.06532571604178841 0.2612678469506964 0.8144389111005893 0.9483996552636138 1.400032035565989
97 873 0.223766190073589 1.3465376498225405 0.014170160852874628 0.014170160852874628 0.06500306223640413 0.2593612399764784 0.8208933197900365 0.9150557647699373 1.3465376498225405
98 882 0.21329835117302842 1.3264446637849674 0.013369278184879178 0.013369278184879178 0.06400521718730155 0.25355816523103414 0.7993972114962862 0.8986994737889977 1.3264446637849674
99 891 0.2019404321506921 1.3912644491951294 0.012584667259341532 0.012584667259341532 0.06103294031875501 0.25917585016550515 0.7914992668693108 0.8518488191782455 1.3912644491951294
100 900 0.18545474020190122 1.3791346552884907 0.011459271724819196 0.011459271724819196 0.05940623482182668 0.26199387723927936 0.8003348876039863 0.8475624006079953 1.3791346552884907
101 909 0.17392181397305015 1.3862218018263706 0.011092718324994854 0.011092718324994854 0.05626238337659121 0.261853130614095 0.761192915796953 0.868990521260648 1.3862218018263706
102 918 0.16518748009588072 1.3572490420351717 0.010909891136312385 0.010909891136312385 0.05226596282479241 0.26395404900427116 0.7391302911334311 0.8833075732921462 1.3572490420351717
103 927 0.16811812432722134 1.3371547879433432 0.010560568706351435 0.010560568706351435 0.05119699975111839 0.2588895857293792 0.712152815868432 0.900297798531437 1.3371547879433432
104 936 0.17724347043393499 1.329592756827986 0.010788286583251311 0.010788286583251311 0.0447968072426014 0.25856482671013353 0.7161733794216726 0.9629558190645272 1.329592756827986
105 945 0.17996990115224665 1.3354994331946046 0.010061247207571247 0.010061247207571247 0.04457626203673461 0.24220183783423135 0.694075355461796 1.082272497621857 1.3354994331946046
106 954 0.19923950462957918 1.4369218946540403 0.009845381555860556 0.009845381555860556 0.043839068804942476 0.219963528087681 0.6824567944007833 1.0623826753668086 1.4369218946540403
107 963 0.22106837262473863 1.5473207801375792 0.010001874507862843 0.010001874507862843 0.04418507099091083 0.21635642917046605 0.6422068849852898 1.029648377425815 1.5473207801375792
108 972 0.26570163137330194 1.578380768440096 0.010291678601495395 0.010291678601495395 0.042128949808997104 0.19691572073819877 0.6476354756405919 1.0667308042260994 1.578380768440096
109 981 0.29134824682060134 1.658995759676141 0.010580822752346498 0.010580822752346498 0.0421687157378235 0.21126969635187826 0.624731516727245 1.0299464531937854 1.658995759676141
110 990 0.3598448638639671 1.6699943520756828 0.01097276395162544 0.01097276395162544 0.04157466866076257 0.2253800074641171 0.6149574195225819 0.970022513281456 1.6699943520756828
111 999 0.4795862424838663 1.671112492272031 0.010580502299238662 0.010580502299238662 0.041243148933436766 0.21990374257314269 0.6641293346744045 0.9698290440047312 1.671112492272031
112 1008 0.5611983970277116 1.584405005171186 0.01021915379951625 0.01021915379951625 0.04116513132615165 0.2245470160460168 0.664784553863643 0.9844271802563279 1.584405005171186
113 1017 0.5529484203377428 1.6926184397688775 0.010225361531053103 0.010225361531053103 0.04011613394782871 0.20783612169277715 0.7419753976781344 0.9361026030705403 1.6926184397688775
114 1026 0.544813932827331 1.6996287961438568 0.009073279009330477 0.009073279009330477 0.039279450501993156 0.19908850062150207 0.7621826165346418 0.9253540578167766 1.6996287961438568
115 1035 0.5385372159552676 1.6381310954656227 0.00888442349715168 0.00888442349715168 0.03839234864648913 0.20068867814735555 0.7601629027633371 0.9026904379206734 1.6381310954656227
116 1044 0.4205193928088878 1.4117679162836942 0.00883703682224532 0.00883703682224532 0.03788145924026775 0.19872546322032514 0.8156910214992755 0.8716795456978502 1.4117679162836942
117 1053 0.4159776867930815 1.3297325529149007 0.008015608290482338 0.008015608290482338 0.03654774632506865 0.19365153697972134 0.8324708184695913 0.8802376186179038 1.3297325529149007
118 1062 0.4202071850351219 1.231206049241913 0.007850464379661776 0.007850464379661776 0.03620017668206591 0.19046589302541575 0.8233177563437853 0.9133377339834706 1.231206049241913
119 1071 0.4235591858348101 1.2852577434094032 0.007479746912135172 0.007479746912135172 0.032760133989315036 0.1861858222979213 0.8782076158618515 0.9022383565318054 1.2852577434094032
120 1080 0.3995292558901379 1.2692586155299905 0.007229951741434422 0.007229951741434422 0.0327702977982238 0.17258090828749534 0.8490379487687603 0.9394693779170673 1.2692586155299905
121 1089 0.37457443956709685 1.190117770294916 0.007471543323870978 0.007471543323870978 0.03278150036478597 0.15782727647438793 0.8443276100502538 0.9412187884400651 1.190117770294916
122 1098 0.3328283201604851 1.1418053425567114 0.006984766225377142 0.006984766225377142 0.03201081812437267 0.165758560254081 0.891647971346738 0.9505922329832026 1.1418053425567114
123 1107 0.3487756421941007 1.1229857315532303 0.006794599018108856 0.006794599018108856 0.03162357714403783 0.15737099204182795 0.8669137277607051 0.9265976644631092 1.1229857315532303
124 1116 0.3803798305796139 1.2452575756153472 0.006884616973619016 0.006884616973619016 0.030922075077776997 0.1507038503482335 0.8152379275626718 0.8673824946791401 1.2452575756153472
125 1125 0.4085810505567858 1.247305915580266 0.007248704238826554 0.007248704238826554 0.03043542134134641 0.13872484036742744 0.8170342971800464 0.8997725522037945 1.247305915580266
126 1134 0.4202828096191067 1.3348854247890278 0.007162340864136311 0.007162340864136311 0.02758773351876326 0.14458357146876896 0.8201536710138534 0.9369627219484186 1.3348854247890278
127 1143 0.42837161012574393 1.2660916566650977 0.00747720153515646 0.00747720153515646 0.027863617281324166 0.13576274482868306 0.7989380965130553 0.9673812837163547 1.2660916566650977
128 1152 0.44659786364184373 1.2610045945952768 0.007899355898449326 0.007899355898449326 0.025948599476985548 0.12708336218812688 0.8022835560844124 0.9353251158557012 1.2610045945952768
129 1161 0.43473582597046984 1.3079830941486783 0.007766624669856522 0.007766624669856522 0.024051138877161364 0.12941028400746868 0.7955610587927165 0.9436057008219543 1.3079830941486783
130 1170 0.4250256526414182 1.387802057413497 0.007576448391666942 0.007576448391666942 0.024296734487698077 0.10846936672509723 0.7993460505161107 0.9354307732319672 1.387802057413497
131 1179 0.447058832479942 1.385684208577237 0.006902809628164258 0.006902809628164258 0.024053586844441397 0.10884075655670884 0.8434377871621599 0.9194346353914842 1.385684208577237
132 1188 0.4557090866197828 1.4449160056872743 0.006555990789659447 0.006555990789659447 0.023132182125375735 0.106051268628825 0.8376970888914598 0.9383960706405102 1.4449160056872743
133 1197 0.46570802220235086 1.4081223121002058 0.006478993337961998 0.006478993337961998 0.02351907876829613 0.106760902086165 0.806221085820425 0.931893938368557 1.4081223121002058
134 1206 0.4713118417702261 1.415892771043246 0.0061959873159851695 0.0061959873159851695 0.022544786156845655 0.09974821037858626 0.785223819802723 1.0140383132835973 1.415892771043246
135 1215 0.52252746777488 1.4314657621306244 0.006213306761910956 0.006213306761910956 0.022052977019274392 0.09586671384994556 0.7820201812861627 1.0220527289948687 1.4314657621306244
136 1224 0.5826167596045498 1.4844414076461556 0.0063817240690376845 0.0063817240690376845 0.021949330508646368 0.09494081198341424 0.7769625602191577 1.0017161008592694 1.4844414076461556
137 1233 0.5662488696853697 1.5472513685509635 0.006153609280398304 0.006153609280398304 0.022791604234119328 0.08941223892844849 0.7516344920813989 1.0042211338826226 1.5472513685509635
138 1242 0.5766729978786826 1.5665240331611192 0.006037670981229473 0.006037670981229473 0.022221294717687044 0.08441666271142723 0.7217976782275253 0.9750213601356095 1.5665240331611192
139 1251 0.6089041431999924 1.6198791579770562 0.006004599605205273 0.006004599605205273 0.021410220656613764 0.0819733433046025 0.6823224478625406 0.9556207242560966 1.6198791579770562
140 1260 0.5798241686412099 1.6398117605246925 0.005885882413891636 0.005885882413891636 0.020679351825195192 0.08091610567625351 0.6951297170463397 0.98256483955537 1.6398117605246925
141 1269 0.5113532390628197 1.5469042414042617 0.0057927104938186175 0.0057927104938186175 0.02029967885128927 0.08228400790178178 0.6773947590690864 0.9344975798888352 1.5469042414042617
142 1278 0.5500520856264326 1.51240508199067 0.00574592888006167 0.00574592888006167 0.019749979043234465 0.07994737895323804 0.6419807836835221 0.9344418119070717 1.51240508199067
143 1287 0.5695701260625202 1.4931340129586668 0.0056830235898328064 0.0056830235898328064 0.018961624604361915 0.08965796882574487 0.6269667954388787 0.9474533714187928 1.4931340129586668
144 1296 0.6275532171563238 1.4968595213818223 0.005627757461240281 0.005627757461240281 0.018057575888365488 0.0889466595364975 0.6250813041963914 0.9763837065355553 1.4968595213818223
145 1305 0.6746272077507902 1.5077423953411702 0.005637412682602761 0.005637412682602761 0.017528631602429668 0.08788565639970163 0.6446848223877073 1.0049169431713105 1.5077423953411702
146 1314 0.7323635343517104 1.4402563138354851 0.005893761616007151 0.005893761616007151 0.0172294377521281 0.08501814577038541 0.6371103572205816 1.009256933797045 1.4402563138354851
147 1323 0.7480648912073058 1.5113123589066568 0.0058805286118761855 0.0058805286118761855 0.016614081028836835 0.08258952639282849 0.643544178689623 0.9914988175777227 1.5113123589066568
148 1332 0.7712155859652066 1.436744109761952 0.0057448683379240926 0.0057448683379240926 0.016050413879731426 0.08388903861733783 0.6417837055847955 0.9946392045273748 1.436744109761952
149 1341 0.8239458914743526 1.446850799781745 0.005918379512871279 0.005918379512871279 0.015859641894871494 0.08280729919249141 0.601622426332978 0.9647035556474284 1.446850799781745
150 1350 0.9357061037472315 1.4584620680052571 0.005948988901967321 0.005948988901967321 0.01559474584284769 0.08256204572936614 0.6036016759680919 0.9335700464091933 1.4584620680052571
151 1359 1.2109064804948801 1.4925529845445151 0.005370416523939329 0.005370416523939329 0.015014568553205241 0.08111531607941526 0.6244881207108799 1.0008323497755354 1.4925529845445151
152 1368 1.223196418134234 1.4963518764349584 0.005496819444363625 0.005496819444363625 0.014281385154307701 0.08189015879095222 0.618577464894011 1.0429020981900117 1.4963518764349584
153 1377 1.363323093728834 1.4651871629066744 0.0049798323342847735 0.0049798323342847735 0.013749509361828074 0.08206623428015074 0.5950485139115654 1.0412254102901373 1.4651871629066744
154 1386 1.84808805885927 1.4724275613174402 0.0048142661954971725 0.0048142661954971725 0.013208899565976534 0.07647198004952385 0.636010253911127 1.0758611924567405 1.4724275613174402
155 1395 1.9843995526901008 1.5820667746520134 0.004406680248589565 0.004406680248589565 0.01383465853082651 0.07579255640263106 0.6420733094084373 1.0751811371082804 1.5820667746520134
156 1404 1.8346660595521327 1.5872970743261974 0.0040768261631418026 0.0040768261631418026 0.014036488137120783 0.07323703012554927 0.6267796873854964 1.1174789715373958 1.5872970743261974
157 1413 1.857023536765599 1.5361974917295926 0.004056560168392012 0.004056560168392012 0.013654006561699758 0.06965960188136354 0.6181788752350603 1.139157879821827 1.5361974917295926
158 1422 2.0155938699737574 1.5561222862442754 0.00410531336779846 0.00410531336779846 0.013869078331142677 0.06584907928186944 0.6145650007296489 1.1185162211795852 1.5561222862442754
159 1431 1.9263997986805055 1.533968516904847 0.00415647602345011 0.00415647602345011 0.014137354046175674 0.06776292253969703 0.6343130748171724 1.0467231437317357 1.533968516904847
160 1440 1.898718087796159 1.5421611379849183 0.004194079860112073 0.004194079860112073 0.014537178140697288 0.06520263346971895 0.604090614800998 1.0145687968749364 1.5421611379849183
161 1449 1.7002106482486479 1.431867858356233 0.004378655524330936 0.004378655524330936 0.014611199590778867 0.06672316256428752 0.5880595086289787 0.9807583452574679 1.431867858356233
162 1458 1.7818488524489 1.426540213512254 0.004156629226049455 0.004156629226049455 0.014370981537056087 0.06798978134220213 0.5803433615554688 0.9401504809492228 1.426540213512254
163 1467 1.7520696643443716 1.4307450814301925 0.004279455240994589 0.004279455240994589 0.014521908025948535 0.06249056512260609 0.5846417782813272 0.9356270667237425 1.4307450814301925
164 1476 1.743228069329957 1.4812102149278121 0.004086847709202909 0.004086847709202909 0.014488889429339817 0.06133457430757147 0.5421354733985249 0.9276105320077451 1.4812102149278121
165 1485 1.80540840534937 1.4793363470581316 0.003995951271500631 0.003995951271500631 0.014468565764415122 0.06171347859997367 0.5060755542690553 0.8902385890855445 1.4793363470581316
166 1494 1.7592971065817766 1.5052324987438264 0.0038117789632180366 0.0038117789632180366 0.015876340672034486 0.057938228426662394 0.5082600400211762 0.8397436713049349 1.5052324987438264
167 1503 1.7332382349955684 1.497060060237538 0.003906800577391444 0.003906800577391444 0.015407178583990006 0.05617613402375963 0.49209038865087784 0.7938419664292523 1.497060060237538
168 1512 1.7568545033514285 1.5039301263493405 0.003877666950395254 0.003877666950395254 0.01661462416850899 0.05183926209378233 0.4738588099886018 0.7290244648734127 1.5039301263493405
169 1521 1.5661864732927788 1.5233823016455164 0.0037505033124139425 0.0037505033124139425 0.01674630447920859 0.0525247515940032 0.47230985034267986 0.6828375424933811 1.5233823016455164
170 1530 1.6948079592343932 1.5026648643481129 0.003764643841544099 0.003764643841544099 0.016866959745667164 0.05078689309941621 0.46289937764851513 0.6258243831303996 1.5026648643481129
171 1539 1.7180659076847684 1.4537701098896507 0.0038917307051269143 0.0038917307051269143 0.0185134610053481 0.05224840729538429 0.41757977674061736 0.6133579588739281 1.4537701098896507
172 1548 1.814165881314002 1.4677860487576373 0.003911334384051474 0.003911334384051474 0.0194289446604391 0.04999625275539828 0.39164667238173784 0.587448090986586 1.4677860487576373
173 1557 2.0976433343824197 1.4475726598767027 0.003874516577253653 0.003874516577253653 0.01987222197289949 0.049973391548746256 0.36713199566532784 0.5797149312793447 1.4475726598767027
174 1566 2.423880721655014 1.4331672964925941 0.0037557380684514904 0.0037557380684514904 0.020001426501076065 0.05423647044932439 0.3627993407043627 0.5822700455351857 1.4331672964925941
175 1575 2.571167147399599 1.6283174249414571 0.00375957666118917 0.00375957666118917 0.019138874445591817 0.05919738289763837 0.3299404152180185 0.5541391062253965 1.6283174249414571
176 1584 2.4531109308001873 1.6024335727048007 0.00372418502971089 0.00372418502971089 0.019791646640894826 0.059213182142946706 0.3147538770915989 0.54928319341512 1.6024335727048007
177 1593 2.4939228977421046 1.6190104168061834 0.0037163574885039083 0.0037163574885039083 0.01960239663987459 0.0575014216144388 0.29598208017695177 0.5464443195254362 1.6190104168061834
178 1602 2.373802860119557 1.5403313749237793 0.003630548642328358 0.003630548642328358 0.019747089835383806 0.05811389567346407 0.26781277028164396 0.6028815682232309 1.5403313749237793
179 1611 2.510943005520845 1.481282287543699 0.003522362239232266 0.003522362239232266 0.01954539902158328 0.05730667279605916 0.25698974237551925 0.6115546211934314 1.481282287543699
180 1620 2.404919708055751 1.4362986291805426 0.003426660721206615 0.003426660721206615 0.02005834680105692 0.056263030373805534 0.2478175990445243 0.6710077946050492 1.4362986291805426
181 1629 2.53107833001627 1.4728648375924278 0.0034520312498325166 0.0034520312498325166 0.019717850958317802 0.0564865768615254 0.2264578826725392 0.6589583170424855 1.4728648375924278
182 1638 2.48311336337981 1.5001374984804912 0.0036149164617307657 0.0036149164617307657 0.019640622278364585 0.05352960787126865 0.2106820995237628 0.675667439493854 1.5001374984804912
183 1647 2.2192787436874593 1.4957091636988509 0.0034145971894733694 0.0034145971894733694 0.019502093151491803 0.05289045211580343 0.19474539735065433 0.6928640649548117 1.4957091636988509
184 1656 1.9644771892656698 1.4747772353838093 0.003338986663640488 0.003338986663640488 0.01933731695916766 0.05270981125270898 0.18153102213446898 0.6622150967963945 1.4747772353838093
185 1665 1.7819430566971357 1.4419684313868777 0.0033244515390108897 0.0033244515390108897 0.01905143318168564 0.053233508718646246 0.15321817193967555 0.6743836092653497 1.4419684313868777
186 1674 1.5171976553925228 1.43269156553557 0.0034323917248893863 0.0034323917248893863 0.017986974524388095 0.05288078197405097 0.14821254800164468 0.6568431002412622 1.43269156553557
187 1683 1.445643316541093 1.4274251465305843 0.0033199374195481543 0.0033199374195481543 0.01672658144388823 0.0511455457742886 0.14544181573964002 0.6673303904807202 1.4274251465305843
188 1692 1.6649659122993858 1.443141104326612 0.0034011247867568686 0.0034011247867568686 0.0162770457067531 0.052733904550701934 0.13059781204267626 0.6377503063816046 1.443141104326612
189 1701 2.063196890330941 1.5084872223882795 0.00359846569960265 0.00359846569960265 0.015878567722759262 0.05365853918094689 0.12712958423787027 0.6298295196507332 1.5084872223882795
190 1710 2.5505172559438893 1.5390737207257317 0.0037899733666122495 0.0037899733666122495 0.01568430346856124 0.05180927628034297 0.12837920225119623 0.62236467646133 1.5390737207257317
191 1719 2.573942671116075 1.5273143261957838 0.0036851052422331933 0.0036851052422331933 0.016492322013461375 0.05113440699584632 0.12717652563897855 0.6368417123045932 1.5273143261957838
192 1728 2.5750313451295623 1.4834384398137523 0.0036475326761744383 0.0036475326761744383 0.015563167866475254 0.05292270833894759 0.11573601638751259 0.6481805424006394 1.4834384398137523
193 1737 2.295416488836043 1.4368935458649759 0.003816239863692463 0.003816239863692463 0.015086704008081427 0.052777426605814956 0.11018941718345193 0.6329428067941277 1.4368935458649759
194 1746 2.436008863494294 1.4208311121421424 0.0036622468285218623 0.0036622468285218623 0.014690715473080353 0.051417561751475827 0.10477787972296886 0.6096636858264223 1.4208311121421424
195 1755 2.7608409212430045 1.3852290717134923 0.003727831255293914 0.003727831255293914 0.01604382512375642 0.04947348887348059 0.0950216882284324 0.5927540486780222 1.3852290717134923
196 1764 2.8068494440571823 1.3586816517686313 0.003988295846795921 0.003988295846795921 0.015388140933351122 0.05067421112101657 0.09520800539368163 0.5785385578048894 1.3586816517686313
197 1773 2.840515556304449 1.3213284930132088 0.004093710867372665 0.004093710867372665 0.015110768657959317 0.051733759982442645 0.08674703118900548 0.5733082264048087 1.3213284930132088
198 1782 2.914610881264025 1.3265774827996488 0.0041206411053975305 0.0041206411053975305 0.014768469640417808 0.054417121115790286 0.0811981402995025 0.5699444713121092 1.3265774827996488
199 1791 3.0898086120986528 1.3085562519971292 0.0038178702104718553 0.0038178702104718553 0.015165870603902676 0.05373337330288817 0.07742115526169452 0.5809377998823889 1.3085562519971292
200 1800 3.0984761220234844 1.3030477981271837 0.0037324003073942653 0.0037324003073942653 0.015951638146920157 0.05049915619908211 0.07145371361281523 0.6412166109546779 1.3030477981271837
201 1809 3.253075374715979 1.2984288825220356 0.003859566488403464 0.003859566488403464 0.015913138276397367 0.04980038894551985 0.06404655109044735 0.6576504789120923 1.2984288825220356
202 1818 3.6884465955270667 1.2981126975288142 0.00369432052338952 0.00369432052338952 0.015567740428748648 0.05270756421535688 0.06153559198791215 0.6351487159868558 1.2981126975288142
203 1827 3.8079154822531405 1.2445881328046586 0.003673342575783764 0.003673342575783764 0.014561400088033055 0.049589584761696726 0.06555988310826091 0.722050252828578 1.2445881328046586
204 1836 3.84887721202555 1.247876728892608 0.0036615496664511647 0.0036615496664511647 0.013654914232065817 0.04959313622538636 0.0653402264709084 0.702385859596221 1.247876728892608
205 1845 3.7450511305428447 1.1903860310999592 0.0036943657136410354 0.0036943657136410354 0.013309857877294402 0.051154437327976775 0.06446708385549914 0.6687233365943277 1.1903860310999592
206 1854 3.8491590030224945 1.261384518514519 0.003637364637641452 0.003637364637641452 0.012560846142709865 0.051684352701684894 0.061306823560490976 0.6604322733201334 1.261384518514519
207 1863 3.682264206332123 1.2645937616631089 0.0037630451330217126 0.0037630451330217126 0.011489460294981685 0.05009673209771626 0.06405695619504169 0.635056507879753 1.2645937616631089
208 1872 3.4313083708626753 1.2604628998430563 0.0038931237623446822 0.0038931237623446822 0.011047797720498631 0.04588646287713086 0.06184627125170122 0.634197063423275 1.2604628998430563
209 1881 3.5541081158292482 1.2552537336669773 0.003963470450408325 0.003963470450408325 0.010857174378375587 0.04494632707822525 0.057897554623207184 0.618148607189018 1.2552537336669773
210 1890 3.067768143442725 1.25305650278516 0.00399481250139659 0.00399481250139659 0.010088065429798307 0.04259549838240205 0.06066522065077232 0.6185324382358305 1.25305650278516
211 1899 2.871785215537144 1.1499063280517021 0.003873298827082385 0.003873298827082385 0.010170730426115056 0.04072907202245638 0.0610569638822369 0.5955373177131978 1.1499063280517021
212 1908 2.68800188535865 1.157289765763282 0.003927828043774591 0.003927828043774591 0.0102888087284325 0.038554565705832634 0.06050552755925705 0.5577950138314336 1.157289765763282
213 1917 2.5083668948236655 1.211068432483973 0.0036044928014200258 0.0036044928014200258 0.010065728625969687 0.03792202494303249 0.058596013717954705 0.549884808658881 1.211068432483973
214 1926 2.3720447353992866 1.2535855140717695 0.0033115146828088843 0.0033115146828088843 0.010118640810196934 0.0373412817387597 0.054311271191851536 0.5526048473855278 1.2535855140717695
215 1935 2.260366713003856 1.3646218960986454 0.003237216083962696 0.003237216083962696 0.010010820584110047 0.036344411940360574 0.05291045588301903 0.5231765462563233 1.3646218960986454
216 1944 2.3167407474063952 1.3717786080001415 0.0030878695181792257 0.0030878695181792257 0.009664887550401308 0.035495177913520755 0.053322334967996585 0.49825353285230684 1.3717786080001415
217 1953 2.3772988393476577 1.449931513657229 0.0030018803135805675 0.0030018803135805675 0.009498943786335876 0.035872425034932355 0.05433324850199793 0.477312978983004 1.449931513657229
218 1962 2.4136755337148457 1.5673712023467021 0.0028303139368785193 0.0028303139368785193 0.009280774101551726 0.03457341586548433 0.052256906409663975 0.46360188931330826 1.5673712023467021
219 1971 2.1948030721785488 1.580781838905623 0.0027025954907054805 0.0027025954907054805 0.009333756074055085 0.03258949811281554 0.049949249184026746 0.4900083174967788 1.580781838905623
220 1980 2.1217220432239365 1.6019014650695813 0.0026828674922350537 0.0026828674922350537 0.009296661579618901 0.031129364888196353 0.048127523050517956 0.47577830269778215 1.6019014650695813
221 1989 1.8691880364451998 1.5904920506937557 0.002649818317188816 0.002649818317188816 0.009292963290399614 0.02886139430557768 0.04794275086614056 0.4632067037188895 1.5904920506937557
222 1998 1.7481644270026544 1.5945387570423415 0.0026468709269633537 0.0026468709269633537 0.008908448626657219 0.027844980243950088 0.046113921622678564 0.44238642340382217 1.5945387570423415
223 2007 1.6580019271319886 1.557112758422817 0.0024479035767910793 0.0024479035767910793 0.009028056786645755 0.02828517109262011 0.04507100970253701 0.44059272578363146 1.557112758422817
224 2016 1.4700176411203414 1.5669740784922022 0.0024920935483345274 0.0024920935483345274 0.008698469512458496 0.02816282299218331 0.041894568234639086 0.44726355783114796 1.5669740784922022
225 2025 1.2938512100851056 1.5649990117503216 0.002311334595906759 0.002311334595906759 0.008527586842608114 0.027976142865082928 0.04069414144562779 0.43427676529718484 1.5649990117503216
226 2034 1.314799983115663 1.537502105108377 0.0022346819735981184 0.0022346819735981184 0.00813255197485844 0.027426451354643378 0.04048484752065355 0.41730308837365554 1.537502105108377
227 2043 1.3236100860705213 1.5651934548959896 0.0021968128116985754 0.0021968128116985754 0.008458520688549156 0.0261119757973436 0.03889459587387125 0.40805859110473913 1.5651934548959896
228 2052 1.1670548584143206 1.6075579797773132 0.0021873741767576343 0.0021873741767576343 0.008112970712338843 0.026112383425606473 0.03828537864446334 0.3917163097538126 1.6075579797773132
229 2061 1.1575293722552547 1.5312792918622553 0.0020929256380071664 0.0020929256380071664 0.008061797629286915 0.024994901863516796 0.03775034685605955 0.3833239527570355 1.5312792918622553
230 2070 1.162992745546031 1.6070557940296564 0.001981056194764649 0.001981056194764649 0.008078528512803149 0.02395265308380671 0.0354620021622107 0.3954428923071419 1.6070557940296564
231 2079 1.2372609422692247 1.7295049824722117 0.0019108813155727022 0.0019108813155727022 0.007734358871132198 0.022438719630975247 0.03444294922942287 0.39581069979620354 1.7295049824722117
232 2088 1.2928782456650172 1.7676887779286605 0.002026503062010012 0.002026503062010012 0.00792634397076596 0.02240948639024038 0.03081403746575638 0.3955949812476717 1.7676887779286605
233 2097 1.4625385645587936 1.7568499927971406 0.002067125558782056 0.002067125558782056 0.007152142394719839 0.02154908091187344 0.032055461156745776 0.39444151446763487 1.7568499927971406
234 2106 1.4934932345844287 1.8241032482987733 0.0020333945439953613 0.0020333945439953613 0.006945411555908446 0.021929698061458704 0.031191039520344885 0.4175849499466424 1.8241032482987733
235 2115 1.5101222826035081 1.7273589730648578 0.001938053559651786 0.001938053559651786 0.006897624263810178 0.021107870719949216 0.031919355859064864 0.4108322487832215 1.7273589730648578
236 2124 1.3838113766256082 1.8684102747152167 0.0018342972701462872 0.0018342972701462872 0.006782877380002062 0.01981408765137768 0.03400249743058279 0.4016583045921758 1.8684102747152167
237 2133 1.2865289718969497 1.8495193489915673 0.0018413820838569298 0.0018413820838569298 0.006936822248519381 0.018385676994246154 0.03257949103336951 0.4001360825319036 1.8495193489915673
238 2142 1.3434141609446404 1.7928549359920498 0.0017682963512747386 0.0017682963512747386 0.0071078912450002795 0.017962539514490453 0.030252821533328155 0.4099695348876826 1.7928549359920498
239 2151 1.3215072497587714 1.890550733471919 0.0016592488000076967 0.0016592488000076967 0.007096564035452795 0.01688667488970931 0.029040039933532505 0.43334643568724507 1.890550733471919
240 2160 1.3385268786076252 1.812968989625811 0.0015575823224190449 0.0015575823224190449 0.007097537492201308 0.01730846150931912 0.029595916315808397 0.4425273848085239 1.812968989625811
241 2169 1.1933495563243621 1.8614860532988877 0.0015720262075352611 0.0015720262075352611 0.007252694655179403 0.015589349305894878 0.028898829294178224 0.44860070384942036 1.8614860532988877
242 2178 1.1092057045608106 1.8806679939225905 0.001527757574932753 0.001527757574932753 0.007064047701003645 0.015248960134949033 0.02811596000720376 0.44110215834566663 1.8806679939225905
243 2187 1.0483179361840929 1.8516025009698749 0.0014797874806904065 0.0014797874806904065 0.006862374725242439 0.015040438313586962 0.026050836136272154 0.47385509166719864 1.8516025009698749
244 2196 0.9985911419284421 1.9352876049637608 0.001506787139650515 0.001506787139650515 0.00625139005569793 0.014855092949636441 0.025165195078176154 0.46243292833280764 1.9352876049637608
245 2205 0.9033003616762783 1.9669676954071238 0.0014572036738608495 0.0014572036738608495 0.006144503397080934 0.015117725245149769 0.02364315432946042 0.44469172491272774 1.9669676954071238
246 2214 0.8954428850071893 2.030741382899077 0.0014505464110087128 0.0014505464110087128 0.0057966929562683536 0.013941815037574678 0.023160289473079444 0.4494584533643439 2.030741382899077
247 2223 0.871236635651023 2.2141539220609516 0.0013295729258389758 0.0013295729258389758 0.005565005649890495 0.014017763396836622 0.022249412670391506 0.4604510290897227 2.2141539220609516
248 2232 0.8344273545279027 2.231556089940159 0.0012901653103425319 0.0012901653103425319 0.00550033868639779 0.014114194849416707 0.021943466102578055 0.45317237922444054 2.231556089940159
249 2241 0.776244766064043 2.1267806466274672 0.0012707162782668055 0.0012707162782668055 0.0051721030519896105 0.014042282026952485 0.022426979246204386 0.45732585362440203 2.1267806466274672
250 2250 0.7158322557737345 2.0654260129121775 0.0012362336165564814 0.0012362336165564814 0.004852921615878827 0.01320776696797344 0.023167875697937105 0.4701914685970318 2.0654260129121775
251 2259 0.6824641747164873 2.0399720065478255 0.0012289878549176484 0.0012289878549176484 0.004300788648067114 0.012969303228162263 0.023241798520773373 0.4747635125173767 2.0399720065478255
252 2268 0.5754065876438387 1.9890505358785087 0.0012377449863051973 0.0012377449863051973 0.004328215797682264 0.01231189739234436 0.023156017266114867 0.48370404750001234 1.9890505358785087
253 2277 0.549292013266688 1.9216812671216221 0.0012223959362994018 0.0012223959362994018 0.003954459875445862 0.012102175347281304 0.023483903852150056 0.47388768391888547 1.9216812671216221
254 2286 0.5343991909082946 1.8405926688723715 0.0012463386721100161 0.0012463386721100161 0.004027920484129338 0.011755841945642316 0.023402826960168623 0.4501005037777926 1.8405926688723715
255 2295 0.46598828398824377 1.8124388252839483 0.0012178002326372137 0.0012178002326372137 0.004182229570353291 0.011487683180772073 0.021080053758252632 0.4407767462134163 1.8124388252839483
256 2304 0.40313176258483274 1.6444359955527201 0.0012001808109260157 0.0012001808109260157 0.004193832009010515 0.01136275724148852 0.021300791016005904 0.41961671838016773 1.6444359955527201
257 2313 0.3721395974763145 1.6337093956945625 0.0011188644123225485 0.0011188644123225485 0.004230237338950877 0.010771884999307068 0.020641268867622877 0.4079116196507866 1.6337093956945625
258 2322 0.3317272851602025 1.6244452247510597 0.0010783766889096548 0.0010783766889096548 0.004206148828142727 0.009994483994952666 0.019538552593723092 0.4219844366360836 1.6244452247510597
259 2331 0.3196190504342969 1.5391975615052136 0.0010819619820469015 0.0010819619820469015 0.004055550203029136 0.010053468499728845 0.01788261556244939 0.4371904449588828 1.5391975615052136
260 2340 0.3243983198656455 1.4811518634693253 0.0009904309055374155 0.0009904309055374155 0.0040575644875351 0.009905535947188026 0.017749110192838306 0.484976333769458 1.4811518634693253
261 2349 0.2943752670638022 1.3694525210105442 0.0009141688579818324 0.0009141688579818324 0.00424738071659304 0.00963760971704207 0.017546516796920587 0.5004356127813415 1.3694525210105442
262 2358 0.26670310368668526 1.189077965331413 0.0009144428654264677 0.0009144428654264677 0.004243305620222619 0.009805255309579633 0.017698975946505262 0.5181609251097283 1.189077965331413
263 2367 0.22058629153304368 1.114247720503988 0.0009227821417590701 0.0009227821417590701 0.00415278233167942 0.009360875981745882 0.017465859788891237 0.514864822751982 1.114247720503988
264 2376 0.22270283554837902 1.0339397638487706 0.0009260545669854325 0.0009260545669854325 0.004157381875585326 0.008606011575286994 0.017339201678875104 0.5087627779284964 1.0339397638487706
265 2385 0.2020192668306255 1.0709825364537786 0.0009177262394488181 0.0009177262394488181 0.0037994778383260747 0.008785996987067767 0.017434352899471067 0.49504593929531965 1.0709825364537786
266 2394 0.1888743050489516 1.0605496726868666 0.0009042505974175982 0.0009042505974175982 0.003595969130043084 0.008590110848484354 0.017056813474134236 0.494386027616684 1.0605496726868666
267 2403 0.16977688819596512 1.0101220434896447 0.0008821950576859022 0.0008821950576859022 0.00357574215830745 0.007964654312210634 0.017449194029371957 0.5159652970169791 1.0101220434896447
268 2412 0.15035915093684338 0.9598107457988119 0.0008597247994319801 0.0008597247994319801 0.0035411423792787045 0.007830963283952747 0.01710492902052511 0.5190088759329482 0.9598107457988119
269 2421 0.13335284567685593 0.957106344635331 0.0008452161740383898 0.0008452161740383898 0.00346563734978738 0.0077100230002917014 0.01638542194645061 0.4812862022858225 0.957106344635331
270 2430 0.1171426190447232 0.905472786476941 0.0008227256674385649 0.0008227256674385649 0.003356854147466212 0.007853377623313063 0.016430699168748068 0.4672469443992947 0.905472786476941
271 2439 0.10458138798371001 0.9164473723068285 0.0008015837766445062 0.0008015837766445062 0.0031391958064716455 0.007532423808379045 0.016422934184405418 0.4648875606044463 0.9164473723068285
272 2448 0.09716576587634261 0.8540166965356801 0.0008251563644401785 0.0008251563644401785 0.0030953982832044604 0.007288430752023203 0.015995956797402903 0.4623273069583124 0.8540166965356801
273 2457 0.09117570196939927 0.8193905848543281 0.0008189538244518937 0.0008189538244518937 0.003146434663611777 0.006703563941205631 0.01616579394501234 0.45432837859636477 0.8193905848543281
274 2466 0.09641587459212225 0.8261614806932043 0.0008261285788918628 0.0008261285788918628 0.0030762886729160206 0.006512169918152037 0.015286233217138984 0.4550566499587238 0.8261614806932043
275 2475 0.09854232986343243 0.7863055017727553 0.0008265061105333876 0.0008265061105333876 0.0030259214879183095 0.006495732376363863 0.015335534440473315 0.4557080364521278 0.7863055017727553
276 2484 0.11670035400982287 0.796908521839243 0.0007952100309286032 0.0007952100309286032 0.0030148129164972552 0.006294080114546413 0.015473953825901643 0.449509420851261 0.796908521839243
277 2493 0.11615172910671542 0.8404337087088246 0.0008282208759283045 0.0008282208759283045 0.0032615010122606447 0.006201814899522945 0.014931456727321735 0.43229972467868516 0.8404337087088246
278 2502 0.10798531181957494 0.7987637367825082 0.0008392405686111931 0.0008392405686111931 0.0033214132952692215 0.005798567761261634 0.01424411764762376 0.43645647536960536 0.7987637367825082
279 2511 0.10540988621792041 0.7720851837701812 0.0008125452809015391 0.0008125452809015391 0.00316045614485819 0.005700228218051041 0.01405180069684663 0.43944512591388035 0.7720851837701812
280 2520 0.09144709338809666 0.7666028842909428 0.0008045378978465172 0.0008045378978465172 0.003098795066774174 0.005439556730150476 0.013587653090507232 0.44142355132374367 0.7666028842909428
281 2529 0.07610091812956571 0.7566275369594716 0.0007517374048799837 0.0007517374048799837 0.003110045474536252 0.005310172977934241 0.013498601309945825 0.43375089907962633 0.7566275369594716
282 2538 0.0683905504723392 0.7349625451005685 0.0007216699337527205 0.0007216699337527205 0.003106439529967935 0.005087475319850064 0.012888297511278504 0.42697337191449747 0.7349625451005685
283 2547 0.05903501472652691 0.7250493057286752 0.0007158568905266191 0.0007158568905266191 0.002956673820319792 0.004998623331802533 0.012657370874157914 0.4161954475283612 0.7250493057286752
284 2556 0.054022175407495016 0.6818740936854721 0.0006978002130384647 0.0006978002130384647 0.002874354557034228 0.004817049102046452 0.012531109453153048 0.41889490786701833 0.6818740936854721
285 2565 0.05593458827996924 0.6612608062566809 0.0006571731388775608 0.0006571731388775608 0.0028232302574648918 0.004804309623726187 0.012085545031245789 0.42144019875674377 0.6612608062566809
286 2574 0.0563717166612997 0.6794341437012998 0.0006280275266570412 0.0006280275266570412 0.0028346520188044996 0.004739728299768086 0.011089439711804538 0.4509955155905796 0.6794341437012998
287 2583 0.05144216354288821 0.699026990034122 0.0006025736880337971 0.0006025736880337971 0.0029094805491820578 0.004694929211661407 0.010103643756491313 0.45090435075321506 0.699026990034122
288 2592 0.04762329806370873 0.7034502503238541 0.0006083554240972982 0.0006083554240972982 0.002913521878968103 0.004169288747016094 0.009888955951017814 0.4479663603282151 0.7034502503238541
289 2601 0.047023375024198386 0.6619482889246291 0.0006078267038659109 0.0006078267038659109 0.002875315362936509 0.004418975194859871 0.00975536904881849 0.4290963380409431 0.6619482889246291
290 2610 0.0453845464318396 0.6372069872844003 0.0006056199750228936 0.0006056199750228936 0.0028416554602568324 0.0044252538713327365 0.009710842911749874 0.42382233590931373 0.6372069872844003
291 2619 0.0438807962417486 0.6342366961023529 0.0006139624812815077 0.0006139624812815077 0.002734260356365743 0.004328258201508526 0.009081032982751083 0.41817104047966813 0.6342366961023529
292 2628 0.039548040018678295 0.6380120056706323 0.0005854148903692343 0.0005854148903692343 0.0027920681738787326 0.0040598208624600595 0.009159263508891183 0.4148957109388251 0.6380120056706323
293 2637 0.03895357475269521 0.6198617117264829 0.0005853347355392991 0.0005853347355392991 0.0026176272650371233 0.004003402345485905 0.008999228315066672 0.4077184519002441 0.6198617117264829
294 2646 0.03719585091138177 0.6144766368003209 0.0005693296077717622 0.0005693296077717622 0.002504657916456617 0.0039897293803419385 0.009102024845848329 0.4049795422753925 0.6144766368003209
295 2655 0.038143533301724125 0.6327131586744855 0.0005646464253191528 0.0005646464253191528 0.002482122519961099 0.0037142205235830526 0.008846665222590791 0.38883961532094785 0.6327131586744855
296 2664 0.0323178169899738 0.5987305320778371 0.0005935198284914253 0.0005935198284914253 0.0024798033873404024 0.0034005069160747722 0.00912544700311866 0.39111563786022524 0.5987305320778371
297 2673 0.028231209418019508 0.5911736838232772 0.0005635738892161276 0.0005635738892161276 0.0023929057226672323 0.003290990890722859 0.009159330048058063 0.38027746249832034 0.5911736838232772
298 2682 0.027206287232095422 0.5999101876005415 0.0005496894618009646 0.0005496894618009646 0.0023755156649846623 0.0032993029774222465 0.008821502411838373 0.3624129946263234 0.5999101876005415
299 2691 0.028130849822753178 0.5840348211912874 0.0005330998804643019 0.0005330998804643019 0.002332988877241356 0.0031825516831405234 0.008792983067561603 0.3679217816195904 0.5840348211912874
300 2700 0.025875998147841472 0.5954371006124315 0.0005361135225501223 0.0005361135225501223 0.002150956054191494 0.0030240951799424126 0.00846520787956448 0.3916422226925983 0.5954371006124315
301 2709 0.022986782819173754 0.587827590237641 0.0005258563836232794 0.0005258563836232794 0.0021564097493049607 0.0027802504906092296 0.008431930555517409 0.38628565524519715 0.587827590237641
302 2718 0.020619112821404873 0.5890383440949589 0.0005305104440763012 0.0005305104440763012 0.0019857327826687788 0.0027235711147909547 0.007972305519821268 0.3820286604892309 0.5890383440949589
303 2727 0.01768176139838711 0.5881043401796658 0.0005448830879446904 0.0005448830879446904 0.0019642329553512866 0.0026226920780115853 0.007126611625448941 0.3614261145830495 0.5881043401796658
304 2736 0.01800507343782345 0.5830305402183431 0.0005547385869895548 0.0005547385869895548 0.0017641632674169076 0.0026128299943162215 0.007213353261070774 0.34316991895526056 0.5830305402183431
305 2745 0.01686362267690129 0.6069430084162748 0.0005476081846045562 0.0005476081846045562 0.0017403804424486892 0.0025277151713267473 0.00702202820855845 0.341443898583228 0.6069430084162748
306 2754 0.017831756490624674 0.5992046885784867 0.0005335228273278983 0.0005335228273278983 0.0016598732198014384 0.002554424413588072 0.006872913450633551 0.3329824733247435 0.5992046885784867
307 2763 0.01727268388559362 0.6231120498755147 0.0005568883681343523 0.0005568883681343523 0.0016086002801568749 0.002558662564845568 0.006688199177584307 0.3261548962659395 0.6231120498755147
308 2772 0.015613044525518916 0.6218494256114082 0.0005587185059514476 0.0005587185059514476 0.0015726709024076592 0.00224587081068847 0.006855373120840313 0.3279965052097692 0.6218494256114082
309 2781 0.015564923653072674 0.6457667732067323 0.00054481149427295 0.00054481149427295 0.0015764747542607092 0.0021886049613682214 0.006732154440538915 0.2966936423906117 0.6457667732067323
310 2790 0.01683134341179636 0.6212549228499888 0.0005576421604145895 0.0005576421604145895 0.0015298835013435716 0.002063189587640539 0.006405770520124422 0.32418291069830574 0.6212549228499888
311 2799 0.017966583905386475 0.6391076215146143 0.0006211500163465232 0.0006211500163465232 0.0015316377989573306 0.00212312825041723 0.0058868256498467875 0.31623881336474946 0.6391076215146143
312 2808 0.015445291823276301 0.6971518303595357 0.0006224347681759541 0.0006224347681759541 0.0014488028095323928 0.0020187753388958207 0.006002852472703001 0.3084386406677995 0.6971518303595357
313 2817 0.013897052400174375 0.7032136851915334 0.0005966567357032452 0.0005966567357032452 0.0013778482179595617 0.002035825579231434 0.005758774172061789 0.2982130260002437 0.7032136851915334
314 2826 0.01239597687868825 0.6803409108518513 0.0005784076672266321 0.0005784076672266321 0.001300299779374193 0.00210737936416708 0.005703529867928954 0.2961923410886445 0.6803409108518513
315 2835 0.01198969012884175 0.6739024448250609 0.000594722518477366 0.000594722518477366 0.0011820619806940731 0.0021684259657840234 0.00556847850669912 0.2823457269245825 0.6739024448250609
316 2844 0.010344939793468552 0.6751806837430853 0.0005742232992645276 0.0005742232992645276 0.0010988691684966046 0.002117686996035333 0.0054879407029980315 0.2958234514707368 0.6751806837430853
317 2853 0.009143607340052233 0.6747299074746786 0.0005530304822542334 0.0005530304822542334 0.001053706610871915 0.0020728936435484555 0.005134050717410748 0.2957175662914359 0.6747299074746786
318 2862 0.009571618877129538 0.6781939448411143 0.0005419635454300463 0.0005419635454300463 0.0010361917479048827 0.0019218440633931996 0.0051824045983856135 0.3013016316166733 0.6781939448411143
319 2871 0.009359296981385188 0.6925731308217434 0.0004924290925026601 0.0004924290925026601 0.001004160233788695 0.0019429082684560596 0.005679585910522182 0.2993212527582685 0.6925731308217434
320 2880 0.009463212381404294 0.6747924090384851 0.0004881870782047183 0.0004881870782047183 0.0008963889945229429 0.0019786005601898065 0.005774388118012997 0.2843872231353441 0.6747924090384851
321 2889 0.00818412342065712 0.6819318400001994 0.0004846713799022044 0.0004846713799022044 0.000817947797026951 0.0020435007292862817 0.005844113548535029 0.27602894314344556 0.6819318400001994
322 2898 0.006927018860405793 0.6473310996713011 0.0005008572220224326 0.0005008572220224326 0.0008076846045607339 0.0019850399917246625 0.005462313073012106 0.2646060033695259 0.6473310996713011
323 2907 0.006062280896156293 0.6398260799397775 0.0004982398994581066 0.0004982398994581066 0.0007350975108452622 0.0019460977442062417 0.005407628531945198 0.2519218828747495 0.6398260799397775
324 2916 0.0055303797058516065 0.6443119296762768 0.00047827615995844425 0.00047827615995844425 0.000697714444639892 0.0019525061779616206 0.005457512157488507 0.2352731464456439 0.6443119296762768
325 2925 0.005145471703456566 0.6294125003302213 0.0004919346657118237 0.0004919346657118237 0.0006821065370103392 0.0018904016424916646 0.005284265488215742 0.2384452382533126 0.6294125003302213
326 2934 0.005685712273116226 0.6347407968805842 0.0005009724523099386 0.0005009724523099386 0.0006713958898468882 0.0017873971392222015 0.005061424328932073 0.23218886060151442 0.6347407968805842
327 2943 0.00551820198526609 0.6435865033138134 0.0005009401571965112 0.0005009401571965112 0.000707128799727947 0.0016417900606927013 0.00493608402842889 0.25776444920717373 0.6435865033138134
328 2952 0.005469685457612829 0.6403294666144941 0.0004982444321050702 0.0004982444321050702 0.0006699832582739845 0.0016381954253128566 0.004647463543000724 0.26431744239194194 0.6403294666144941
329 2961 0.005431057233928305 0.6568659623876146 0.0004816496174622172 0.0004816496174622172 0.0006200280796164545 0.0017040752581614083 0.004482383212653215 0.2667275675532481 0.6568659623876146
330 2970 0.00463142369964788 0.6216237103811474 0.00048404330357769106 0.00048404330357769106 0.0006186823429181562 0.0017116393506081385 0.004405104269390334 0.2650747570002 0.6216237103811474
331 2979 0.004001853700553909 0.619407755375076 0.00046163254965228627 0.00046163254965228627 0.0006080876762231376 0.0016665607145924042 0.004281480480867395 0.2570924696953448 0.619407755375076
332 2988 0.004061220282787558 0.6180622142531564 0.0004399642657788739 0.0004399642657788739 0.0005841517054493656 0.0015581558542847116 0.00409924689131294 0.25779155540341114 0.6180622142531564
333 2997 0.004020990869118543 0.6386654873810419 0.0004350050279033172 0.0004350050279033172 0.000555237338287553 0.0015094615579738116 0.004250732127580884 0.2552471198361504 0.6386654873810419
334 3006 0.004688655623810585 0.6213585365497122 0.000422280849587624 0.000422280849587624 0.0005512025076727004 0.0015061076807117582 0.004334211167304804 0.2443430580724778 0.6213585365497122
335 3015 0.004875301881494558 0.6023171711329537 0.0004345465687889466 0.0004345465687889466 0.0005388856854245677 0.0014970971564891595 0.004715043130078379 0.24111289414274018 0.6023171711329537
336 3024 0.0048792593666879165 0.5953948135570726 0.0004328603729791877 0.0004328603729791877 0.0005396694550785601 0.0014055823425809905 0.004797802850365028 0.2361938627887353 0.5953948135570726
337 3033 0.005068310760135339 0.5670780084429992 0.00044040536755391563 0.00044040536755391563 0.000497853224218964 0.0014298648776279413 0.005181049480124752 0.2195196655074846 0.5670780084429992
338 3042 0.004595803063042675 0.5387258460019922 0.00043206301771917736 0.00043206301771917736 0.0004743353535836752 0.001431494574095933 0.005159751482828513 0.2507838996715217 0.5387258460019922
339 3051 0.004745896837235763 0.5516726667381756 0.00040583134363608416 0.00040583134363608416 0.0004752211595070743 0.0013387515975091934 0.005156420420031573 0.25276700301079025 0.5516726667381756
340 3060 0.004813827393133998 0.5627892625425872 0.00039517759361410663 0.00039517759361410663 0.00044297114515768693 0.001349704140037121 0.00534007815064425 0.250635850773641 0.5627892625425872
341 3069 0.005375534879644606 0.5190767314503014 0.0003846388952943879 0.0003846388952943879 0.00045694645639313364 0.0013819080603288609 0.0050841541963148485 0.2589445051971684 0.5190767314503014
342 3078 0.004895855379054947 0.506254869883328 0.0003479678072043881 0.0003479678072043881 0.0005054969003434718 0.0014622305043852511 0.005141341709223699 0.2560289089144305 0.506254869883328
343 3087 0.004054105787681268 0.48983106938729226 0.0003311736162574707 0.0003311736162574707 0.0005245669308786073 0.0014689128554180486 0.004740002524144491 0.2499346659490291 0.48983106938729226
344 3096 0.003657021534204954 0.4839463045225921 0.0003091637151125759 0.0003091637151125759 0.0005030613057940239 0.00143619552110477 0.004574125946050483 0.24480207413513638 0.4839463045225921
345 3105 0.004440171818162016 0.48172254985657587 0.00031375175426440275 0.00031375175426440275 0.0005045709664999221 0.0013322769375119204 0.004503923710853669 0.23081639158269593 0.48172254985657587
346 3114 0.004765076351885636 0.4607703191304169 0.0003069259627815691 0.0003069259627815691 0.0005209700631985268 0.0012304084147900453 0.004495874576866986 0.29180362819429717 0.4607703191304169
347 3123 0.004702966265278579 0.49670688493757753 0.000297207590377792 0.000297207590377792 0.0004955142455244012 0.0011322067182408452 0.004851669495873512 0.28634238668656425 0.49670688493757753
348 3132 0.0041851976739720135 0.49780875720693507 0.00028362737248220394 0.00028362737248220394 0.0004752974753560694 0.0010839388951494678 0.005095400700574931 0.28364379585554267 0.49780875720693507
349 3141 0.004223599258474108 0.49760081139035606 0.00027554536325000574 0.00027554536325000574 0.00047320492090677924 0.0010407413858621987 0.004659881774690926 0.28643799734888753 0.49760081139035606
350 3150 0.004411776535445963 0.49767965964042327 0.00026277335288341796 0.00026277335288341796 0.00044531616945476605 0.0010522483131663407 0.004948441422863757 0.2787656197340129 0.49767965964042327
351 3159 0.004013335100756685 0.5204103594884469 0.0002520607338694894 0.0002520607338694894 0.0004410225085575908 0.0010547007171290465 0.005171046497694329 0.2775497532725876 0.5204103594884469
352 3168 0.0037588553686203558 0.5022641249984492 0.00023638495412765014 0.00023638495412765014 0.00042920009999690656 0.001046446342101979 0.005222600747820279 0.2721922229000253 0.5022641249984492
353 3177 0.003716372596816652 0.47035800884789536 0.00023001845425631647 0.00023001845425631647 0.00041503606839985287 0.0010344855155808691 0.005233640669708012 0.26954873075177643 0.47035800884789536
354 3186 0.0036784251542372184 0.5074330803981285 0.00019548422270053426 0.00019548422270053426 0.00042464957454598477 0.00102386239742525 0.005211394049897896 0.263897333448601 0.5074330803981285
355 3195 0.0038535461471778773 0.5165532715842386 0.0001813639529204401 0.0001813639529204401 0.0004269261778680687 0.0010268292082991099 0.005131961944141229 0.2464484419800016 0.5165532715842386
356 3204 0.0037760654094146752 0.49711711137557585 0.00017186852948512435 0.00017186852948512435 0.00043996577604387126 0.0010181844783028423 0.00514465314869016 0.2650853035840278 0.49711711137557585
357 3213 0.004102925922671346 0.51286387015867 0.00016252634654674225 0.00016252634654674225 0.000412753434448152 0.0010166209701981204 0.005083490831722584 0.2669271571173688 0.51286387015867
358 3222 0.003972829946556467 0.5951723166340062 0.00015032740485547218 0.00015032740485547218 0.0003907608917468245 0.0009790335729907029 0.005075059780589431 0.2595351465301254 0.5951723166340062
359 3231 0.004072614222895277 0.6589191654438883 0.00014474426421803724 0.00014474426421803724 0.0003849556742951138 0.0010010301499553712 0.005021991388259753 0.24769876314895667 0.6589191654438883
360 3240 0.004082220092025381 0.6470167720606181 0.0001271781535257147 0.0001271781535257147 0.0003899270619169738 0.0009895164859597808 0.005082502635099135 0.25945584459456666 0.6470167720606181
361 3249 0.004005754246189752 0.6531997419810869 0.00011735559899220931 0.00011735559899220931 0.00039135703606106814 0.0009963311859662388 0.00504240227480945 0.2579987156928222 0.6531997419810869
362 3258 0.004178198090815137 0.6505358093083828 0.00011178986502883492 0.00011178986502883492 0.0003811818879155425 0.0010129986909177314 0.00498940296202021 0.2552507310657545 0.6505358093083828
363 3267 0.0036303093937143363 0.6429889267813041 0.00010429046049124161 0.00010429046049124161 0.00038063437611763544 0.0009564390742603511 0.0049416345364528555 0.2797846871015676 0.6429889267813041
364 3276 0.0034241625428972477 0.6320846066666979 0.00010114438532803335 0.00010114438532803335 0.0003567528166549245 0.0008970142358636953 0.005090779165868715 0.27366743074658934 0.6320846066666979
365 3285 0.003458245193522814 0.6495255734345123 9.853211022377857e-05 9.853211022377857e-05 0.0003470817351081358 0.000896062868324396 0.004943027553741762 0.2683008412987141 0.6495255734345123
366 3294 0.003614537847673255 0.622340715567407 9.014359751284677e-05 9.014359751284677e-05 0.00037565762520358893 0.000935199093035704 0.004869062570871817 0.26365387140449165 0.622340715567407
367 3303 0.004112295435769687 0.5713835068525555 8.722612622557236e-05 8.722612622557236e-05 0.00037171584388229445 0.0009416002800549849 0.005243900487403503 0.27509303939307056 0.5713835068525555
368 3312 0.0042619674341742575 0.5520403781146265 8.555082013340365e-05 8.555082013340365e-05 0.00036734186042791715 0.0009819644946612647 0.0051924308968303015 0.298638778666796 0.5520403781146265
369 3321 0.003952652065490613 0.5406776939283613 7.609174858702172e-05 7.609174858702172e-05 0.0003729717472925494 0.0010082864310397642 0.005235874344404907 0.3135454670438408 0.5406776939283613
370 3330 0.004406055789356396 0.5297884398099005 6.995883250924451e-05 6.995883250924451e-05 0.0003691696901017036 0.0010196333079380727 0.005190059878297459 0.3038202238017285 0.5297884398099005
371 3339 0.00530016591042196 0.5116013609226211 6.616941650201708e-05 6.616941650201708e-05 0.0003855555179303944 0.0010246758656445008 0.004946630428034611 0.3274467788655714 0.5116013609226211
372 3348 0.006734276930996407 0.5359212795110184 6.444420513976345e-05 6.444420513976345e-05 0.0004005167769342605 0.0010224775717391893 0.004706217951998335 0.34252902717809375 0.5359212795110184
373 3357 0.00798932420022596 0.5694068796767995 6.571556783959902e-05 6.571556783959902e-05 0.00040382065776218477 0.0010218334933735067 0.004110913570950135 0.3528798149148741 0.5694068796767995
374 3366 0.008801855742824393 0.5471935574493532 6.420981916926291e-05 6.420981916926291e-05 0.00039559982970890765 0.0009811147439447742 0.004082055188453005 0.3676037712511391 0.5471935574493532
375 3375 0.010088432455187465 0.5739517404289213 6.225569270199382e-05 6.225569270199382e-05 0.00036936904197663303 0.0009832880699218477 0.004082797809260159 0.36088538877811754 0.5739517404289213
376 3384 0.011423524325758888 0.5476757621322195 6.184576010046883e-05 6.184576010046883e-05 0.00034154334676195626 0.0010332525516345314 0.004093883775413781 0.3997070359857889 0.5476757621322195
377 3393 0.011955088677042328 0.5841115510713473 5.841073378376325e-05 5.841073378376325e-05 0.00033052865439338076 0.000985828571804035 0.003974094259906957 0.4239243242531705 0.5841115510713473
378 3402 0.014592309432719988 0.6068769032513396 6.0750926497643524e-05 6.0750926497643524e-05 0.0003122811976397891 0.0010007497773130457 0.0038712044143293985 0.4020309340064138 0.6068769032513396
379 3411 0.017030040537058224 0.6449565442883374 6.191874499863452e-05 6.191874499863452e-05 0.0003067275965830752 0.000983433924013215 0.0038849082935794176 0.402398492952519 0.6449565442883374
380 3420 0.016148165657371094 0.6867527559174232 5.827580140808409e-05 5.827580140808409e-05 0.00030449201352023843 0.0009431414601095643 0.003898654073145404 0.3890396045174148 0.6867527559174232
381 3429 0.017582742940188342 0.6756220299998416 5.658162529922463e-05 5.658162529922463e-05 0.0003080526518939389 0.0009280802982474431 0.003812281240997769 0.3692733564163738 0.6756220299998416
382 3438 0.02030890279886381 0.739357758172268 5.187258353438465e-05 5.187258353438465e-05 0.00031865439575865174 0.0009409766187747692 0.0037265905335059995 0.36333565389341055 0.739357758172268
383 3447 0.02671543821142183 0.8221285684418771 5.289033258726843e-05 5.289033258726843e-05 0.00030752681533596337 0.0009189878262789867 0.0036916028114461538 0.33660169319910854 0.8221285684418771
384 3456 0.032532196925497324 0.9132598915477284 5.066766362893289e-05 5.066766362893289e-05 0.00029622190576424583 0.000952425170566936 0.0036895546169662054 0.32404360239671426 0.9132598915477284
385 3465 0.03815407107504663 0.916030651959901 5.069842915167267e-05 5.069842915167267e-05 0.0002901435595980324 0.00094848688663275 0.003561022798401179 0.3189945403614445 0.916030651959901
386 3474 0.04266061092500171 0.9380544766825731 4.868395855808255e-05 4.868395855808255e-05 0.0002832105002978603 0.0009486528222728911 0.0036024645587427657 0.3100643641701861 0.9380544766825731
387 3483 0.056021206326137676 0.9535609341105781 4.774202091436333e-05 4.774202091436333e-05 0.00028784828959819834 0.0009158593531960742 0.003559601258647153 0.30228419706703513 0.9535609341105781
388 3492 0.06966832401767414 1.0352817949147293 4.757070539684376e-05 4.757070539684376e-05 0.00026398791585697785 0.0009104529991592526 0.003644312279548048 0.29289930895380173 1.0352817949147293
389 3501 0.08299463635745014 1.0768989294184974 4.632166468685431e-05 4.632166468685431e-05 0.00025226129771056035 0.0008768219132365268 0.003571298963305088 0.28747574677185295 1.0768989294184974
390 3510 0.097361064980629 1.0690042869240077 4.588592331741367e-05 4.588592331741367e-05 0.00023939470548268107 0.0008536704420937703 0.003332455064871458 0.30402001159864545 1.0690042869240077
391 3519 0.09868515360361263 1.019849637807948 4.9360139164887196e-05 4.9360139164887196e-05 0.00023746624148413584 0.0008960213243430251 0.003299418804665016 0.2873413731128929 1.019849637807948
392 3528 0.1030268177994744 0.9822645812457458 4.585413630323744e-05 4.585413630323744e-05 0.00022933073102064558 0.0009138984999660966 0.0032139835763448556 0.285474721837211 0.9822645812457458
393 3537 0.09065899198756576 1.0568821419054513 4.4631182042576475e-05 4.4631182042576475e-05 0.00022847321312519165 0.0008797605661161313 0.0030920092290885855 0.2868439640171702 1.0568821419054513
394 3546 0.08364043789882894 1.0536067412366157 4.409508998247485e-05 4.409508998247485e-05 0.00021445410476792095 0.000838193704694213 0.002911304814688138 0.28693105511378547 1.0536067412366157
395 3555 0.08694359831564298 1.0563035652514785 4.275562854687551e-05 4.275562854687551e-05 0.00020258194453206713 0.0008613760901895564 0.002716092038451968 0.28270433575151616 1.0563035652514785
396 3564 0.10520883650179116 1.0708016080829594 4.446792491249164e-05 4.446792491249164e-05 0.00018735912290258712 0.0008761806930027147 0.002572827166568051 0.2858980007508216 1.0708016080829594
397 3573 0.13439933676123322 1.2984856414100154 4.155283117407909e-05 4.155283117407909e-05 0.00019494401979751132 0.0008508011041157648 0.0025494542262333637 0.28266928045756334 1.2984856414100154
398 3582 0.14253590379238315 1.3658448054876284 4.202966160446575e-05 4.202966160446575e-05 0.00018794072589560374 0.0008773963142874448 0.00251923474069903 0.2737191978607098 1.3658448054876284
399 3591 0.16543837667582922 1.3786533831513237 4.1242658362149834e-05 4.1242658362149834e-05 0.00018616882423323224 0.0008833460304365965 0.0022395429520526643 0.2771947391640904 1.3786533831513237
400 3600 0.14449242522560105 1.3581224034377934 4.333257632374144e-05 4.333257632374144e-05 0.00018839035230894694 0.000819090803815692 0.0022167140550828435 0.2928570731044999 1.3581224034377934
401 3609 0.13178336845804292 1.2842020449663376 4.1145877129554095e-05 4.1145877129554095e-05 0.00018744810303454557 0.0008068181540258251 0.0021905249934659537 0.28926663196655067 1.2842020449663376
402 3618 0.11671391281677924 1.2301773902538333 4.127832159575187e-05 4.127832159575187e-05 0.00018533169934815375 0.0007604522391857922 0.002140024403518081 0.28185290985847694 1.2301773902538333
403 3627 0.11454160600709767 1.1985617546385428 4.122181252262946e-05 4.122181252262946e-05 0.0001757732324745276 0.0007123531517727568 0.00209357655262655 0.27827591125592327 1.1985617546385428
404 3636 0.11502717878876625 1.2392151990937936 4.0992364835596165e-05 4.0992364835596165e-05 0.00019066693645861286 0.0006723189422465807 0.0020897323441749294 0.251988570287862 1.2392151990937936
405 3645 0.10758988593468617 1.2439135305562878 4.1072191828892095e-05 4.1072191828892095e-05 0.00018672613131741345 0.0006342478657427622 0.002133328634268308 0.24286404551086652 1.2439135305562878
406 3654 0.11879714304707495 1.2072403283806865 4.079730500242539e-05 4.079730500242539e-05 0.00017138859935044375 0.0006135421210413261 0.002120406184116322 0.24813163162425617 1.2072403283806865
407 3663 0.11361211446003647 1.1741340085192258 4.16985907215008e-05 4.16985907215008e-05 0.00016595504930286934 0.0005954632878452688 0.0021249843756658286 0.26947806172099087 1.1741340085192258
408 3672 0.10040693501072138 1.1671134365430165 4.048084699199528e-05 4.048084699199528e-05 0.0001631036103919419 0.000573286934599244 0.0020206063528451683 0.2719521480191905 1.1671134365430165
409 3681 0.1023551581302293 1.1843919476690274 3.657866554603254e-05 3.657866554603254e-05 0.00015765187525087695 0.0005609191230871408 0.0019470430635759282 0.2785016394564177 1.1843919476690274
410 3690 0.11176311717590316 1.1965028032427776 3.6118531175035484e-05 3.6118531175035484e-05 0.00015475566653577342 0.0005687091653240054 0.001821531299346777 0.2797147155127773 1.1965028032427776
411 3699 0.12061723354767628 1.293820043911785 3.3778321227134635e-05 3.3778321227134635e-05 0.00014108571333806466 0.0005692432757767438 0.0018584423169295465 0.29802763846777985 1.293820043911785
412 3708 0.11893512995535481 1.2925435365425788 2.996763872723662e-05 2.996763872723662e-05 0.00014115967194773028 0.000601185275083593 0.0018279496348898884 0.30157536050732064 1.2925435365425788
413 3717 0.11876157568615581 1.2316892401896828 2.9974456686392036e-05 2.9974456686392036e-05 0.00014162811166574 0.0005939282063737918 0.0016644172997236548 0.2931825007067366 1.2316892401896828
414 3726 0.1161626262742478 1.3021465175208515 2.95523580388504e-05 2.95523580388504e-05 0.00013603822350985066 0.0005771211639180305 0.0015925041232923588 0.29393546263787823 1.3021465175208515
415 3735 0.10585010792628409 1.2385723963456345 2.8729703606691538e-05 2.8729703606691538e-05 0.00013780569271222532 0.000579167750454972 0.0014979259855935586 0.3090366832241356 1.2385723963456345
416 3744 0.10089361981074861 1.2723040001732975 2.826231073894851e-05 2.826231073894851e-05 0.00012437258068634803 0.0005738220315377223 0.001429119787038708 0.31555799531549794 1.2723040001732975
417 3753 0.1060630719542866 1.3025999422697754 2.6803368975249992e-05 2.6803368975249992e-05 0.00012324196452029578 0.0005515692897124568 0.0014409713015161973 0.31149525674295114 1.3025999422697754
418 3762 0.10790684419470095 1.3182505185590279 2.7841829434549102e-05 2.7841829434549102e-05 0.00012394983544569222 0.000522092530942972 0.00138819312515623 0.3101770648847812 1.3182505185590279
419 3771 0.12534323302468223 1.4551141158587526 2.7713082872188984e-05 2.7713082872188984e-05 0.00011591856054518149 0.0005097560446961859 0.0013428922537628226 0.2969232965540887 1.4551141158587526
420 3780 0.16185480839128258 1.7922879196068326 2.7971776957458745e-05 2.7971776957458745e-05 0.00011451469760437571 0.0004815113727845602 0.0012578973624733873 0.2849217525190205 1.7922879196068326
421 3789 0.1838055354111813 1.9650113669345783 2.600271300327602e-05 2.600271300327602e-05 0.00011018187359755615 0.0004904540183442642 0.0012293495267374664 0.27755789283657795 1.9650113669345783
422 3798 0.19464027258730324 1.961524560781046 2.6190847932687035e-05 2.6190847932687035e-05 0.00010670122396326344 0.00048539183855980216 0.0011745214079583565 0.27548559099610237 1.961524560781046
423 3807 0.2131167664037113 2.0410759253165054 2.5211164709630002e-05 2.5211164709630002e-05 0.00010432279091630322 0.00046888166371402285 0.0010803796156419086 0.26991851680017437 2.0410759253165054
424 3816 0.22627100806276101 2.1208559292439904 2.5809771145227674e-05 2.5809771145227674e-05 9.998780472670807e-05 0.00045904996047484175 0.0010321514926987516 0.2566813157729314 2.1208559292439904
425 3825 0.23212365375252814 2.0970317642023493 2.6149953078407977e-05 2.6149953078407977e-05 9.691984264814985e-05 0.0004690549942557389 0.0009876988352772887 0.24335559509800697 2.0970317642023493
426 3834 0.2340719721969593 2.144046472976766 2.451158070752888e-05 2.451158070752888e-05 8.95221443658006e-05 0.0004661937937557263 0.0009700822727795886 0.2555540559938793 2.144046472976766
427 3843 0.22810482155352543 2.0384961855483605 2.447339717405261e-05 2.447339717405261e-05 8.758234646459748e-05 0.0004365350025005817 0.0009026118491486934 0.28233347039607154 2.0384961855483605
428 3852 0.20758837172671005 2.015323515370627 2.4006670945196073e-05 2.4006670945196073e-05 8.331965804169844e-05 0.0004323104788116254 0.0008327306514029589 0.2938454826650776 2.015323515370627
429 3861 0.18815346273800718 1.9142109647906773 2.4371941095409834e-05 2.4371941095409834e-05 7.464448439160023e-05 0.0004149536048468041 0.0008565292959307135 0.29236743089754025 1.9142109647906773
430 3870 0.21080445275932516 1.8913557328188646 2.375739706222068e-05 2.375739706222068e-05 7.249901434186629e-05 0.0004063279063001243 0.0008465646670181327 0.28684448574625443 1.8913557328188646
431 3879 0.2113306358152368 1.9092936449288902 2.3783988478076656e-05 2.3783988478076656e-05 7.165816461239712e-05 0.0003936166120096196 0.0008306170821699249 0.3097064764404984 1.9092936449288902
432 3888 0.18312326469648213 1.8458832835970829 2.3950454765026092e-05 2.3950454765026092e-05 7.198719713093506e-05 0.00038125920296102044 0.0007679974174076126 0.3274244469829845 1.8458832835970829
433 3897 0.16713718584387044 1.8056406286208875 2.2912502634729306e-05 2.2912502634729306e-05 7.23039783559915e-05 0.0003803958036379444 0.0007517591176936935 0.3201543414611116 1.8056406286208875
434 3906 0.14024233300277908 1.8568018421613905 2.2603251402880078e-05 2.2603251402880078e-05 6.854466758523067e-05 0.00034750967091952656 0.0007460297765710098 0.3204950068312779 1.8568018421613905
435 3915 0.12776793745387166 1.8083224932866262 2.2300904880628506e-05 2.2300904880628506e-05 6.683004076658757e-05 0.0003244596303265482 0.0007188465455596671 0.3107212576094946 1.8083224932866262
436 3924 0.11302396091110199 1.8014844857944607 2.2608914549897714e-05 2.2608914549897714e-05 6.019664577330168e-05 0.00031518500188929937 0.0007125115178285848 0.31093033987593344 1.8014844857944607
437 3933 0.12899602416421238 1.8165076934695326 2.2208710371259017e-05 2.2208710371259017e-05 5.9217413072428787e-05 0.00031204043993826624 0.0006721542819943772 0.3075004025446462 1.8165076934695326
438 3942 0.15648404574577596 2.0525967529220046 2.199432295327836e-05 2.199432295327836e-05 6.066274802187883e-05 0.000314805565628831 0.000663892855926221 0.28216193831516845 2.0525967529220046
439 3951 0.1620364326335866 2.287067001906839 2.211720164552148e-05 2.211720164552148e-05 5.622824738062725e-05 0.0003145861926394888 0.0006564278979937834 0.28363612530249027 2.287067001906839
440 3960 0.15239046717272187 2.3011261229074176 2.174351508248332e-05 2.174351508248332e-05 5.335123978954621e-05 0.00031522254545259627 0.0006476278528716857 0.2767502624916596 2.3011261229074176
441 3969 0.1539080205473104 2.2730130588510695 1.9400507382975936e-05 1.9400507382975936e-05 5.194487095461016e-05 0.0003189764726674593 0.0006515562483213898 0.27439842216308463 2.2730130588510695
442 3978 0.16625348178430763 2.531443936078964 1.7665024799162626e-05 1.7665024799162626e-05 5.0603189633891526e-05 0.00031603183850040175 0.000627456013839444 0.27130043436850226 2.531443936078964
443 3987 0.16051961116232388 2.80320333975026 1.681743873120733e-05 1.681743873120733e-05 5.257113349377709e-05 0.0002952651580838543 0.0006100710623113882 0.27104854070527795 2.80320333975026
444 3996 0.15190464215306412 2.906852748119636 1.6380944817927565e-05 1.6380944817927565e-05 5.0318555329254595e-05 0.0002876173152690306 0.0006170105701557476 0.259829887418211 2.906852748119636
445 4005 0.1349058100250539 2.937335036726063 1.5674517116123074e-05 1.5674517116123074e-05 4.771944307445656e-05 0.00027599954370178826 0.0006086918091403153 0.26096046567127545 2.937335036726063
446 4014 0.1463927440800732 2.9457244549836696 1.5220956638633527e-05 1.5220956638633527e-05 4.6124391958239825e-05 0.0002679209451326131 0.000594488298746248 0.2586304436390525 2.9457244549836696
447 4023 0.167654911313451 1.7245415518297291 0.00018245176283202878 0.00018245176283202878 0.04176326113614407 0.5725278785569583 0.9424097480636997 1.3447259675387104 1.7245415518297291
448 4032 0.1621603438705426 1.742437960506696 0.0001786419032366076 0.0001786419032366076 0.04051615701524715 0.6028149308095019 0.9198589843818702 1.3183148104686766 1.742437960506696
449 4041 0.16571593550900648 1.7689561302342371 0.00017971061672895222 0.00017971061672895222 0.039282334225010825 0.615013082428406 0.8782980082953874 1.2122445960518053 1.7689561302342371
450 4050 0.1469692550177247 1.7530072244173676 0.00018584636451975903 0.00018584636451975903 0.03925659314563382 0.6153364280214809 0.8422560846277752 1.1876045961182624 1.7530072244173676
451 4059 0.12849505299436534 1.7208688939363257 0.00016968939363510096 0.00016968939363510096 0.039520858138471796 0.5964019377195283 0.8232764659274145 1.1719851193326043 1.7208688939363257
452 4068 0.11149208009547959 1.6483506864664708 0.00016015737960149137 0.00016015737960149137 0.0373722275457673 0.6193887287218349 0.8229103048904943 1.1842571728431182 1.6483506864664708
453 4077 0.1006302248436714 1.6012549327407124 0.00014797471730552045 0.00014797471730552045 0.03673024397637903 0.6082816737959883 0.823286185015799 1.173531075649409 1.6012549327407124
454 4086 0.09214317652103816 1.5196860111808976 0.00014066145617624336 0.00014066145617624336 0.03542957804610648 0.6001498008564992 0.819091999538093 1.170552298881514 1.5196860111808976
455 4095 0.09344067823341407 1.4895352011428569 0.00013620602408391286 0.00013620602408391286 0.03206209172082464 0.5854873303460303 0.8289018616773292 1.2296802499336905 1.4895352011428569
456 4104 0.08522699833055557 1.4919892255753422 0.0001388997922544093 0.0001388997922544093 0.032326696880007735 0.5826536440160409 0.8267604673216279 1.1962171777008228 1.4919892255753422
457 4113 0.07856104232716041 1.4413383592761466 0.00013968330403647843 0.00013968330403647843 0.030967008822083194 0.5745963758828189 0.8098494525215604 1.1342856193635373 1.4413383592761466
458 4122 0.07012335080745287 1.4026186484969696 0.00012628365218181513 0.00012628365218181513 0.030993052797157142 0.5776876862286621 0.795451319575185 1.1701724345203122 1.4026186484969696
459 4131 0.06891958154661171 1.3434726926224374 0.00012041798126217253 0.00012041798126217253 0.029751670244514944 0.5830558640813345 0.79169823587435 1.1274438030146987 1.3434726926224374
460 4140 0.07147314959583201 1.4017593741308274 0.00011574941415241789 0.00011574941415241789 0.028209855717204208 0.5556258958853296 0.7852502569263954 1.175935657203269 1.4017593741308274
461 4149 0.07667230844317761 1.561273053814246 0.00010093459095470126 0.00010093459095470126 0.02749033665270754 0.5519526889932701 0.7759233676692218 1.1660756925763156 1.561273053814246
462 4158 0.06905212268622771 1.7316779831055504 0.00010192777632494537 0.00010192777632494537 0.025978402445766307 0.5494721712127776 0.7437001215523021 1.1315423367799258 1.7316779831055504
463 4167 0.07404727047903312 1.7257583484854493 9.669754593967769e-05 9.669754593967769e-05 0.02599311284094806 0.5317731233035661 0.7323133437405601 1.1295138254926433 1.7257583484854493
464 4176 0.07603942268585327 1.918956787047507 9.776189817156901e-05 9.776189817156901e-05 0.024692647246458487 0.5330261115474239 0.6757689829530228 1.114735293218339 1.918956787047507
465 4185 0.07186965049427928 1.9473115698515135 9.221238175843586e-05 9.221238175843586e-05 0.024506849335569986 0.5601585279821769 0.6470614766143592 1.1212582812585727 1.9473115698515135
466 4194 0.06556851756527485 1.843658990623171 8.672452813207363e-05 8.672452813207363e-05 0.024259937217898063 0.5585128880358455 0.6597709136072389 1.1153267350739864 1.843658990623171
467 4203 0.060296044752105704 1.8795529277407081 8.868005739857179e-05 8.868005739857179e-05 0.02283153339194553 0.5452051757771645 0.6063913115874491 1.1151334204182988 1.8795529277407081
468 4212 0.05803039111129835 1.9141097239429998 8.721671078706911e-05 8.721671078706911e-05 0.021065015597439788 0.5296195215485406 0.6056798659543872 1.076716035077627 1.9141097239429998
469 4221 0.05693871275836936 1.946207917376704 8.612062042965581e-05 8.612062042965581e-05 0.020482793533143646 0.5208522180397106 0.5974759970648887 1.0053621364445682 1.946207917376704
470 4230 0.05048304855039225 1.930662863698461 8.725718166930405e-05 8.725718166930405e-05 0.01993331016750431 0.5239151796294068 0.5637178662790611 0.9605550011283974 1.930662863698461
471 4239 0.0454013246746794 1.7970350489652076 8.541881831626466e-05 8.541881831626466e-05 0.019102913844754776 0.5164412742887755 0.5594065649947313 0.9710999487424787 1.7970350489652076
472 4248 0.04171519698893638 1.7026912023554905 8.302005213379652e-05 8.302005213379652e-05 0.019150334271547734 0.5065776213192336 0.5394292036125822 0.9638544383996495 1.7026912023554905
473 4257 0.03472053259291972 1.6795838637279628 8.290994545265569e-05 8.290994545265569e-05 0.018200090125048626 0.5007913215282075 0.5367633312681673 0.9482287720513849 1.6795838637279628
474 4266 0.03222032424105218 1.6571084427045595 8.293142789741235e-05 8.293142789741235e-05 0.017696318883656012 0.4705224220406199 0.545547906794608 0.890803953647595 1.6571084427045595
475 4275 0.028620605616467346 1.6327314812680946 8.25850302518971e-05 8.25850302518971e-05 0.01741460713743038 0.45965397950103576 0.553757003102515 0.8225959051422148 1.6327314812680946
476 4284 0.02591515842932323 1.6171434931313486 8.060812466031678e-05 8.060812466031678e-05 0.01725034692363252 0.4028799778931671 0.5486241007181413 0.8201123663438582 1.6171434931313486
477 4293 0.023131060868606876 1.6126837950603061 7.841954524310922e-05 7.841954524310922e-05 0.017532546285159552 0.37513936594570607 0.5441738237926774 0.803291181737528 1.6126837950603061
478 4302 0.0231920300416093 1.63018519350317 7.127568593823159e-05 7.127568593823159e-05 0.016609458201406954 0.37092791598040353 0.5402623049702433 0.792610532090064 1.63018519350317
479 4311 0.02242850202338685 1.6107765775951601 7.149107255101435e-05 7.149107255101435e-05 0.015571335260835085 0.3688342221651088 0.5802531221278302 0.7875379365685854 1.6107765775951601
480 4320 0.023171954708604763 1.5624937025761396 7.120978610244666e-05 7.120978610244666e-05 0.015401687621783972 0.3714248250596182 0.5319467113086579 0.7888923904177884 1.5624937025761396
481 4329 0.023400622179237014 1.5658491516074855 6.85544021334934e-05 6.85544021334934e-05 0.01578667270571371 0.34985674494643704 0.5392948606863661 0.8015672565646954 1.5658491516074855
482 4338 0.023130283736314743 1.5727410747794688 6.56256878279398e-05 6.56256878279398e-05 0.016106608396793655 0.3563196370286985 0.5259426575441635 0.8072686137101083 1.5727410747794688
483 4347 0.023351376971732868 1.5887635290457776 6.237633139136804e-05 6.237633139136804e-05 0.016684577358210398 0.3446982357717205 0.4809477932003887 0.7927676527060808 1.5887635290457776
484 4356 0.024386394779426297 1.593104305628477 6.077843473020167e-05 6.077843473020167e-05 0.017115819519878724 0.3259327072609753 0.45384734417351846 0.7972568167236627 1.593104305628477
485 4365 0.022407539470065727 1.6185748314279507 6.146154715029375e-05 6.146154715029375e-05 0.01696129510656099 0.304434359639944 0.45077675520109467 0.7927750533824017 1.6185748314279507
486 4374 0.021627618752659863 1.6890056692760154 5.750802458091576e-05 5.750802458091576e-05 0.016406174489960106 0.3011133944695871 0.43388379754579526 0.7887734481248806 1.6890056692760154
487 4383 0.019188295972409643 1.6971556337344864 5.4684972179816434e-05 5.4684972179816434e-05 0.015395718452382839 0.2939407543191278 0.44208019868437837 0.8158895814137643 1.6971556337344864
488 4392 0.02073257469246899 1.672445244590048 5.183685749131159e-05 5.183685749131159e-05 0.014923748130177855 0.2796768452398568 0.42742171428934633 0.8366150363928638 1.672445244590048
489 4401 0.020994941339476176 1.8325855893475516 5.0005264468049334e-05 5.0005264468049334e-05 0.013819924867315243 0.2975757358751881 0.4104487696260405 0.8394329589418401 1.8325855893475516
490 4410 0.020533396518081577 1.8340515457184245 4.8991314286098495e-05 4.8991314286098495e-05 0.013306596116842529 0.2970643175607975 0.3977693782353313 0.8491294047407378 1.8340515457184245
491 4419 0.020404711503803106 1.8604086438240732 4.549443757814037e-05 4.549443757814037e-05 0.013427476311273893 0.2920732393294271 0.3935275775526386 0.7952663792648735 1.8604086438240732
492 4428 0.019786192060091575 1.8332937952064998 4.355685986950722e-05 4.355685986950722e-05 0.013009511213057158 0.2976136800530808 0.38077163858186414 0.7967210589408588 1.8332937952064998
493 4437 0.020974797998368717 1.849224586817586 3.9733369735846276e-05 3.9733369735846276e-05 0.013037816343277837 0.29304282612522814 0.38123271367053513 0.8107231293322823 1.849224586817586
494 4446 0.019857784564462192 1.7507406691752754 3.884956577661982e-05 3.884956577661982e-05 0.012956236047828232 0.2988726466948436 0.37932827734684393 0.8212706235263171 1.7507406691752754
495 4455 0.01736095104431554 1.7387635613636494 3.702621434924298e-05 3.702621434924298e-05 0.012444223098591342 0.2919401706303168 0.37766454981067316 0.8287516482688821 1.7387635613636494
496 4464 0.015905658879447372 1.7276514476945533 3.6935316678066126e-05 3.6935316678066126e-05 0.012436840001059752 0.2880930128199684 0.3594177075517072 0.8188894284406844 1.7276514476945533
497 4473 0.018529751179866875 1.6489567120352895 3.660314212239613e-05 3.660314212239613e-05 0.012130631296935293 0.28581998157489785 0.3575103438364195 0.7844654894469405 1.6489567120352895
498 4482 0.017688627601625987 2.0328617187758256 3.552336365772794e-05 3.552336365772794e-05 0.01225650735664565 0.2691468088511234 0.34842383359634826 0.7520217411030233 2.0328617187758256
499 4491 0.015278463238130445 2.0689591253979476 3.234679689345851e-05 3.234679689345851e-05 0.012512837121669415 0.24921764706982438 0.3486010081047732 0.7451878107768378 2.0689591253979476
500 4500 0.015745320630956516 1.9905363460995429 3.133145177001366e-05 3.133145177001366e-05 0.012072296597736181 0.24604672611322848 0.3476253086062204 0.7157651832670212 1.9905363460995429
501 4509 0.016111776939809225 1.9699055432997217 3.1745041599048874e-05 3.1745041599048874e-05 0.012119986910855607 0.2451388607655573 0.35337006077966515 0.6997682722834422 1.9699055432997217
502 4518 0.014576934082085833 1.9395277201409946 3.0217263277381354e-05 3.0217263277381354e-05 0.011938313089549365 0.24334307343251294 0.36060852785854575 0.6609082735096086 1.9395277201409946
503 4527 0.015015792924778228 1.9815210932367056 2.8720097052472043e-05 2.8720097052472043e-05 0.011360029882708572 0.23508863939374197 0.3637405067763198 0.65207619630255 1.9815210932367056
504 4536 0.015262277435973831 2.0750847530921983 2.7484340198740953e-05 2.7484340198740953e-05 0.010894840791364064 0.21901550318166704 0.355950168718648 0.7007069628319362 2.0750847530921983
505 4545 0.014548262598046096 2.00115910864227 2.648813967837978e-05 2.648813967837978e-05 0.010311972131374893 0.22595798472384615 0.36775807010387834 0.7192300726100506 2.00115910864227
506 4554 0.015082014542012995 1.8627820918826408 2.6259853707217322e-05 2.6259853707217322e-05 0.010043428463534535 0.23684118977371688 0.35709757407616455 0.6949839351757199 1.8627820918826408
507 4563 0.014499545064154972 1.7836021082388436 2.475404429311236e-05 2.475404429311236e-05 0.00984827143423365 0.24908435145840174 0.3676122828288295 0.676204382824382 1.7836021082388436
508 4572 0.014873871172224525 1.652621528541309 2.3082238895935908e-05 2.3082238895935908e-05 0.0098415323096695 0.25102875194085417 0.36726283810432175 0.7268574258625947 1.652621528541309
509 4581 0.015557475067009505 1.6461414271501196 2.2007585374999644e-05 2.2007585374999644e-05 0.009468114320964905 0.24770322733934141 0.3616765283424876 0.7744819701587563 1.6461414271501196
