% # columns="iteration, evaluation, min max(neg(.)) min(pos(.)) max correlation, correlation matrix principal axes lengths  (sorted square roots of eigenvalues of correlation matrix)", seed=419482, Thu Nov 30 11:13:09 2023
1 9 -0.06856439472598524 -0.05323062551684031 0.06033431066059455 0.13399245384039576 0.8795698305487146 0.9690219644435726 0.97426929863049 1.0070182918901707 1.0475589411196968 1.1075590747401516
2 18 -0.06856439472598524 -0.05323062551684031 0.06033431066059455 0.13399245384039576 0.8795698305487146 0.9690219644435726 0.97426929863049 1.0070182918901707 1.0475589411196968 1.1075590747401516
3 27 -0.06856439472598524 -0.05323062551684031 0.06033431066059455 0.13399245384039576 0.8795698305487146 0.9690219644435726 0.97426929863049 1.0070182918901707 1.0475589411196968 1.1075590747401516
4 36 -0.06856439472598524 -0.05323062551684031 0.06033431066059455 0.13399245384039576 0.8795698305487146 0.9690219644435726 0.97426929863049 1.0070182918901707 1.0475589411196968 1.1075590747401516
5 45 -0.06856439472598524 -0.05323062551684031 0.06033431066059455 0.13399245384039576 0.8795698305487146 0.9690219644435726 0.97426929863049 1.0070182918901707 1.0475589411196968 1.1075590747401516
6 54 -0.06856439472598524 -0.05323062551684031 0.06033431066059455 0.13399245384039576 0.8795698305487146 0.9690219644435726 0.97426929863049 1.0070182918901707 1.0475589411196968 1.1075590747401516
7 63 -0.3098308148898151 -0.10601779476046778 0.15280258708561245 0.2323443389517132 0.6542793441983116 0.8557405062645842 0.9733607003123013 1.0455555168651969 1.1716255973268468 1.194279194167875
8 72 -0.3098308148898151 -0.10601779476046778 0.15280258708561245 0.2323443389517132 0.6542793441983116 0.8557405062645842 0.9733607003123013 1.0455555168651969 1.1716255973268468 1.194279194167875
9 81 -0.3098308148898151 -0.10601779476046778 0.15280258708561245 0.2323443389517132 0.6542793441983116 0.8557405062645842 0.9733607003123013 1.0455555168651969 1.1716255973268468 1.194279194167875
10 90 -0.3098308148898151 -0.10601779476046778 0.15280258708561245 0.2323443389517132 0.6542793441983116 0.8557405062645842 0.9733607003123013 1.0455555168651969 1.1716255973268468 1.194279194167875
11 99 -0.3098308148898151 -0.10601779476046778 0.15280258708561245 0.2323443389517132 0.6542793441983116 0.8557405062645842 0.9733607003123013 1.0455555168651969 1.1716255973268468 1.194279194167875
12 108 -0.3098308148898151 -0.10601779476046778 0.15280258708561245 0.2323443389517132 0.6542793441983116 0.8557405062645842 0.9733607003123013 1.0455555168651969 1.1716255973268468 1.194279194167875
13 117 -0.18539124707653698 -0.11247950744563234 0.11218918953847448 0.20569158591585934 0.7248680542630805 0.9004970286877129 1.0122231460227824 1.0445221102010105 1.0913764241358683 1.1648805818755974
14 126 -0.18539124707653698 -0.11247950744563234 0.11218918953847448 0.20569158591585934 0.7248680542630805 0.9004970286877129 1.0122231460227824 1.0445221102010105 1.0913764241358683 1.1648805818755974
15 135 -0.18539124707653698 -0.11247950744563234 0.11218918953847448 0.20569158591585934 0.7248680542630805 0.9004970286877129 1.0122231460227824 1.0445221102010105 1.0913764241358683 1.1648805818755974
16 144 -0.18539124707653698 -0.11247950744563234 0.11218918953847448 0.20569158591585934 0.7248680542630805 0.9004970286877129 1.0122231460227824 1.0445221102010105 1.0913764241358683 1.1648805818755974
17 153 -0.18539124707653698 -0.11247950744563234 0.11218918953847448 0.20569158591585934 0.7248680542630805 0.9004970286877129 1.0122231460227824 1.0445221102010105 1.0913764241358683 1.1648805818755974
18 162 -0.18539124707653698 -0.11247950744563234 0.11218918953847448 0.20569158591585934 0.7248680542630805 0.9004970286877129 1.0122231460227824 1.0445221102010105 1.0913764241358683 1.1648805818755974
19 171 -0.4513419550448982 -0.17385232063394251 0.17926545246011466 0.4435191870444167 0.6004162362448257 0.8172220552901808 0.913980978712504 1.0150805216603604 1.0662577058906875 1.4032082045537935
20 180 -0.4513419550448982 -0.17385232063394251 0.17926545246011466 0.4435191870444167 0.6004162362448257 0.8172220552901808 0.913980978712504 1.0150805216603604 1.0662577058906875 1.4032082045537935
21 189 -0.4513419550448982 -0.17385232063394251 0.17926545246011466 0.4435191870444167 0.6004162362448257 0.8172220552901808 0.913980978712504 1.0150805216603604 1.0662577058906875 1.4032082045537935
22 198 -0.4513419550448982 -0.17385232063394251 0.17926545246011466 0.4435191870444167 0.6004162362448257 0.8172220552901808 0.913980978712504 1.0150805216603604 1.0662577058906875 1.4032082045537935
23 207 -0.4513419550448982 -0.17385232063394251 0.17926545246011466 0.4435191870444167 0.6004162362448257 0.8172220552901808 0.913980978712504 1.0150805216603604 1.0662577058906875 1.4032082045537935
24 216 -0.4513419550448982 -0.17385232063394251 0.17926545246011466 0.4435191870444167 0.6004162362448257 0.8172220552901808 0.913980978712504 1.0150805216603604 1.0662577058906875 1.4032082045537935
25 225 -0.5533225299157466 -0.17346431037666418 0.17476100576005701 0.5577831983965535 0.44985566708813657 0.7989855026394488 0.8892730600721335 1.0085150968373877 1.1458402825819891 1.4277229480029097
26 234 -0.5533225299157466 -0.17346431037666418 0.17476100576005701 0.5577831983965535 0.44985566708813657 0.7989855026394488 0.8892730600721335 1.0085150968373877 1.1458402825819891 1.4277229480029097
27 243 -0.5533225299157466 -0.17346431037666418 0.17476100576005701 0.5577831983965535 0.44985566708813657 0.7989855026394488 0.8892730600721335 1.0085150968373877 1.1458402825819891 1.4277229480029097
28 252 -0.5533225299157466 -0.17346431037666418 0.17476100576005701 0.5577831983965535 0.44985566708813657 0.7989855026394488 0.8892730600721335 1.0085150968373877 1.1458402825819891 1.4277229480029097
29 261 -0.5533225299157466 -0.17346431037666418 0.17476100576005701 0.5577831983965535 0.44985566708813657 0.7989855026394488 0.8892730600721335 1.0085150968373877 1.1458402825819891 1.4277229480029097
30 270 -0.5533225299157466 -0.17346431037666418 0.17476100576005701 0.5577831983965535 0.44985566708813657 0.7989855026394488 0.8892730600721335 1.0085150968373877 1.1458402825819891 1.4277229480029097
31 279 -0.6639393291442768 -0.1752328475562159 0.09195311066096429 0.3912020996975335 0.40229266582221923 0.7679973380845834 0.9447160120533332 1.024088536654544 1.1140330683978246 1.437367506206946
32 288 -0.6639393291442768 -0.1752328475562159 0.09195311066096429 0.3912020996975335 0.40229266582221923 0.7679973380845834 0.9447160120533332 1.024088536654544 1.1140330683978246 1.437367506206946
33 297 -0.6639393291442768 -0.1752328475562159 0.09195311066096429 0.3912020996975335 0.40229266582221923 0.7679973380845834 0.9447160120533332 1.024088536654544 1.1140330683978246 1.437367506206946
34 306 -0.6639393291442768 -0.1752328475562159 0.09195311066096429 0.3912020996975335 0.40229266582221923 0.7679973380845834 0.9447160120533332 1.024088536654544 1.1140330683978246 1.437367506206946
35 315 -0.6639393291442768 -0.1752328475562159 0.09195311066096429 0.3912020996975335 0.40229266582221923 0.7679973380845834 0.9447160120533332 1.024088536654544 1.1140330683978246 1.437367506206946
36 324 -0.6639393291442768 -0.1752328475562159 0.09195311066096429 0.3912020996975335 0.40229266582221923 0.7679973380845834 0.9447160120533332 1.024088536654544 1.1140330683978246 1.437367506206946
37 333 -0.8285185128453718 -0.16435712994062973 0.09801997825092826 0.6064997888459274 0.2536393291230103 0.6938074420218138 0.9541949648806868 1.018069588427283 1.0642793294194781 1.5409912768096554
38 342 -0.8285185128453718 -0.16435712994062973 0.09801997825092826 0.6064997888459274 0.2536393291230103 0.6938074420218138 0.9541949648806868 1.018069588427283 1.0642793294194781 1.5409912768096554
39 351 -0.8285185128453718 -0.16435712994062973 0.09801997825092826 0.6064997888459274 0.2536393291230103 0.6938074420218138 0.9541949648806868 1.018069588427283 1.0642793294194781 1.5409912768096554
40 360 -0.8285185128453718 -0.16435712994062973 0.09801997825092826 0.6064997888459274 0.2536393291230103 0.6938074420218138 0.9541949648806868 1.018069588427283 1.0642793294194781 1.5409912768096554
41 369 -0.8285185128453718 -0.16435712994062973 0.09801997825092826 0.6064997888459274 0.2536393291230103 0.6938074420218138 0.9541949648806868 1.018069588427283 1.0642793294194781 1.5409912768096554
42 378 -0.8285185128453718 -0.16435712994062973 0.09801997825092826 0.6064997888459274 0.2536393291230103 0.6938074420218138 0.9541949648806868 1.018069588427283 1.0642793294194781 1.5409912768096554
43 387 -0.8692225688643109 -0.20102888311201222 0.11187266274307586 0.7387197498089676 0.23330595397122791 0.5596010850483052 0.885398418688408 0.9755959612514439 1.101235855906365 1.6382846845693353
44 396 -0.8692225688643109 -0.20102888311201222 0.11187266274307586 0.7387197498089676 0.23330595397122791 0.5596010850483052 0.885398418688408 0.9755959612514439 1.101235855906365 1.6382846845693353
45 405 -0.8692225688643109 -0.20102888311201222 0.11187266274307586 0.7387197498089676 0.23330595397122791 0.5596010850483052 0.885398418688408 0.9755959612514439 1.101235855906365 1.6382846845693353
46 414 -0.8692225688643109 -0.20102888311201222 0.11187266274307586 0.7387197498089676 0.23330595397122791 0.5596010850483052 0.885398418688408 0.9755959612514439 1.101235855906365 1.6382846845693353
47 423 -0.8692225688643109 -0.20102888311201222 0.11187266274307586 0.7387197498089676 0.23330595397122791 0.5596010850483052 0.885398418688408 0.9755959612514439 1.101235855906365 1.6382846845693353
48 432 -0.8692225688643109 -0.20102888311201222 0.11187266274307586 0.7387197498089676 0.23330595397122791 0.5596010850483052 0.885398418688408 0.9755959612514439 1.101235855906365 1.6382846845693353
49 441 -0.9034554836322356 -0.20665517892883883 0.12665728587632177 0.8112648498257439 0.20991847109370163 0.43113200253485584 0.8411916476982426 0.8888755138888647 1.211214628076581 1.6749076061887116
50 450 -0.9034554836322356 -0.20665517892883883 0.12665728587632177 0.8112648498257439 0.20991847109370163 0.43113200253485584 0.8411916476982426 0.8888755138888647 1.211214628076581 1.6749076061887116
51 459 -0.9034554836322356 -0.20665517892883883 0.12665728587632177 0.8112648498257439 0.20991847109370163 0.43113200253485584 0.8411916476982426 0.8888755138888647 1.211214628076581 1.6749076061887116
52 468 -0.9034554836322356 -0.20665517892883883 0.12665728587632177 0.8112648498257439 0.20991847109370163 0.43113200253485584 0.8411916476982426 0.8888755138888647 1.211214628076581 1.6749076061887116
53 477 -0.9034554836322356 -0.20665517892883883 0.12665728587632177 0.8112648498257439 0.20991847109370163 0.43113200253485584 0.8411916476982426 0.8888755138888647 1.211214628076581 1.6749076061887116
54 486 -0.9034554836322356 -0.20665517892883883 0.12665728587632177 0.8112648498257439 0.20991847109370163 0.43113200253485584 0.8411916476982426 0.8888755138888647 1.211214628076581 1.6749076061887116
55 495 -0.9388703054406632 -0.22285718980977653 0.06185641256755796 0.8816535870292874 0.16882522526859672 0.3365201823456378 0.8780554771807095 0.9625168865997278 1.110532834975942 1.7110081398493366
56 504 -0.9388703054406632 -0.22285718980977653 0.06185641256755796 0.8816535870292874 0.16882522526859672 0.3365201823456378 0.8780554771807095 0.9625168865997278 1.110532834975942 1.7110081398493366
57 513 -0.9388703054406632 -0.22285718980977653 0.06185641256755796 0.8816535870292874 0.16882522526859672 0.3365201823456378 0.8780554771807095 0.9625168865997278 1.110532834975942 1.7110081398493366
58 522 -0.9388703054406632 -0.22285718980977653 0.06185641256755796 0.8816535870292874 0.16882522526859672 0.3365201823456378 0.8780554771807095 0.9625168865997278 1.110532834975942 1.7110081398493366
59 531 -0.9388703054406632 -0.22285718980977653 0.06185641256755796 0.8816535870292874 0.16882522526859672 0.3365201823456378 0.8780554771807095 0.9625168865997278 1.110532834975942 1.7110081398493366
60 540 -0.9388703054406632 -0.22285718980977653 0.06185641256755796 0.8816535870292874 0.16882522526859672 0.3365201823456378 0.8780554771807095 0.9625168865997278 1.110532834975942 1.7110081398493366
61 549 -0.9645495952521023 -0.10585675908663184 0.118343912071084 0.9197210826790814 0.11700441712336034 0.2632255550013728 0.8823765876388153 0.9787766403564258 1.1032932234117656 1.7213872843206983
62 558 -0.9645495952521023 -0.10585675908663184 0.118343912071084 0.9197210826790814 0.11700441712336034 0.2632255550013728 0.8823765876388153 0.9787766403564258 1.1032932234117656 1.7213872843206983
63 567 -0.9645495952521023 -0.10585675908663184 0.118343912071084 0.9197210826790814 0.11700441712336034 0.2632255550013728 0.8823765876388153 0.9787766403564258 1.1032932234117656 1.7213872843206983
64 576 -0.9645495952521023 -0.10585675908663184 0.118343912071084 0.9197210826790814 0.11700441712336034 0.2632255550013728 0.8823765876388153 0.9787766403564258 1.1032932234117656 1.7213872843206983
65 585 -0.9645495952521023 -0.10585675908663184 0.118343912071084 0.9197210826790814 0.11700441712336034 0.2632255550013728 0.8823765876388153 0.9787766403564258 1.1032932234117656 1.7213872843206983
66 594 -0.9645495952521023 -0.10585675908663184 0.118343912071084 0.9197210826790814 0.11700441712336034 0.2632255550013728 0.8823765876388153 0.9787766403564258 1.1032932234117656 1.7213872843206983
67 603 -0.9885795196008078 -0.22392381313236043 0.1323272019791239 0.963537519606176 0.07062159922063362 0.1815860046207702 0.8221447147023841 0.9450554193289668 1.1476642263254735 1.75381135209749
68 612 -0.9885795196008078 -0.22392381313236043 0.1323272019791239 0.963537519606176 0.07062159922063362 0.1815860046207702 0.8221447147023841 0.9450554193289668 1.1476642263254735 1.75381135209749
69 621 -0.9885795196008078 -0.22392381313236043 0.1323272019791239 0.963537519606176 0.07062159922063362 0.1815860046207702 0.8221447147023841 0.9450554193289668 1.1476642263254735 1.75381135209749
70 630 -0.9885795196008078 -0.22392381313236043 0.1323272019791239 0.963537519606176 0.07062159922063362 0.1815860046207702 0.8221447147023841 0.9450554193289668 1.1476642263254735 1.75381135209749
71 639 -0.9885795196008078 -0.22392381313236043 0.1323272019791239 0.963537519606176 0.07062159922063362 0.1815860046207702 0.8221447147023841 0.9450554193289668 1.1476642263254735 1.75381135209749
72 648 -0.9885795196008078 -0.22392381313236043 0.1323272019791239 0.963537519606176 0.07062159922063362 0.1815860046207702 0.8221447147023841 0.9450554193289668 1.1476642263254735 1.75381135209749
73 657 -0.9924186308667501 -0.14355879632258478 0.17110783483798359 0.9672153828731818 0.057854566456139456 0.1552411286145254 0.825793901038899 0.963586446898148 1.1448585634230328 1.7468307025137744
74 666 -0.9924186308667501 -0.14355879632258478 0.17110783483798359 0.9672153828731818 0.057854566456139456 0.1552411286145254 0.825793901038899 0.963586446898148 1.1448585634230328 1.7468307025137744
75 675 -0.9924186308667501 -0.14355879632258478 0.17110783483798359 0.9672153828731818 0.057854566456139456 0.1552411286145254 0.825793901038899 0.963586446898148 1.1448585634230328 1.7468307025137744
76 684 -0.9924186308667501 -0.14355879632258478 0.17110783483798359 0.9672153828731818 0.057854566456139456 0.1552411286145254 0.825793901038899 0.963586446898148 1.1448585634230328 1.7468307025137744
77 693 -0.9924186308667501 -0.14355879632258478 0.17110783483798359 0.9672153828731818 0.057854566456139456 0.1552411286145254 0.825793901038899 0.963586446898148 1.1448585634230328 1.7468307025137744
78 702 -0.9924186308667501 -0.14355879632258478 0.17110783483798359 0.9672153828731818 0.057854566456139456 0.1552411286145254 0.825793901038899 0.963586446898148 1.1448585634230328 1.7468307025137744
79 711 -0.9953384663786201 -0.07539105903903942 0.13466942513888905 0.9779772258910866 0.04899430714053975 0.12996765541254687 0.7990237728049822 0.946861855510536 1.2036262634650132 1.7311861313513555
80 720 -0.9953384663786201 -0.07539105903903942 0.13466942513888905 0.9779772258910866 0.04899430714053975 0.12996765541254687 0.7990237728049822 0.946861855510536 1.2036262634650132 1.7311861313513555
81 729 -0.9953384663786201 -0.07539105903903942 0.13466942513888905 0.9779772258910866 0.04899430714053975 0.12996765541254687 0.7990237728049822 0.946861855510536 1.2036262634650132 1.7311861313513555
82 738 -0.9953384663786201 -0.07539105903903942 0.13466942513888905 0.9779772258910866 0.04899430714053975 0.12996765541254687 0.7990237728049822 0.946861855510536 1.2036262634650132 1.7311861313513555
83 747 -0.9953384663786201 -0.07539105903903942 0.13466942513888905 0.9779772258910866 0.04899430714053975 0.12996765541254687 0.7990237728049822 0.946861855510536 1.2036262634650132 1.7311861313513555
84 756 -0.9953384663786201 -0.07539105903903942 0.13466942513888905 0.9779772258910866 0.04899430714053975 0.12996765541254687 0.7990237728049822 0.946861855510536 1.2036262634650132 1.7311861313513555
85 765 -0.9974285052453389 -0.08007541093533427 0.1433878229399627 0.988475311319581 0.02879690015092785 0.10453556468181072 0.7721321781895089 0.9388174157743867 1.2198925216144543 1.7385450955354904
86 774 -0.9974285052453389 -0.08007541093533427 0.1433878229399627 0.988475311319581 0.02879690015092785 0.10453556468181072 0.7721321781895089 0.9388174157743867 1.2198925216144543 1.7385450955354904
87 783 -0.9974285052453389 -0.08007541093533427 0.1433878229399627 0.988475311319581 0.02879690015092785 0.10453556468181072 0.7721321781895089 0.9388174157743867 1.2198925216144543 1.7385450955354904
88 792 -0.9974285052453389 -0.08007541093533427 0.1433878229399627 0.988475311319581 0.02879690015092785 0.10453556468181072 0.7721321781895089 0.9388174157743867 1.2198925216144543 1.7385450955354904
89 801 -0.9974285052453389 -0.08007541093533427 0.1433878229399627 0.988475311319581 0.02879690015092785 0.10453556468181072 0.7721321781895089 0.9388174157743867 1.2198925216144543 1.7385450955354904
90 810 -0.9974285052453389 -0.08007541093533427 0.1433878229399627 0.988475311319581 0.02879690015092785 0.10453556468181072 0.7721321781895089 0.9388174157743867 1.2198925216144543 1.7385450955354904
91 819 -0.9981403936434641 -0.04486353712218072 0.0660080361688946 0.9827670769460295 0.025593643595072525 0.12036372329610161 0.7491264785808837 0.9671695660737568 1.224074595737295 1.729130264943076
92 828 -0.9981403936434641 -0.04486353712218072 0.0660080361688946 0.9827670769460295 0.025593643595072525 0.12036372329610161 0.7491264785808837 0.9671695660737568 1.224074595737295 1.729130264943076
93 837 -0.9981403936434641 -0.04486353712218072 0.0660080361688946 0.9827670769460295 0.025593643595072525 0.12036372329610161 0.7491264785808837 0.9671695660737568 1.224074595737295 1.729130264943076
94 846 -0.9981403936434641 -0.04486353712218072 0.0660080361688946 0.9827670769460295 0.025593643595072525 0.12036372329610161 0.7491264785808837 0.9671695660737568 1.224074595737295 1.729130264943076
95 855 -0.9981403936434641 -0.04486353712218072 0.0660080361688946 0.9827670769460295 0.025593643595072525 0.12036372329610161 0.7491264785808837 0.9671695660737568 1.224074595737295 1.729130264943076
96 864 -0.9981403936434641 -0.04486353712218072 0.0660080361688946 0.9827670769460295 0.025593643595072525 0.12036372329610161 0.7491264785808837 0.9671695660737568 1.224074595737295 1.729130264943076
97 873 -0.998394308191772 -0.16487947007069273 0.18842162121728423 0.9791170458095086 0.023839297124380526 0.14064337560546455 0.7404337683035453 0.9779732983095109 1.1625971070005183 1.7672988310284057
98 882 -0.998394308191772 -0.16487947007069273 0.18842162121728423 0.9791170458095086 0.023839297124380526 0.14064337560546455 0.7404337683035453 0.9779732983095109 1.1625971070005183 1.7672988310284057
99 891 -0.998394308191772 -0.16487947007069273 0.18842162121728423 0.9791170458095086 0.023839297124380526 0.14064337560546455 0.7404337683035453 0.9779732983095109 1.1625971070005183 1.7672988310284057
100 900 -0.998394308191772 -0.16487947007069273 0.18842162121728423 0.9791170458095086 0.023839297124380526 0.14064337560546455 0.7404337683035453 0.9779732983095109 1.1625971070005183 1.7672988310284057
101 909 -0.998394308191772 -0.16487947007069273 0.18842162121728423 0.9791170458095086 0.023839297124380526 0.14064337560546455 0.7404337683035453 0.9779732983095109 1.1625971070005183 1.7672988310284057
102 918 -0.998394308191772 -0.16487947007069273 0.18842162121728423 0.9791170458095086 0.023839297124380526 0.14064337560546455 0.7404337683035453 0.9779732983095109 1.1625971070005183 1.7672988310284057
103 927 -0.9991732940103859 -0.20251141270212702 0.2379125050732621 0.9888379633820393 0.016744861984839123 0.10974605806989232 0.6677705034743631 1.0264968583464196 1.163971028078113 1.7700942383456695
104 936 -0.9991732940103859 -0.20251141270212702 0.2379125050732621 0.9888379633820393 0.016744861984839123 0.10974605806989232 0.6677705034743631 1.0264968583464196 1.163971028078113 1.7700942383456695
105 945 -0.9991732940103859 -0.20251141270212702 0.2379125050732621 0.9888379633820393 0.016744861984839123 0.10974605806989232 0.6677705034743631 1.0264968583464196 1.163971028078113 1.7700942383456695
106 954 -0.9991732940103859 -0.20251141270212702 0.2379125050732621 0.9888379633820393 0.016744861984839123 0.10974605806989232 0.6677705034743631 1.0264968583464196 1.163971028078113 1.7700942383456695
107 963 -0.9991732940103859 -0.20251141270212702 0.2379125050732621 0.9888379633820393 0.016744861984839123 0.10974605806989232 0.6677705034743631 1.0264968583464196 1.163971028078113 1.7700942383456695
108 972 -0.9991732940103859 -0.20251141270212702 0.2379125050732621 0.9888379633820393 0.016744861984839123 0.10974605806989232 0.6677705034743631 1.0264968583464196 1.163971028078113 1.7700942383456695
109 981 -0.9995440417473842 -0.07512813495808636 0.07893027656906143 0.9916168667521963 0.011528862639442295 0.09584922694360386 0.6917860644874636 1.0124752289810923 1.215178949595666 1.7350348939317504
110 990 -0.9995440417473842 -0.07512813495808636 0.07893027656906143 0.9916168667521963 0.011528862639442295 0.09584922694360386 0.6917860644874636 1.0124752289810923 1.215178949595666 1.7350348939317504
111 999 -0.9995440417473842 -0.07512813495808636 0.07893027656906143 0.9916168667521963 0.011528862639442295 0.09584922694360386 0.6917860644874636 1.0124752289810923 1.215178949595666 1.7350348939317504
112 1008 -0.9995440417473842 -0.07512813495808636 0.07893027656906143 0.9916168667521963 0.011528862639442295 0.09584922694360386 0.6917860644874636 1.0124752289810923 1.215178949595666 1.7350348939317504
113 1017 -0.9995440417473842 -0.07512813495808636 0.07893027656906143 0.9916168667521963 0.011528862639442295 0.09584922694360386 0.6917860644874636 1.0124752289810923 1.215178949595666 1.7350348939317504
114 1026 -0.9995440417473842 -0.07512813495808636 0.07893027656906143 0.9916168667521963 0.011528862639442295 0.09584922694360386 0.6917860644874636 1.0124752289810923 1.215178949595666 1.7350348939317504
115 1035 -0.9996177037756224 -0.11443407316211589 0.12096800679238275 0.9935168868406717 0.010775691619957194 0.09307943224594628 0.6329291800850411 1.0196052681260823 1.2315187917204249 1.7419492873240496
116 1044 -0.9996177037756224 -0.11443407316211589 0.12096800679238275 0.9935168868406717 0.010775691619957194 0.09307943224594628 0.6329291800850411 1.0196052681260823 1.2315187917204249 1.7419492873240496
117 1053 -0.9996177037756224 -0.11443407316211589 0.12096800679238275 0.9935168868406717 0.010775691619957194 0.09307943224594628 0.6329291800850411 1.0196052681260823 1.2315187917204249 1.7419492873240496
118 1062 -0.9996177037756224 -0.11443407316211589 0.12096800679238275 0.9935168868406717 0.010775691619957194 0.09307943224594628 0.6329291800850411 1.0196052681260823 1.2315187917204249 1.7419492873240496
119 1071 -0.9996177037756224 -0.11443407316211589 0.12096800679238275 0.9935168868406717 0.010775691619957194 0.09307943224594628 0.6329291800850411 1.0196052681260823 1.2315187917204249 1.7419492873240496
120 1080 -0.9996177037756224 -0.11443407316211589 0.12096800679238275 0.9935168868406717 0.010775691619957194 0.09307943224594628 0.6329291800850411 1.0196052681260823 1.2315187917204249 1.7419492873240496
121 1089 -0.9998543428884901 -0.05881538167790097 0.2292368576657859 0.9977238263432826 0.006917013801807042 0.05496978201205323 0.6054697195031818 0.9618097777352638 1.2783405931286786 1.752456611777482
122 1098 -0.9998543428884901 -0.05881538167790097 0.2292368576657859 0.9977238263432826 0.006917013801807042 0.05496978201205323 0.6054697195031818 0.9618097777352638 1.2783405931286786 1.752456611777482
123 1107 -0.9998543428884901 -0.05881538167790097 0.2292368576657859 0.9977238263432826 0.006917013801807042 0.05496978201205323 0.6054697195031818 0.9618097777352638 1.2783405931286786 1.752456611777482
124 1116 -0.9998543428884901 -0.05881538167790097 0.2292368576657859 0.9977238263432826 0.006917013801807042 0.05496978201205323 0.6054697195031818 0.9618097777352638 1.2783405931286786 1.752456611777482
125 1125 -0.9998543428884901 -0.05881538167790097 0.2292368576657859 0.9977238263432826 0.006917013801807042 0.05496978201205323 0.6054697195031818 0.9618097777352638 1.2783405931286786 1.752456611777482
126 1134 -0.9998543428884901 -0.05881538167790097 0.2292368576657859 0.9977238263432826 0.006917013801807042 0.05496978201205323 0.6054697195031818 0.9618097777352638 1.2783405931286786 1.752456611777482
127 1143 -0.999926465584013 -0.08412895977524724 0.20944056267240085 0.9989968422449622 0.0057913982761402475 0.034647207202733475 0.6367945762133802 0.9202507214858694 1.284745031274864 1.7594963804064976
128 1152 -0.999926465584013 -0.08412895977524724 0.20944056267240085 0.9989968422449622 0.0057913982761402475 0.034647207202733475 0.6367945762133802 0.9202507214858694 1.284745031274864 1.7594963804064976
129 1161 -0.999926465584013 -0.08412895977524724 0.20944056267240085 0.9989968422449622 0.0057913982761402475 0.034647207202733475 0.6367945762133802 0.9202507214858694 1.284745031274864 1.7594963804064976
130 1170 -0.999926465584013 -0.08412895977524724 0.20944056267240085 0.9989968422449622 0.0057913982761402475 0.034647207202733475 0.6367945762133802 0.9202507214858694 1.284745031274864 1.7594963804064976
131 1179 -0.999926465584013 -0.08412895977524724 0.20944056267240085 0.9989968422449622 0.0057913982761402475 0.034647207202733475 0.6367945762133802 0.9202507214858694 1.284745031274864 1.7594963804064976
132 1188 -0.999926465584013 -0.08412895977524724 0.20944056267240085 0.9989968422449622 0.0057913982761402475 0.034647207202733475 0.6367945762133802 0.9202507214858694 1.284745031274864 1.7594963804064976
133 1197 -0.9999352088818676 -0.007678904422782234 0.24572379656645427 0.9989954248404571 0.00666579902752748 0.032489314686516634 0.6079482145722679 0.9392554045912022 1.2817894589830225 1.7618496098529932
134 1206 -0.9999352088818676 -0.007678904422782234 0.24572379656645427 0.9989954248404571 0.00666579902752748 0.032489314686516634 0.6079482145722679 0.9392554045912022 1.2817894589830225 1.7618496098529932
135 1215 -0.9999352088818676 -0.007678904422782234 0.24572379656645427 0.9989954248404571 0.00666579902752748 0.032489314686516634 0.6079482145722679 0.9392554045912022 1.2817894589830225 1.7618496098529932
136 1224 -0.9999352088818676 -0.007678904422782234 0.24572379656645427 0.9989954248404571 0.00666579902752748 0.032489314686516634 0.6079482145722679 0.9392554045912022 1.2817894589830225 1.7618496098529932
137 1233 -0.9999352088818676 -0.007678904422782234 0.24572379656645427 0.9989954248404571 0.00666579902752748 0.032489314686516634 0.6079482145722679 0.9392554045912022 1.2817894589830225 1.7618496098529932
138 1242 -0.9999352088818676 -0.007678904422782234 0.24572379656645427 0.9989954248404571 0.00666579902752748 0.032489314686516634 0.6079482145722679 0.9392554045912022 1.2817894589830225 1.7618496098529932
139 1251 -0.9999594443063915 -0.03039298869288784 0.1294032960190341 0.9995164123895299 0.0049749332809365405 0.02421456266113647 0.5773544004717509 0.9541834955499335 1.3186471215003792 1.7368806599846631
140 1260 -0.9999594443063915 -0.03039298869288784 0.1294032960190341 0.9995164123895299 0.0049749332809365405 0.02421456266113647 0.5773544004717509 0.9541834955499335 1.3186471215003792 1.7368806599846631
141 1269 -0.9999594443063915 -0.03039298869288784 0.1294032960190341 0.9995164123895299 0.0049749332809365405 0.02421456266113647 0.5773544004717509 0.9541834955499335 1.3186471215003792 1.7368806599846631
142 1278 -0.9999594443063915 -0.03039298869288784 0.1294032960190341 0.9995164123895299 0.0049749332809365405 0.02421456266113647 0.5773544004717509 0.9541834955499335 1.3186471215003792 1.7368806599846631
143 1287 -0.9999594443063915 -0.03039298869288784 0.1294032960190341 0.9995164123895299 0.0049749332809365405 0.02421456266113647 0.5773544004717509 0.9541834955499335 1.3186471215003792 1.7368806599846631
144 1296 -0.9999594443063915 -0.03039298869288784 0.1294032960190341 0.9995164123895299 0.0049749332809365405 0.02421456266113647 0.5773544004717509 0.9541834955499335 1.3186471215003792 1.7368806599846631
145 1305 -0.9999553223537851 -0.02830668599203232 0.03669067399562999 0.9995033146321013 0.005739828614804349 0.02415787988955981 0.58741049068596 0.9998568841482329 1.2845339820306347 1.7333756162092229
146 1314 -0.9999553223537851 -0.02830668599203232 0.03669067399562999 0.9995033146321013 0.005739828614804349 0.02415787988955981 0.58741049068596 0.9998568841482329 1.2845339820306347 1.7333756162092229
147 1323 -0.9999553223537851 -0.02830668599203232 0.03669067399562999 0.9995033146321013 0.005739828614804349 0.02415787988955981 0.58741049068596 0.9998568841482329 1.2845339820306347 1.7333756162092229
148 1332 -0.9999553223537851 -0.02830668599203232 0.03669067399562999 0.9995033146321013 0.005739828614804349 0.02415787988955981 0.58741049068596 0.9998568841482329 1.2845339820306347 1.7333756162092229
149 1341 -0.9999553223537851 -0.02830668599203232 0.03669067399562999 0.9995033146321013 0.005739828614804349 0.02415787988955981 0.58741049068596 0.9998568841482329 1.2845339820306347 1.7333756162092229
150 1350 -0.9999553223537851 -0.02830668599203232 0.03669067399562999 0.9995033146321013 0.005739828614804349 0.02415787988955981 0.58741049068596 0.9998568841482329 1.2845339820306347 1.7333756162092229
151 1359 -0.9999425163886841 -0.04860084381158172 0.1193775965815086 0.9996575366279117 0.006472683854891206 0.019043994048065793 0.5356869463071552 0.968367080988942 1.3193015097440717 1.7419367523117752
152 1368 -0.9999425163886841 -0.04860084381158172 0.1193775965815086 0.9996575366279117 0.006472683854891206 0.019043994048065793 0.5356869463071552 0.968367080988942 1.3193015097440717 1.7419367523117752
153 1377 -0.9999425163886841 -0.04860084381158172 0.1193775965815086 0.9996575366279117 0.006472683854891206 0.019043994048065793 0.5356869463071552 0.968367080988942 1.3193015097440717 1.7419367523117752
154 1386 -0.9999425163886841 -0.04860084381158172 0.1193775965815086 0.9996575366279117 0.006472683854891206 0.019043994048065793 0.5356869463071552 0.968367080988942 1.3193015097440717 1.7419367523117752
155 1395 -0.9999425163886841 -0.04860084381158172 0.1193775965815086 0.9996575366279117 0.006472683854891206 0.019043994048065793 0.5356869463071552 0.968367080988942 1.3193015097440717 1.7419367523117752
156 1404 -0.9999425163886841 -0.04860084381158172 0.1193775965815086 0.9996575366279117 0.006472683854891206 0.019043994048065793 0.5356869463071552 0.968367080988942 1.3193015097440717 1.7419367523117752
157 1413 -0.9999042253884914 -0.16042523448397214 0.18997349407764008 0.9997610430490596 0.007332828828858674 0.014664042229410729 0.5336848978700984 1.0029497753259033 1.2449532370341048 1.7773842609419805
158 1422 -0.9999042253884914 -0.16042523448397214 0.18997349407764008 0.9997610430490596 0.007332828828858674 0.014664042229410729 0.5336848978700984 1.0029497753259033 1.2449532370341048 1.7773842609419805
159 1431 -0.9999042253884914 -0.16042523448397214 0.18997349407764008 0.9997610430490596 0.007332828828858674 0.014664042229410729 0.5336848978700984 1.0029497753259033 1.2449532370341048 1.7773842609419805
160 1440 -0.9999042253884914 -0.16042523448397214 0.18997349407764008 0.9997610430490596 0.007332828828858674 0.014664042229410729 0.5336848978700984 1.0029497753259033 1.2449532370341048 1.7773842609419805
161 1449 -0.9999042253884914 -0.16042523448397214 0.18997349407764008 0.9997610430490596 0.007332828828858674 0.014664042229410729 0.5336848978700984 1.0029497753259033 1.2449532370341048 1.7773842609419805
162 1458 -0.9999042253884914 -0.16042523448397214 0.18997349407764008 0.9997610430490596 0.007332828828858674 0.014664042229410729 0.5336848978700984 1.0029497753259033 1.2449532370341048 1.7773842609419805
163 1467 -0.9999196764036493 -0.18215855037180856 0.19611171422886453 0.999880104600853 0.005146337838144634 0.011467762898370823 0.6594676055506556 0.9445700647507367 1.2157535766797096 1.7873654121129043
164 1476 -0.9999196764036493 -0.18215855037180856 0.19611171422886453 0.999880104600853 0.005146337838144634 0.011467762898370823 0.6594676055506556 0.9445700647507367 1.2157535766797096 1.7873654121129043
165 1485 -0.9999196764036493 -0.18215855037180856 0.19611171422886453 0.999880104600853 0.005146337838144634 0.011467762898370823 0.6594676055506556 0.9445700647507367 1.2157535766797096 1.7873654121129043
166 1494 -0.9999196764036493 -0.18215855037180856 0.19611171422886453 0.999880104600853 0.005146337838144634 0.011467762898370823 0.6594676055506556 0.9445700647507367 1.2157535766797096 1.7873654121129043
167 1503 -0.9999196764036493 -0.18215855037180856 0.19611171422886453 0.999880104600853 0.005146337838144634 0.011467762898370823 0.6594676055506556 0.9445700647507367 1.2157535766797096 1.7873654121129043
168 1512 -0.9999196764036493 -0.18215855037180856 0.19611171422886453 0.999880104600853 0.005146337838144634 0.011467762898370823 0.6594676055506556 0.9445700647507367 1.2157535766797096 1.7873654121129043
169 1521 -0.9998483689627241 -0.1068180309247505 0.1544353724586806 0.9999053329361584 0.005007990517061692 0.01066681245932017 0.7011492455579642 0.9815927209590033 1.2090439228165177 1.7558301163430308
170 1530 -0.9998483689627241 -0.1068180309247505 0.1544353724586806 0.9999053329361584 0.005007990517061692 0.01066681245932017 0.7011492455579642 0.9815927209590033 1.2090439228165177 1.7558301163430308
171 1539 -0.9998483689627241 -0.1068180309247505 0.1544353724586806 0.9999053329361584 0.005007990517061692 0.01066681245932017 0.7011492455579642 0.9815927209590033 1.2090439228165177 1.7558301163430308
172 1548 -0.9998483689627241 -0.1068180309247505 0.1544353724586806 0.9999053329361584 0.005007990517061692 0.01066681245932017 0.7011492455579642 0.9815927209590033 1.2090439228165177 1.7558301163430308
173 1557 -0.9998483689627241 -0.1068180309247505 0.1544353724586806 0.9999053329361584 0.005007990517061692 0.01066681245932017 0.7011492455579642 0.9815927209590033 1.2090439228165177 1.7558301163430308
