% # columns="iteration, evaluation, sigma, void, void,  stds==sigma*sqrt(diag(C))", seed=419482, Thu Nov 30 11:13:09 2023, <python>{}</python>
1 9 1.9778908716150672 0 0 2.1034331001501414 1.9494811312841744 1.883828049664125 2.0331795520519416 1.9759715550403267 1.8985586410619153
2 18 1.9564529005439568 0 0 2.211860746282876 1.9548799017940288 1.867442386373954 2.004566049518161 1.9927928088737508 1.7071114918274324
3 27 2.0317805963901088 0 0 2.2726656257596707 2.0461471983544937 2.1391919446132923 2.0446208838402007 2.065183128952187 1.6086704448700802
4 36 2.0911347241429667 0 0 2.248383545001068 2.0151495904073617 2.1929208367352446 2.189763769933151 2.088504359070584 1.68760979006628
5 45 2.3766600037808647 0 0 2.5629139455621037 2.2971565871648756 2.4995239416404793 2.8770677062791776 2.351188259777679 1.8758344468659303
6 54 2.7119002568330117 0 0 3.048648022943869 2.6320655149239065 2.9435136106850304 3.4252952421860923 2.611548015167281 2.096695808246439
7 63 2.8146718835739635 0 0 3.2830715829816426 2.6789391004690986 3.0179967655234723 3.461570198570037 2.613105786446054 2.1285790870501513
8 72 2.8721333765944705 0 0 3.425074550183388 2.7213027563720202 3.0375788507473045 3.492740869301833 2.33729858425835 2.2312672808004708
9 81 2.4719581542237523 0 0 2.774483562606923 2.3287018175360474 2.489783478034912 2.8700001729743985 1.8950028923449602 1.866162308049941
10 90 2.430766828913557 0 0 2.82976503459444 2.302102160620392 2.4773964526674024 2.737449460954887 1.7199996492074143 1.798537474768037
11 99 2.1690359393170446 0 0 2.454958626874585 2.038424435732569 2.2154462839667532 2.3403574127083293 1.530979157739544 1.4614299417941494
12 108 1.7708160387199778 0 0 1.984096107017503 1.6278288250241677 1.779599536482167 1.8656228687785683 1.188815369007978 1.1324488827253283
13 117 1.7502353598231186 0 0 2.000005751105916 1.6622456283885096 1.7666299652494877 1.8438759785951713 1.0604318560380208 1.083235091242177
14 126 1.6752630204821561 0 0 1.9271460689904512 1.5568349509149757 1.647551296140038 1.7281966662974204 0.9232694355600457 1.0152624189812887
15 135 1.440749833551123 0 0 1.6187015833656615 1.3544923838841023 1.3691959128876803 1.4072664215246766 0.7483706789235004 0.8672496885118949
16 144 1.2922587229627327 0 0 1.461599604575545 1.22770230859755 1.2576955941544985 1.2364314144555921 0.5817559249239365 0.7743426124191755
17 153 1.1652759555569785 0 0 1.279818133594397 1.1548664777204287 1.1450176773711263 1.1133325431845928 0.5019365707408544 0.689174931750354
18 162 1.1090829048862825 0 0 1.2143174813196271 1.1241047181426878 1.1921146073040172 1.0990005816577333 0.4246103970262511 0.6814667833917442
19 171 1.0631930660499667 0 0 1.1439987432587408 1.1459963190148184 1.1433920034137977 0.9630921031502515 0.39037485017718015 0.6796284575897681
20 180 1.0382808274408093 0 0 1.0638332630756975 1.1031353917528695 1.091209608596081 0.9210703004634713 0.3697532445275028 0.6855113355103158
21 189 0.985264763594589 0 0 0.9675361502871093 1.0553634736936168 1.0094171775037502 0.8549940279333849 0.34696007802100326 0.6459915406745041
22 198 0.891657565498945 0 0 0.8689896666621811 0.977724437845952 0.9302546274777251 0.7746717280957451 0.28249866936620777 0.6058190335788866
23 207 0.8063718125639605 0 0 0.8084974116859543 0.8647322669802039 0.8493830918821191 0.666110738697764 0.2522706434741769 0.5681829723988839
24 216 0.7191892602255148 0 0 0.7116780682634809 0.7682848480006167 0.7994924094000846 0.5804807000215529 0.2028063577565819 0.5107638372856884
25 225 0.6337111123749252 0 0 0.6240307101764484 0.6919075062215886 0.7136412503857672 0.48402350970504054 0.16671512618659592 0.4553764019136105
26 234 0.646685758934861 0 0 0.6209572273864615 0.7829641491558493 0.744722722586657 0.4642487138399853 0.15934913374121407 0.4796566449012221
27 243 0.6328023774294059 0 0 0.5836033041360015 0.7492053376109669 0.7507337191544855 0.4487460579736319 0.15079220050216263 0.4604837056303776
28 252 0.6233402184573064 0 0 0.5744522895371376 0.7781763650241431 0.7422491363855082 0.4397476199926092 0.1456600281772951 0.465243147858948
29 261 0.6155139175966388 0 0 0.5698588856759746 0.7632384480231107 0.7203976100690932 0.4342481827677685 0.12653658112125307 0.4398865729058867
30 270 0.6089556363594486 0 0 0.5759398021589588 0.7718200768797391 0.7080239312272864 0.4305457632493797 0.12582230419633533 0.42531620279440263
31 279 0.6392527615173274 0 0 0.602742471297899 0.7791898245283082 0.7957328484388594 0.44943178419537594 0.11895604494530769 0.4547654715634673
32 288 0.7321164033606161 0 0 0.7003604807611992 0.8912185045687626 0.9778199041500825 0.5461019849121196 0.13133560657142151 0.5289531943453382
33 297 0.7200023508503052 0 0 0.652955065974309 0.8129216541729938 1.0325212564885253 0.5567810304497096 0.12492233809468482 0.5403212426869729
34 306 0.7568349360665447 0 0 0.7168384610667825 0.8983045671152264 1.0595183105126624 0.6157089605274713 0.12980736277331734 0.5930751316255694
35 315 0.6971573194530586 0 0 0.641522778562628 0.8195021540856606 0.9818671029548461 0.5739521802497056 0.1141788599253208 0.5245434451396154
36 324 0.6898290552529606 0 0 0.6697952914940257 0.8080083077624725 0.9618733630651596 0.5515863678568872 0.10236634090425778 0.5198133539889438
37 333 0.6674800251313769 0 0 0.655192531066607 0.782863918712749 0.9836196022728497 0.5765127727227739 0.08835986257366349 0.5271545888166577
38 342 0.6295325868181737 0 0 0.6338051405383052 0.7523251802581813 0.9434392428506251 0.5374438997567805 0.08167570455584522 0.47791879823970873
39 351 0.5609716661201899 0 0 0.5677379027153464 0.6608835763420507 0.803085431606629 0.4622407793816532 0.06801948080959441 0.40825831390051304
40 360 0.5109882069682434 0 0 0.5363215139705368 0.6119357548702766 0.7564717589632632 0.40344209844083495 0.062301695419737964 0.36025089539230054
41 369 0.5811325753630835 0 0 0.6208632877025249 0.6999737974952459 0.8593551184051752 0.47275121371182577 0.06991358800099094 0.40491141931558744
42 378 0.5362599206803477 0 0 0.5538014806423437 0.6652360686193116 0.7962418266265804 0.43197583143897844 0.061789486492557805 0.36476699932763923
43 387 0.4689202417301957 0 0 0.46969053939548555 0.5404661599356494 0.6867014273912108 0.36869269703192237 0.053723861802533135 0.3064924332167502
44 396 0.41802451024996834 0 0 0.4068902570686148 0.47899474573203477 0.6189385771404055 0.345133795407873 0.04606704381804454 0.2781726334506831
45 405 0.3645878461395195 0 0 0.3533615568168086 0.38849222771211894 0.5334972753105173 0.29197865600305023 0.038877224055383436 0.24052652402424854
46 414 0.36408559063861684 0 0 0.35638974312061467 0.3971896436575448 0.5205294435869693 0.29695301897426224 0.03783837940936697 0.23287841826610037
47 423 0.3325179205823502 0 0 0.3275351370455067 0.37257795188577275 0.4607310343213221 0.279217181680661 0.030581536187799355 0.2132391551517647
48 432 0.28326023089060753 0 0 0.26670240921537874 0.3078199345446439 0.3829663238643207 0.22367596524011887 0.02501293763593991 0.1723429723831464
49 441 0.24645880697476688 0 0 0.22418226617484924 0.2708747253629988 0.34372575672624295 0.1907409595244433 0.01957812149341936 0.1449900412220404
50 450 0.20934398944288862 0 0 0.18703304979573662 0.22092899902035054 0.28521355597055464 0.15674259399898338 0.016293137306264034 0.11897882237005848
51 459 0.2020447634805084 0 0 0.17502051930531484 0.21247163595089055 0.28174588711978277 0.15005613472667093 0.015317041335760045 0.11424581121826209
52 468 0.18910302741730967 0 0 0.1627443138066044 0.19874096518476414 0.2638627397984944 0.14103906835687677 0.012943545123465914 0.11029170663315341
53 477 0.1824767209064298 0 0 0.15698805294535242 0.1926329895467844 0.2633434434088232 0.13548127798950022 0.010986972783107195 0.10878133964377923
54 486 0.1576025278047965 0 0 0.13487049974716492 0.16525335124001803 0.22079049390408506 0.11839995860039323 0.00895140612819329 0.09481092690260538
55 495 0.15036057202915334 0 0 0.1266021498603393 0.15767209047473796 0.19334194582566802 0.1125488365838211 0.008016693695111663 0.08776634265857565
56 504 0.13712279088193954 0 0 0.11838407026906239 0.14588533925673577 0.17635878044817113 0.0980765871499144 0.00667404870995203 0.07571750686878075
57 513 0.13534111322334136 0 0 0.11667383527496122 0.1461654937772283 0.18607335304701464 0.09087360883357408 0.006219053197047881 0.07368937716165094
58 522 0.12327706468596573 0 0 0.10786453376754011 0.13626955043744007 0.1654027221200697 0.08345454632000555 0.005464344707036047 0.0663061957479708
59 531 0.14075891954503408 0 0 0.14790148857086283 0.15487007178406337 0.19570921933030175 0.09473506947139448 0.005745688621889127 0.07658234458464631
60 540 0.15427992672542928 0 0 0.1740561496307401 0.15830385395385727 0.22206694515870917 0.11116606184243155 0.005948375550234064 0.08915620502389512
61 549 0.16720686510774077 0 0 0.19773361843580461 0.1742320244299156 0.25505519493855644 0.1280310544357243 0.006368004148192727 0.10377123623548327
62 558 0.1671532700968218 0 0 0.1977034873605984 0.17050512244432076 0.2512229481732333 0.1336916769633563 0.006326781068156186 0.10742508241930926
63 567 0.17235879785080485 0 0 0.2016974851230266 0.16856054761122638 0.25492414390471124 0.13407752465228176 0.006438003790499671 0.11239747204862283
64 576 0.17288952811797764 0 0 0.19733204310036448 0.16759735946168747 0.252190205988212 0.13891545583344167 0.005589870975668254 0.1154955634962216
65 585 0.1684461718983741 0 0 0.19535923670647423 0.1660336668316382 0.28154764311234587 0.14229619068266183 0.004843907733601696 0.12043707358151011
66 594 0.16814633768030116 0 0 0.1997165476340468 0.1657260252241159 0.29303666237834275 0.14111738163203844 0.004525226465148225 0.11896418159794661
67 603 0.15130574253972565 0 0 0.18091407735536003 0.1536046514459817 0.2623496687598464 0.12216576635418776 0.003906214574769593 0.10281719053615862
68 612 0.14163691845946355 0 0 0.16679849451323206 0.13002096659866186 0.263039023038002 0.11164546217708136 0.0035026827896709844 0.09867810794266897
69 621 0.1224878085753456 0 0 0.1452273872674047 0.1115686413901901 0.22391701779120202 0.09598473893136603 0.002921653904273679 0.08554152136740499
70 630 0.11110252602834787 0 0 0.12759888532744318 0.10081484090742511 0.19493786386839088 0.08268057048796702 0.0025396381673847106 0.07315124755175953
71 639 0.0954038532716938 0 0 0.10683625067012736 0.08901148694613979 0.16621143288296134 0.06964536374816206 0.0021241072210012747 0.060786507591167396
72 648 0.08812765732136026 0 0 0.0964868167553592 0.07738435255893618 0.15906223744020404 0.06056564278757973 0.0019025031077745738 0.05674082523944327
73 657 0.08812903813092605 0 0 0.09606360669275162 0.07656214714115779 0.16131380030438602 0.060684409622668516 0.0017961599283898538 0.0580304028183746
74 666 0.08720896195746093 0 0 0.09630712747782648 0.07828513552729392 0.1546684886305975 0.06222556627369323 0.0017188834963451684 0.05620537050927591
75 675 0.08887513398208917 0 0 0.09528343082740698 0.07999908155705102 0.15950530459131398 0.06140316015774973 0.001673654029632952 0.05566391961159854
76 684 0.1114548786866376 0 0 0.12538257973642344 0.1010639546138218 0.2071898136179162 0.0772926131504622 0.0020443059426848006 0.072390042228834
77 693 0.14184964165757974 0 0 0.1601857234064623 0.13142663708824417 0.2784410638529132 0.09915031066273892 0.0024674216897477477 0.09432069055925804
78 702 0.1517548823552338 0 0 0.16955404191645512 0.14016537743193236 0.29724547298262616 0.1000804764515633 0.002488593991289779 0.09774403714978147
79 711 0.1541861452377197 0 0 0.17490663076086238 0.13249735438307247 0.292276666416686 0.0973183791513186 0.0024658049001955503 0.09692716010752384
80 720 0.1444340835496783 0 0 0.16620594297680283 0.12418740704929833 0.2707342446896512 0.09222795842857816 0.002275378102449706 0.09338676613171783
81 729 0.14666118746887802 0 0 0.16994694510945405 0.12586016985920392 0.28095509972647686 0.10365324255577413 0.002083448976483886 0.10211488620816897
82 738 0.14127269864243483 0 0 0.16306673594420076 0.11769901941913986 0.27320929754411905 0.10229489120241998 0.0019214079418897992 0.1004286034215964
83 747 0.13128274333494697 0 0 0.15263498987154592 0.10942114901917518 0.251618740009867 0.09391404740187909 0.0016976229178258526 0.09132578585067697
84 756 0.13027858769971817 0 0 0.14559131325841757 0.10706284227793852 0.26234628251814346 0.10025634836465731 0.0016118345994564046 0.09737898630305988
85 765 0.14678866854255035 0 0 0.17286274596589432 0.11881673389788919 0.3290561353667959 0.11424396172032987 0.0017577782641021809 0.11307039863776047
86 774 0.14259745933340506 0 0 0.16335133376104355 0.10976655122996061 0.3202200931618546 0.10869237432602241 0.001662287008131723 0.10472918665573827
87 783 0.12822015433173495 0 0 0.145721795307445 0.10018772587456169 0.2905394613455534 0.10009611610095745 0.0012794266111859716 0.09531512209014426
88 792 0.11281831587466626 0 0 0.12546350984223575 0.08541883215759631 0.24398587431781327 0.08510511336101101 0.001059019014673565 0.07932853925148278
89 801 0.10380739915508057 0 0 0.11011008111159172 0.07727942633940257 0.21830287911270613 0.07827469247819734 0.0009372452624659517 0.07219765554460555
90 810 0.10209378638593594 0 0 0.10965230239593637 0.06840650570935339 0.22497732221166916 0.0763988783904902 0.0009075568259591677 0.07216212366822754
91 819 0.08977303041741452 0 0 0.10036450077299965 0.056873293762495766 0.21403723764589003 0.06551239835308394 0.0007902980323178381 0.06403975432495736
92 828 0.08437554415969797 0 0 0.09341505926998946 0.05425208232895675 0.1914462658308754 0.05855129395372944 0.0007336706703486823 0.05633507333195168
93 837 0.07373053805310135 0 0 0.08259759030588092 0.044442186149669716 0.1731326055618329 0.050984332141277997 0.0006157530588366902 0.0502526798765486
94 846 0.060596554251800896 0 0 0.06761234307213305 0.03432283586584861 0.1407915766774688 0.041351342469147324 0.00047420738428603006 0.040686631287685786
95 855 0.051761276286406206 0 0 0.05805706124272674 0.026165836792290644 0.11923316873817764 0.034525447063768276 0.00039747654615327225 0.03401356842817893
96 864 0.0451319431800473 0 0 0.05087142264503486 0.02132944419708917 0.1072881673216026 0.02986340507595247 0.00032757183403804867 0.0295041297624298
97 873 0.039053787739882204 0 0 0.04262701364321146 0.018118508715783996 0.09019439485431628 0.02462527347696851 0.0002630113007216478 0.024173574456840152
98 882 0.0327136859247569 0 0 0.0339455361249582 0.014821943525304441 0.07290669727689056 0.02049727565534546 0.0002139012330273027 0.020061769372865742
99 891 0.03098971022494622 0 0 0.03198864862667406 0.013891656618126977 0.06980656245751221 0.019801456514758134 0.0001985724822401808 0.01940357165642107
100 900 0.028171871579304994 0 0 0.029697703296326285 0.012560404516968616 0.05908228530715271 0.018117960571003157 0.00017773580526981195 0.01765039089906999
101 909 0.026758248562137984 0 0 0.02963332206849941 0.012240003039612318 0.05374756279171945 0.01673042765051699 0.000156316670794826 0.01603938039566984
102 918 0.024376697480101343 0 0 0.027415869857435587 0.01067399590006599 0.049438027394511835 0.015467937062091224 0.0001320642399975661 0.014846525918376168
103 927 0.022751614954065098 0 0 0.026045665528897307 0.00984492724092605 0.046205849792451105 0.014801721299591234 0.00012430703014552804 0.014303796964070576
104 936 0.019904992289561992 0 0 0.023114317759122857 0.008397393528923717 0.0430746412379678 0.012892886730189191 0.00010263632782941739 0.012489493780817073
105 945 0.018988286774490406 0 0 0.021730157208041327 0.008019305708072659 0.04085749039952681 0.012929826363837051 9.55653768617883e-05 0.012472473244451745
106 954 0.01592812581869525 0 0 0.01838131163156126 0.006317300779749 0.03490173466838376 0.011085239715952131 7.862364731515446e-05 0.010714417564925277
107 963 0.014744624184187732 0 0 0.016658864090496567 0.005945605669631923 0.031073937955860803 0.009889175490930649 6.914717285194419e-05 0.009507919291245628
108 972 0.01385053070355573 0 0 0.01570952375373338 0.005292353925629548 0.029012208478860397 0.008766785070006252 6.308426607487532e-05 0.00850826122358923
109 981 0.012781324901727268 0 0 0.01493868819457637 0.004706723536304229 0.028773265386180812 0.008641340402342997 5.3245853912229686e-05 0.008493877879573552
110 990 0.011440070452908445 0 0 0.012911613404170009 0.004115085566047487 0.02629472187979353 0.007828624457770028 4.67874409114728e-05 0.007720808960441006
111 999 0.010439395599641257 0 0 0.011836001508667034 0.003747997150341116 0.02371386746124805 0.0068111915882143196 4.055472986260735e-05 0.006790832778593169
112 1008 0.009841761863246892 0 0 0.011150054280242993 0.0033084023050347386 0.02306556258545527 0.0063088754248359375 3.694975199696655e-05 0.006314833476309731
113 1017 0.008297650191792502 0 0 0.009415499202392836 0.0027628480852406336 0.019364488812459207 0.0051407115882961246 2.7508594701033646e-05 0.005177491483002676
114 1026 0.007416034049394339 0 0 0.008415815518622083 0.0024464834306448142 0.016985950776362117 0.004326263726888888 2.314242298011377e-05 0.004359531191498413
115 1035 0.007318118483474636 0 0 0.008865377782904 0.002285012198042719 0.016996404885339562 0.004099559294704177 2.231157548142517e-05 0.004178500859868869
116 1044 0.008330745421218819 0 0 0.010178067932883754 0.002651044319720201 0.019681867746429355 0.005227071770255141 2.3952528278409052e-05 0.0053732705229901125
117 1053 0.007742387843371306 0 0 0.008965199950031389 0.002464110247826875 0.01757894528608582 0.0046426428687931995 2.1516849277318923e-05 0.004744330222217646
118 1062 0.006492698952298478 0 0 0.00737322011240066 0.002029117409970772 0.014395193027539185 0.003683716268111368 1.7286618970935894e-05 0.003750211639623511
119 1071 0.005375485055532295 0 0 0.00602889309495421 0.0016763477992042426 0.012013874315351168 0.0030867508961835675 1.4017168026261073e-05 0.0031345961408324264
120 1080 0.0053258367747291814 0 0 0.006062527568323314 0.0017470024994028306 0.011452109220724382 0.002904770352153673 1.3138610793848195e-05 0.002936176339140522
121 1089 0.004749390136273899 0 0 0.005365613334837256 0.001542985004961813 0.010115296347302431 0.0025507287352638996 1.1166465667294863e-05 0.0025806027078053096
122 1098 0.004375574822557355 0 0 0.004750236964671266 0.001456827409028987 0.008899414121884108 0.0022661707526147883 9.998636166866239e-06 0.0022799099877355965
123 1107 0.00446499224464447 0 0 0.005090824602918436 0.0016600648131983606 0.00917569318264333 0.0022293605728006373 1.0006985506361036e-05 0.00228136034128381
124 1116 0.004030092572419861 0 0 0.004580485506369458 0.0015055704704330787 0.008076058847033935 0.0019581680861185456 8.214860617375485e-06 0.0019981608662274597
125 1125 0.004095299402228012 0 0 0.004554139195153406 0.0015468956467603505 0.007799271687539043 0.0018633405543702372 8.248767947742862e-06 0.0019033846272641596
126 1134 0.00364000251493595 0 0 0.0038500089597092876 0.0013680650446007327 0.006898582736121271 0.0016710767569729367 7.425210191362932e-06 0.0016983210528337526
127 1143 0.00326032625047605 0 0 0.003380860998713255 0.0012045475681048455 0.006139214809689851 0.001479858914530565 6.6572457142034e-06 0.001511939647260144
128 1152 0.003157352919847772 0 0 0.0031419339442298765 0.001174891693602088 0.005560565597878474 0.0013317024913258068 6.407188007594631e-06 0.0013694450243179259
129 1161 0.00314086816657049 0 0 0.0032753992927031035 0.0011227063166576008 0.005351112058334208 0.00135214905892822 5.935103503526744e-06 0.0014078246469487465
130 1170 0.003115694559763985 0 0 0.003403930368015674 0.0010976335187466415 0.0054290256499997455 0.0012803822141306126 5.495807696796356e-06 0.0013335194159438321
131 1179 0.002826694386057165 0 0 0.002937423959474809 0.0010103428616625523 0.004643080504586171 0.0010848263864347714 4.662290622034869e-06 0.0011187979276306085
132 1188 0.003004684049797285 0 0 0.0034748036966154115 0.0011352816201696972 0.004955060651922222 0.0011340579487827997 4.504303636373961e-06 0.0011689669086571272
133 1197 0.0030184507491085016 0 0 0.003671805926196236 0.001140749728448025 0.004991668337984988 0.0011094430580343762 4.112387868404884e-06 0.0011604431288929054
134 1206 0.003171945345182123 0 0 0.0037626963831137745 0.0012573648283925904 0.005597791037106984 0.001174105764617558 4.18765383167175e-06 0.0012421861172534601
135 1215 0.0032270565109034275 0 0 0.0037605976443868673 0.001247370949816566 0.005347973311033878 0.0011604491122802478 4.166459165453815e-06 0.0012338751155202927
136 1224 0.0030518519411831843 0 0 0.0035048382056821373 0.0011822647433462803 0.005024296814901577 0.0010539747353038149 3.7762014549991397e-06 0.0011380962844473813
137 1233 0.0028353445962921342 0 0 0.003064379771123853 0.0011274658619964515 0.004567420953059743 0.00097520841505574 3.4606340264249077e-06 0.0010729834106221346
138 1242 0.002828655724376491 0 0 0.0030984901798603473 0.0011158634621200255 0.004929006794021713 0.0009615764592603073 3.3592612966162965e-06 0.0010536264689168834
139 1251 0.002895266316291184 0 0 0.0033155031375555794 0.0011469810877544138 0.004996410759086753 0.0010278697705262726 3.365296321160949e-06 0.0011257069980393055
140 1260 0.002398190493236734 0 0 0.0026778753939110432 0.0008737336778163079 0.004080436091464301 0.0008152922201164626 2.73694719429057e-06 0.000888552669425848
141 1269 0.0018863611625370227 0 0 0.002073469020379075 0.0006642089260098651 0.0033102855293233543 0.0006013646268347414 2.057098068326761e-06 0.0006477891085819423
142 1278 0.0017352245232269592 0 0 0.0017994729219773012 0.000602511635322678 0.0029114036649494366 0.0005719350212634818 1.7955571886136181e-06 0.0006033812754937309
143 1287 0.0015549223044301827 0 0 0.0015855860429335878 0.0005354446661175052 0.002539311584520182 0.00047306198561209844 1.5481769557567329e-06 0.0004970231029359716
144 1296 0.0013922550456712624 0 0 0.0013821644643597889 0.00046419375509128903 0.0022354940958990376 0.0004067258108243969 1.3485091902579207e-06 0.0004231141604130529
145 1305 0.0012124673494593027 0 0 0.0011785466393623254 0.0004035907403224325 0.0019320090246814435 0.0003341369149117707 1.1542536529026164e-06 0.00035385385871351127
146 1314 0.0010916414379013952 0 0 0.0011028624133651971 0.0003686159466280122 0.0017651077975894447 0.0002759282036714122 1.0122815572828884e-06 0.00029923091504138375
147 1323 0.0009005460845419804 0 0 0.0008580602052976075 0.00030138381256281755 0.0013780355367552948 0.00021733236184503997 8.221504586541015e-07 0.00023467456061563972
148 1332 0.0007949312151813644 0 0 0.0007468893796877654 0.0002706141282648415 0.001215599895332157 0.00017918934483519657 7.097451577938128e-07 0.00019485503702577653
149 1341 0.0007432383262267272 0 0 0.0006741688160212286 0.0002542356891207275 0.001142061068079846 0.0001668903004632497 6.553947194655867e-07 0.00017938593045317109
150 1350 0.0007450159137922407 0 0 0.000696674148803347 0.00026301773402973624 0.0011767690193465314 0.00016243586797800083 6.458337748953088e-07 0.00017093845896429686
151 1359 0.0007453869258414889 0 0 0.0007202418561779866 0.00025909508380246013 0.0011541241660792184 0.000154969524217475 6.265977718031961e-07 0.00016075700312312272
152 1368 0.00069270343402629 0 0 0.0006871410756797397 0.00023545245596120253 0.0010951602042593243 0.00013549945915891003 5.974569956939081e-07 0.00014260154029389533
153 1377 0.0006956959731106258 0 0 0.0006965166603634698 0.0002461805442975191 0.0010717891721926268 0.0001345615180302347 5.933039363828943e-07 0.00013823413053927838
154 1386 0.0007254032115530024 0 0 0.0007534830837487397 0.0002733247125844755 0.001175514410217757 0.00012434594310614943 6.149491125704735e-07 0.00013214605727668028
155 1395 0.0007642041096953867 0 0 0.0007985558748492367 0.00030042197004892063 0.0012384282836259662 0.00012775017400975934 6.217870926428089e-07 0.00013487762282090421
156 1404 0.000828295958787433 0 0 0.0008537290813351579 0.0003492689874090852 0.0013502753973293543 0.0001376102256900292 6.6245521824738e-07 0.00015767399206741364
157 1413 0.000806789712869405 0 0 0.0007800195181650234 0.0003438595231193111 0.001229586235591458 0.00013166782943271085 6.431647219212763e-07 0.00014887002481293171
158 1422 0.0007605889640415799 0 0 0.0007341516615883137 0.0003382146891472406 0.001183647440205598 0.00012338536199070664 5.67234498311137e-07 0.00014243300527815538
159 1431 0.0006492185047729575 0 0 0.0005731002917342039 0.00028349385455462173 0.0009377412343041023 0.00010250888455622573 4.806561188542939e-07 0.0001221952941306854
160 1440 0.0006169456571465119 0 0 0.0005469209032819276 0.00027113095891598624 0.0008768883990208834 9.558021113952262e-05 4.5705013336328167e-07 0.00011575484443652329
161 1449 0.0006194407559739419 0 0 0.0005497233424773879 0.00027271132132337744 0.0008885153937172616 0.0001005668001508398 4.3900864826949203e-07 0.00012410983870235915
162 1458 0.0005792468121384052 0 0 0.0005318863251585242 0.00026396264331783376 0.0008383938542862617 9.416069469250257e-05 4.059816087900009e-07 0.00011790951248860434
163 1467 0.0005714714754081067 0 0 0.0005374542746170097 0.0002571533386406286 0.000827067907020601 9.44107017524021e-05 3.8866724234052503e-07 0.00011750852940707584
164 1476 0.0004738103472749146 0 0 0.0004413146282775447 0.0002111024695338587 0.000672093310122135 7.705687546781291e-05 3.0437758260909477e-07 9.753459601786e-05
165 1485 0.0004565280378839532 0 0 0.000442167346634684 0.00019992301686988926 0.0006473544228584318 7.115772974957966e-05 2.830806478867904e-07 9.020125227050733e-05
166 1494 0.00044620959680109984 0 0 0.00043927562213956457 0.0002157781224579579 0.0006688646820247285 6.845865681040569e-05 2.781498606016759e-07 9.080543349982239e-05
167 1503 0.0004216969878300433 0 0 0.0003825002839850709 0.00020335569894888903 0.0006116216463267315 5.886741725252816e-05 2.5678401921695777e-07 8.286812253066348e-05
168 1512 0.00041515778305494894 0 0 0.0003502824253414903 0.00019972571097314886 0.0005501645321181744 5.7117304261315025e-05 2.5678125590594547e-07 8.097252914028058e-05
169 1521 0.00045234796490093034 0 0 0.0003795052408812283 0.00023174381919277174 0.000684293623033225 5.765052511183068e-05 2.680068113505885e-07 8.711691632612535e-05
170 1530 0.0004934428549331361 0 0 0.000388982931312127 0.000272874221591037 0.0008347220229568271 6.218434711621552e-05 2.82900010533993e-07 0.00010017301093929865
171 1539 0.0005308508530723776 0 0 0.0004144859920315941 0.00034253900628791495 0.0009682334168564259 6.331830848165238e-05 2.9937060361140016e-07 0.00011688548222815712
172 1548 0.0004956354387037474 0 0 0.0003826535631465627 0.0003193050032276768 0.0008925492261524424 5.5553755492079684e-05 2.6881084648030017e-07 0.00010563566437461809
173 1557 0.0004556465746122315 0 0 0.00035371774023950075 0.0002863744230504177 0.0008099576337925921 5.0712131054178535e-05 2.3158115576357717e-07 9.389773327252022e-05
