% # columns="iteration, evaluation, sigma, max axis length,  min axis length, all principal axes lengths  (sorted square roots of eigenvalues of C)", seed=555236, Fri Dec  1 12:29:04 2023
1 9 1.9923008943423577 1.0000416675347343 1.0 1.0 1.0000083333680556 1.0000166668055563 1.0000250003125026 1.0000333338888951 1.0000416675347343
2 18 1.846918072070082 1.1507200659903962 0.8372935331047574 0.8372935331047574 0.9571744633185183 0.9914702665325155 0.9999630646086807 1.0102066819367568 1.1507200659903962
3 27 1.6952653762555105 1.1580157868849352 0.7763656142038154 0.7763656142038154 0.8982528385633427 0.9885208236806274 1.028023702337005 1.046260680692378 1.1580157868849352
4 36 1.7903784220499845 1.1903118687928518 0.7293363616907937 0.7293363616907937 0.8218875955133937 0.9552319568084525 1.022063220737943 1.0567256264785831 1.1903118687928518
5 45 1.8827949659733985 1.2854957398764193 0.6571319583099549 0.6571319583099549 0.8008698348559693 0.9424179602058221 0.9946473031542374 1.073617536958197 1.2854957398764193
6 54 1.9634517351697953 1.3382497040575665 0.6396173826881986 0.6396173826881986 0.7329668234385649 0.9406689186002077 0.9704363345294943 1.0936043109984486 1.3382497040575665
7 63 1.9366976655167696 1.2967952964181195 0.6512317790511039 0.6512317790511039 0.6856432340158504 0.9389458061152423 0.987267221733824 1.1160027534391623 1.2967952964181195
8 72 1.8402567757398631 1.2837797080096598 0.6494194315241459 0.6494194315241459 0.6888595035853522 0.9050483215957034 0.9598818332170674 1.0953414736923752 1.2837797080096598
9 81 2.1597390729912807 1.198791743554627 0.5705435927089956 0.5705435927089956 0.6900123436369763 0.918218346857548 0.9909354120228789 1.0870350468308163 1.198791743554627
10 90 2.340974460360505 1.3185914871170494 0.5516397613806925 0.5516397613806925 0.7175547496457951 0.908948611711741 1.024155850344992 1.1011379620587096 1.3185914871170494
11 99 2.2050948315902215 1.3764774152857961 0.5261464925669476 0.5261464925669476 0.6718040490642376 0.9191537423832283 1.0022132416496519 1.1723845657563996 1.3764774152857961
12 108 1.8024661905033894 1.3330034764872867 0.5266701926101438 0.5266701926101438 0.6130906110168046 0.8673325307946061 0.9976306287497346 1.1688454170146025 1.3330034764872867
13 117 1.5551711624786058 1.3810812594575992 0.47932639735139065 0.47932639735139065 0.6062508326995014 0.84023244837124 1.0052654704634798 1.1238518304348326 1.3810812594575992
14 126 1.459284177101711 1.3569864816306074 0.4354368188062381 0.4354368188062381 0.6009639810391133 0.8438079880579912 1.0064278234840167 1.057306174098291 1.3569864816306074
15 135 1.4047594344712242 1.3146505803480146 0.41586338038074294 0.41586338038074294 0.5986413688838983 0.7967271984849447 0.9728232170394394 1.1024200352035263 1.3146505803480146
16 144 1.346652373486027 1.3234952010258427 0.3703953089667906 0.3703953089667906 0.5831510911808514 0.7787874743014706 1.0041722056409161 1.1025916358925612 1.3234952010258427
17 153 1.3542352164829528 1.3417721788459767 0.3482198485929264 0.3482198485929264 0.5806443050125126 0.7826324424989098 1.0051647244169228 1.1180350392944072 1.3417721788459767
18 162 1.151212430795042 1.3013489484345409 0.3213941506621162 0.3213941506621162 0.5692484479958888 0.7529982897880615 1.0212431623757974 1.1971918289867016 1.3013489484345409
19 171 0.9988152607614008 1.2950945158072071 0.2960930169147755 0.2960930169147755 0.5638751271117309 0.7613192321656199 0.9970774455654828 1.1871438692602447 1.2950945158072071
20 180 0.8134905552004429 1.318410010043022 0.27878536990697367 0.27878536990697367 0.5345422507538112 0.774887246812152 0.9709228496561866 1.131404225641563 1.318410010043022
21 189 0.7452767883735872 1.2483340413249149 0.2593993242870843 0.2593993242870843 0.5293941604639395 0.7514338667785917 0.9259219559758993 1.1114199715238124 1.2483340413249149
22 198 0.6583131936794523 1.263190422582712 0.24149798849984586 0.24149798849984586 0.5253588320633609 0.747905930620799 0.8914497522735869 1.091187306034703 1.263190422582712
23 207 0.5882425485589085 1.2827615383788538 0.23142076574091017 0.23142076574091017 0.46121663405805696 0.7294448865435664 0.8907831266269257 1.0722254655354773 1.2827615383788538
24 216 0.5161647576055843 1.279106304113192 0.22690259084267356 0.22690259084267356 0.4415005096431078 0.6884717719272582 0.8918375046759951 1.0394324826465482 1.279106304113192
25 225 0.5025710665625424 1.2981453547803796 0.22223758410702413 0.22223758410702413 0.4134399578792589 0.6715703489820343 0.8565299972917856 1.0349549776109255 1.2981453547803796
26 234 0.4368106990438512 1.367438424816368 0.1933974348126218 0.1933974348126218 0.4163361397941547 0.6766061716290565 0.8597116260022061 1.0468631571151816 1.367438424816368
27 243 0.36335688440763775 1.3499982021289163 0.17306392624170897 0.17306392624170897 0.412686107635399 0.6826200519750955 0.8622255047289488 1.0275045513888545 1.3499982021289163
28 252 0.35071505173010387 1.2879668454222435 0.15650944643930817 0.15650944643930817 0.4036077040782841 0.6787354887214099 0.8482116903464871 0.9889381048735812 1.2879668454222435
29 261 0.32289168626316683 1.28215978654333 0.15133390562299134 0.15133390562299134 0.4013150954767819 0.6786827984086259 0.8354392318069807 0.9712886107988506 1.28215978654333
30 270 0.27823451592804505 1.3376080127024554 0.13712129632997536 0.13712129632997536 0.4049980697967673 0.6407676414611477 0.821660700138763 0.9910846069879788 1.3376080127024554
31 279 0.2589087263720263 1.2550612533240257 0.13669526560930362 0.13669526560930362 0.37309079993881067 0.6448334084203948 0.8134219924031472 0.99523481858878 1.2550612533240257
32 288 0.2613005040263973 1.2389422529593488 0.13020640508289288 0.13020640508289288 0.36221926164852797 0.6309222306272332 0.827174591473145 0.9935102495574147 1.2389422529593488
33 297 0.24195188038005644 1.2287511919563299 0.13051971240927862 0.13051971240927862 0.33812205760140174 0.6210586641254744 0.8279240607793107 1.0040926590982793 1.2287511919563299
34 306 0.26251033116166045 1.2376761115223494 0.11764293968433287 0.11764293968433287 0.3262930652555011 0.6319437730656051 0.8189051968023094 1.0280884003482769 1.2376761115223494
35 315 0.3099852810739277 1.3159837107526902 0.11261588943922934 0.11261588943922934 0.3110868806042429 0.6297946478364369 0.8033987246205438 1.0726959189709968 1.3159837107526902
36 324 0.3292141242974622 1.5630620012352245 0.1044816575263088 0.1044816575263088 0.29671495452329916 0.6067560727423656 0.8068004999691236 1.0779847007257968 1.5630620012352245
37 333 0.35781843786986517 1.717454639216257 0.09750772717271444 0.09750772717271444 0.28901437893047444 0.5821068322999086 0.7745450192910672 1.0567002197907067 1.717454639216257
38 342 0.3936037483769963 1.8163753687999162 0.09323170146146659 0.09323170146146659 0.2646594956903497 0.5820020088116057 0.7820552830255423 1.0635084231690612 1.8163753687999162
39 351 0.40406300424718666 1.8703679254807877 0.09143622526389365 0.09143622526389365 0.2598963029592118 0.5739600204747161 0.7565536150620158 1.079351198075606 1.8703679254807877
40 360 0.42731733200711025 1.9071977491910344 0.08278282074477722 0.08278282074477722 0.25761931113164827 0.5730456987996501 0.7358067323993723 1.0836013401000997 1.9071977491910344
41 369 0.49057356193009066 2.015823612159686 0.07530875396726085 0.07530875396726085 0.25561335897910514 0.5667342975329286 0.7289818808492499 1.0845944061979587 2.015823612159686
42 378 0.4774051715301741 2.2047992293766807 0.07191318204073548 0.07191318204073548 0.2611310148420443 0.5835187803301545 0.6994793002464964 1.0435691667741318 2.2047992293766807
43 387 0.44014428750629125 2.2036777274155797 0.0651224219622191 0.0651224219622191 0.2581223308731542 0.5694611268498657 0.7065228603952768 1.0349476489160945 2.2036777274155797
44 396 0.38406953923465775 2.227645311095749 0.06274403800824403 0.06274403800824403 0.24697603295981746 0.5380838479763824 0.6639688097250839 1.0378582185292693 2.227645311095749
45 405 0.37475740908390587 2.1406250169989156 0.0597485277758119 0.0597485277758119 0.2403141884717552 0.5214286010613363 0.6708817566948174 1.007967417672227 2.1406250169989156
46 414 0.33111414933651623 2.10169653329263 0.05730770349478564 0.05730770349478564 0.2313583254077635 0.5255915022506704 0.6640893311589735 1.024756871228797 2.10169653329263
47 423 0.3009473307401029 2.1056206037404435 0.05200252036193744 0.05200252036193744 0.2161095299341968 0.5123334598982662 0.670505252186137 1.0210439043827932 2.1056206037404435
48 432 0.2836786363551505 2.1514258697260784 0.04915038946773154 0.04915038946773154 0.20169469999241424 0.5123741836422064 0.669471827726262 1.018658561674215 2.1514258697260784
49 441 0.250291686802375 2.1550294703901236 0.04256242273227621 0.04256242273227621 0.20638522119658437 0.5048557212914864 0.6837580042309874 0.9935519357513305 2.1550294703901236
50 450 0.26010739412311557 2.0879057330153574 0.04071502947588583 0.04071502947588583 0.2047286930543131 0.5047322463033865 0.6567525713223861 0.9874048213801536 2.0879057330153574
51 459 0.316751528561539 2.225741613628761 0.03834230220155161 0.03834230220155161 0.20537815459547884 0.4869579217698326 0.6692615893228429 0.9843865266605646 2.225741613628761
52 468 0.3721806274912268 2.331555635426776 0.038476545313869986 0.038476545313869986 0.20000133841059 0.45870224405795457 0.6641653615129771 0.9947109181514168 2.331555635426776
53 477 0.35699889119642675 2.2647974312192654 0.039865071158915966 0.039865071158915966 0.20224630618754125 0.4593294265669058 0.7020412927760851 0.8773615250896163 2.2647974312192654
54 486 0.34500930959729453 2.3084898811822825 0.03818866965212997 0.03818866965212997 0.19312326972894703 0.4228528399712984 0.7188684247477479 0.8722623972951828 2.3084898811822825
55 495 0.30810728974347734 2.248673468242443 0.03753099312799926 0.03753099312799926 0.19850977521672541 0.4063347788386387 0.6809675922324765 0.8504826832086367 2.248673468242443
56 504 0.33268768649145397 2.243315114297373 0.03652639152554272 0.03652639152554272 0.18065251613110597 0.3979499550695126 0.6707425462849982 0.8319399375693451 2.243315114297373
57 513 0.34184232325315334 2.27107809811322 0.035893549877457936 0.035893549877457936 0.17399651280406758 0.3909124143263998 0.708390340531177 0.8509469005242056 2.27107809811322
58 522 0.28930710914748825 2.3314736704355554 0.03228463462691092 0.03228463462691092 0.1605439197550152 0.39186954727109247 0.7249346585429876 0.849294404626074 2.3314736704355554
59 531 0.25150893716095174 2.3375121868692883 0.03168923531580202 0.03168923531580202 0.15289516969543754 0.39395121127495525 0.6756566731726878 0.8173425724807742 2.3375121868692883
60 540 0.25533231567766873 2.225211536295945 0.03061502087959528 0.03061502087959528 0.14664283000964778 0.3952542062664319 0.6797637078953164 0.7829910800123883 2.225211536295945
61 549 0.2468149319169913 2.145570776645408 0.03048110087177803 0.03048110087177803 0.14709471168088803 0.4046721703040772 0.6793255181580057 0.785607916256633 2.145570776645408
62 558 0.20636840220543864 2.0615275234431305 0.028842687799533764 0.028842687799533764 0.1407460457167294 0.40479868008803443 0.692671271703586 0.830508209915729 2.0615275234431305
63 567 0.17930114432386582 2.0298593316671685 0.028144769974621224 0.028144769974621224 0.12607154869905168 0.39683040897601246 0.6902357585726973 0.8346696676832147 2.0298593316671685
64 576 0.17770636058559303 1.9013162907943624 0.02700768952055918 0.02700768952055918 0.1212469863790547 0.3826093982618227 0.6840448291107393 0.8285599947536001 1.9013162907943624
65 585 0.19315741025867394 1.9565120220097154 0.024248238081115047 0.024248238081115047 0.11868189876356992 0.37991240917852376 0.7088296250467525 0.8670348434893491 1.9565120220097154
66 594 0.25376636555750803 1.9894491109955497 0.022752359628514986 0.022752359628514986 0.11251901630049407 0.3802941013633271 0.7110932410112484 0.9146888701222193 1.9894491109955497
67 603 0.24167843570417735 2.0554405514573104 0.022175536742764096 0.022175536742764096 0.10581064590318963 0.37343050192017857 0.7362479272762537 0.9573694512220552 2.0554405514573104
68 612 0.20946546067835975 2.040882812119373 0.020929479333494497 0.020929479333494497 0.10352871727753474 0.364250209598819 0.719639769221586 0.9596179445809017 2.040882812119373
69 621 0.21612032630993794 1.8840507943932845 0.020415151707335436 0.020415151707335436 0.10290399548357046 0.3437717344467932 0.7000925191462593 0.9651092374190015 1.8840507943932845
70 630 0.2333494273909883 1.9151294601502242 0.019609224803969035 0.019609224803969035 0.10147825531728943 0.33774931613516196 0.702742784752274 0.9952689860397391 1.9151294601502242
71 639 0.24214577304341442 1.9753177966871858 0.018519767231171116 0.018519767231171116 0.0937765907197057 0.3349632043759277 0.6948642758946856 1.050638237485384 1.9753177966871858
72 648 0.263671308078327 2.0847842914717303 0.01709642245726648 0.01709642245726648 0.09128498051506391 0.32375849415680424 0.6947078068668757 1.0413349392779263 2.0847842914717303
73 657 0.2997061211071385 2.214839138884045 0.016058214956848144 0.016058214956848144 0.08833041315351776 0.3522548122555005 0.698479158508282 1.0061735485958292 2.214839138884045
74 666 0.29664236975844316 2.2933902911323925 0.015211786569618033 0.015211786569618033 0.08443155316421401 0.3540231594135901 0.7181097881867297 1.0177604981944344 2.2933902911323925
75 675 0.2883528386680159 2.1769543333262855 0.01495802671774854 0.01495802671774854 0.08077347442181779 0.33317796033976443 0.7142596666210282 1.0466909283644024 2.1769543333262855
76 684 0.2760999392090095 2.1069297328935863 0.014685319521825854 0.014685319521825854 0.07315940902211722 0.32662051842129 0.7286670573511449 1.0625039773050557 2.1069297328935863
77 693 0.281348393868615 2.0631547255920304 0.014140786094163308 0.014140786094163308 0.06828577052971652 0.32182243652162107 0.7324224688996324 1.06309895437352 2.0631547255920304
78 702 0.27434730664184154 1.9497756703256326 0.013638672984720743 0.013638672984720743 0.0640059792300357 0.3392913481284223 0.7567377676034476 1.0642040837755518 1.9497756703256326
79 711 0.29874104953749697 1.895257306881107 0.01324336099255838 0.01324336099255838 0.06081625117929341 0.3347281292649658 0.7724929017429182 1.0551701825669049 1.895257306881107
80 720 0.31678345644407724 2.034327764901732 0.012754368268451244 0.012754368268451244 0.062241633283180005 0.3352112626913445 0.7741306341599012 1.0022845396560178 2.034327764901732
81 729 0.36769199428784755 2.154023900495638 0.011652139033513871 0.011652139033513871 0.06051922814833824 0.33401697147724724 0.7665356567507376 1.015281106356073 2.154023900495638
82 738 0.36847526152356497 2.463995182366884 0.010989669761929378 0.010989669761929378 0.05911878112497254 0.3357193742704807 0.7754068165926892 0.9954441433746966 2.463995182366884
83 747 0.3450367059211841 2.4668689266817205 0.011049993235487929 0.011049993235487929 0.05483840248747696 0.31762675435430276 0.7831604702035083 0.9955437557230612 2.4668689266817205
84 756 0.36571584105662264 2.414525237758669 0.010882368006291637 0.010882368006291637 0.05403130376794572 0.2966019493317097 0.7814277695074798 0.9505009520317704 2.414525237758669
85 765 0.38396375204475475 2.5115561576116887 0.01052181151381336 0.01052181151381336 0.05097769542072709 0.2836319478080617 0.7571569196386578 1.0298699639535087 2.5115561576116887
86 774 0.44140303500535033 2.700948957394905 0.009848554167137308 0.009848554167137308 0.04710274360645484 0.29297707766510706 0.7280461229165199 1.0385488329563246 2.700948957394905
87 783 0.40848727781594624 2.661923676633161 0.009474639202320183 0.009474639202320183 0.04715297874440407 0.308818188919682 0.7024727857865485 1.0664939997769698 2.661923676633161
88 792 0.4127518330002431 2.4843949082404286 0.009323500924216256 0.009323500924216256 0.043990170979235785 0.3036418165469801 0.6865144121700064 1.061763396595673 2.4843949082404286
89 801 0.3360517323858471 2.503874328539607 0.009051314372192377 0.009051314372192377 0.04325365009823796 0.2913319616496615 0.6903965887673731 1.0722083796826563 2.503874328539607
90 810 0.32931474418964746 2.4643483418810885 0.008747150433930432 0.008747150433930432 0.039824408637681816 0.29179719953489497 0.6756602410158992 1.0618560444888812 2.4643483418810885
91 819 0.30796388736603425 2.528130739636991 0.008049292709631464 0.008049292709631464 0.03953486474976555 0.29154052829855887 0.6562976080565978 1.0611885807725892 2.528130739636991
92 828 0.3336478276737964 2.523773812417619 0.0071902995955334765 0.0071902995955334765 0.03941793969796086 0.2939992773069501 0.6359982773464327 1.0458604720959612 2.523773812417619
93 837 0.32536016917650273 2.5380943520123673 0.006951082028564515 0.006951082028564515 0.038106533662038526 0.29964165157563966 0.5971540348884137 1.1668498027165761 2.5380943520123673
94 846 0.31027846902993556 2.5028868852221224 0.0065250157277164204 0.0065250157277164204 0.037708450116166636 0.2862291481361937 0.584031830983735 1.1988320893456732 2.5028868852221224
95 855 0.299577298762013 2.466880320698546 0.005958187301444109 0.005958187301444109 0.03546889440774481 0.28888780306502104 0.5869430434844851 1.2129561672937332 2.466880320698546
96 864 0.28666510401964806 2.4536540679895675 0.005886979590354176 0.005886979590354176 0.03202765693752551 0.2886346277091866 0.5708162365202556 1.2377310733186575 2.4536540679895675
97 873 0.24686574147529833 2.4538012321103886 0.005319737684170819 0.005319737684170819 0.029507115775043828 0.28703878720867365 0.6079584817254 1.2183161351114322 2.4538012321103886
98 882 0.24665811108008934 2.5850255842436276 0.005069892543412379 0.005069892543412379 0.026791516600091044 0.28751238640557203 0.599288516805959 1.145349536147889 2.5850255842436276
99 891 0.2573181773446969 2.762100596443595 0.005033614322801849 0.005033614322801849 0.025184988341654606 0.2824469215587328 0.5967117250588766 1.1278561085132572 2.762100596443595
100 900 0.23928986489497586 2.648951975742708 0.005159720444115671 0.005159720444115671 0.024126432996563144 0.27525176423814074 0.5881799276018856 1.2315900399421376 2.648951975742708
101 909 0.21726895693846426 2.619817569775764 0.004602923711353953 0.004602923711353953 0.023488068593149853 0.2725690204456518 0.6000890406444183 1.2615617235344225 2.619817569775764
102 918 0.201907806573079 2.618552950961817 0.004392603894465442 0.004392603894465442 0.021829958947315375 0.27454962633492647 0.6059017316726457 1.2146825865843003 2.618552950961817
103 927 0.18757616777040592 2.5654163874935088 0.00432575137523641 0.00432575137523641 0.020319720758702177 0.28678726429966506 0.5784274720345162 1.22605650997774 2.5654163874935088
104 936 0.1855249553020283 2.578833033541465 0.004343418875762328 0.004343418875762328 0.018566109664657694 0.2915617816375894 0.57281106102048 1.1606160980107212 2.578833033541465
105 945 0.2086445501244352 2.4915547492513666 0.004150400666230411 0.004150400666230411 0.018786394031942728 0.293099594833102 0.5818684180035881 1.1662792322760338 2.4915547492513666
106 954 0.20975413243706975 2.621040357684487 0.004028180021041687 0.004028180021041687 0.01863203901366381 0.28971444097971294 0.5970182528407822 1.20544023129743 2.621040357684487
107 963 0.219704314050129 2.6630376440640866 0.0038741932467576197 0.0038741932467576197 0.01823645250946652 0.307685428179293 0.6133507608505981 1.1373324217422718 2.6630376440640866
108 972 0.2694694392983427 2.6696191422568827 0.0034984037072597917 0.0034984037072597917 0.018011758892500937 0.31362389157183695 0.60421297245627 1.2298754409770989 2.6696191422568827
109 981 0.28334259370363596 2.7041975806659924 0.0034447944854908747 0.0034447944854908747 0.016958439990672907 0.32341228413804596 0.6127388327423096 1.2434910010334252 2.7041975806659924
110 990 0.3093414874939209 2.586885911388385 0.0033865187010593935 0.0033865187010593935 0.017297471609873338 0.31257059644608115 0.593169563164399 1.286656650732399 2.586885911388385
111 999 0.31265630656368204 2.618007777089424 0.003307001731495106 0.003307001731495106 0.0170537490122796 0.3015039442874058 0.6034444626968628 1.1895704565602194 2.618007777089424
112 1008 0.2819858370799436 2.7551223235157205 0.002859382318955185 0.002859382318955185 0.01673069182682446 0.30124059808403625 0.6140098153360575 1.1604940832630617 2.7551223235157205
113 1017 0.31030425922145793 2.6901089753368828 0.0028581788185949746 0.0028581788185949746 0.015263265852424702 0.31197692218993744 0.6197654190798374 1.1204541302516386 2.6901089753368828
114 1026 0.3025830101966687 2.726960744001164 0.0028938835119810165 0.0028938835119810165 0.014978530745317792 0.3465161078186831 0.5748803698714843 1.1164479108219327 2.726960744001164
115 1035 0.2913933989708334 2.9085694946657052 0.0027547151556573286 0.0027547151556573286 0.014659408613798141 0.3287321599109089 0.5807110568057683 1.1113864130915734 2.9085694946657052
116 1044 0.2613322680383764 2.9861962863772695 0.0024367118251968486 0.0024367118251968486 0.014239778813170787 0.3320778714596143 0.5741850735309005 1.1004408897502853 2.9861962863772695
117 1053 0.2167117639155682 2.88524395811578 0.0023615009486629237 0.0023615009486629237 0.014166019781555343 0.32968845590681156 0.5660489829440544 1.0774390431583973 2.88524395811578
118 1062 0.19155283443989884 2.7920831007873006 0.002351884018141388 0.002351884018141388 0.014229139222879697 0.3151382251380855 0.5216318208926808 1.0626901882990487 2.7920831007873006
119 1071 0.2129555522808939 2.8025723107452807 0.0023851864732725423 0.0023851864732725423 0.012372312735028852 0.3169863323133319 0.5064170181350955 1.050957397494467 2.8025723107452807
120 1080 0.20410629547451561 2.7481625680538384 0.0022402666023643146 0.0022402666023643146 0.012592358513178026 0.3415746850638356 0.5467053246088 0.9975437835275663 2.7481625680538384
121 1089 0.20627693777206524 2.798518637424818 0.0021879614391443498 0.0021879614391443498 0.012977013647207108 0.3263463083406189 0.534550347275675 0.9332468662188987 2.798518637424818
122 1098 0.2227998801026152 2.7988214075076585 0.0022416493727386196 0.0022416493727386196 0.012970201452944242 0.31615867070158776 0.5151412403262906 0.9575682009905854 2.7988214075076585
123 1107 0.222127990660079 3.1375923168522393 0.002188702187385266 0.002188702187385266 0.011826892600098077 0.31286483874291826 0.5171385251342927 0.9285560166457932 3.1375923168522393
124 1116 0.20129934462334262 3.2546673096182435 0.002192614469352582 0.002192614469352582 0.011295666738579607 0.3048882105305843 0.516824293294157 0.9258946844694046 3.2546673096182435
125 1125 0.18860757613380763 3.3001492702699595 0.0021033474203666484 0.0021033474203666484 0.011323021234350632 0.29301012689327527 0.4939824623603381 0.9146078923446509 3.3001492702699595
126 1134 0.18041501130372686 3.2404138211097786 0.00206715626042055 0.00206715626042055 0.011051817549877949 0.29054815442146387 0.4973262176081247 0.8847840460283769 3.2404138211097786
127 1143 0.16904409716881602 3.1013812145343675 0.0021218962831993315 0.0021218962831993315 0.010991441581404455 0.2913325841519774 0.47120460336985265 0.8466164050396652 3.1013812145343675
128 1152 0.17554557794819112 2.9568245869677567 0.0021022492875469854 0.0021022492875469854 0.01059428171318909 0.28854858381577625 0.44427001142411915 0.8520656633859095 2.9568245869677567
129 1161 0.16200020188494 3.031616859604689 0.0019573908958815008 0.0019573908958815008 0.010198610227299829 0.30182318623356186 0.43352179961115933 0.8515703342535546 3.031616859604689
130 1170 0.1506744030454851 2.8622838938922057 0.0019248516640618446 0.0019248516640618446 0.010061637518832258 0.3007695957088595 0.42372816060797963 0.8585869959183131 2.8622838938922057
131 1179 0.1520484927278265 2.8157044217799836 0.0018966903721442344 0.0018966903721442344 0.009999860729566521 0.2952513745468419 0.408929447167647 0.8268258030739997 2.8157044217799836
132 1188 0.13570492884166566 2.8557122808420643 0.0019449745310084943 0.0019449745310084943 0.010129303919012138 0.2755111108869529 0.4109475449972206 0.7540771072590606 2.8557122808420643
133 1197 0.14489586583642694 2.824683204676335 0.001941942921752642 0.001941942921752642 0.009378340898868487 0.27353857456315617 0.39998170232992225 0.7449127503106812 2.824683204676335
134 1206 0.12307325481098101 2.7752868772803367 0.0019678020488479876 0.0019678020488479876 0.009261982083499301 0.28022572811101243 0.4346018369446418 0.7129593198666695 2.7752868772803367
135 1215 0.10497502309694917 2.653902577469736 0.0017939448612066678 0.0017939448612066678 0.009173529262044636 0.27486872055407346 0.43610124124806854 0.6969425072743566 2.653902577469736
136 1224 0.08765172661448309 2.576554493639254 0.001614342504051815 0.001614342504051815 0.009065985648750795 0.2777451183964667 0.4337739396357228 0.6694058495637545 2.576554493639254
137 1233 0.08959238870243211 2.4564892150431112 0.0015870866755375262 0.0015870866755375262 0.008954927392785316 0.2688453434452342 0.4203628262415722 0.6257404592494361 2.4564892150431112
138 1242 0.08395143880726234 2.4468379795237434 0.0015817777985686157 0.0015817777985686157 0.009103951410402732 0.27087841632843646 0.45775709422599226 0.5715741271354503 2.4468379795237434
139 1251 0.07526075038118142 2.326150565859789 0.0014985738052759054 0.0014985738052759054 0.008960133110616716 0.2663132861531132 0.445490168929011 0.5739170590727665 2.326150565859789
140 1260 0.07635155115517807 2.3110009886506755 0.0015247818312843935 0.0015247818312843935 0.008646879375959763 0.24870045504720714 0.43116295840924196 0.5388679992978813 2.3110009886506755
141 1269 0.06877823418267781 2.329543030837092 0.001540287112184952 0.001540287112184952 0.009075544516893392 0.2534778966927975 0.43934417359709055 0.5089615458071439 2.329543030837092
142 1278 0.0660888866937144 2.38282087308627 0.0014861571331026694 0.0014861571331026694 0.009393756889939896 0.2385652959253454 0.38523213469671364 0.5078607530117353 2.38282087308627
143 1287 0.0688813992221666 2.373185578629396 0.0014332705568447777 0.0014332705568447777 0.009558354312550367 0.22399138582939707 0.3745783042261996 0.5167368385847697 2.373185578629396
144 1296 0.06727757328875685 2.5146872878781092 0.0013870832082960435 0.0013870832082960435 0.009921345842608372 0.19702813645185482 0.38414609929820454 0.5074414041708052 2.5146872878781092
145 1305 0.0669120005028612 2.3944327696946344 0.0013749491280030288 0.0013749491280030288 0.009594347180736493 0.19489558066955148 0.3703028357803292 0.5150584982845027 2.3944327696946344
146 1314 0.0643106258614301 2.3927732923388803 0.0013656789226205756 0.0013656789226205756 0.009516883777007974 0.17235446644702576 0.3737561118191526 0.5396701119262133 2.3927732923388803
147 1323 0.06660668157736427 2.189077030090491 0.0013404437973247665 0.0013404437973247665 0.009436803896890403 0.17299760996636 0.3781264305107397 0.5335306657333094 2.189077030090491
148 1332 0.06268000283184433 2.0944730516623307 0.001362988424388056 0.001362988424388056 0.00898436976629511 0.16886405482209743 0.3698188189087845 0.5775961123888881 2.0944730516623307
149 1341 0.05929020201842837 1.9440037497885299 0.0013388841561546838 0.0013388841561546838 0.008293310896423683 0.16479841205740786 0.371263254595713 0.5887239718867053 1.9440037497885299
150 1350 0.06671079473195618 1.8502226879332164 0.001352025960129581 0.001352025960129581 0.008061732827211388 0.16070232632104486 0.34879712522593653 0.6007990249457309 1.8502226879332164
151 1359 0.06752188367594543 1.8461530209210868 0.0013985420561349105 0.0013985420561349105 0.008414675378384962 0.14223836297051218 0.3707659079018513 0.6254407251292726 1.8461530209210868
152 1368 0.06628156168917519 1.785224032356091 0.0013910072934684601 0.0013910072934684601 0.008043601524314206 0.1394584108208725 0.37063961688494085 0.6311692649887907 1.785224032356091
153 1377 0.06866128966057396 1.7764521981247268 0.0013601686076805527 0.0013601686076805527 0.007639419335545245 0.13707337946589196 0.36338869976826155 0.6334934189110295 1.7764521981247268
154 1386 0.07029934951817939 1.5802173108730748 0.0013479761211864247 0.0013479761211864247 0.007470923326110486 0.13908424138154463 0.3744974990930336 0.6618089108355182 1.5802173108730748
155 1395 0.06801951390251443 1.526484208346199 0.00126736708330824 0.00126736708330824 0.007331848365071212 0.13190970092792087 0.37551187627129073 0.7031739640928525 1.526484208346199
156 1404 0.06810294819636961 1.4706367837051215 0.0012076500387724987 0.0012076500387724987 0.007212224835411333 0.12935437390416146 0.38158721763848186 0.7021346936939187 1.4706367837051215
157 1413 0.07259462153661171 1.3879236080147745 0.001198631299375724 0.001198631299375724 0.007136502167254129 0.13297423019687965 0.3751603221507835 0.6911174279805374 1.3879236080147745
158 1422 0.07736561640197472 1.5289210210056783 0.0011155876314798082 0.0011155876314798082 0.006989062059163229 0.1273609330237358 0.3705413855986637 0.7159230510163218 1.5289210210056783
159 1431 0.07428089551164008 1.5335040401000124 0.0010985461405551454 0.0010985461405551454 0.0071744616864445 0.12252190282859012 0.3676073924623453 0.7017707488005296 1.5335040401000124
160 1440 0.0895970985940862 1.5927239283941257 0.001058440240118902 0.001058440240118902 0.007125317847485795 0.11302824459567748 0.3666138481689138 0.6735391345442607 1.5927239283941257
161 1449 0.10660361634236845 1.6767988368728364 0.0010169824260922286 0.0010169824260922286 0.006999943046928419 0.11658254398486854 0.3813173591823976 0.7128671326129208 1.6767988368728364
162 1458 0.11034411460457619 1.7482201884161528 0.0010150282214383742 0.0010150282214383742 0.0071879879294742535 0.11295098141401522 0.37594065080519196 0.7117267979726403 1.7482201884161528
163 1467 0.10788297910166479 1.885870969508664 0.0009755881778669152 0.0009755881778669152 0.007272242674369388 0.10850179518289844 0.37402347146238674 0.6670460883879394 1.885870969508664
164 1476 0.09861041593467591 1.8435860626909126 0.0009667618364678508 0.0009667618364678508 0.007264547615529235 0.1084479702086943 0.35789625419697957 0.6441277476421199 1.8435860626909126
165 1485 0.0915649387479672 1.7528884471948945 0.0009506710783547647 0.0009506710783547647 0.007177852798231951 0.11149578676978586 0.35061137889615773 0.6463181760111637 1.7528884471948945
166 1494 0.091713321012185 1.6897869412769075 0.0009185969694456441 0.0009185969694456441 0.007071701521240419 0.10749347915633865 0.35561237259043876 0.6337734880185598 1.6897869412769075
167 1503 0.08177773994713891 1.6989831360613912 0.0009050721684557346 0.0009050721684557346 0.007030925266600742 0.11179738747564336 0.35474335046310873 0.5797945442482757 1.6989831360613912
168 1512 0.0770811296896893 1.6702708314799246 0.0008616570650786397 0.0008616570650786397 0.00715933735673189 0.10323496740842968 0.3586287192303868 0.5589497897804475 1.6702708314799246
169 1521 0.07852185374498086 1.6216973409731177 0.0008658168429103538 0.0008658168429103538 0.007003835764478234 0.10279745155510475 0.3480082870274067 0.5414584550133301 1.6216973409731177
170 1530 0.06789187119048226 1.7225034722487973 0.0008635628564994899 0.0008635628564994899 0.006673017646146922 0.10166282994097568 0.3492151931249987 0.5296060934192174 1.7225034722487973
171 1539 0.07144212279905297 1.666132887132429 0.0008177350004835569 0.0008177350004835569 0.006550325883653043 0.09989425279786539 0.33583515181154855 0.5161282748747055 1.666132887132429
172 1548 0.06467066477266892 1.7317309288576066 0.0007483019375510544 0.0007483019375510544 0.0066328153201009885 0.097711259340659 0.32726178562079294 0.5382896425481916 1.7317309288576066
173 1557 0.06190826066152065 1.7408666524668899 0.0007749079850964139 0.0007749079850964139 0.006521253441044908 0.08987058687703953 0.325917120124329 0.55148335700985 1.7408666524668899
174 1566 0.05581244254005313 1.8185668074535595 0.000793616864205692 0.000793616864205692 0.006749888221418924 0.08963408464199844 0.2978017447806496 0.5022780608667939 1.8185668074535595
175 1575 0.05405949927515602 1.8148834213449407 0.0008112254219040744 0.0008112254219040744 0.006815740500932327 0.08699741917963678 0.2776544766507835 0.4642478856212932 1.8148834213449407
176 1584 0.05408239027668546 1.8967478685280021 0.0007888971950205827 0.0007888971950205827 0.006419664470904857 0.08707688043076066 0.27932001010592544 0.45634892617531186 1.8967478685280021
177 1593 0.05604756422538099 1.8250512798453469 0.0008177773095193552 0.0008177773095193552 0.006407280137579254 0.08173735812919511 0.2943719796988377 0.43008352202242883 1.8250512798453469
178 1602 0.052361191130564005 1.760942758177827 0.0008045688956509504 0.0008045688956509504 0.006992169507014626 0.0803546973865155 0.29488149644343414 0.40201735864236005 1.760942758177827
179 1611 0.05276931375949247 1.6269736603143596 0.0007757681762251843 0.0007757681762251843 0.00714267071991173 0.07593549165539495 0.30051571655314835 0.3926319943032137 1.6269736603143596
180 1620 0.05867256914563942 1.654280040848727 0.0007787492805341348 0.0007787492805341348 0.006774719808153694 0.07795264525470517 0.30442969505046646 0.3600373616204747 1.654280040848727
181 1629 0.06355731750008 1.6876117322885436 0.0008102191216614839 0.0008102191216614839 0.006610974153856799 0.07525694026127973 0.3075592964452772 0.3602367640487994 1.6876117322885436
182 1638 0.07012589826562404 1.6553618589345587 0.0008029868513865976 0.0008029868513865976 0.006113337732323629 0.08127978673308184 0.30726076059597296 0.3627063825298691 1.6553618589345587
183 1647 0.0683078105466963 1.61787600579776 0.0008120817449596399 0.0008120817449596399 0.0059894567886032545 0.07662886986884354 0.31144214308028884 0.3894836056781597 1.61787600579776
184 1656 0.060652315715400584 1.54779913335221 0.0008044617142631625 0.0008044617142631625 0.006047413200675015 0.07641451575844856 0.29389973525748236 0.36332767609277394 1.54779913335221
185 1665 0.05787824295940975 1.535031544412779 0.0007990177686160767 0.0007990177686160767 0.005837936113066849 0.07618534475817076 0.26075986539249746 0.3669413056478017 1.535031544412779
186 1674 0.05528324102965956 1.4593143608687211 0.0007913993081561222 0.0007913993081561222 0.00596771041449924 0.0766169522047798 0.2539922318568778 0.3527509574693214 1.4593143608687211
187 1683 0.051533986614499545 1.4153828062410945 0.0007559080943741902 0.0007559080943741902 0.005719573856556275 0.0785704873582052 0.2533960762351662 0.3448965569040899 1.4153828062410945
188 1692 0.04475615317154026 1.3574487768209045 0.0007442571362263683 0.0007442571362263683 0.005755185918113662 0.07510518838665951 0.24981355390287632 0.3329300327944592 1.3574487768209045
189 1701 0.04438758712560744 1.3698097652069134 0.0007292174417976958 0.0007292174417976958 0.0049745695476404814 0.07449953706341508 0.242644517558953 0.3357772787755324 1.3698097652069134
190 1710 0.04779527720743722 1.3287211839007136 0.0007410699315936069 0.0007410699315936069 0.004934482384590956 0.0740464958409781 0.23002081322861404 0.3277017966225983 1.3287211839007136
191 1719 0.05516777699466141 1.3920553536821432 0.0007817130887188447 0.0007817130887188447 0.005048043765419993 0.06851534461071493 0.228502527051847 0.3218272160102626 1.3920553536821432
192 1728 0.06591829446431013 1.4742728293201157 0.0008206185418444925 0.0008206185418444925 0.00486519184155688 0.06969943069307759 0.22071292917687146 0.309275933985471 1.4742728293201157
193 1737 0.0711195726629068 1.6520277806397206 0.0008004877966196753 0.0008004877966196753 0.0047404968071077715 0.07239465933670729 0.21639955876316713 0.29210532232254405 1.6520277806397206
194 1746 0.07239841992779271 1.7843286020295193 0.0008099153799846132 0.0008099153799846132 0.004734073701999178 0.07721151286986523 0.19851546690778427 0.28732654485031645 1.7843286020295193
195 1755 0.0799313729120283 1.811056777665673 0.0007780886426143377 0.0007780886426143377 0.0046100559542802556 0.07451796796188623 0.19340892673110413 0.2903096092684956 1.811056777665673
196 1764 0.09019610596671004 2.0490895515485112 0.0007545882519545922 0.0007545882519545922 0.004541023057119281 0.07258990439649518 0.18420249175420159 0.27513329317478635 2.0490895515485112
197 1773 0.098705332380245 1.9705579133275652 0.000758986994743618 0.000758986994743618 0.004495786758322046 0.06787610957401179 0.1852728305907101 0.3002918035393695 1.9705579133275652
198 1782 0.09979763984982493 1.8000180345945294 0.0007751210695586284 0.0007751210695586284 0.004418331332747611 0.06631012837015594 0.18270261227984608 0.31478274608374124 1.8000180345945294
199 1791 0.09850372729570504 1.804505255906377 0.0007301369487036637 0.0007301369487036637 0.004192709666175042 0.06601022090312533 0.17033461830808025 0.335334315868474 1.804505255906377
200 1800 0.09647013707545354 1.7550391227054922 0.0007499455528346895 0.0007499455528346895 0.00440950583939766 0.06529466393421114 0.16781868169661004 0.3086229019033779 1.7550391227054922
201 1809 0.10194350417060996 1.7570885400646947 0.0007164137964234255 0.0007164137964234255 0.004503760411070464 0.061566082227672125 0.15826973806559877 0.3200850592320692 1.7570885400646947
202 1818 0.08972114238824966 1.7369026920911546 0.0007230267853856869 0.0007230267853856869 0.004423570519516566 0.0571491068825078 0.15122877893713224 0.3597004793577409 1.7369026920911546
203 1827 0.09171856117857288 1.6204095245028587 0.0006733954635766543 0.0006733954635766543 0.004411259024161083 0.05658637126015842 0.14996087631395627 0.3551015594725706 1.6204095245028587
204 1836 0.08409283136050706 1.5641210895742523 0.0006568789129586375 0.0006568789129586375 0.004632703612524844 0.053616579803667394 0.1494059566613863 0.36859593573169025 1.5641210895742523
205 1845 0.07477588939958114 1.4328081610074357 0.0006991352944845466 0.0006991352944845466 0.004649220830706898 0.05344600658306425 0.15153961796128754 0.3602899981305193 1.4328081610074357
206 1854 0.07343634971994988 1.445251238814996 0.000695845217737306 0.000695845217737306 0.00441322579403847 0.051177463371944426 0.147628907793618 0.3554266955757545 1.445251238814996
207 1863 0.07922807342365644 1.3989370695984669 0.0007619213812829332 0.0007619213812829332 0.004189815096660773 0.049640814367107655 0.14684269538823344 0.33953252246040816 1.3989370695984669
208 1872 0.07950402418114783 1.388241849237952 0.0007852948712043778 0.0007852948712043778 0.004199420818833392 0.04435312995697398 0.14911253751114253 0.3498159990388238 1.388241849237952
209 1881 0.0794824275818995 1.350459777301832 0.0007815767263175565 0.0007815767263175565 0.004318038763412501 0.04460311917560675 0.1370051656717807 0.35350086929355523 1.350459777301832
210 1890 0.07064827154748553 1.2997720100435703 0.0007595892126934907 0.0007595892126934907 0.004052818765507689 0.044955639357298155 0.1346116553408968 0.36291116340303486 1.2997720100435703
211 1899 0.06495495024415436 1.2028520659990722 0.0007626983557477053 0.0007626983557477053 0.0038921942123191005 0.043418604456101684 0.12918328349070893 0.36160775706526577 1.2028520659990722
212 1908 0.06107002905652781 1.1513215508824906 0.0007538877591802662 0.0007538877591802662 0.0037087911984209974 0.04068601685784623 0.12504828441558466 0.3783942236232937 1.1513215508824906
213 1917 0.057306491100688695 1.0295526112284374 0.0007470488527351643 0.0007470488527351643 0.003710477915558427 0.04141210139564938 0.12454432072297598 0.37457495143608016 1.0295526112284374
214 1926 0.055253734631293926 0.9400783094986571 0.0007437431206228113 0.0007437431206228113 0.0036728895087040905 0.040322402163832455 0.1268044309226796 0.3720304844015155 0.9400783094986571
215 1935 0.055924823555316826 0.9294294802526384 0.0007461467200660502 0.0007461467200660502 0.003537750229572632 0.04059795298603027 0.12985765400537716 0.3342758503424649 0.9294294802526384
216 1944 0.05597181723684633 0.8862958345766044 0.0007395209139327261 0.0007395209139327261 0.0036212049946049026 0.040047858067688506 0.12733186864500776 0.335309767859699 0.8862958345766044
217 1953 0.05733023628466203 0.8502300782691931 0.0007091547050698311 0.0007091547050698311 0.0038156386505004097 0.03820053486577414 0.12747243598066219 0.3331411412894967 0.8502300782691931
218 1962 0.054660642226287255 0.7616732936284473 0.0007552812987232564 0.0007552812987232564 0.003787933731604197 0.03793556256110446 0.12876645295406458 0.33603261600556844 0.7616732936284473
219 1971 0.05307204761114809 0.761613923375333 0.0007330168543060098 0.0007330168543060098 0.003698582063106264 0.03804647279495935 0.1261423077444905 0.3179919831232325 0.761613923375333
220 1980 0.05668777795881501 0.760568941406239 0.0006989139737059632 0.0006989139737059632 0.00337858189394845 0.03707043773489506 0.12645998189078217 0.33722377776749585 0.760568941406239
221 1989 0.06356636486007754 0.7078539656249647 0.0006977386489752394 0.0006977386489752394 0.0033400953089471118 0.036787581871920466 0.12256478211397609 0.386701131065041 0.7078539656249647
222 1998 0.07249606324114803 0.6894656911208671 0.0007080778363943654 0.0007080778363943654 0.003329301798876802 0.03542053399819431 0.1183477231376663 0.4208512128750626 0.6894656911208671
223 2007 0.08773362820601026 0.6638905110814896 0.0007134425862617288 0.0007134425862617288 0.003177004995896833 0.03448377019356428 0.11988568584359946 0.44996621517264906 0.6638905110814896
224 2016 0.09930447215599286 0.662928325950969 0.0008068961758715437 0.0008068961758715437 0.0031489270601327297 0.032841736272944407 0.11680063032833247 0.46489122127260096 0.662928325950969
225 2025 0.12776806097648544 0.6396364816828376 0.0008049642450628504 0.0008049642450628504 0.0031759231341844944 0.032016186690784446 0.11178521002706968 0.4784762916110185 0.6396364816828376
226 2034 0.1370719985145388 0.6301248705614476 0.0007972540257799038 0.0007972540257799038 0.0032717756655762406 0.03176237564832873 0.1115174638175763 0.47502423722038495 0.6301248705614476
227 2043 0.1299224018978309 0.6121151586791809 0.0007786549382307386 0.0007786549382307386 0.0032376202062108397 0.0325949447162162 0.10748995331236989 0.4649703823410095 0.6121151586791809
228 2052 0.11385615697396032 0.5709705736777739 0.0007582806356221 0.0007582806356221 0.0031855989492770077 0.031281234710696215 0.10564331501809732 0.4710139242329783 0.5709705736777739
229 2061 0.1008255944096923 0.5652458011737765 0.0006722226204848156 0.0006722226204848156 0.0033202221179417873 0.030416348037407667 0.1062797458211973 0.4541901916249861 0.5652458011737765
230 2070 0.09798150687569757 0.5603058636476244 0.0006354395830356826 0.0006354395830356826 0.003221557340822705 0.0296094819743751 0.10298665455382443 0.45747415283523163 0.5603058636476244
231 2079 0.09105756033685249 0.5389333553885948 0.0005972620033732542 0.0005972620033732542 0.00322821754344726 0.028868716899182363 0.10255461770962179 0.4725356219386015 0.5389333553885948
232 2088 0.09201115041993232 0.4962817597708943 0.0005915718685182076 0.0005915718685182076 0.0032640276297377026 0.027316988356891326 0.10183329887300899 0.47688467503113363 0.4962817597708943
233 2097 0.09045698233360577 0.5216133463971724 0.0005808280494686277 0.0005808280494686277 0.003253029099681927 0.025338495266447995 0.10165876716820806 0.471903549716629 0.5216133463971724
234 2106 0.10446064159476007 0.5383600677881091 0.0005861626375498545 0.0005861626375498545 0.003120634980757119 0.024804228038070517 0.09376689509323828 0.46027221303495025 0.5383600677881091
235 2115 0.10045174051531297 0.6131475584092453 0.0005724104557135511 0.0005724104557135511 0.003123691631461641 0.024360147962087988 0.0930985503171164 0.4378516848407838 0.6131475584092453
236 2124 0.09065375883391381 0.5529187971805335 0.0005833259198178274 0.0005833259198178274 0.0030908500920269763 0.02403816989343752 0.09044675792502321 0.43559472240285757 0.5529187971805335
237 2133 0.08571931768222456 0.5391885274489144 0.0005818320317320638 0.0005818320317320638 0.0031401962162290447 0.022734813799678132 0.09104621632647253 0.3871761375282337 0.5391885274489144
238 2142 0.09048144805512416 0.5513589983632847 0.0005590892190189163 0.0005590892190189163 0.0030018576990647533 0.02183651418473865 0.08879511719225192 0.3776479131796556 0.5513589983632847
239 2151 0.11175899674727993 0.5789590440533974 0.0005586410092389599 0.0005586410092389599 0.0029270208595208657 0.020981202422297965 0.08394612145917961 0.37803110608308915 0.5789590440533974
240 2160 0.1592394433073644 0.6114830228857415 0.000552313914765519 0.000552313914765519 0.002945864660531464 0.021033305194677294 0.0797481022711286 0.36972379067430877 0.6114830228857415
241 2169 0.20345617311091746 0.6349272235945873 0.0005559944609770339 0.0005559944609770339 0.002885146062510228 0.02083319758819182 0.08137429306644374 0.3724954014538057 0.6349272235945873
242 2178 0.21867420218977932 0.6312470229572655 0.00054958185309726 0.00054958185309726 0.0028349770404999847 0.020507335448721707 0.08310953637961488 0.36673881598002656 0.6312470229572655
243 2187 0.20792299153347915 0.6105868696256954 0.0005842843864538042 0.0005842843864538042 0.0027548702751291725 0.020434600920813464 0.08283419771706464 0.35395023281663446 0.6105868696256954
244 2196 0.2133123308679598 0.5837396380881646 0.0005594646825135999 0.0005594646825135999 0.0027903487488808044 0.020050579702531702 0.08126308726480198 0.35307735901817894 0.5837396380881646
245 2205 0.2442691927233526 0.5832125671750485 0.0005750854216015391 0.0005750854216015391 0.0028173354156300254 0.019537559216932485 0.07661291724986523 0.35527267002193363 0.5832125671750485
246 2214 0.2593585430166946 0.6529080028122806 0.0005734758089079114 0.0005734758089079114 0.0029111571797058727 0.019357998876292377 0.06964616435383858 0.346109738742616 0.6529080028122806
247 2223 0.2686626335263675 0.7004475587349352 0.0005426648927754475 0.0005426648927754475 0.0029861823583612478 0.017725133126161974 0.06925151670349376 0.34181337908964826 0.7004475587349352
248 2232 0.28304054759482783 0.7217139374788848 0.0004996233139210568 0.0004996233139210568 0.002972944484168544 0.017794492899339008 0.06406215271934652 0.34640398963096186 0.7217139374788848
249 2241 0.3252841147094692 0.7696527439624119 0.00047872213446057457 0.00047872213446057457 0.0029545614086542928 0.0172726290975074 0.06199318561757038 0.3358540258831629 0.7696527439624119
250 2250 0.3281996109928398 0.8583184515630076 0.00048298550562610263 0.00048298550562610263 0.0027016168056239356 0.016679670026302156 0.06512953270016733 0.3332678967045006 0.8583184515630076
251 2259 0.28826878019830277 0.8235025259018844 0.0004793627453711381 0.0004793627453711381 0.002821601398556142 0.016318530584477072 0.06041470423771966 0.32097865642259515 0.8235025259018844
252 2268 0.2790096577280201 0.7634328716228517 0.0004861828995089721 0.0004861828995089721 0.0028994673979321046 0.01521616861341955 0.05927853710589188 0.3174735636659771 0.7634328716228517
253 2277 0.27861863818826704 0.7583708857812473 0.00042386338160634355 0.00042386338160634355 0.0029599146283346978 0.01546142964160933 0.059058136292666784 0.31551100872283994 0.7583708857812473
254 2286 0.2944765311445025 0.7789975019122433 0.00041090719397420715 0.00041090719397420715 0.0030037735037519667 0.01490594148074674 0.053640405224083684 0.3237559113168548 0.7789975019122433
255 2295 0.27522589944956793 0.8705999365836948 0.0004202600268634558 0.0004202600268634558 0.0029709564365267703 0.013791000980438362 0.05112687475546477 0.3118241580114609 0.8705999365836948
256 2304 0.26622201575804344 0.850252387039066 0.0004244823549090115 0.0004244823549090115 0.0029714944165857783 0.01373752959551601 0.048917923973048824 0.2938446013578084 0.850252387039066
257 2313 0.24871971979264884 0.8287238631038076 0.00043117676689466867 0.00043117676689466867 0.003031055249535748 0.013302933184416423 0.04670482758426307 0.28302594784280494 0.8287238631038076
258 2322 0.266793512889527 0.8346866266993185 0.00041247715694999224 0.00041247715694999224 0.002998697436828013 0.01295580934241259 0.0446765467773508 0.2888035240125324 0.8346866266993185
259 2331 0.2537269551553234 0.8280453698832796 0.00039600648234263774 0.00039600648234263774 0.002897622994639468 0.01285421147157031 0.04483462038684119 0.3110179842225382 0.8280453698832796
260 2340 0.26702594914748096 0.8447831003818685 0.00039577518542732325 0.00039577518542732325 0.002772290209262277 0.012186672874719189 0.04486613290546943 0.2924672472063368 0.8447831003818685
261 2349 0.26056601792359296 0.8352471396897885 0.0003984957251600061 0.0003984957251600061 0.002747926455450181 0.011514250123324753 0.04714230660666641 0.2893863450401303 0.8352471396897885
262 2358 0.25144828749279524 0.8548849036832041 0.00038964671222105736 0.00038964671222105736 0.002686497619514931 0.011293652296784978 0.04576678025235357 0.27184095042859474 0.8548849036832041
263 2367 0.2285212067069886 0.8470873649957265 0.00039051229405417714 0.00039051229405417714 0.002577865346710997 0.011373812033660722 0.0450664633448403 0.2612850164087359 0.8470873649957265
264 2376 0.22269904386986114 0.8003032957107657 0.0003722084522227669 0.0003722084522227669 0.0026061515293695765 0.010947328638190323 0.045194152348923454 0.25593428262222107 0.8003032957107657
265 2385 0.1942255310141881 0.8367853449835315 0.00035375215847839955 0.00035375215847839955 0.002488692009114119 0.010465350563677723 0.044757830323319744 0.25066284719857124 0.8367853449835315
266 2394 0.22729896417888804 0.8364568329741717 0.0003535335083662227 0.0003535335083662227 0.0024718072108666105 0.009718859029705228 0.040385446986220895 0.24905228266000007 0.8364568329741717
267 2403 0.24547408076884128 0.9449960419160737 0.000353146971612277 0.000353146971612277 0.002361127121725027 0.009304918171311032 0.043779700014208445 0.24181010624236737 0.9449960419160737
268 2412 0.28561470635499303 0.9793567956154458 0.00035456542623064956 0.00035456542623064956 0.002382594996971673 0.009018627176597026 0.04441960165381654 0.21697104251406707 0.9793567956154458
269 2421 0.3083523114051928 1.0234766724559157 0.00034695249567196266 0.00034695249567196266 0.002346474422754365 0.008737434183548783 0.04889990230726236 0.21376537247914879 1.0234766724559157
270 2430 0.287959531005537 1.1058507757927805 0.00034925229208090307 0.00034925229208090307 0.0023250822543668176 0.008344827424772513 0.04451545209196422 0.21283131300439878 1.1058507757927805
271 2439 0.2588665013924201 1.0741502837648291 0.0003364064357393807 0.0003364064357393807 0.0022894739592753508 0.008090980606788877 0.0460087685779635 0.20421689910541382 1.0741502837648291
272 2448 0.22347959310963122 1.0794764470334177 0.0003152180982448728 0.0003152180982448728 0.002244658207958342 0.008190487791644668 0.04541644270730728 0.19382956115604918 1.0794764470334177
273 2457 0.2179482713757235 1.0706215052088077 0.00031752114038033076 0.00031752114038033076 0.002045793191633958 0.008120091856376535 0.04440350223613865 0.19346615531029995 1.0706215052088077
274 2466 0.2127984596136435 1.0162615727144062 0.00031686783215840254 0.00031686783215840254 0.002094884628075743 0.00831545998416974 0.04567970499769256 0.1791681255330596 1.0162615727144062
275 2475 0.2071971892504703 1.1013406250547035 0.00033186029712714565 0.00033186029712714565 0.0019318029740586801 0.008032986843127516 0.04601259333208911 0.1715800340087877 1.1013406250547035
276 2484 0.19015624463437014 1.0892267548071513 0.00031184121678467624 0.00031184121678467624 0.001932876635082169 0.008169333748816078 0.04542761260868848 0.16701906817386908 1.0892267548071513
277 2493 0.2011859607271605 1.0956157299494087 0.00030869554732201296 0.00030869554732201296 0.001783893957915459 0.007753496560729384 0.04494323844946927 0.16490149244664787 1.0956157299494087
278 2502 0.19004145559692412 1.1262572234060255 0.0002995601809723581 0.0002995601809723581 0.0017513640887908397 0.008162123447216238 0.045825678365762436 0.15132366717760243 1.1262572234060255
279 2511 0.17415166817589664 1.129030338058219 0.0002950168396051307 0.0002950168396051307 0.0016471409813703895 0.008080418618180915 0.045702168787895486 0.14382727156272954 1.129030338058219
280 2520 0.16302537008365836 1.0893582872987706 0.00029860928230484646 0.00029860928230484646 0.0016102077971049996 0.007968946617992235 0.04482422217988435 0.13349787392930898 1.0893582872987706
281 2529 0.15919481846601338 1.102707141657773 0.0003031068901745432 0.0003031068901745432 0.0016196352105994035 0.0074798210350826315 0.043606214611278435 0.12266536502900313 1.102707141657773
282 2538 0.1503586346358628 1.1038503144798177 0.00030119667848613527 0.00030119667848613527 0.0015845194863612412 0.007215724322607157 0.0429912529004219 0.1222651275266742 1.1038503144798177
283 2547 0.14797642314065312 1.071134662572585 0.00030788458869233573 0.00030788458869233573 0.0015515975214623052 0.007019667656752604 0.03982505233339687 0.12442545078435065 1.071134662572585
284 2556 0.1311409862087174 1.0209764753516062 0.000299650513876384 0.000299650513876384 0.001584409211851481 0.007158016401695713 0.03775462664047931 0.1286521945896411 1.0209764753516062
285 2565 0.12275962569290534 1.0207294218594383 0.0002834638414351716 0.0002834638414351716 0.001485584702506672 0.007018052536062527 0.03673275664675682 0.12873815032739674 1.0207294218594383
286 2574 0.1215679118732189 0.9914652079483991 0.0002759135669371973 0.0002759135669371973 0.0014701615599493779 0.007068031191746013 0.036178410877101615 0.12436878416617908 0.9914652079483991
287 2583 0.11658819290087041 1.0336135656335255 0.00024900993037814086 0.00024900993037814086 0.0014746391987053098 0.007036083385125068 0.03499123030702781 0.12716608034287216 1.0336135656335255
288 2592 0.10658393068056055 1.0391474635171762 0.00023944292958358502 0.00023944292958358502 0.0014042796961208242 0.007337945635700867 0.03413228112084273 0.12558938436556702 1.0391474635171762
289 2601 0.0951808876212209 1.0131073881704808 0.00024109141432122465 0.00024109141432122465 0.0013817275062131915 0.00657495337530996 0.03332343512773637 0.12744306847491088 1.0131073881704808
290 2610 0.08676647758924574 0.9608810015779351 0.00024429158440351044 0.00024429158440351044 0.0013656687930629098 0.006611727478204205 0.031163493511784688 0.12734183175809047 0.9608810015779351
291 2619 0.07969534486047557 0.9449792458697247 0.000233837561454283 0.000233837561454283 0.0013268245320884923 0.0067277192565963475 0.03021395701536616 0.1274956954085672 0.9449792458697247
292 2628 0.0885361086379048 0.991014094695123 0.00023395075974148654 0.00023395075974148654 0.0012931774741010492 0.006137572633353843 0.029297678963203084 0.1235763024329683 0.991014094695123
293 2637 0.09944531099057119 0.9818497470444082 0.00024738888105776773 0.00024738888105776773 0.0012773466770915282 0.005851830590603141 0.03208899503357102 0.11663017213693416 0.9818497470444082
294 2646 0.10316792533760745 1.027120456974783 0.00024880720122189996 0.00024880720122189996 0.0011832768564594934 0.005898323666760619 0.031156085448264623 0.12026305044275248 1.027120456974783
295 2655 0.10230898916986579 1.0419210591099504 0.00024881195364968265 0.00024881195364968265 0.0011718909501664604 0.005995130694128135 0.028400022182649767 0.11845157807993337 1.0419210591099504
296 2664 0.09643176320590414 1.057986691766703 0.0002477382051110032 0.0002477382051110032 0.0011067010715630381 0.006159725828767076 0.026872267325750494 0.11680536161102507 1.057986691766703
297 2673 0.08454297236089967 1.0864849400948198 0.00023006837610577225 0.00023006837610577225 0.001102661839130402 0.005982166346085712 0.026629450396307573 0.11036581709688356 1.0864849400948198
298 2682 0.0837812612364523 0.9800496245190852 0.00023101176189148893 0.00023101176189148893 0.0010431539154262778 0.005997714455919774 0.0265315203195223 0.10983279395641068 0.9800496245190852
299 2691 0.08565010426301603 1.0037410131069684 0.00022643209867350032 0.00022643209867350032 0.0010436001993148186 0.006569975608408277 0.027532284651943347 0.09750798332332847 1.0037410131069684
300 2700 0.09027102526334475 0.9286298812490981 0.0002267011450363462 0.0002267011450363462 0.0010816153174408845 0.006487539894702426 0.026969296546095135 0.09976552016693757 0.9286298812490981
301 2709 0.08890663829598473 1.0009457927502898 0.0002165210844152456 0.0002165210844152456 0.0010883543440714882 0.006380456423128331 0.025902949551444246 0.0956491440975466 1.0009457927502898
302 2718 0.08730156261881018 1.041982189718458 0.00020893697521003862 0.00020893697521003862 0.001078424962979539 0.0061860993736009 0.024427225960764555 0.09508006514265374 1.041982189718458
303 2727 0.07790786390715895 1.0313070283630856 0.00020824282285694402 0.00020824282285694402 0.0011306638528021987 0.005922794990374467 0.02325808488139506 0.09012956686648964 1.0313070283630856
304 2736 0.08111028814756074 1.0017945413184168 0.00020828986546924264 0.00020828986546924264 0.0011316141879860182 0.0056069524755669176 0.022696335881522794 0.08959414089148804 1.0017945413184168
305 2745 0.09239467828950716 1.081372198269752 0.00020335147967353215 0.00020335147967353215 0.0011210843834896643 0.005556341536301139 0.020650990550396226 0.08911647860837574 1.081372198269752
306 2754 0.09711239800606065 1.1968622720929754 0.00020399329708422823 0.00020399329708422823 0.0011515192717311614 0.0053282391559285255 0.020718861093926885 0.08553589138185265 1.1968622720929754
307 2763 0.10715445504553413 1.2162562829313728 0.00019022395998625523 0.00019022395998625523 0.0011323992552305534 0.005204640026153123 0.02056892277985396 0.0858507841410343 1.2162562829313728
308 2772 0.10090104782013948 1.1945658140492401 0.00019224417153031686 0.00019224417153031686 0.0012295122219240764 0.004752609542140429 0.020529397696454257 0.08558788968359671 1.1945658140492401
309 2781 0.09775837397882134 1.1647347589468235 0.0001808550633173795 0.0001808550633173795 0.0012636887383748081 0.004755336473921181 0.019601449424885585 0.08226576534848949 1.1647347589468235
310 2790 0.08629017119642084 1.1596040562194414 0.00017412536964388624 0.00017412536964388624 0.0013150325482806534 0.00439384720441496 0.01951483836817839 0.07952581372519657 1.1596040562194414
311 2799 0.08636525381493969 1.1515455116683901 0.00017076263657133257 0.00017076263657133257 0.0012809026752076912 0.0043388519048611525 0.018684933075018305 0.08001095846325836 1.1515455116683901
312 2808 0.08450962925046221 1.1319058780083404 0.0001692788547876259 0.0001692788547876259 0.0012639154786740522 0.004252347785625464 0.017962879565565807 0.08274500915720753 1.1319058780083404
313 2817 0.08702899734038931 1.1457540769099719 0.00017219602520421326 0.00017219602520421326 0.0012877794402747615 0.004198501110654592 0.016541476412044568 0.08397246782766565 1.1457540769099719
314 2826 0.0913512252941023 1.1567896875020003 0.00017747257756619013 0.00017747257756619013 0.0012631917609532365 0.004123669719018275 0.015992743471096225 0.08142910521851686 1.1567896875020003
315 2835 0.08339019075510638 1.14466537719023 0.0001675539239078229 0.0001675539239078229 0.0012651004723166896 0.004238700747500738 0.016520235707241135 0.08369155721009816 1.14466537719023
316 2844 0.07727995487617402 1.1339176388710057 0.0001653144232993809 0.0001653144232993809 0.001271802568664927 0.004114802369945296 0.015110256520719836 0.08953644972110121 1.1339176388710057
317 2853 0.06987715401319608 1.1034157825686424 0.000160533019215589 0.000160533019215589 0.001281008753919441 0.0038761418286719167 0.015239146440426093 0.08859170766180383 1.1034157825686424
318 2862 0.07385351109913428 1.1134963117855108 0.00015866488233459112 0.00015866488233459112 0.0011571228112455339 0.003857558526156596 0.014815999065971735 0.08459037570594714 1.1134963117855108
319 2871 0.07622485937751544 1.115651273848033 0.0001739863648626672 0.0001739863648626672 0.001100630014420469 0.0036759413456865083 0.014397082755084811 0.08729421420733213 1.115651273848033
320 2880 0.07261969530919142 1.214786455028116 0.00017558045693018986 0.00017558045693018986 0.0010770082519026018 0.0034505270195802464 0.014432347907120576 0.08426838264037878 1.214786455028116
321 2889 0.07981275355873318 1.2149092039166451 0.00017435563669588192 0.00017435563669588192 0.001030715989299177 0.0032675978699210515 0.013730072664827857 0.0851172905416553 1.2149092039166451
322 2898 0.09198349445376831 1.1760140713349638 0.0001747199524394082 0.0001747199524394082 0.0010856135366820398 0.0031497263100116824 0.014338579285776596 0.0852473604319605 1.1760140713349638
323 2907 0.10065347009058792 1.1934372416067445 0.0001721726981360845 0.0001721726981360845 0.0011917887748193446 0.002970251315349646 0.013892128771925017 0.08781383462187811 1.1934372416067445
324 2916 0.09051762255309817 1.1937728814826136 0.00017249744491689925 0.00017249744491689925 0.0012142098341917024 0.0028348985072915666 0.013879249255312101 0.08323650098225106 1.1937728814826136
325 2925 0.08309888195354642 1.1451667297931774 0.0001733267313792129 0.0001733267313792129 0.0012278993393173999 0.0026746799107971965 0.013750709821850674 0.07720375818205014 1.1451667297931774
326 2934 0.06868759893669228 1.1642676538433872 0.000182412769307133 0.000182412769307133 0.0011521769789204815 0.0025265224747501973 0.013861725483289428 0.07326789060518545 1.1642676538433872
327 2943 0.06743275300434513 1.1527179432695855 0.00017835303553552287 0.00017835303553552287 0.001108503323226648 0.0023278401182323942 0.013360872344790192 0.07326785695384946 1.1527179432695855
328 2952 0.06083754178660246 1.224003788878185 0.00017671377763427327 0.00017671377763427327 0.0011256040558473587 0.0022013478072177265 0.01256026296218847 0.07050181646265363 1.224003788878185
329 2961 0.057574371908074996 1.221401617927438 0.00017614530315483937 0.00017614530315483937 0.001075423068073357 0.002036181329990067 0.013397268462761357 0.06639079617530647 1.221401617927438
330 2970 0.05271628213521446 1.1931116686475822 0.00017509854821235948 0.00017509854821235948 0.001059339603271326 0.0018453016505463877 0.013600391866601775 0.06572362525701629 1.1931116686475822
331 2979 0.04975512391290267 1.2083715976322051 0.0001718720052878783 0.0001718720052878783 0.0010572211859548705 0.00171803316717346 0.013482358831114068 0.06410153981073845 1.2083715976322051
332 2988 0.046031378298798546 1.1856025820187484 0.00017240388421009846 0.00017240388421009846 0.0010524671411783352 0.0016049283713199002 0.013479969964356945 0.06300025872466308 1.1856025820187484
333 2997 0.05137795829213936 1.1760966451377433 0.0001678692321139377 0.0001678692321139377 0.0010278131216411713 0.0015984672459105032 0.013088451075018258 0.06127750933385853 1.1760966451377433
334 3006 0.055007778685569234 1.3218455071964628 0.00016530858162781673 0.00016530858162781673 0.001057471321643902 0.0015488404687692104 0.012218000413062046 0.06163487431827338 1.3218455071964628
335 3015 0.05982408849758471 1.3267026790780183 0.0001638869411343302 0.0001638869411343302 0.0010106358547434507 0.0014909026569841098 0.01194597628774847 0.06493613885048213 1.3267026790780183
336 3024 0.07195716233775551 1.4074003115700486 0.0001610412326864397 0.0001610412326864397 0.000996043569713206 0.0014232676218195294 0.011733107920904567 0.06389932908043842 1.4074003115700486
337 3033 0.0758351128626079 1.699120039341519 0.00015853286034288444 0.00015853286034288444 0.0009465356610380584 0.0014015908885451087 0.01181029290080077 0.06439796270649363 1.699120039341519
338 3042 0.08042156487780198 1.7922309042907003 0.00015334645380022963 0.00015334645380022963 0.000939453367734843 0.0012878460720723937 0.011624374683123098 0.06437801528438292 1.7922309042907003
339 3051 0.09777922604381004 1.8366739759432598 0.00016654336526490646 0.00016654336526490646 0.0009038108799796982 0.0011769657653379736 0.011120660785852087 0.06390161434182699 1.8366739759432598
340 3060 0.10655041372742463 1.9557940500592736 0.00016341424768577021 0.00016341424768577021 0.0008935083359341745 0.0011964812089417024 0.01112562852983174 0.06014939161881767 1.9557940500592736
341 3069 0.11174168364587848 1.932261472811701 0.00016155614407887848 0.00016155614407887848 0.0008767362209067419 0.0010801710264062073 0.011127417440885138 0.06128381320367451 1.932261472811701
342 3078 0.11250192731147632 1.9451923333292584 0.00016133276754889757 0.00016133276754889757 0.0008753722813261962 0.0010748328281048076 0.011117825838345736 0.056195494081742944 1.9451923333292584
343 3087 0.11259891772820149 2.0128436540990977 0.000161970943468939 0.000161970943468939 0.0008628086926188723 0.0009903940278566741 0.010201968696129039 0.05579962714348671 2.0128436540990977
344 3096 0.1127136414604015 1.9443307738218676 0.00016239255322145243 0.00016239255322145243 0.0008586218729602036 0.00098558101822166 0.010386401180793182 0.05227792360514818 1.9443307738218676
345 3105 0.11030667082622579 1.9103430155572312 0.0001578725015034287 0.0001578725015034287 0.0008455611247490415 0.000957886706325919 0.01032349464930615 0.05178250908504406 1.9103430155572312
346 3114 0.1379617641248106 1.898362422193843 0.0001554405144442567 0.0001554405144442567 0.0008266594268600059 0.0009533278204099529 0.009921786708076747 0.050882643141676745 1.898362422193843
347 3123 0.1453960175443116 1.9356425574723521 0.0001592259187631983 0.0001592259187631983 0.0008396924613605069 0.0009611470360207656 0.009914745580756472 0.049689694608937775 1.9356425574723521
348 3132 0.1474202262988528 1.831155056931337 0.00014946008720474386 0.00014946008720474386 0.0008100071856206432 0.0010538715455687343 0.010330938331406025 0.04871021984871458 1.831155056931337
349 3141 0.16815013672884638 1.8054228662597998 0.00015514700072620104 0.00015514700072620104 0.0007889708895921028 0.0009812074021192416 0.0110968900787589 0.04827833863088091 1.8054228662597998
350 3150 0.1819650022698905 2.118004988534317 0.0001556949175240087 0.0001556949175240087 0.0007943136261352563 0.0009709902712632287 0.010900407219930908 0.04483625670103951 2.118004988534317
351 3159 0.2127861099474226 2.149256396358074 0.0001503417837107454 0.0001503417837107454 0.0007583707515958945 0.0009334969700133002 0.010791542749002084 0.04603584519937884 2.149256396358074
352 3168 0.22960144828558815 2.288359858010796 0.00014769266671607386 0.00014769266671607386 0.0007661911036292727 0.0009270649931803088 0.010582316791715198 0.04498918572666499 2.288359858010796
353 3177 0.24267651720757538 2.2850303826401506 0.000148883669785383 0.000148883669785383 0.0007436660347560803 0.0009227090700301995 0.010073521608613752 0.0450568143681254 2.2850303826401506
354 3186 0.2402058278048896 2.3121614965208312 0.00014149142574380126 0.00014149142574380126 0.0007420223000708294 0.0009083010777506114 0.009928486217472648 0.04373147897021203 2.3121614965208312
355 3195 0.22558766698821117 2.3505536695643383 0.00013260433009221672 0.00013260433009221672 0.0007469360758851963 0.0009147698151160679 0.009348231817403898 0.043626732557010016 2.3505536695643383
356 3204 0.1997217054948957 2.390176743838215 0.00012963206443931326 0.00012963206443931326 0.0007322522087538417 0.0008360304268435146 0.009265666641821798 0.04506724844028189 2.390176743838215
357 3213 0.19995251785946783 2.375344018327746 0.0001268618630229025 0.0001268618630229025 0.0007245991364466319 0.0008259107402733476 0.008605055781535382 0.04383913810619022 2.375344018327746
358 3222 0.18693584149474562 2.394094678122473 0.00012529039226290696 0.00012529039226290696 0.0007162465802520912 0.0007757716335399973 0.00851942651339424 0.04495131427555963 2.394094678122473
359 3231 0.1595083646663652 2.3536324390986247 0.00012192975214770671 0.00012192975214770671 0.0006727470463410371 0.0007752506504139118 0.008570261521258745 0.045123069597895235 2.3536324390986247
360 3240 0.14036751889821716 2.3553971160774534 0.00011772464093616262 0.00011772464093616262 0.0006531145352351285 0.0007758880389885198 0.007857108132540567 0.044204633574912694 2.3553971160774534
361 3249 0.12009458582186386 2.2706966835193665 0.00011231996536589438 0.00011231996536589438 0.0006361916284501723 0.0007614117591695196 0.007696718242669006 0.04358079135942955 2.2706966835193665
362 3258 0.11993802517499348 2.083540954715595 0.00011003078768530521 0.00011003078768530521 0.0006370124642923879 0.0007371459985530115 0.00773912248978601 0.04132096311548478 2.083540954715595
363 3267 0.11545424856640142 2.103373723719711 0.00010879058093538773 0.00010879058093538773 0.0006220377198340033 0.0007548040580288633 0.007209808123290036 0.04030473411105853 2.103373723719711
364 3276 0.10923860857789712 2.0658259746720287 0.00010528471625931956 0.00010528471625931956 0.0006281976219867065 0.0007360238762275401 0.006847221107203911 0.03979962827005518 2.0658259746720287
365 3285 0.11633933346344734 2.0221472451717455 0.00010394842965373744 0.00010394842965373744 0.0006496801266038339 0.0006908392314913561 0.0067911479617665995 0.03813144459781886 2.0221472451717455
366 3294 0.11408248554869438 2.1841564557482833 0.00010630289223913235 0.00010630289223913235 0.0006243309107426283 0.0006935833869919886 0.006514140276018314 0.0371853162817787 2.1841564557482833
367 3303 0.14016040418276657 2.3682422682452087 0.00010600358748431531 0.00010600358748431531 0.0006144102619179122 0.000625879429920024 0.0062739350087487634 0.03637362067859545 2.3682422682452087
368 3312 0.14203555867220907 2.5946790450671897 9.982033436475797e-05 9.982033436475797e-05 0.0006100725539447924 0.0006276384946767662 0.0065354489421981365 0.036789295263223575 2.5946790450671897
369 3321 0.13754184827283406 2.608694696144583 9.740803742793498e-05 9.740803742793498e-05 0.0005756583520091247 0.0006114957228118326 0.006247965371019294 0.03582640334156433 2.608694696144583
370 3330 0.1320226460436185 2.796642671775419 9.657983078074507e-05 9.657983078074507e-05 0.0005380943608842732 0.0005981854278145172 0.006164852371623226 0.03521471606643272 2.796642671775419
371 3339 0.13294311412180626 2.828207362851028 9.388432751739101e-05 9.388432751739101e-05 0.0005297060406384837 0.0005822830484699015 0.006029701300232564 0.034595804456113974 2.828207362851028
372 3348 0.1458752740403173 2.58845849751303 9.914942162689699e-05 9.914942162689699e-05 0.0005268284980965537 0.000572338987506098 0.0060393000392361534 0.03538833918103166 2.58845849751303
373 3357 0.12818090953697778 2.6614778554616634 9.804370667967945e-05 9.804370667967945e-05 0.0005409040103979599 0.0005621879024720229 0.005926770092175532 0.0367411863551848 2.6614778554616634
374 3366 0.11164131983761633 2.481571507520801 9.700846196095987e-05 9.700846196095987e-05 0.0005064253402616031 0.0005484615177411193 0.005841102640658461 0.03726525477389046 2.481571507520801
375 3375 0.11281645730423183 2.4596000369540967 9.667730436841858e-05 9.667730436841858e-05 0.0005095134627461012 0.0005372041642987745 0.005500642890218738 0.034469406665114 2.4596000369540967
376 3384 0.09906780857609715 2.541704418554354 9.783305621325227e-05 9.783305621325227e-05 0.0004797680816414888 0.0005260442811938463 0.00534106191721597 0.03429327626627586 2.541704418554354
377 3393 0.09647985838433387 2.4983228730069067 9.035833496317026e-05 9.035833496317026e-05 0.00047917133744137917 0.0005335132539634198 0.005375838870770854 0.03294440215775387 2.4983228730069067
378 3402 0.09158617304217452 2.630995118677843 8.742530966535785e-05 8.742530966535785e-05 0.00046807198590815554 0.0004966660842052154 0.005488867734013879 0.03243890929600955 2.630995118677843
379 3411 0.08788103839951646 2.62832460229966 8.711364341240185e-05 8.711364341240185e-05 0.00043560382916437313 0.0004901477015306312 0.005362779986570976 0.03245349598790272 2.62832460229966
380 3420 0.085754999305901 2.630758924125004 8.490935278277535e-05 8.490935278277535e-05 0.000430217950869182 0.0004812756658561476 0.0050791344659493675 0.0321318157618573 2.630758924125004
381 3429 0.08020815703387163 2.636779806904334 8.40713808637193e-05 8.40713808637193e-05 0.00039304814019393167 0.00046602305113052276 0.005149067770167252 0.0325046030902837 2.636779806904334
382 3438 0.07659150047081888 2.663895963840275 8.157881537451337e-05 8.157881537451337e-05 0.00036521610046418804 0.00045482034928500103 0.005114584914156634 0.03109993153452717 2.663895963840275
383 3447 0.07580517116836855 2.628290924633603 7.901240582347015e-05 7.901240582347015e-05 0.00035995206370246813 0.00043875445033627204 0.005356946247566309 0.030609123278055185 2.628290924633603
384 3456 0.07250011986685696 2.430384781519153 8.111055599982096e-05 8.111055599982096e-05 0.0003489053672726537 0.00043467577339357437 0.005163067856231701 0.03164084631011131 2.430384781519153
385 3465 0.07177327573033793 2.489631642008279 8.172639173904548e-05 8.172639173904548e-05 0.0003350819774410226 0.00043121445146636063 0.004958025275560843 0.03044502136038838 2.489631642008279
386 3474 0.08156756631624779 2.466129926582745 8.347418139776405e-05 8.347418139776405e-05 0.00031358502233343866 0.00043834324668785114 0.004966449917430371 0.0280914383888431 2.466129926582745
387 3483 0.092950502073317 2.9352033980084333 8.353275360951867e-05 8.353275360951867e-05 0.000303594821228781 0.00044064995675607545 0.004673494156864806 0.02780144414786399 2.9352033980084333
388 3492 0.08080591046073385 3.145493407040345 7.893100022994855e-05 7.893100022994855e-05 0.00030023953559847735 0.0004254477877039804 0.004612141662731105 0.027501722671415364 3.145493407040345
389 3501 0.06934523803731725 3.0156766602506315 7.902867480809123e-05 7.902867480809123e-05 0.00029369739341486697 0.0004131064853526881 0.0044373590857010965 0.027896965311792747 3.0156766602506315
390 3510 0.07043699050242522 2.955121490378526 7.421310160265666e-05 7.421310160265666e-05 0.00027838498612972883 0.0004156790078236086 0.004457098587259498 0.026766639393569377 2.955121490378526
391 3519 0.06017739315666432 3.112869825050162 7.368044434744161e-05 7.368044434744161e-05 0.0002630063968396695 0.00041026429786949695 0.004249977671119923 0.0268109317450376 3.112869825050162
392 3528 0.05598168033996181 3.2220463145945772 7.054813404469821e-05 7.054813404469821e-05 0.00024578268707189536 0.000408213483237253 0.004091593416026245 0.026388048869020023 3.2220463145945772
393 3537 0.04751389577769051 3.152154957702809 6.610577581591663e-05 6.610577581591663e-05 0.00022716354274577539 0.0004235898135165627 0.003990382429501878 0.02605375303482025 3.152154957702809
394 3546 0.04127517109085383 3.0547523431393673 6.170894591657468e-05 6.170894591657468e-05 0.0002222089657453166 0.00043959246729816966 0.0037690647088139103 0.025145294023119436 3.0547523431393673
395 3555 0.0396013108384291 3.019850512839868 5.5799732421866035e-05 5.5799732421866035e-05 0.00021821199831311436 0.0004302690514916509 0.0036552216286483653 0.026070066191217763 3.019850512839868
396 3564 0.04257548448005274 2.948230835001908 5.688737978850251e-05 5.688737978850251e-05 0.00019324975103015703 0.00044082298149710316 0.00373453270199353 0.02619724959825816 2.948230835001908
397 3573 0.04470009842413392 3.2352257711951613 5.552261757608274e-05 5.552261757608274e-05 0.00018112794670704482 0.00044735501064073734 0.0036327711107939182 0.026302238546291223 3.2352257711951613
398 3582 0.04388562812162194 3.362278635035891 5.4850515617098766e-05 5.4850515617098766e-05 0.00017799389051931062 0.0004467851112085995 0.0035373737680314678 0.025666309451159556 3.362278635035891
399 3591 0.043606735169788115 3.420410717077484 5.375470030551797e-05 5.375470030551797e-05 0.00016810391229281273 0.00043103203058937476 0.003492180592586129 0.02576265905540116 3.420410717077484
400 3600 0.04419900848171694 3.3819460676475708 5.3510848876660954e-05 5.3510848876660954e-05 0.00015479100519471398 0.00042625894945903374 0.0034319409572475873 0.02612884180085506 3.3819460676475708
401 3609 0.051949418845304005 3.356326815397227 5.3589112631685965e-05 5.3589112631685965e-05 0.00015372529381369783 0.0004104542772076186 0.0035527527568393774 0.02427084161944033 3.356326815397227
402 3618 0.04809598196076064 4.072512658257266 5.460067238932691e-05 5.460067238932691e-05 0.00015081247424659746 0.0003981199196829563 0.003573096750311958 0.023062644422758672 4.072512658257266
403 3627 0.05163140918918682 4.059216018901609 5.280401294666669e-05 5.280401294666669e-05 0.00014451179970293603 0.00037801155140840877 0.0035187436041994244 0.023329191195224298 4.059216018901609
404 3636 0.05031680960165056 4.053179006095671 5.2245932007078846e-05 5.2245932007078846e-05 0.0001399170069023903 0.00042173036313280886 0.0032602834380428677 0.023245089140127174 4.053179006095671
405 3645 0.044323102044420304 4.002639885308823 5.19305124791385e-05 5.19305124791385e-05 0.00012061181540676875 0.0004193597911138222 0.0033408299962613946 0.023463950631534194 4.002639885308823
406 3654 0.041523081713195194 3.905461799124041 4.834116254240973e-05 4.834116254240973e-05 0.00012122343016012407 0.00041834048921898803 0.003274629474360826 0.02347276693011526 3.905461799124041
407 3663 0.042276048232821516 3.90912289774135 4.6263193411296975e-05 4.6263193411296975e-05 0.00012146145293952448 0.00041104884301216204 0.003195037328848528 0.02258026263503753 3.90912289774135
408 3672 0.036521575397864464 4.111979334122835 4.638826602375135e-05 4.638826602375135e-05 0.00012076174748280156 0.00041368360481722476 0.0030433668036699718 0.022012332918644878 4.111979334122835
409 3681 0.038908316957868956 4.095025966970597 4.262637737307801e-05 4.262637737307801e-05 0.00011954282525216454 0.0004206930248749429 0.002995701060020593 0.020921017522475507 4.095025966970597
410 3690 0.042928096935990145 4.536238533850653 4.100838767758622e-05 4.100838767758622e-05 0.00011837435497168693 0.00041881583520549787 0.00298927186154386 0.020135959502225687 4.536238533850653
411 3699 0.042564855664229816 4.690167057291936 3.792195241295414e-05 3.792195241295414e-05 0.0001168528193857666 0.00044312615343833117 0.0030052803059353464 0.01965262198713574 4.690167057291936
412 3708 0.04296210642982973 4.588450044984777 3.3738419020482626e-05 3.3738419020482626e-05 0.00011950285640614741 0.00044517051697055376 0.0029589556297117247 0.019763631751915353 4.588450044984777
413 3717 0.04376442231703612 1.7468577085421275 0.0024365181604583887 0.0024365181604583887 0.04319312016503886 0.7793706955773347 0.9719629250651063 1.1808835484630966 1.7468577085421275
414 3726 0.045814258503490767 1.8425430037028379 0.0023081238135490793 0.0023081238135490793 0.03947101626575448 0.7929117771836078 0.957399855512033 1.2291190187531553 1.8425430037028379
415 3735 0.0501985881647559 1.899885236728591 0.0022522591559421346 0.0022522591559421346 0.03818993539784016 0.7365133922437842 0.9515000575035831 1.308670005651157 1.899885236728591
416 3744 0.052145995665450647 2.0636505758966246 0.0020823177122895305 0.0020823177122895305 0.03851405277150682 0.7176211136241051 0.9560606581829361 1.2959999858349756 2.0636505758966246
417 3753 0.04901491811865869 2.0793933035210777 0.001976980699841943 0.001976980699841943 0.035320621488424686 0.7320564132565902 0.9521679832770681 1.3080331818392725 2.0793933035210777
418 3762 0.04403287985044451 2.0644222383673005 0.0019500936881370911 0.0019500936881370911 0.03419266350933218 0.7278502102853603 0.9293433129614695 1.253177072405248 2.0644222383673005
419 3771 0.044139507107604524 2.024837484479961 0.0019103498291766685 0.0019103498291766685 0.03290203599305368 0.7209022007640231 0.9145500998706512 1.2565075849365333 2.024837484479961
420 3780 0.04085737353331633 1.9810805728422989 0.0018068350831727954 0.0018068350831727954 0.03219731003988449 0.6898785787827967 0.9576810681630451 1.2640783349373765 1.9810805728422989
421 3789 0.04514208547485167 1.8658945404921286 0.0018105281595967805 0.0018105281595967805 0.031277185095908065 0.6655495143733877 0.9678503256550003 1.226598721121562 1.8658945404921286
422 3798 0.046600817011000016 1.7960901903383817 0.0018642278076232742 0.0018642278076232742 0.03086063599295389 0.6351197928267769 1.0267436117597815 1.2188645657474524 1.7960901903383817
423 3807 0.045202785647869746 1.777522814108904 0.0017424613064763463 0.0017424613064763463 0.02965864641328468 0.6283740517372676 1.075876264916489 1.1641479103013481 1.777522814108904
424 3816 0.0448733451060535 1.7460627936925288 0.0016762473715123986 0.0016762473715123986 0.0290861392338752 0.6043664232992715 1.0637813903191544 1.122228284912692 1.7460627936925288
425 3825 0.04740842716720504 1.7137345080848372 0.0017346997263464798 0.0017346997263464798 0.02740494619162965 0.5823876615836596 1.0390896454107026 1.1300020772008181 1.7137345080848372
426 3834 0.045341851799225404 1.7098498887377729 0.001725599257279467 0.001725599257279467 0.027923209472090926 0.5426526444730075 1.0259871163569325 1.1244710009357433 1.7098498887377729
427 3843 0.04702981095849857 1.7008068148752722 0.0016897950977176686 0.0016897950977176686 0.026919523932617335 0.5280504676208475 0.9860911835940107 1.119455152744612 1.7008068148752722
428 3852 0.04923455501446045 1.7045110808144277 0.0017162837690486972 0.0017162837690486972 0.026466384488388273 0.48858122141774335 0.9611479552148788 1.139209755332403 1.7045110808144277
429 3861 0.05075909210387254 1.7779496024263406 0.001526413353808113 0.001526413353808113 0.025187406229850783 0.49875441472099036 0.9950943685311341 1.1408126411966544 1.7779496024263406
430 3870 0.047296824166882086 1.750193080331237 0.0015082818151604383 0.0015082818151604383 0.02428705069796113 0.491593410911929 1.0443645019290342 1.0949258565848121 1.750193080331237
431 3879 0.044739216781774435 1.7340075834115742 0.00147784899630875 0.00147784899630875 0.022619622114527834 0.4876933160282653 1.0031470297337168 1.0878493271792387 1.7340075834115742
432 3888 0.03839528530268482 1.603097191314526 0.0014827539883275989 0.0014827539883275989 0.021518102681804693 0.4829754180726798 0.9950393020361531 1.0898813131029426 1.603097191314526
433 3897 0.03907638901569543 1.575825751541226 0.00143707294044232 0.00143707294044232 0.021511431256441584 0.43903248113792015 1.0141278056945806 1.0824144662186121 1.575825751541226
434 3906 0.03801449285005341 1.5072990521511733 0.0014368218245930443 0.0014368218245930443 0.023322219502893225 0.43362526433946696 0.9373788753427051 1.088222058468719 1.5072990521511733
435 3915 0.03576421982364649 1.4795822744624312 0.0014499240032475019 0.0014499240032475019 0.021616827835657843 0.40788726462446406 0.9370203049581911 1.1517613213917004 1.4795822744624312
436 3924 0.038546479704599006 1.4830998038643333 0.0014594554571908452 0.0014594554571908452 0.02107670415987564 0.40510281096519624 0.8658902358132038 1.1393705616738525 1.4830998038643333
437 3933 0.039441720435704736 1.435067259476126 0.0014087326721012661 0.0014087326721012661 0.020492279943138646 0.40614719165054075 0.9277471915210128 1.1962028262364648 1.435067259476126
438 3942 0.046189148924878326 1.4873531552511858 0.0013272445837468245 0.0013272445837468245 0.021192428751645124 0.4075984858196328 0.8789204421153428 1.2441776292146778 1.4873531552511858
439 3951 0.05526037404220269 1.505819135853338 0.001375467552978473 0.001375467552978473 0.020923513517017257 0.4024645421299904 0.8819152923089147 1.2457172922247608 1.505819135853338
440 3960 0.05180231519484126 1.68960822467028 0.001281828339154331 0.001281828339154331 0.021319728917713117 0.41591523068799513 0.8184198760988666 1.2160573257796012 1.68960822467028
441 3969 0.04683995403532771 1.6920524980794152 0.001223840185092636 0.001223840185092636 0.021688760651925952 0.41462822531460475 0.8095300766806879 1.0900510829530772 1.6920524980794152
442 3978 0.04379517783356516 1.6958017072399125 0.0010892591737842242 0.0010892591737842242 0.02202997579233366 0.4178621603030959 0.800791308540492 1.0842153679512798 1.6958017072399125
443 3987 0.04225555803495121 1.6827270593557706 0.0010826539337024485 0.0010826539337024485 0.019820586723095314 0.3992230978260813 0.819518931430996 1.0739421605331463 1.6827270593557706
444 3996 0.04416976474476913 1.709568214657209 0.0010537990650535455 0.0010537990650535455 0.01961832538655859 0.3902267284767445 0.7891378949823404 1.091859484197621 1.709568214657209
445 4005 0.04597103170717048 1.6936003384754565 0.0010494792428124293 0.0010494792428124293 0.019565231508086936 0.34659736375078104 0.8306166392583739 1.1125896363843657 1.6936003384754565
446 4014 0.0412331115535371 1.6754155514084803 0.0010645243372133602 0.0010645243372133602 0.01917395442555748 0.3418490364152117 0.843822399820006 1.0474485995375244 1.6754155514084803
447 4023 0.03610651260147901 1.6606466854916226 0.0009956662712655852 0.0009956662712655852 0.019004388763832446 0.3354191417364714 0.824312032075349 1.036667668271262 1.6606466854916226
448 4032 0.03213198326764589 1.6647888245302929 0.0009261004953718006 0.0009261004953718006 0.01903599619434591 0.3249152844362763 0.811079834057908 1.0130162270841667 1.6647888245302929
449 4041 0.03002725685720951 1.7072535972615026 0.0008580742288975898 0.0008580742288975898 0.0190647518982358 0.3187867333649011 0.7772699173692972 1.0325889269674722 1.7072535972615026
450 4050 0.030377358353019187 1.7240241243359882 0.0008232685012263011 0.0008232685012263011 0.01909097531212492 0.3205583241749246 0.7969479754379533 0.9570878554132993 1.7240241243359882
451 4059 0.026147170842157796 1.6629482994822768 0.0008008845406942435 0.0008008845406942435 0.02074090408015271 0.31441367768149087 0.8101672965651449 0.9249843748801521 1.6629482994822768
452 4068 0.024545481160252302 1.639083113575074 0.0007860970038006251 0.0007860970038006251 0.019129530013738075 0.3162257169079434 0.7615213162921978 0.9055386841611129 1.639083113575074
453 4077 0.02288102691256994 1.6710437292688025 0.000754795549803322 0.000754795549803322 0.018841525822292295 0.31967882978379536 0.7334223549332451 0.8608279606363003 1.6710437292688025
454 4086 0.023046289578645476 1.7539736007023354 0.0007325194221503232 0.0007325194221503232 0.01834173268746056 0.30383493504959413 0.6848505068800135 0.8748927286509584 1.7539736007023354
455 4095 0.02074393666704097 1.9444957323728056 0.0007116799790644438 0.0007116799790644438 0.017015224094570274 0.30772125291469793 0.692913576145445 0.8860542930177217 1.9444957323728056
456 4104 0.020958570654721804 1.9504440568813888 0.0006528288449018793 0.0006528288449018793 0.0166802788634435 0.3077780501724147 0.6978399367374559 0.8755188351711263 1.9504440568813888
457 4113 0.021090227036960646 2.1651528537538196 0.0005985872013491578 0.0005985872013491578 0.01665723938672225 0.30068868860496456 0.6681599864161489 0.8566797647702171 2.1651528537538196
458 4122 0.019867877110194273 2.1265528487203382 0.0005721407015900407 0.0005721407015900407 0.01629173979719002 0.3038712853718857 0.6761076907153287 0.9122161896567316 2.1265528487203382
459 4131 0.0203012982759452 2.150214543848058 0.0005252220768082537 0.0005252220768082537 0.0156995046719755 0.29239673892502144 0.6579979839084952 0.945379119830276 2.150214543848058
460 4140 0.018529642866858285 2.0621467937392337 0.000521444354896676 0.000521444354896676 0.016111670075598435 0.29185994516060826 0.6812102526544275 0.9353334595265964 2.0621467937392337
461 4149 0.018635525836230314 2.1258584019777373 0.0004839959439253868 0.0004839959439253868 0.015970851099267807 0.3065188110039536 0.6491188928557694 0.9264300950876968 2.1258584019777373
462 4158 0.020424853854650468 2.16477096112994 0.00047111841519393124 0.00047111841519393124 0.014988224646492129 0.3050877608481882 0.6660259457335315 0.9376123158318375 2.16477096112994
463 4167 0.01919519641322574 2.214752073165337 0.0004702331690211284 0.0004702331690211284 0.015265958303474752 0.3053599259010782 0.6453857039104014 0.9496072373452901 2.214752073165337
464 4176 0.019075608210685897 2.226483107873306 0.00045066496116443757 0.00045066496116443757 0.015630047619600147 0.3043089988889227 0.6313214224810535 0.919174898644003 2.226483107873306
465 4185 0.020604814857658266 2.097940250615787 0.00045045624944226004 0.00045045624944226004 0.015688603932593883 0.31661393263617743 0.5952261388417592 0.8985122104728108 2.097940250615787
466 4194 0.02249697933459624 2.0909954978635885 0.00041319232746107496 0.00041319232746107496 0.015921404379846495 0.3257206151425536 0.6629426048976669 0.8730597345748954 2.0909954978635885
467 4203 0.0226879578650096 2.288076297673065 0.00040627800899943975 0.00040627800899943975 0.015456893735124686 0.3174432772234196 0.7017765728714046 0.8255605767976557 2.288076297673065
468 4212 0.01853140589328606 2.3573021397118645 0.0004105009847366845 0.0004105009847366845 0.01570745977926479 0.31501003866402383 0.667073812674748 0.7908613907992387 2.3573021397118645
469 4221 0.017731266681935386 2.302342392032581 0.00038290543120866253 0.00038290543120866253 0.015294192024367454 0.3108492964473012 0.6621676513884694 0.7929470059041214 2.302342392032581
470 4230 0.016957376412918924 2.283363151753926 0.00037724259851776727 0.00037724259851776727 0.015079694108070384 0.30877225539636965 0.6681325490721055 0.7442194797713674 2.283363151753926
471 4239 0.01832357943237447 2.2793347636456467 0.0003409827226637556 0.0003409827226637556 0.015158967191066068 0.31034507742368467 0.6491823110785105 0.7695442087980175 2.2793347636456467
472 4248 0.015728773783366307 2.222750633125979 0.000336472577316167 0.000336472577316167 0.01734667162909909 0.3030743989799805 0.6398123208599065 0.7052643443326894 2.222750633125979
473 4257 0.014801078811245203 2.2132710048166393 0.00030663872300830316 0.00030663872300830316 0.016616177865432253 0.28930149801102367 0.6299626580795681 0.70775085686782 2.2132710048166393
474 4266 0.01375214080233251 2.1059241788402066 0.0003018877237151126 0.0003018877237151126 0.01683425440465157 0.2651127648575733 0.6219000159135315 0.7255891210692114 2.1059241788402066
475 4275 0.012499725582556867 2.1106252860110093 0.0002866136685667884 0.0002866136685667884 0.0167977106385585 0.24726027491414548 0.6421136192565172 0.7215557794076191 2.1106252860110093
476 4284 0.01358870329237222 2.119857815737034 0.0002920212379442789 0.0002920212379442789 0.015493222127393246 0.23778198854994842 0.6363520413085009 0.7233256987545066 2.119857815737034
477 4293 0.013649840228405364 2.0521385981683773 0.00028736824398161256 0.00028736824398161256 0.0153046882980653 0.22999652393395276 0.6416354269905424 0.8120119139120306 2.0521385981683773
478 4302 0.013668879099590022 1.93055777705822 0.00029309715370397026 0.00029309715370397026 0.015034521127348177 0.23047632597330783 0.6011030957544186 0.8271674268641801 1.93055777705822
479 4311 0.012033371803319717 1.977805677868077 0.0002843200851625122 0.0002843200851625122 0.014450532050940728 0.21852775387319057 0.595246373189264 0.8489119233334433 1.977805677868077
480 4320 0.010854015312723684 2.0135647165491446 0.0002857985780466468 0.0002857985780466468 0.014307983540588242 0.21629443181562205 0.5768653763761897 0.8221581759890859 2.0135647165491446
481 4329 0.01101122558707125 2.1290780796416495 0.00028576837162929813 0.00028576837162929813 0.013367542751101344 0.2008875965256652 0.5776469527881947 0.807266995875192 2.1290780796416495
482 4338 0.011806177380215326 2.2771217043296215 0.00027226790608173994 0.00027226790608173994 0.013481367432511604 0.20443941207791233 0.5582659595237984 0.7647697629742428 2.2771217043296215
483 4347 0.011222288952751425 2.3111960398427303 0.00026621768635537625 0.00026621768635537625 0.013841935975924593 0.20039183968465094 0.5275637978322173 0.8015087869631327 2.3111960398427303
484 4356 0.010631756263635059 2.2959247016308164 0.0002707715789925218 0.0002707715789925218 0.013440230547548566 0.19629617504301586 0.4938500680338201 0.7728453449664722 2.2959247016308164
485 4365 0.009842722871541127 2.287779746389446 0.00026098584853687015 0.00026098584853687015 0.01318145499463334 0.19512575366690463 0.47415267553606727 0.7845201233732654 2.287779746389446
486 4374 0.009481341343986935 2.283569823506968 0.0002489083172635371 0.0002489083172635371 0.012888437999060278 0.18504280648951513 0.47028159212852844 0.7813118756831144 2.283569823506968
487 4383 0.009081022722854689 2.376171957678521 0.0002509751399260008 0.0002509751399260008 0.013259779482196489 0.1853161159821147 0.4394952380931158 0.7618380208670038 2.376171957678521
488 4392 0.00862560209399086 2.3678966897635174 0.0002636651197163104 0.0002636651197163104 0.013108909477391625 0.17528138973084662 0.425980169866955 0.7703896764886313 2.3678966897635174
489 4401 0.008460502882255224 2.349950511193058 0.00026815789977754407 0.00026815789977754407 0.012769697378611845 0.1749692347295887 0.41843236763076613 0.7090225617045071 2.349950511193058
490 4410 0.009340296630197933 2.222252136528468 0.00026441310521953064 0.00026441310521953064 0.012668299690692691 0.17832875713334317 0.420780858393672 0.7100230313337544 2.222252136528468
