% # columns="iter, evals, sigma, 0, fitness, xbest" seed=491985, Fri Dec  1 12:32:44 2023, <python>{}</python>
1 9 2.469738568537935 0 0.19631663614596823 4.872708950725775 -2.175972405212116 2.430009155104059 -0.8630690648229833 -1.387894739362219 0.08048351431428347
2 18 3.1927369305514173 0 0.101378733299899 10.024169263855597 -1.2579993683646395 3.8074205092574624 -1.8065041318743935 -0.3898477690134441 -4.1735709830692675
3 27 3.1482817576375424 0 0.18484212942506675 3.1917931907845913 -5.153330880025164 5.005791239635848 -1.6266138904103844 0.616328895134199 -0.07967862264742909
4 36 3.8440452735315467 0 0.1754830076203231 -0.3058415376960131 -8.704381397937055 -5.535293586127496 4.092505707901514 -0.9803874635966334 -6.6397699223537705
5 45 3.552469205666378 0 0.08722857843811893 -1.9993538955267471 -2.5153919104863296 0.27480107703721957 0.31565059436607046 2.4416946118653526 -2.734672694584636
6 54 3.4356524352817894 0 0.26872723858336656 0.19221324390150407 -7.458340563111029 3.6608753293984306 -0.7627859080036616 1.2413296519679407 -3.2806844339285743
7 63 3.4351404394270117 0 0.07292230801372832 8.969031860734551 -8.102012791317092 5.191657221890015 -4.1336491851298796 0.25678543069772264 -7.640666833087449
8 72 3.983220313312721 0 0.13717606959563677 12.737684024365304 -6.39825872535648 2.520093448288921 -4.6615372452862776 -0.8823977759538622 -1.6403860260183913
9 81 3.8172334924309794 0 0.06927517415138093 9.721289195467444 -11.840500557403757 1.8808787890224923 -5.16305826618672 0.17206018236523046 -4.6883329914500464
10 90 3.8746722535331894 0 0.10113681890166056 20.853271728722582 -9.023924609521119 3.134510944878232 -0.6093915317496084 0.41444681937556926 -7.5783894452118306
11 99 4.41507414810739 0 0.12158962443748532 12.023279129174764 -2.7490130600766847 4.165406618180898 5.26586869868464 -0.5295330164146568 -7.6149987691916206
12 108 3.9840230347595735 0 0.07438556475866528 11.192563404262803 -9.87512437179005 0.6239064715431679 5.707573800514067 -0.075447553598458 -9.02830643407206
13 117 3.803168495665551 0 0.11155071557774124 8.752971772987133 -12.035664827192424 2.617115527307078 3.309079214764389 -0.44481016020445163 -7.04773347946166
14 126 3.995133466927151 0 0.07583835260690922 1.1104051780681568 -8.522135802409062 -1.3213345388390758 5.961040622721484 -0.01213673914722338 -5.4457680974714355
15 135 4.173225678007352 0 0.06818085244545738 1.1418596976783197 -12.922659499135783 -2.116082588536772 11.994103707220688 0.16737944131929683 -7.15002273604623
16 144 4.48087983209978 0 0.06913281619159659 -2.1527699460691263 -10.856902843858197 1.2612122108417312 0.3679268608422266 3.6140307160861114 -3.974987649044837
17 153 4.806411507322399 0 0.0718073563847873 -3.779937131134705 -10.82666131040438 -0.639042365930199 -7.401943791056615 3.150270241815089 -5.413766062568345
18 162 4.854723850813963 0 0.07318368054064954 2.2429298449039834 -11.666916064768929 -4.360183544294288 -14.42744972568474 -0.05634455553266493 -3.596199846307867
19 171 4.297583770270803 0 0.10267143610144622 3.6339648785046004 -2.4975983988451302 1.155655592609317 -5.9277326579140555 -0.27139725413448446 -6.856563782725885
20 180 3.878363680583315 0 0.06769351245588236 2.985920065276132 -7.5743186325550065 2.590503071232598 -7.1969683998399105 0.6526448244763096 -5.311066860424947
21 189 3.526738327905023 0 0.07172165888149487 4.645839520860614 -11.944759515067455 2.6205280505925144 -6.0445502983918775 0.3419752259192139 -4.10110112709956
22 198 3.539737550443016 0 0.14208263573981195 14.155983024213462 -11.261135023393361 6.704452680484724 -3.126952662877133 -0.6974028261347763 -4.163517430073997
23 207 3.739645431745734 0 0.07062226912367656 11.69035706515247 -16.860368571152456 4.667887935092109 4.834707338065913 -0.007857464291091298 -3.727908788487211
24 216 3.52364090387765 0 0.09123902571729535 7.965512181231428 -17.258823964545115 2.044290248219719 7.311964253026144 -0.2648358643577744 -6.827531803496168
25 225 3.302953601206683 0 0.12422280712527732 6.036388062818914 -13.672759244527212 -3.4826689520952554 -2.0573456814601334 -0.5515451686903499 -6.615584348779894
26 234 4.081020007598781 0 0.07700675492978647 10.557493608202595 -18.34992911718548 2.799649924384246 25.10848247330313 0.27718041071881094 -8.937877557717316
27 243 5.328358417021834 0 0.07976034807113273 10.143276261259146 -18.113157151294317 5.281855175256314 32.8336451956193 -0.13894881556828176 -10.92436371312038
28 252 5.8135740464347245 0 0.13656434714107474 11.300486297058715 -15.309278966393096 1.4009558863119653 31.126189970053705 -0.6524926778618794 -7.168915878534538
29 261 5.164304252256332 0 0.07236253117677686 7.852859570367375 -23.148476716235137 2.404854213022568 26.987144676066663 0.23099120017676683 -7.126621768768247
30 270 4.510191747898695 0 0.08828942911388199 6.931253227448773 -21.267046504204153 4.12486855365766 25.789135371593808 -0.18005501016100817 -8.692634658995976
31 279 4.07215003296288 0 0.06811033281411938 7.591639625354111 -13.89681981953202 5.031042628503144 19.543157822500646 0.19870490818768258 -8.959580600861088
32 288 3.495189345198776 0 0.06856876498241535 4.446605130884409 -18.295213700115674 1.337496219937342 14.709996277769747 0.09422723268812504 -7.757013613350508
33 297 3.2292779647526713 0 0.09065713999706135 4.884965658897315 -15.555923334713826 -1.8759637180636828 14.145670471662456 -0.2607635400015963 -8.942492348158806
34 306 2.895794603085709 0 0.06808624909357468 4.935785174212221 -13.59298701029364 1.500225449962586 18.417333645089546 0.11121508449094619 -8.568348521332618
35 315 2.623340266352944 0 0.06870386082527767 3.75151903595251 -11.531527812645777 -0.5351032977164978 11.092072291873766 0.058605259365434134 -9.600846675389366
36 324 2.349841679276704 0 0.06797892085045186 7.246002500885169 -10.878755528643104 1.1755806202811334 11.227072443575805 0.10730094552018471 -9.590618569342624
37 333 2.1542531063963852 0 0.06815732157058899 -0.03273375583592575 -9.409542533310232 -4.659061115089135 8.83569176945959 0.13771802551688245 -8.25636751774026
38 342 1.9949379296877956 0 0.06811510616057082 -1.1382679605779416 -9.828108107541809 -4.292793934672542 15.754244571903193 0.16815380073964245 -8.288751274979465
39 351 1.8687123458157089 0 0.06797820594240452 1.0742756245583267 -10.036598448154095 -1.6666139914966769 15.884613958788048 0.16001556623239693 -9.203166270246397
40 360 2.1370435507394157 0 0.06812592471113516 0.49359368920626756 -10.752619943834473 -2.276023448481809 17.72870732176253 0.13672509636893854 -5.368808051468323
41 369 2.4880436490751072 0 0.058752957935118644 -2.987831283945369 -8.905990854506008 -5.5064462519829505 18.010323873056443 0.13868773554663233 -5.713039945121681
42 378 2.375905762857256 0 0.07304310008974642 -1.1627824718347173 -8.892234904494364 -1.220978422376008 16.534781701986876 0.6105129767201106 -5.701198195153892
43 387 2.0719526625524387 0 0.06816758603153711 -1.2732572034897622 -9.743199667746083 -2.311985932774618 15.430137855610715 0.37502083056345437 -6.965899177682615
44 396 1.8616176304529861 0 0.054252399463454906 -3.688970401060566 -9.795772617976096 -3.651406736950684 17.67769627346345 0.8491723645146307 -5.311640623404742
45 405 1.7908556634989752 0 0.06919935614095091 -0.8064128324324548 -6.2349062021095225 -0.7240658891645835 14.474446234878712 0.7680476133814901 -5.769290338346147
46 414 1.6965188098517838 0 0.06892546276049066 0.4677605735885559 -10.544533957643594 -1.6310476686295714 19.39293793415994 0.2771614907676283 -7.864196762975889
47 423 1.6762082093006296 0 0.06453519290061856 -2.6228790999020433 -11.648593782794611 -3.2366927005781756 23.29261525929067 0.5964738134241689 -5.275050129455586
48 432 1.6880135065004478 0 0.05764735028973515 -3.145424212245666 -11.630905436342982 -3.8182170371745556 23.807478131213784 0.543222130229647 -5.617597346953209
49 441 1.9472526242801382 0 0.05640993258317903 -4.20882301898223 -10.32168034948628 -4.955184237210995 25.635403095205834 0.4868082245904509 -4.5389336864568435
50 450 2.271776092199905 0 0.045218566995127635 -3.846808459642996 -9.007793152961504 -4.778967595307771 24.90476545143292 0.6242274542795365 -4.443822261834903
51 459 2.393198429678482 0 0.043774617513326494 -4.573312803572069 -14.026538208540522 -6.290493013043932 33.65615624493071 0.6310777495672796 -3.8680398393907183
52 468 2.561061766069053 0 0.05142395235545805 -4.838273553331428 -8.912908877591923 -5.262235146517284 23.843807146572747 1.146406853149915 -5.682025316055492
53 477 2.420063313327943 0 0.05397079851171811 -5.195304617798996 -9.37028186138487 -6.726371173463601 20.821098106017217 0.7995425480750692 -5.969603609095435
54 486 2.281762340120678 0 0.043372154454587336 -4.841872362292867 -12.575556718259687 -5.332847905433378 24.82023365957631 0.9889338170508654 -6.510936256690795
55 495 1.9867456812237465 0 0.043051542908808305 -5.029215496493962 -9.92529933208185 -5.038811425512928 25.095126880691307 1.1817470171785034 -5.061118957297639
56 504 2.0074155380602763 0 0.04766241103138527 -4.968171287297791 -11.856294624341182 -6.218231135740832 28.947962170664148 0.805101049632 -7.129490228537838
57 513 1.7052197804241376 0 0.0447675034318292 -4.5067501351504085 -12.791558761449554 -5.097508741667713 28.958936328876973 0.9513421805131499 -6.958801876423816
58 522 1.5979346636790734 0 0.04433833273884126 -4.877482978107072 -11.812719312094078 -5.420359756385346 24.81265527263973 0.9102374956698298 -6.424635990136929
59 531 1.2829451384856374 0 0.04331541650727684 -4.3853417541073 -11.637838858030541 -4.57156310540286 27.4380990869867 1.0067030355394222 -6.7778092379731865
60 540 1.2625635650111577 0 0.0418803874705745 -4.548171457416252 -11.571654469924832 -4.981704081506129 27.94202424244891 0.8901352257921527 -7.248561601019834
61 549 1.3395171212954462 0 0.043204084022977235 -4.819472351538848 -11.134983020364965 -5.212589411976944 27.6734101798422 1.0277346232523863 -7.719437254589784
62 558 1.7257115500234603 0 0.04239791542134154 -4.399224299419907 -12.696137220666188 -5.727348198605514 25.997346192472747 0.704164448715492 -9.22038056331709
63 567 2.0200440771473147 0 0.04463438400904071 -4.907937085467059 -12.560693133820584 -5.569932349275213 26.944808690018295 0.909649082635379 -10.622828010695512
64 576 2.044717458224956 0 0.04431773442235744 -4.734044612638553 -9.305527488998 -5.949280929469394 20.88003947049216 0.7944973841740486 -9.991600173552905
65 585 2.2627057416848846 0 0.043231288576351265 -3.9985344914657905 -12.091801665678345 -5.993160250780912 28.231442361506552 0.42811986409087327 -13.92204224320493
66 594 2.485837780361621 0 0.04625548305124527 -3.8116547091296584 -10.188444583363022 -6.154175881657241 18.062570210721603 0.31191133455718656 -12.699545691472096
67 603 2.6780423692058117 0 0.04272198976843865 -4.016821249353104 -11.664059902155179 -5.676774922957583 19.139968081751046 0.4944962189263521 -13.750260754770693
68 612 2.9119554588266827 0 0.04198718335064301 -4.077753303910063 -12.729168678954188 -6.01553366185353 21.12186800452245 0.5244838846871854 -12.681387366973526
69 621 2.834274950720049 0 0.04536373469579716 -4.2361508728643225 -14.790279087161602 -7.010661885858036 30.592395883261467 0.37370840531122623 -15.566302439331514
70 630 2.485975863762744 0 0.04204028486060363 -4.4229368668464994 -9.860725863141395 -5.687357247929628 16.221731020755495 0.6866236601651822 -15.23123982796763
71 639 2.365107827163137 0 0.04257890245408584 -4.282320140549095 -12.541736468145926 -5.881392017658215 16.24516944068253 0.5452210144485836 -17.431965090758176
72 648 2.633448114785804 0 0.04217639379662355 -4.287298073361142 -6.56668678773915 -5.0409875881382495 13.276911980866004 0.7387441458291935 -15.546123314984232
73 657 2.8577292113361517 0 0.04585071701062257 -4.006021441113242 -7.508199183389598 -4.3101804263728685 8.805522201061809 0.8292062626995123 -19.270297415760954
74 666 2.958962000315888 0 0.042373668724000835 -4.645806155599032 -6.012532687375721 -5.330494353253288 3.221116910995563 0.8610001157219641 -16.983007982533135
75 675 2.8044512816674025 0 0.04186252668787986 -4.513678031373765 -10.19746553576837 -5.199454036130493 11.713679030164808 0.8276611632166282 -18.024585822428737
76 684 2.488486791755184 0 0.041890695828531596 -4.376011756770764 -11.993255236655015 -5.028270596012829 14.786439217717984 0.8119770692437459 -20.334871453002304
77 693 2.2016959443591033 0 0.04248090389513 -4.209116701441907 -9.305958754377121 -5.086612532462785 7.507147877035987 0.680556902675954 -19.957040737168146
78 702 1.88633414711911 0 0.04298398897396424 -4.493462463093675 -10.090644371346754 -5.736004742161645 16.86429525146907 0.6524727858417931 -16.136377725077416
79 711 2.132687036086777 0 0.04235187369535359 -4.556965969248117 -11.21640827934429 -5.105397790640398 19.304388315002736 0.8313587413103087 -14.286992457929516
80 720 2.0518286347055312 0 0.042018176902944085 -4.558626312482422 -10.37615037034371 -5.281659875696951 16.00148326759804 0.836561198706193 -17.471341757108885
81 729 1.9340847229197802 0 0.04202078537710166 -4.496606290199339 -12.386771357040633 -5.434508980670641 22.159450745962257 0.7565210063499868 -14.048834956399299
82 738 1.7570286964049762 0 0.0418332876708052 -4.254204596827902 -13.26027633684381 -5.7437441518056005 23.19213289622791 0.5974306175019246 -14.300710212329522
83 747 1.6116151345514433 0 0.042244098516276515 -4.412199513205886 -12.219059947745627 -5.125957887597085 16.26987056458073 0.7563343871488999 -18.04313668689033
84 756 1.6699604479218644 0 0.0419498569319557 -4.289860818058574 -16.26073893980599 -5.401280348631484 27.34575001396658 0.6568751375145336 -15.26977193178956
85 765 1.6565418849320488 0 0.04196356922457001 -4.233806552166003 -11.95892118589703 -5.706081554790497 14.798664255224335 0.5805356900700032 -18.36581327201735
86 774 1.8451576199561783 0 0.04205107534459096 -4.145942547104306 -12.025976924660029 -5.502311054610175 9.251094162717479 0.5935368955662754 -21.833935793070516
87 783 2.011755519291493 0 0.04220056789012466 -4.328975862419002 -10.426945318835326 -5.82173609180608 3.401878507682941 0.6577024651113483 -21.328143891853166
88 792 1.9950792818470238 0 0.04184842387223729 -4.359179315448484 -11.518212027167484 -5.4779864968395495 12.851308349970559 0.682612095418489 -20.63115837178353
89 801 1.9432217896376451 0 0.042079572547995915 -4.51718622134014 -7.002388021784628 -5.183183762579052 6.165101323001462 0.8072242555124206 -22.262775518845107
90 810 1.7009934807338891 0 0.04210751932380036 -4.125696082715132 -12.24515630498603 -5.479204512598812 13.99048529429366 0.6062350774286888 -20.957387444250553
91 819 1.7422990989645808 0 0.04188332568701203 -4.292446761414707 -11.091073064992706 -5.378250096170356 19.342975034702917 0.700694604698216 -21.781129504868495
92 828 1.569463792614332 0 0.04185698146915248 -4.266822549755707 -10.267499764267887 -6.025124030235754 16.94172016973401 0.5789963692530873 -19.74188103597271
93 837 1.6001235691548166 0 0.04180779448746631 -4.1998450417626945 -9.555512139440188 -5.940306270052028 16.314726062617268 0.5632573808831196 -21.64857180928578
94 846 1.8019132877179083 0 0.041826261968918324 -4.51654206028807 -7.8760396696767225 -4.93541500975418 18.191113267106157 0.8949069949794273 -20.13660628755547
95 855 1.9125604507949314 0 0.04195490461670151 -4.513644982522436 -8.363902249237372 -4.864274801011161 15.330310469122532 0.9482152783555753 -21.01897539266665
96 864 1.7607046371024584 0 0.041901729574842894 -4.479443870763702 -6.075807354137975 -4.902308399661906 8.393547326733753 0.9185482576967249 -23.423106236864097
97 873 1.7453443481107263 0 0.04180356318670039 -4.562556272788685 -6.892353464573841 -4.965530738944455 8.978941765350243 0.9169449552841888 -26.02137307974384
98 882 1.7772565897971038 0 0.04178729551868303 -4.530015899365636 -5.974668531244842 -4.956743065758421 13.043032944106866 0.9108586748867733 -24.438728713898165
99 891 1.7035145410513401 0 0.04191609337015141 -4.553257647376147 -5.46021415348481 -4.876379493906099 15.303562926899204 0.9337991047341843 -22.602499824644333
100 900 1.4894225564675692 0 0.04180746791911344 -4.478690634211055 -4.601889374991211 -4.994887120981497 7.99039680251608 0.9016750033608548 -25.162916909075214
101 909 1.404610764946295 0 0.04192481884069288 -4.548546378348055 -6.130250705615908 -5.146021391344055 14.334359453785332 0.8786063053248259 -23.504138080518093
102 918 1.4269578230479338 0 0.0418078901145041 -4.382602344827204 -6.734746003049089 -5.213587418080708 14.957621800468175 0.7568190655763595 -22.539877848860083
103 927 1.1719243356476503 0 0.04179596524247099 -4.476179406057956 -5.887710377550664 -5.017306976082625 16.83508482877193 0.8710492271904495 -21.963592423125224
104 936 1.0334816241026856 0 0.041826869609379466 -4.529892707637174 -4.875688351733826 -5.0532638331205035 9.735127673841328 0.8996386865384478 -25.39929412730037
105 945 0.9511974206230213 0 0.04182404438407726 -4.495988032493172 -5.501762974175732 -4.985073278352731 11.063429090764814 0.9010130079992883 -24.67682112071181
106 954 0.8812251430026727 0 0.041803863661793214 -4.544493739257526 -5.834424863905863 -5.004975167058127 14.548387793424297 0.91012377048946 -23.644433727209123
107 963 0.8474066965577782 0 0.04181374109923541 -4.573391303323617 -4.942143217362495 -4.961123451663848 11.290837059428167 0.9476825344833465 -24.995089459250515
108 972 0.7179201818710322 0 0.04179294413010945 -4.517418186013406 -5.9491991075697275 -4.981030648884408 11.728781129372772 0.8979300678678276 -25.03567578426407
109 981 0.7292070631333166 0 0.04178647218807992 -4.49743316035906 -5.919797930720235 -4.979441515199738 10.12016271525682 0.8894938883555288 -26.283250425176213
110 990 0.6565150578942401 0 0.041797941550830095 -4.561456198530258 -5.130719414086914 -4.951242979274721 11.188046742928115 0.9397938396513634 -25.81072172165262
111 999 0.582041167840972 0 0.04179621844640424 -4.529624723269745 -5.2630496105757 -4.965532792334551 10.300035380467424 0.911153895048112 -26.117319832685844
112 1008 0.5638936420911727 0 0.041787741826300046 -4.548893977026995 -4.848261497183952 -4.907726834315701 12.332371862683496 0.950119457432278 -24.479131498662976
113 1017 0.5493590220818558 0 0.041786846021011154 -4.494743104281968 -5.042160905815239 -4.970757468372388 10.28826768687066 0.8989610846320822 -25.16096001740421
114 1026 0.5574768982733161 0 0.04179531265091281 -4.525761024389503 -5.34777169302086 -4.93640946922114 14.579795604372833 0.9160185729138514 -23.529314328062892
115 1035 0.5667383031556066 0 0.041788406229284564 -4.512350004191124 -5.41580073236083 -4.952995860092583 14.678408727320427 0.9120875430548678 -23.38299632010163
116 1044 0.5557632715857881 0 0.04178807942257684 -4.536886195671555 -4.793755424268269 -4.885375453499481 15.741820564047028 0.9530737478254631 -22.81600716987068
117 1053 0.628699540193721 0 0.04178616751790919 -4.5541348463113955 -5.525168110430677 -4.91229940394014 17.4348811707513 0.9448393903702393 -21.529254538707477
118 1062 0.6532872214606908 0 0.04178917951815411 -4.539116444915457 -5.869782932226189 -4.9374720514114845 15.72701330236417 0.9270483582331648 -22.41418111527263
119 1071 0.6242875509222724 0 0.041790814194740844 -4.575127256521564 -6.219721277900151 -4.933786494606334 18.887998081975454 0.9421159056440892 -21.486583090787832
120 1080 0.5667086367678976 0 0.04178785919862192 -4.558659709110899 -5.682925601360605 -4.919367704069976 15.381149830378508 0.9411333515291932 -22.63359630210651
121 1089 0.49878077070329824 0 0.04178687905523741 -4.522368120832001 -5.832536385062371 -4.979814106494571 15.868741427394092 0.9025157515112481 -22.962378727531537
122 1098 0.4245741392763631 0 0.041792406939752655 -4.546974700093662 -6.056693454618262 -4.952075554314611 15.99436853121632 0.9252142871552294 -22.363919805666455
123 1107 0.42725683333214565 0 0.04178803793774491 -4.546098439867721 -5.4918902431692 -4.933814304159779 13.258748878932154 0.9310634693641321 -23.423222124977844
124 1116 0.41431625772259567 0 0.041787949888479003 -4.563981330618211 -5.248397233628039 -4.898459269377189 15.2013195515501 0.9545620621353635 -23.074394965475747
125 1125 0.37811558224525227 0 0.041786415804326016 -4.5210171836665385 -5.158309657456028 -4.959603794318244 12.937195165663326 0.916539271665753 -23.74551406845973
126 1134 0.34687773292754626 0 0.0417874675415206 -4.5181752909114925 -5.185647780734632 -4.962027569381726 12.65395140226159 0.9108623907333426 -23.916770928944274
127 1143 0.3915007697008634 0 0.041785557494140674 -4.52885630363831 -5.3688656507604176 -4.948946771799601 12.937547417254065 0.9198320958104015 -22.925198883652897
128 1152 0.43005545928472033 0 0.04178640666812915 -4.53887556161923 -5.37877415215876 -4.932426928622826 14.556987761024939 0.9292368922910449 -22.181704839064963
129 1161 0.38713393556237685 0 0.04178734217160984 -4.512096958254572 -5.446553878652249 -4.977854829915038 14.526758151054784 0.9030585800765506 -22.28145864683302
130 1170 0.36647644606523466 0 0.041786387724979765 -4.510685854661025 -5.05078635964018 -4.9415100184260785 12.559319723699044 0.9161973825851986 -22.832095874465953
131 1179 0.33745627180262266 0 0.04178619249204063 -4.492204523591061 -5.137656428035237 -4.979881014756904 12.815094703934367 0.894811906676866 -23.305218465784318
132 1188 0.3415955864554142 0 0.0417889244535158 -4.497559965762008 -5.204851223511317 -4.973306309934528 13.224184726142179 0.8973851228635664 -23.087832723236495
133 1197 0.30117979078936685 0 0.04178704487408706 -4.507319295968787 -4.9984320222177505 -4.961500459948281 12.69706010541985 0.9083066248914251 -22.913264616727385
134 1206 0.2718522933376909 0 0.04178690180541539 -4.542756754953944 -5.4488824206987045 -4.9194152383766605 16.818154813616356 0.9349994518008591 -21.711483329971543
135 1215 0.2848788571848499 0 0.04178527272722524 -4.547162667236286 -5.198192823050032 -4.904272481913039 15.879258651056103 0.9453313917139405 -22.039449833603072
136 1224 0.30579388027347215 0 0.041786364463800435 -4.532117077617517 -5.174657663792933 -4.9021573853438625 14.532327776178429 0.9386148735492029 -22.87390817216418
137 1233 0.2871937069255323 0 0.041785400109783516 -4.5415064428048195 -5.176682786193638 -4.904448376084479 17.24982533144408 0.943590010366899 -21.28014001456414
138 1242 0.2749380477403459 0 0.04178443770643324 -4.528947614347024 -4.91447900587265 -4.902778462020224 14.682671395027628 0.9418772610843836 -22.614619129657044
139 1251 0.2540077882809277 0 0.041785426395289205 -4.540671241519739 -5.26720874195295 -4.914583051010899 15.916649106359001 0.9398062862641638 -21.7241428897113
140 1260 0.254495883558514 0 0.04178498377936833 -4.545002915553472 -5.035140194801177 -4.894956204542057 14.947396529982033 0.9512678690054414 -22.314949342442105
141 1269 0.24941310628790897 0 0.04178512208591001 -4.551108131309139 -5.090583833525901 -4.892230356267766 14.99274177543169 0.9540625755150092 -22.324087891393166
142 1278 0.2487131315034534 0 0.04178568178136979 -4.548276630993066 -5.054717556112281 -4.895287053201164 15.027180082663044 0.9512778204278988 -22.34141251301223
143 1287 0.26307459534183436 0 0.04178782778976635 -4.548055574343359 -4.9070301081822025 -4.886118599224233 14.419416493260485 0.9553294916911499 -22.715277211081244
144 1296 0.26984089375080605 0 0.041785635173242075 -4.543848751962931 -5.174374901662463 -4.9054510682991985 15.629939716242717 0.9460085542741992 -22.548930607382573
145 1305 0.2573049962951896 0 0.041785094314338606 -4.55129456260729 -5.066089015212 -4.8926085895132205 15.088044598224903 0.955334890972431 -22.79908405668367
146 1314 0.23148248736089733 0 0.04178545535900287 -4.5583672225270195 -4.970875443766508 -4.874152835086254 15.027631534313533 0.9652961933678958 -22.671090562764658
147 1323 0.24835348258614248 0 0.04178552868530856 -4.548426895068082 -5.326406218940299 -4.89670141882574 17.215531586739964 0.9477671723194724 -21.36905089894112
148 1332 0.313872188991874 0 0.04178560261314129 -4.531589930615162 -5.316398851170644 -4.92059158628047 17.098548200853408 0.9317821308695978 -21.153507224633074
149 1341 0.2782533355662699 0 0.04178588205076168 -4.527863132828083 -4.856003477496011 -4.899265280097257 14.929648801705588 0.9427687337166208 -22.714588111660614
150 1350 0.24787777775632922 0 0.04178604703887592 -4.540419166398088 -4.986841950467512 -4.896344141665632 14.885784010342391 0.947479871016543 -22.779190047272742
151 1359 0.23906451595994818 0 0.04178661665227526 -4.535036680684043 -5.1919258072777446 -4.895600715844681 17.183751018383028 0.9439217622511472 -21.57445310331383
152 1368 0.2358404237378749 0 0.04178604256384111 -4.536002796946235 -5.062402550020071 -4.8984945041618895 14.7348627979956 0.9453499284095428 -22.87489396936596
153 1377 0.21121093327835147 0 0.041785687150386136 -4.53989257053927 -5.158542618177761 -4.9029657470688 17.348254814352234 0.9437514955689331 -21.232998052411197
154 1386 0.19198856151473842 0 0.04178579740281092 -4.537910505288844 -5.258601280333127 -4.9064244803652155 17.153221287894954 0.9399239504874188 -21.76503963286225
155 1395 0.18799350255468086 0 0.04178570101576193 -4.538691368402564 -5.1732873721512656 -4.9042308910579 15.584293930276944 0.9418795989336108 -22.409643266479012
156 1404 0.19770347332477078 0 0.041785401199166364 -4.534737667275342 -5.212315732280087 -4.909198401032462 14.558851588654061 0.9373601419703568 -23.160954847630965
157 1413 0.21033342681222122 0 0.04178599763673288 -4.536808514922059 -5.175656494815101 -4.902501209640303 14.52274835053686 0.9420510482816042 -23.107329050644886
158 1422 0.21358957302489562 0 0.04178497723253105 -4.542310149608422 -5.30762039350277 -4.906564068909979 14.7089331641687 0.9401380433017984 -22.94677145221263
159 1431 0.18696662691323082 0 0.04178605848019282 -4.540363920211037 -5.184267001315587 -4.903346986686318 14.735621999472745 0.9433273330051796 -22.965035334056246
160 1440 0.20027611691680333 0 0.04178554618126726 -4.547783368883416 -5.326407893962582 -4.899581046587748 17.292036727505337 0.9474956647020077 -21.963611869784444
161 1449 0.1833203967093646 0 0.04178574801815092 -4.541924336862832 -5.1944402997444685 -4.902191781866891 15.562055080991003 0.9451995387238995 -22.72075055430201
162 1458 0.1636872276227587 0 0.04178579683808385 -4.545592816391861 -5.313392303644538 -4.901854470591226 15.922087273861644 0.9459322882083605 -22.527098831227924
163 1467 0.17142537173157646 0 0.0417834923127018 -4.544167985786917 -5.1527751687700425 -4.893933561254494 14.660114637083463 0.948623626071612 -22.943903109191897
164 1476 0.18322629036474586 0 0.04178589471475304 -4.552125203066219 -5.189775899974747 -4.884387930041114 14.794945213032886 0.9552242967345864 -23.13611004405266
165 1485 0.19886518854431467 0 0.04178359355267605 -4.552424114939907 -5.056360842787129 -4.879534970252875 14.703154912509694 0.9586614075104685 -22.727615534359483
166 1494 0.18902180093489931 0 0.041785093908448104 -4.551222590980128 -5.1920893984788545 -4.886537322566522 15.641660751424196 0.9549836533812274 -22.63773153554496
167 1503 0.18560303773638795 0 0.041784804064421796 -4.564272318608292 -5.212728980277539 -4.8736089269843665 17.26859683816361 0.9661965411327451 -21.619634159028774
168 1512 0.18787997835951825 0 0.041786194460471146 -4.5468990083486345 -5.111166759027266 -4.88829630073926 14.366914873351853 0.9534010415316502 -23.132226409099985
169 1521 0.19514472639559433 0 0.04178504756061126 -4.5641245389419245 -5.357554882022973 -4.880957995290173 17.31115115448307 0.9616773937469147 -21.73959924126116
170 1530 0.2050455688119338 0 0.04178513526019187 -4.551693802376699 -5.188792338283641 -4.891472195766986 14.96631041905043 0.9534405289374683 -22.774893400405645
171 1539 0.1885038437396406 0 0.0417827030726098 -4.551409481896621 -5.124225506589393 -4.8832536470279715 14.668001674246328 0.9573247851115223 -23.07672347827984
172 1548 0.1748399319263227 0 0.041783436516529646 -4.563087301341777 -5.397367619857146 -4.88487595834192 16.664701873352936 0.9589789526709329 -22.157351343490195
173 1557 0.17999351433864552 0 0.04178548970554469 -4.552505444970166 -5.044033816888776 -4.878928400692643 14.778315037187518 0.9599813433679315 -23.019218385180444
174 1566 0.1831822173482229 0 0.0417863023617972 -4.560438148958458 -5.193723721126782 -4.880228624099852 15.223495325643928 0.9609358552004188 -22.89548785020917
175 1575 0.1644280087260248 0 0.04178498573554591 -4.5611217747432535 -5.259085615070804 -4.88331013286496 15.920987589873153 0.9599352222003622 -22.272913975631507
176 1584 0.16399258960560414 0 0.04178492639853737 -4.568223684988834 -5.196827440490943 -4.869431594659345 15.643700814932853 0.9693922402081739 -22.575348900053807
177 1593 0.140799520680727 0 0.041785378365793796 -4.560835061662372 -5.188788566279744 -4.879911237490098 15.06408742827909 0.9616035443777524 -22.885299955370584
178 1602 0.1301997348484139 0 0.04178317171249034 -4.568862273277363 -5.313560213417134 -4.876083382374431 16.67190457095354 0.9660801403592922 -22.12908357727987
179 1611 0.11803379539111027 0 0.04178467635276825 -4.566491477989645 -5.145816236687876 -4.870865170664104 15.865684396563346 0.9682675817058747 -22.519757212929665
180 1620 0.11309263342811753 0 0.04178476286543316 -4.5660723335053115 -5.164566924667314 -4.8682825555830265 15.86158214773443 0.9687416815514336 -22.506994415501943
181 1629 0.12187569893656298 0 0.041784821400876554 -4.573822667729797 -5.252636456944195 -4.867937157708996 15.865208717691102 0.9715589877298191 -22.518086943035723
182 1638 0.12915702905959292 0 0.04178512344262572 -4.571639711942305 -5.158108651364316 -4.864635334510704 15.739627793352335 0.9726710295962022 -22.651489103279477
183 1647 0.13237677339303666 0 0.041785176002729754 -4.566962774403785 -5.136348594040892 -4.8704392990121965 14.996738182496689 0.9688553134256604 -22.97770632074698
184 1656 0.1362660904679868 0 0.0417849687550023 -4.560741139282861 -5.10229515327416 -4.877718443471022 14.907142931200715 0.9639350486653884 -22.93758868264414
185 1665 0.13744566133491862 0 0.0417848466478106 -4.561501945166794 -5.1455108714169056 -4.881913961386534 14.958369903495546 0.9626933579399182 -22.938657182196398
186 1674 0.14338242331687734 0 0.041784425844834355 -4.564345669575634 -5.1414874362106655 -4.879653262845371 14.700151303055408 0.96405286557263 -23.10615430307989
187 1683 0.13963421389689262 0 0.04178496927465124 -4.5669149694738715 -5.211957200313545 -4.8795778157607925 14.978477002009653 0.9652781256872248 -23.014754757875814
188 1692 0.14484702400091984 0 0.04178466614384131 -4.557750390755448 -5.144532549241878 -4.889803882710385 14.613925330924253 0.9582645494275831 -23.113688932811286
189 1701 0.13561979736812607 0 0.04178477200018407 -4.567980286804943 -5.165368247715806 -4.874577525004531 15.857343084645487 0.9683880165758294 -22.523946141637634
190 1710 0.1231917726266991 0 0.04178492543726267 -4.560692758514225 -5.11631828796531 -4.882249696238456 15.061096426638452 0.9627900134645843 -22.877792763758308
191 1719 0.13188383841007786 0 0.041784534799288106 -4.555756312618863 -5.052048138911336 -4.886371464884791 14.612774170611761 0.9599405099358153 -23.09221564093505
192 1728 0.12914617000793033 0 0.041782533280865286 -4.552210609744763 -5.080044674597115 -4.889957024697408 14.704656952688723 0.9564627583922104 -22.954571154419337
193 1737 0.1316463774537711 0 0.041784108089008204 -4.558303260870693 -5.097475288547948 -4.886397509908266 14.663055026296 0.9612197412079121 -23.024433698853972
194 1746 0.1172646303752617 0 0.041784829601954704 -4.5548435050096705 -5.079192018134906 -4.888875791998858 14.95009550034829 0.9585465954279312 -22.803552646276692
195 1755 0.12169404098111096 0 0.04178436910312375 -4.5540183955436895 -5.049065123769237 -4.8884724259021075 14.623243235417432 0.958194683474882 -22.96485430341625
196 1764 0.10998611616249554 0 0.04178393647220123 -4.556198818518564 -5.044948401272268 -4.884203809909819 14.676362515654402 0.9611901268368472 -22.97463347024585
197 1773 0.1073034009999905 0 0.0417843595158711 -4.547851298475815 -5.021604570672321 -4.894607404152881 14.615948446338145 0.9535137469728949 -22.92070421551339
198 1782 0.10243074074390712 0 0.041784160083276095 -4.554897753187301 -5.005791851882886 -4.882816386938718 14.685733773550648 0.9607444420125703 -22.945841131035266
199 1791 0.11545393151732393 0 0.041784766900503104 -4.560913621358551 -5.011412426572487 -4.8755311525997085 14.967359857055191 0.9663941257943678 -22.86289907721347
200 1800 0.1054502795543566 0 0.04178399627155285 -4.553646029228011 -4.989103067936481 -4.884716060367355 14.67799098034508 0.9605615967589951 -22.963663274740696
201 1809 0.08720467355156182 0 0.041783927075576585 -4.5518930834914 -4.970041683806346 -4.885769044981961 14.6519936051808 0.9592602857811914 -22.938124930073208
202 1818 0.09039600307240553 0 0.04178407031958936 -4.554115492594578 -4.988642954737346 -4.884929470619491 14.687102028454099 0.9608898350012953 -23.000053484978945
203 1827 0.09656016778240654 0 0.041783762667647426 -4.557239050822532 -4.931538553025702 -4.8749999912167965 14.67941255442607 0.9662102625462078 -23.05389324555931
204 1836 0.11037496062183416 0 0.041784414400378264 -4.5622033306311724 -4.9647518732553655 -4.872783723774587 14.636466028445746 0.9690328378766608 -23.11041779525732
205 1845 0.13181250047777798 0 0.04178330067798518 -4.55921183785797 -4.887895148580844 -4.870885621393829 14.277504455504085 0.9697554686681243 -23.200957236184777
206 1854 0.12915381303524845 0 0.04178388214389403 -4.554748070976694 -5.001028715136129 -4.884304840877242 14.671324074029826 0.9605688914773269 -22.957233199190775
207 1863 0.12397663001984317 0 0.041784681680458555 -4.562656637468561 -5.02151235727618 -4.875456230303628 14.931126429146094 0.9674319734532576 -22.912126872433742
208 1872 0.12329000494017069 0 0.041784794105571274 -4.567678862326924 -5.064082023794461 -4.870929033940902 15.019478387275283 0.9707697009038503 -22.96567352032335
209 1881 0.11355738224719263 0 0.04178466197314312 -4.560775418227972 -5.060783847608852 -4.880046953073145 14.934299790931743 0.9645832574832028 -22.91860782504645
210 1890 0.10043769937806167 0 0.04178382954813459 -4.561506716453507 -5.026764307674051 -4.877134184122358 14.691657029398064 0.9660929892698746 -23.062252763997108
211 1899 0.09889993437813066 0 0.04178389104054091 -4.5576845666430925 -4.967149496033625 -4.8796031323620115 14.67063088037623 0.96440395841836 -23.01798668327048
212 1908 0.0873499414265849 0 0.04178383878006184 -4.558667408087837 -4.989281912940375 -4.878556562490351 14.699350822452784 0.9650222844727533 -23.052897347148505
213 1917 0.07254759596094446 0 0.041783771242070486 -4.559585745810349 -5.016130717988953 -4.878154098318297 14.69045346503185 0.9650799144110106 -23.04266139281182
214 1926 0.06377097166398653 0 0.041783807320033284 -4.5606828514370195 -4.997405072107197 -4.876492720864082 14.688990528493354 0.966427584356719 -23.081560224882306
215 1935 0.059670174840093196 0 0.04178387756116951 -4.557502828585888 -5.014238525220645 -4.881134180260391 14.68692517143176 0.9629998391662695 -23.04932608050929
216 1944 0.05418828739668092 0 0.0417838220867857 -4.5577996616306455 -5.023384783430923 -4.881929919216105 14.677865161696863 0.9627144864468287 -23.032206549561074
217 1953 0.05323295174024798 0 0.041783810717314074 -4.559091401717679 -4.9878922517705675 -4.876907680275468 14.696929690692528 0.965710123290462 -23.033593873490787
218 1962 0.054459069347233935 0 0.041783843889605585 -4.559114326316398 -4.986715087064899 -4.8767836799742845 14.67066980164046 0.9658635815788552 -23.02682566308982
219 1971 0.06218149639802315 0 0.04178375999635421 -4.561450762466306 -4.978981778388496 -4.872369014420765 14.683910760218184 0.9686811234743475 -23.033147519102346
220 1980 0.07409068159737972 0 0.04178377777508589 -4.559043397997945 -4.975505717192244 -4.874018837585056 14.668916875902651 0.9671178133966108 -23.060282049433628
221 1989 0.07481403209618159 0 0.04178379006645501 -4.559762738390976 -4.961346649438658 -4.873716960053003 14.670032560886161 0.9678909685278237 -23.02296325266009
222 1998 0.07859048658090236 0 0.04178379513309936 -4.559797226340603 -4.980057190916287 -4.877061597479014 14.708434527984677 0.9667281508050487 -22.963774095925043
223 2007 0.08661351217461895 0 0.04178361984246681 -4.560037266937543 -4.961031719164745 -4.87471690574127 14.692194180877147 0.9678133847772361 -23.002404775486404
224 2016 0.07502946141936581 0 0.04178360151980928 -4.562090446897454 -4.983996601480313 -4.8723021546054515 14.703203438402204 0.9692223638122885 -23.008353637135862
225 2025 0.0732336116631588 0 0.04178365003006834 -4.565014411071878 -4.992552910791224 -4.8692030526806045 14.705508635418346 0.9715478545918159 -23.049074687846364
226 2034 0.0719222632584248 0 0.04178366647434187 -4.559777552663887 -4.976507202460277 -4.876165613294401 14.693986970231972 0.9672197974645012 -22.99405980979293
227 2043 0.0651317133362154 0 0.04178374943165865 -4.562141476573903 -4.95331833385486 -4.8699968394361655 14.673641039339296 0.9708724675864687 -23.012132444750737
228 2052 0.05931542548741327 0 0.04178368253819681 -4.559332773276809 -4.968680377936729 -4.876464378340788 14.68457726072282 0.966941880762851 -22.970378027024225
229 2061 0.05547638428125344 0 0.041783707428267425 -4.563294123266702 -4.968810444507906 -4.869743686678426 14.682710666316838 0.971194201453496 -23.024027214316867
230 2070 0.053462616888842594 0 0.04178373837459014 -4.562728934565105 -4.958865929721635 -4.868889544385959 14.677057764933062 0.9712447541576712 -23.026325692106052
231 2079 0.053403384700156466 0 0.041783643259088066 -4.562627704306362 -4.959398946974078 -4.86981411404901 14.687402254857087 0.9710371141045475 -22.99042148285895
232 2088 0.06030491485577063 0 0.04178352097433352 -4.563090057293049 -4.949060856285373 -4.86785816350476 14.71033073392781 0.9720185671262964 -22.983990111266547
233 2097 0.048443021867467934 0 0.04178360032873024 -4.560600941387756 -4.950746361667553 -4.872059422986045 14.689072529740727 0.969446426621283 -22.98279364352114
234 2106 0.04706675594550374 0 0.04178359994298632 -4.560768061195635 -4.976645760378948 -4.87452406497372 14.695271289121436 0.968287632537054 -22.99287666064395
235 2115 0.04083457294509647 0 0.04178360571669468 -4.561889779551465 -4.963174233091854 -4.871915882860145 14.693633536331397 0.969943292278665 -22.98911558706161
236 2124 0.03884076604905734 0 0.041783599558365206 -4.5609818630971235 -4.959272075771662 -4.872639888338305 14.69359995212133 0.9694873546039671 -22.979057677723016
237 2133 0.04207085376117664 0 0.041783551043472894 -4.561253165888203 -4.934711240236943 -4.869855507803675 14.69344673329412 0.9708644012704499 -22.96740130836827
238 2142 0.0389341925786546 0 0.04178355915848439 -4.561045119912523 -4.951709147038949 -4.871145437106362 14.697483850834718 0.9699532659230823 -22.971917216421456
239 2151 0.0354002827099341 0 0.041783555434790925 -4.560777053760118 -4.928940589190736 -4.870110741659714 14.691792164993284 0.9706688395637413 -22.970151955802212
240 2160 0.03736633872924443 0 0.04178354047786835 -4.562239523423198 -4.931047394123664 -4.868111751294456 14.696091537404355 0.9719166778893964 -22.989507381157672
241 2169 0.03982217756282643 0 0.0417834894868368 -4.562510801358632 -4.925653283799768 -4.86807988130732 14.704772074564058 0.9721601473853086 -22.974451810062565
242 2178 0.04442855614625424 0 0.04178347289696811 -4.562610852412654 -4.922390168152204 -4.866472246728298 14.704518412067543 0.9727902698719102 -22.9787033691914
243 2187 0.04571203969721385 0 0.04178346692446461 -4.563357987253265 -4.911981697786544 -4.864783440210751 14.707229568049113 0.9739023424974013 -22.978092884637814
244 2196 0.04336132627238416 0 0.041783477794934645 -4.56229843120966 -4.92731623815723 -4.867458866673409 14.703925501841514 0.972215454915659 -22.962878680506115
245 2205 0.04476608111713029 0 0.041783429676708145 -4.563096543246749 -4.9042103074422 -4.865480637585675 14.712220772357842 0.9737175321823983 -22.955544756738423
246 2214 0.04647007007563203 0 0.04178341213200713 -4.561789428638863 -4.88107121423378 -4.8651886383435174 14.706860456999076 0.9736866184972253 -22.93254985539426
247 2223 0.04162326503747176 0 0.04178344924647541 -4.563087205941072 -4.894957426042943 -4.864748455238554 14.70727819044233 0.9741794297525236 -22.953447835149195
248 2232 0.03737422079751363 0 0.04178341789533667 -4.5626618681034925 -4.8946431799626815 -4.865206205728365 14.711820009993161 0.9737541987892664 -22.94328941020214
249 2241 0.030298826974989323 0 0.04178342786100055 -4.563335840194539 -4.90343128015463 -4.864673629837737 14.71074085559247 0.9741892032735822 -22.95258413918159
250 2250 0.030146584842473165 0 0.041783413537890376 -4.56308893350117 -4.885845067661449 -4.863362183428022 14.70989123809669 0.9748452480448071 -22.934213813041673
251 2259 0.031671738062118614 0 0.04178340422715454 -4.563219828707934 -4.886524835562686 -4.863251777127318 14.71068987061731 0.9749877236469745 -22.942019410929372
252 2268 0.031206492797892 0 0.04178338619300906 -4.563079830162058 -4.879523679502025 -4.863121809979649 14.713174950330497 0.9750707903959095 -22.932128187273907
253 2277 0.02992337820767172 0 0.04178337560063938 -4.562639259193441 -4.869967859220209 -4.863033512187628 14.713534866045343 0.9750922728156622 -22.91939449227852
254 2286 0.035199946257560295 0 0.041783361290647233 -4.562104187400078 -4.845547570079951 -4.862253415901456 14.711178916410608 0.9755722293387441 -22.899993689117487
255 2295 0.033912202269371736 0 0.0417833656049261 -4.561961102852658 -4.853589654375275 -4.863001022341562 14.712224537505437 0.9750878909058609 -22.887852845634963
256 2304 0.03305072456218308 0 0.04178337635306753 -4.5630745048807775 -4.8542822723198915 -4.861676484216085 14.712422392898613 0.9760784057541961 -22.910054409254624
257 2313 0.03249312004991079 0 0.041783353652540114 -4.562530106672566 -4.854253863586955 -4.861962013701342 14.714110154731836 0.9756875286526777 -22.89332419852855
258 2322 0.030086171042391672 0 0.04178333823349266 -4.5622488409427255 -4.834158990453247 -4.860818049852662 14.71474232862607 0.9763156537156114 -22.883671353782265
259 2331 0.026830732123012478 0 0.04178333836711595 -4.562573737673339 -4.831834561664379 -4.860500042731748 14.714297363277575 0.9767025228231823 -22.878851860155184
260 2340 0.02718588758120189 0 0.04178333092345056 -4.562256078989411 -4.830591605724259 -4.860661567317703 14.715094517462337 0.9764736283272791 -22.880866156568032
261 2349 0.028982925980936162 0 0.041783329093976404 -4.561512079720086 -4.810878634026849 -4.860278812887236 14.711985062325432 0.9766478838849383 -22.86100420893463
262 2358 0.03198361832151414 0 0.04178331756207783 -4.562633924714098 -4.809784934876776 -4.85856214886772 14.715640933008654 0.9778712540236882 -22.867736582412256
263 2367 0.03127029884745025 0 0.04178331726447056 -4.562010741753386 -4.810507557988501 -4.860015505551475 14.713539569542395 0.9771007093163375 -22.858926099685565
264 2376 0.03168090331422535 0 0.041783296965160324 -4.5615558011815 -4.792093441583262 -4.859040491013169 14.71622166981207 0.9774767172989035 -22.839720477961933
265 2385 0.03235567175008231 0 0.04178329314812915 -4.561690463512861 -4.791580546175627 -4.858938580432605 14.715336699934198 0.9776839941264424 -22.8348603730796
266 2394 0.03802579690841535 0 0.04178328074461156 -4.561289386028294 -4.769898126803657 -4.858638105828844 14.715355791676414 0.9780374351766195 -22.818431070733922
267 2403 0.043562104951452775 0 0.04178326412266005 -4.56116763000212 -4.774776503757477 -4.859784043167288 14.717768311567612 0.9775178924177519 -22.817989474274302
268 2412 0.04240575992213641 0 0.041783264243303406 -4.5604063335654805 -4.7413289264125345 -4.857351079627852 14.714411497910783 0.9786329979394656 -22.785277495627984
269 2421 0.047268846843711014 0 0.04178323009803889 -4.559228718343137 -4.723281678094643 -4.857792310584112 14.71556209089606 0.9782951393948612 -22.761892417178842
270 2430 0.04932520082305989 0 0.041783236713181876 -4.5595244237045005 -4.731548318986495 -4.858655347964511 14.71714653891386 0.9778975446539119 -22.77757904302246
271 2439 0.045836681810244334 0 0.04178322551610514 -4.559445456909475 -4.719895572685884 -4.858146819578379 14.718683056320282 0.9782816982297681 -22.75812835251472
272 2448 0.04921630904852793 0 0.041783199506772284 -4.557909562219804 -4.681216322433999 -4.857110824832131 14.718037161256865 0.9787124932928261 -22.70862342229373
273 2457 0.051113506465444415 0 0.04178319998129519 -4.558156624471977 -4.6728140328021635 -4.856599078970786 14.721784334833986 0.9791205421181238 -22.70211149882789
274 2466 0.05039160598588648 0 0.04178320514693047 -4.556877075556237 -4.659455273775267 -4.857416390497209 14.714539634133812 0.9785965695951894 -22.690564468303666
275 2475 0.04720631464685738 0 0.04178317875716904 -4.558218517274407 -4.680702446630186 -4.856891591436193 14.719915596781188 0.9790465986663671 -22.70581500062588
276 2484 0.052735118874133305 0 0.04178316967541301 -4.556840249527974 -4.621549833849512 -4.854798426578025 14.721161936964942 0.980367061867171 -22.645336327404983
277 2493 0.060874867756786764 0 0.041783132604921835 -4.55690005720401 -4.621061687736925 -4.855309602438543 14.72274957523628 0.9803812968841089 -22.63162800878222
278 2502 0.06370818349012072 0 0.0417831254877077 -4.556092010781081 -4.62153099601883 -4.8563383026566935 14.722466356879478 0.9795420809302267 -22.622341878583264
279 2511 0.061972765985695434 0 0.04178312670127873 -4.556356198246749 -4.620857016704167 -4.85532018409127 14.72368194072211 0.9801112857493472 -22.600557799003404
280 2520 0.05827476212986366 0 0.0417831183627064 -4.557019970483188 -4.64063102164982 -4.856321499281768 14.722678061844748 0.9797640160487776 -22.633854947310557
281 2529 0.056008865990792155 0 0.04178310901114894 -4.555922621016578 -4.604796697756022 -4.855202658632569 14.722780275181238 0.9803506306891677 -22.597952587219297
282 2538 0.05764080287988077 0 0.04178310659911948 -4.555492754115766 -4.590902686679858 -4.854495644520659 14.722065185142778 0.9807337181206756 -22.5697035009001
283 2547 0.06303728500832205 0 0.04178308422815323 -4.556123994488107 -4.594277000643184 -4.854064885916974 14.72494836232935 0.9812428785369722 -22.571476512382535
284 2556 0.06578764622619125 0 0.04178307389357078 -4.555339406258708 -4.583027209106548 -4.855050408920076 14.724363940544198 0.9808624407732467 -22.546832721776017
285 2565 0.07431835690486395 0 0.0417830605502489 -4.5540611205623645 -4.562688712941464 -4.855645960080105 14.723920556485941 0.980639877912607 -22.499053530460998
286 2574 0.07544388025022886 0 0.04178306791485083 -4.555292839358889 -4.557406147845872 -4.853005043275588 14.724878747686107 0.9822819144231713 -22.515750820693768
287 2583 0.07848399715276853 0 0.04178304993643972 -4.551642793775806 -4.498906274675698 -4.855129439503211 14.723732837845288 0.9810425869707262 -22.44003635704882
288 2592 0.07208248184480842 0 0.04178303877082663 -4.553297384904423 -4.518355131161097 -4.853135441913408 14.7257313280607 0.9821868723239116 -22.436272958326807
289 2601 0.07114183968553361 0 0.04178302406244573 -4.552327097579363 -4.5054725508065205 -4.853298878677804 14.726954637439956 0.9818598412510653 -22.430781573350846
290 2610 0.06038946789614998 0 0.041783034411010486 -4.551326225378536 -4.490652605244129 -4.853899781537245 14.723892891380302 0.9815783009070888 -22.40899740926289
291 2619 0.056418243705832205 0 0.041783025142612604 -4.551322929309682 -4.472107743085524 -4.853044236078004 14.729233951962014 0.9822844310217305 -22.380693046050723
292 2628 0.05441308858857121 0 0.04178301857974441 -4.551892277960445 -4.507696809289791 -4.854207190648068 14.728130390533996 0.9812472205375418 -22.42758924381443
293 2637 0.057596829675055264 0 0.04178301721604802 -4.5499371830307584 -4.464288594157019 -4.855124310038377 14.728232912504204 0.981034504865895 -22.36729281427158
294 2646 0.05690346896572891 0 0.04178300089883569 -4.550382697433664 -4.485688758268578 -4.855811248959876 14.727138051668268 0.9805207628294413 -22.39749964312309
295 2655 0.04870764027000358 0 0.0417830125966317 -4.550707805253202 -4.4820719658654244 -4.854244723198178 14.726148769249969 0.9813303062222963 -22.3922693348916
296 2664 0.04396812402929987 0 0.041783003639174726 -4.550982205127225 -4.4940042145380925 -4.855545420939838 14.726667685358633 0.9808527032823684 -22.39854658724487
297 2673 0.04496032929571632 0 0.04178299320366545 -4.5497487309744145 -4.464443108945894 -4.855699143955974 14.728863752377725 0.9808673330428681 -22.35723062262981
298 2682 0.04258274606863114 0 0.04178299229516992 -4.54975013193214 -4.466918300535343 -4.855905351736885 14.728504829851603 0.9807547936212615 -22.354835543338314
299 2691 0.041019835353737676 0 0.04178298440699332 -4.5504898751875045 -4.476664397721061 -4.85507373352651 14.72969378321654 0.9811295453852799 -22.374471061886453
300 2700 0.038768780398158245 0 0.041782983004155866 -4.5488044129314265 -4.450959604710863 -4.855959146210671 14.728919218844846 0.9806640756279351 -22.33186329931696
301 2709 0.03985890826234476 0 0.04178297831634703 -4.5490538298947545 -4.4592832032189875 -4.85653124885526 14.730246039052203 0.9803539793122679 -22.338720589921074
302 2718 0.04077938767414892 0 0.04178297188814796 -4.549063143832208 -4.457438427704308 -4.856524903741649 14.731007775841466 0.980411710471474 -22.336682042917225
303 2727 0.04111187999930339 0 0.0417829785952826 -4.548099564803708 -4.4449219762597645 -4.857197164578967 14.730163810498329 0.9799762835747093 -22.318396217587036
304 2736 0.04297461058625695 0 0.04178297288266526 -4.547427831977124 -4.427658874312509 -4.857504071512326 14.732582147203619 0.9800082386473445 -22.28822178810581
305 2745 0.04443097021873171 0 0.041782971935772184 -4.5472628818371685 -4.416023157046411 -4.857002423695032 14.732855515015713 0.9805243116134118 -22.269592566792085
306 2754 0.04744690344653962 0 0.04178295953416958 -4.547178856691382 -4.415663378053163 -4.8569972564224315 14.734402209621324 0.9804554189333359 -22.263666122525134
307 2763 0.04758822029076885 0 0.041782959682160725 -4.546118527000796 -4.405400329434525 -4.858291188612797 14.734982973671903 0.9797101350713069 -22.242334168836138
308 2772 0.047349749837944474 0 0.04178295583881131 -4.546062048331159 -4.405569537513399 -4.858303201646774 14.734221808268723 0.9797231775480525 -22.23971664982156
309 2781 0.04370803406567453 0 0.04178295666463604 -4.54737306609766 -4.424680161106777 -4.856970847569597 14.732709099599548 0.9803334436723463 -22.274270355405633
310 2790 0.043022546053532444 0 0.04178295456401589 -4.54563728802595 -4.389585105859238 -4.85712421353559 14.735327913432634 0.9802681504605619 -22.21944840196404
311 2799 0.04273769836735736 0 0.04178294596796503 -4.546415744579073 -4.399436966595361 -4.856297579632726 14.735050123063221 0.9807732360622949 -22.23358958628337
312 2808 0.045227896922734025 0 0.04178293855542681 -4.545622079010207 -4.387446698370388 -4.856920359679404 14.735671638300373 0.9804769494466026 -22.2131173074485
313 2817 0.04642353613398055 0 0.04178294267798312 -4.545032254366125 -4.380963434418787 -4.8572253111258 14.735647078613148 0.9801991286213212 -22.202199419518823
314 2826 0.04344980958923236 0 0.04178293565441989 -4.545736825496632 -4.3907125006939145 -4.857090295975161 14.73534300339084 0.980416662515718 -22.22141865946244
315 2835 0.048658290703768245 0 0.041782931290838224 -4.544713876874674 -4.379718241233436 -4.8586339311321245 14.736074893339909 0.9797648386992891 -22.187535814411802
316 2844 0.055907639946843696 0 0.041782927624734165 -4.544905920729581 -4.376587587509517 -4.857871698888546 14.736251487458626 0.9802855254583487 -22.174964747392302
317 2853 0.055513337693989626 0 0.04178292719624288 -4.545023131582631 -4.375625895025529 -4.857199569026765 14.736096231761689 0.9805582747439173 -22.184810735668037
318 2862 0.04704433113767839 0 0.04178292953016713 -4.544769892774525 -4.3771826096468285 -4.85803265312026 14.736294037668818 0.9800470915103182 -22.172765286116785
319 2871 0.04325620210327913 0 0.041782930199842305 -4.545173971903134 -4.378790084698323 -4.857431596674264 14.73584505362574 0.9804956258158506 -22.18516077423158
320 2880 0.045303847619426366 0 0.0417829230917134 -4.5444902997279755 -4.360497542360795 -4.856573898674025 14.737670515608675 0.9809229833004023 -22.15676609726783
321 2889 0.055902283466711514 0 0.04178291227556653 -4.5456406455265235 -4.375623712915489 -4.855488658106341 14.736778246040803 0.9815591657271577 -22.172058166174246
322 2898 0.06164331207748062 0 0.04178290782098949 -4.54573366286184 -4.380412840892735 -4.855540950666004 14.736412714602288 0.9814506191067207 -22.176662954233578
323 2907 0.061239695507762267 0 0.04178290965184028 -4.544830703351505 -4.360763526919235 -4.855284649797815 14.73761942916945 0.9815868617292327 -22.151591713149323
324 2916 0.06223575522080853 0 0.041782903570783916 -4.545963522376741 -4.380470168276107 -4.854670683006407 14.736243811675315 0.9819217795797416 -22.185648683523617
325 2925 0.06908698759384688 0 0.041782920075478014 -4.547136940598624 -4.392525058459077 -4.852830974948995 14.735419050227227 0.9828415161490268 -22.20923404580248
326 2934 0.06226244450965516 0 0.04178290839389513 -4.544465093659864 -4.348247455302963 -4.8549857976556 14.73834383718521 0.9819779852194144 -22.123838921133355
327 2943 0.05974734313109091 0 0.04178291539947748 -4.545800208619894 -4.38493295234882 -4.855973179617617 14.73532060707261 0.981227141053775 -22.185427548989324
328 2952 0.05235420974455773 0 0.04178290815852219 -4.545854540018813 -4.377636911288023 -4.8549024611186375 14.736278894316927 0.9818872573087525 -22.16716155412303
329 2961 0.04713408459861145 0 0.04178290666971243 -4.5455350954046265 -4.376545095435154 -4.855293187290613 14.73603973609105 0.9815660152507721 -22.17068637567271
330 2970 0.04672309889259095 0 0.041782905050678165 -4.544644223533927 -4.352936635796819 -4.854800088959503 14.737631452838011 0.9820070237281001 -22.13150521863918
331 2979 0.04893860564723047 0 0.0417828994307346 -4.544655345395649 -4.359353213669805 -4.85555780334069 14.737745744229345 0.9815558117783683 -22.134611841134973
332 2988 0.052154273687986766 0 0.041782900397184464 -4.545576079666378 -4.367116276704062 -4.853882987025756 14.736803192819403 0.9825200475020365 -22.15365179435515
333 2997 0.062182862017768174 0 0.041782896556794014 -4.5449419649192135 -4.3571546316408325 -4.854043349163339 14.737216591680204 0.9824831464131039 -22.13583304307902
334 3006 0.06853250421449994 0 0.041782889879384014 -4.5447818046534465 -4.347322540171058 -4.853069926129164 14.738194570925458 0.9830033359671215 -22.125700806604062
335 3015 0.07791741354811138 0 0.04178289920559017 -4.543637398760967 -4.323842898082473 -4.853129820818167 14.739659722817327 0.9831407139219924 -22.080823462685117
336 3024 0.0801748516438817 0 0.04178288789557019 -4.545112742030829 -4.349360248933217 -4.851817128803032 14.737884796684648 0.9835576472411909 -22.13190052482473
337 3033 0.07674383609416896 0 0.041782885706314984 -4.544800272207045 -4.3455269332806115 -4.851956995797071 14.737973658631578 0.9834086433614649 -22.121816842216198
338 3042 0.08355752476430373 0 0.041782889004437856 -4.5424027155673325 -4.301815184641938 -4.852095674950974 14.740142830319154 0.9836553322707111 -22.03210196621656
339 3051 0.09543426525242206 0 0.041782886017301124 -4.54230571905554 -4.307085647658577 -4.852824502380523 14.739397918125539 0.9831324156110489 -22.03719669385779
340 3060 0.10914429495288253 0 0.04178288419651488 -4.541034913027865 -4.2767328171071135 -4.851220588958266 14.741195979200889 0.9841038854944754 -21.982051877912028
341 3069 0.1079071812773165 0 0.04178289418092335 -4.541601121147409 -4.283320525144429 -4.851028689436914 14.740812840509564 0.984070900010959 -22.008272661092988
342 3078 0.1054906712369077 0 0.04178289102940716 -4.541656881879591 -4.282135734983647 -4.849689506642803 14.740556424959104 0.9846382061130862 -22.01848154366377
343 3087 0.11060658180939265 0 0.0417828879407873 -4.54229653590118 -4.29852140715068 -4.850633671067979 14.739476624993987 0.9841068249627467 -22.05329766803656
344 3096 0.10906314289882135 0 0.04178288536204754 -4.540979455724779 -4.288774731818346 -4.853507463951168 14.73994044170595 0.9828194325093662 -22.022848640263323
345 3105 0.1047338812123359 0 0.0417828832099946 -4.541049074347432 -4.282891333184634 -4.852137825098661 14.74052435169638 0.9835687212780834 -22.02527851224968
346 3114 0.08976721930073102 0 0.04178288391088418 -4.541042961414965 -4.275204487371966 -4.850675238461812 14.741221292026959 0.9842641473481036 -22.008963137796616
347 3123 0.0893568533553619 0 0.04178288313396196 -4.540741363603256 -4.27751262469977 -4.852058659474272 14.74068668316728 0.9835609741884794 -21.984294812094145
348 3132 0.08179763135710846 0 0.04178288453402744 -4.539817274748018 -4.260462248344201 -4.8522510458069465 14.742427932207445 0.9835293643195704 -21.955328140666964
349 3141 0.07924932692787498 0 0.041782884003548376 -4.542026845916236 -4.291568463309553 -4.851037547793727 14.740799168126456 0.9841461469043524 -22.03080651298554
350 3150 0.06645943978270556 0 0.04178288529736575 -4.541579702312647 -4.290187004958458 -4.852162159377574 14.7404624559751 0.9834918049067223 -22.033424538688347
351 3159 0.06150037127049822 0 0.04178287810808838 -4.540661096777955 -4.273481634318567 -4.852061772507931 14.742202620542518 0.9836214210053493 -21.97938161594026
352 3168 0.055872311759649435 0 0.041782877445007235 -4.540730753697786 -4.273875297207802 -4.851757081921935 14.741997485287088 0.9837945705918519 -21.995508347146597
353 3177 0.05532374920542919 0 0.04178287734818813 -4.541131845397532 -4.282421095577465 -4.852023758191785 14.741480023198 0.9836653319578292 -21.99505637255112
354 3186 0.05219933833402665 0 0.041782878294226306 -4.541332286435688 -4.288884326575887 -4.852372478900412 14.740853517694458 0.9833017738172777 -22.012664688540095
355 3195 0.05394786484966995 0 0.0417828736817335 -4.540816526635106 -4.27563662851177 -4.851889071163829 14.742368790482653 0.9837347945363778 -21.98887393904975
356 3204 0.0545173692668326 0 0.04178287555965446 -4.541136260532394 -4.280327446751115 -4.851914381226997 14.742177238055366 0.9837132830070561 -22.007524845101905
357 3213 0.05161879819162363 0 0.041782874600552786 -4.5415130624556665 -4.286389550698058 -4.851659949383559 14.741779982600276 0.9837980972219442 -22.007572728933816
358 3222 0.0516683371616468 0 0.041782875929658514 -4.541571581759322 -4.2922304819014085 -4.852624388369041 14.741612309012323 0.9832839276381674 -22.024968841593555
359 3231 0.04869188629053142 0 0.041782875695358324 -4.540982220605243 -4.277521696483658 -4.851579779824825 14.742041231404375 0.9838169849302812 -21.99381204727512
360 3240 0.04634517832464314 0 0.04178287422902603 -4.54020407390193 -4.265634174962773 -4.851851520721374 14.74288655815486 0.9837141042303775 -21.972142895214972
361 3249 0.04408954181997641 0 0.041782872591235476 -4.5409587308485975 -4.281176428214984 -4.85242643049627 14.742163241400009 0.9833715698258578 -22.00041407775601
362 3258 0.04237286043923706 0 0.04178287241204086 -4.540655109891421 -4.271112145965056 -4.851404465933205 14.742702208190938 0.9839484036165107 -21.981644058403663
363 3267 0.039525339090312105 0 0.041782872122558434 -4.540718975484709 -4.275202235537459 -4.852298975534003 14.74277452647053 0.9835373497440586 -21.980885620013453
364 3276 0.03927115495963973 0 0.041782871246818676 -4.540253906549577 -4.268794273502916 -4.852260706572012 14.742801999754718 0.983514019151922 -21.966792563126468
365 3285 0.04181235240556478 0 0.041782871751873146 -4.540401332292525 -4.273624792087148 -4.852859194317208 14.742774195160885 0.9832085413146264 -21.97223446047436
366 3294 0.044102225287574674 0 0.04178287064460673 -4.540455840306104 -4.27392542351097 -4.8527352497918095 14.742902171294528 0.9832299533736081 -21.973176498282776
367 3303 0.038603102740234096 0 0.04178287102713349 -4.5401550705356275 -4.269367688443699 -4.852792371815557 14.742980811149224 0.9832285214498867 -21.968949408084328
368 3312 0.035187263354728895 0 0.041782870056452204 -4.5401445224822226 -4.266978672848826 -4.852442345673141 14.74327096136881 0.9834580963696639 -21.963872595203956
369 3321 0.030678525845795328 0 0.041782870521722845 -4.540395798676149 -4.271620622256672 -4.852464813363231 14.742888482714438 0.9834216789905875 -21.975618086793133
370 3330 0.03449634509766942 0 0.04178287025253921 -4.540054213873319 -4.262298723289017 -4.851770265691593 14.743507802377893 0.9838204541599673 -21.960146645415236
371 3339 0.038494060766716104 0 0.041782870098263494 -4.539975423226991 -4.26408565004193 -4.852278338289648 14.743290075245568 0.9835191858662925 -21.96525780737503
372 3348 0.041392956810119105 0 0.04178287081050194 -4.539714542820119 -4.258013324272779 -4.852042903470074 14.743849545731294 0.9836481230035212 -21.95128829571189
373 3357 0.04049235901511671 0 0.04178286996927848 -4.540146720962267 -4.264373096103445 -4.851858585149514 14.743378985162233 0.9837637570707548 -21.968935110492396
374 3366 0.03841808330925634 0 0.041782870755637136 -4.539739500373258 -4.255382995104612 -4.851321459045319 14.743932224273767 0.9840203482089339 -21.9553885900202
375 3375 0.03397142335428567 0 0.04178287038323664 -4.54025275829827 -4.267124959435221 -4.852026883266335 14.743109345708904 0.983669263558056 -21.96833229323174
376 3384 0.029411970451200146 0 0.04178286979213437 -4.540374440471415 -4.26911842054475 -4.8520520069969475 14.743096245773815 0.9836585834746566 -21.976467505260956
377 3393 0.029881222514482872 0 0.04178287061310698 -4.540111625817133 -4.269051801229986 -4.852911633034721 14.74314552712742 0.9831763253245885 -21.969136209588065
378 3402 0.03142383259101278 0 0.04178287110502811 -4.540482073509147 -4.274331199456748 -4.852845520664502 14.742819831923864 0.9832585605625654 -21.97831687663705
379 3411 0.033034128835448144 0 0.04178287136112853 -4.53985147558075 -4.264682167601209 -4.85303303101048 14.743444758430883 0.983160310456346 -21.958605212147038
380 3420 0.03341423608780803 0 0.04178287051675457 -4.539863496436465 -4.266016612813349 -4.853173335289441 14.743341009606143 0.983067055072382 -21.958685548560865
381 3429 0.03212984521322879 0 0.04178287086582207 -4.539717872081814 -4.263903790493504 -4.85324316080957 14.74347076749378 0.9830340109445683 -21.952259230479754
382 3438 0.028928354553264188 0 0.04178287038342429 -4.539893843360334 -4.263206123033461 -4.852472384309213 14.74334848913707 0.9834741805854939 -21.954997709305218
383 3447 0.027251151801096593 0 0.04178287025815697 -4.5397411181237155 -4.262107722327466 -4.8527459527102526 14.743498517769321 0.9832905290149024 -21.955844493418667
384 3456 0.026744723043622954 0 0.041782870220758925 -4.539811455303841 -4.262085331152896 -4.852486693481098 14.74340950566961 0.9834442825621419 -21.95268150495971
385 3465 0.030351894256536838 0 0.04178286964602124 -4.539621786718039 -4.256627007640267 -4.8519682499838215 14.743812345303297 0.9837012771588933 -21.94340079823608
386 3474 0.030453165814301648 0 0.04178286973536521 -4.5396711425337655 -4.258679038367837 -4.852305366188095 14.743694287730255 0.9835810099927326 -21.947220322628965
387 3483 0.028444552134557426 0 0.041782869307527434 -4.539571998360923 -4.25605365300568 -4.852026855725431 14.743854686357238 0.9836879073200757 -21.943541508890114
388 3492 0.030543570435668327 0 0.04178286917230373 -4.5393349833774295 -4.253212322488408 -4.852177952374748 14.74401553215261 0.9835900173783568 -21.93473169486961
389 3501 0.03192072207106912 0 0.04178286885638903 -4.539354537031409 -4.254800090084615 -4.852513784032569 14.74404347843832 0.9834246185817748 -21.932007400776264
390 3510 0.03712920155467711 0 0.04178286862454944 -4.53941130824154 -4.253216644697767 -4.851987405747793 14.744146824873646 0.9837198266654362 -21.926414243490896
391 3519 0.03899381940867279 0 0.041782869390249264 -4.538979130781315 -4.2463388419343415 -4.851945268254168 14.744440313356373 0.9837326675267479 -21.91564294695381
392 3528 0.039463118470794284 0 0.04178286914151899 -4.5389914855861795 -4.246547671679884 -4.8519760787144355 14.744559721443261 0.9837333275743058 -21.915146972232872
393 3537 0.03537169920016522 0 0.04178286966961883 -4.539376296839631 -4.252580331839654 -4.8519316787471185 14.744053225362638 0.9837540134409123 -21.93001808440458
394 3546 0.03047881225911242 0 0.041782869356278646 -4.5390902893392795 -4.247254339059674 -4.851825973929198 14.744453310876105 0.9838107860430434 -21.921050918785426
395 3555 0.027511023165537538 0 0.04178286867720671 -4.53920655677823 -4.250268251755002 -4.852083249051063 14.74433353578307 0.9836900992328194 -21.92113724663508
396 3564 0.027393981284297927 0 0.041782868759586464 -4.539405537640407 -4.254171582354387 -4.852244823122939 14.744105422639528 0.9835809941742983 -21.928761539331486
397 3573 0.027025602410118574 0 0.04178286848250774 -4.539260319357018 -4.251567168711331 -4.8522086386025665 14.744321690543584 0.9836100301825341 -21.92783829257235
398 3582 0.026796826557419665 0 0.04178286839210893 -4.539562422007227 -4.2543776411251795 -4.851705718314692 14.744093521718776 0.9838481793209322 -21.934763509426908
399 3591 0.02802619339279227 0 0.04178286848288966 -4.539747745549921 -4.259462949112808 -4.8521934984576465 14.74379344346888 0.9836058851094441 -21.94152383138707
400 3600 0.026824204667492565 0 0.041782868591833874 -4.539582389442295 -4.2569591211118345 -4.852214825156226 14.743944678166597 0.9835935564474892 -21.9383923046824
401 3609 0.0238064940769941 0 0.04178286833536017 -4.539487090177154 -4.255372767164876 -4.85220482530248 14.744054300245201 0.9835961377759953 -21.935670637448872
402 3618 0.023132483483795412 0 0.041782868641393967 -4.539475508200688 -4.253769229674329 -4.851935701375745 14.744159685786746 0.9837465897941583 -21.933376293885136
403 3627 0.0231137862064398 0 0.04178286841581333 -4.539321778910164 -4.252234040491997 -4.852055216605431 14.744263551757154 0.9836467833486555 -21.925653495073128
404 3636 0.02322893089044328 0 0.04178286835204573 -4.539446352282014 -4.254869083475446 -4.852247090983932 14.744108466950896 0.9835732475296917 -21.928275485317005
405 3645 0.025846885115048575 0 0.0417828688783342 -4.53989208194369 -4.262233526186008 -4.852276367887583 14.743600345737274 0.9835489773882521 -21.947948744335676
406 3654 0.030268273469172265 0 0.0417828685722712 -4.539587446634892 -4.257642403514036 -4.85235745073982 14.743902608048998 0.9835224985143961 -21.928738351921265
407 3663 0.03414578890766127 0 0.04178286848602386 -4.5392208343433 -4.251487981098683 -4.852329223631059 14.744307444942706 0.9835581908662838 -21.913641412513087
408 3672 0.036639328531182555 0 0.04178286866238369 -4.539004712489414 -4.2494318896097925 -4.852652192830393 14.744496708443316 0.9834006402287346 -21.90786594352714
409 3681 0.03501328215506719 0 0.04178286910761965 -4.5394860191268 -4.256560554129909 -4.852460904880565 14.743882537392704 0.9834735409600461 -21.933906024633327
410 3690 0.032349692183266665 0 0.04178286878463798 -4.539379023480162 -4.253806118312887 -4.852230772361873 14.744134128795023 0.9835893672813691 -21.919934230357466
411 3699 0.029976535038194328 0 0.041782868600786144 -4.539480690109286 -4.2537391947580545 -4.851906404937461 14.7441590933837 0.983761050526728 -21.925277148393246
412 3708 0.026604604505728543 0 0.04178286841855727 -4.539114664889756 -4.249337344020088 -4.8521649228624995 14.744414538663168 0.9836176978638617 -21.918392438063584
413 3717 0.027790170655072884 0 0.04178286850606554 -4.53900114699112 -4.24695626491162 -4.852026149874061 14.74459346979356 0.9836743988658089 -21.907007481694784
414 3726 0.026945693744742174 0 0.041782868254606836 -4.538976586100492 -4.2468975662409525 -4.852112704220362 14.744620747565907 0.9836378054354081 -21.900050801619198
415 3735 0.025033837150159558 0 0.04178286849719995 -4.539118638819147 -4.249201950195852 -4.852092682300656 14.744462389159022 0.9836307646184627 -21.911212658218226
416 3744 0.022142160403772246 0 0.041782868365947315 -4.5391319297497175 -4.248477511353888 -4.851898202546352 14.74448781649574 0.983739738452159 -21.914552926815134
417 3753 0.01940230576546385 0 0.04178286823098851 -4.539054417015817 -4.248034203677753 -4.852097925378932 14.744552453020717 0.9836513356611293 -21.905335091832246
418 3762 0.017674927335701168 0 0.04178286823339171 -4.539037976453398 -4.247574981101728 -4.852041089931838 14.744566584628636 0.9836727127068678 -21.908641237565682
419 3771 0.016097980816593964 0 0.04178286812447744 -4.539058366080385 -4.247750708962927 -4.852029189472801 14.74454837713518 0.9836945889141858 -21.905271783501703
420 3780 0.016306084473000904 0 0.041782868147847485 -4.539060377126629 -4.2477288052364255 -4.852038258710812 14.744556236701202 0.983699613442428 -21.908450354439
421 3789 0.016034948649180324 0 0.04178286811003637 -4.539003501853033 -4.246800028747666 -4.852023427197247 14.74460867216458 0.9837072397482058 -21.90071206896587
422 3798 0.01977547537338851 0 0.04178286802994069 -4.539128894317734 -4.248010602165988 -4.851860385924023 14.744528948429876 0.983797947120059 -21.902978118829598
423 3807 0.02023214209422383 0 0.04178286811928163 -4.538842708285106 -4.243502230169282 -4.851893561002278 14.74483642805145 0.983797568783436 -21.89233792335804
424 3816 0.017635231572912965 0 0.041782868092193184 -4.538866139423747 -4.244710389806532 -4.852057674988395 14.74475834075103 0.983698719229678 -21.89638987386009
425 3825 0.019095125281244064 0 0.0417828681304131 -4.53872244281715 -4.241734345710906 -4.8519012173071046 14.744951550049246 0.9837835617100064 -21.894392982988805
426 3834 0.020947145437768457 0 0.04178286807222295 -4.538842038015275 -4.243135294456587 -4.851800605926106 14.74485366845763 0.9838410570200293 -21.8994864866848
427 3843 0.02035593709651461 0 0.041782868146014146 -4.539048725027958 -4.246154778563779 -4.85173346396745 14.744654053162375 0.983869032514227 -21.907856494561873
428 3852 0.01720612066197761 0 0.04178286808453319 -4.538959121563104 -4.245143089162972 -4.851814186045313 14.744722215675598 0.9838197434262945 -21.900623310087713
429 3861 0.015008434117882604 0 0.04178286804813562 -4.539022658455448 -4.246269020351865 -4.851841084955443 14.744641417437274 0.9838047452399796 -21.90608652786742
430 3870 0.013574046032624425 0 0.0417828680210737 -4.5390744843992525 -4.246713871371677 -4.851770193728519 14.74461421445442 0.9838497809540476 -21.908514409058675
431 3879 0.013394458568194729 0 0.041782867979367255 -4.539052594406279 -4.246622218926585 -4.851831250870708 14.744631118330258 0.9838187671168972 -21.904147249221822
432 3888 0.012779453765213104 0 0.041782867990354786 -4.539147179089917 -4.248829845777827 -4.851972558982701 14.744492583222925 0.983732303491467 -21.908541803356766
433 3897 0.010800699121084445 0 0.041782868015514285 -4.539114094677222 -4.247670949185963 -4.851833684807148 14.7445595078644 0.9838088215757514 -21.908602225344726
434 3906 0.010005567334631434 0 0.041782868004070856 -4.5391071295807315 -4.24757754015251 -4.851842215555341 14.744561968846574 0.9838073310254031 -21.908430262955022
435 3915 0.009532454719786032 0 0.04178286798026433 -4.539039949966457 -4.246919539096433 -4.851930015492197 14.744616192980553 0.9837583028722748 -21.90500160755337
436 3924 0.009737342407374195 0 0.041782867992631534 -4.539129336934538 -4.248185969976733 -4.8519049488937585 14.744530232690423 0.9837758914034033 -21.905234730332886
437 3933 0.009555273273870627 0 0.041782867997935444 -4.539037193338508 -4.2473523211609345 -4.852045674778289 14.744596653284972 0.9837028542788723 -21.901750823644175
438 3942 0.008316369704845103 0 0.04178286796220887 -4.539152218397586 -4.2488920480249535 -4.85197436332903 14.744491129702945 0.983734358834479 -21.907260589675612
439 3951 0.007892452602420766 0 0.04178286799660516 -4.539131921211154 -4.248552006560929 -4.851970490590044 14.744510732904208 0.9837363018019313 -21.907553144381346
440 3960 0.008787716882075086 0 0.04178286797591502 -4.539082914038316 -4.2479141073535605 -4.852007983458202 14.744558086820984 0.9837207394953947 -21.901026271872382
441 3969 0.0075129997124508555 0 0.041782867985836636 -4.539095132856565 -4.248121913083369 -4.8520035863266235 14.744541273393963 0.983718838191874 -21.90495837129943
442 3978 0.007325810431760381 0 0.04178286797657102 -4.539069067822531 -4.247887761632357 -4.852044831817825 14.744562200126781 0.9836976106433567 -21.903002118124828
443 3987 0.006862528962714701 0 0.04178286796597841 -4.539075133553811 -4.247870095700528 -4.852018502646571 14.74456231654115 0.9837108440862397 -21.90377297972425
444 3996 0.006870740510486938 0 0.04178286798993461 -4.5390653265027545 -4.247927295613349 -4.852062497142566 14.744561943448215 0.9836847499846056 -21.90388075537972
445 4005 0.006510164835214902 0 0.04178286797891273 -4.538994927101023 -4.246291439188805 -4.851949037130076 14.744661837655237 0.9837478197091192 -21.901426732585488
446 4014 0.00664055851997784 0 0.041782867968088694 -4.539023792051829 -4.246627911400177 -4.851923517451114 14.744637161034746 0.98376266100341 -21.90299341068768
447 4023 0.005798140393166528 0 0.041782867961432546 -4.539040938152574 -4.246944326899288 -4.851940178111021 14.744616609986009 0.9837581179425866 -21.901836828641677
448 4032 0.005564546624682609 0 0.04178286795914722 -4.539068241506215 -4.247609778173088 -4.8519888100248725 14.744577182527241 0.9837293927652725 -21.903972591175926
449 4041 0.0047517286144993145 0 0.04178286797011059 -4.539115536900938 -4.248276279745843 -4.851969060295931 14.74453075416584 0.983738950897127 -21.90611756800491
450 4050 0.00441054731419496 0 0.041782867965662635 -4.539033799230905 -4.246782201460477 -4.851928191465913 14.744626970884452 0.9837638956237522 -21.902411938711232
451 4059 0.004309371896570683 0 0.04178286796155534 -4.53907444438169 -4.247326164529865 -4.851902238832371 14.744588725807919 0.983774959392176 -21.904333536559463
452 4068 0.003722515653040114 0 0.041782867964333725 -4.5390555613868475 -4.247210841653828 -4.851945957999575 14.74460064538542 0.9837531264312358 -21.90318945912327
453 4077 0.003389984028757041 0 0.04178286795704543 -4.5390772086142155 -4.247511460017761 -4.85193615659501 14.74457976268305 0.9837580635701917 -21.904755764153112
454 4086 0.003097959406911638 0 0.04178286795871866 -4.5390947475611645 -4.247699225567259 -4.851916548486189 14.744565768089833 0.9837690558418511 -21.90487596032132
455 4095 0.0030751574667598498 0 0.04178286795746629 -4.539095686197206 -4.24794448575984 -4.851967211182395 14.744553328314225 0.9837414018988798 -21.904738109322317
456 4104 0.0030897052303583586 0 0.041782867964612655 -4.5390915391459625 -4.247844048055988 -4.8519566128326534 14.744558530398097 0.9837454230999674 -21.905034899809433
457 4113 0.0028701842130433993 0 0.041782867959719375 -4.539088469613201 -4.247803660168492 -4.851959448707066 14.744562277393275 0.9837442924884012 -21.904904553263748
458 4122 0.002530223238919803 0 0.04178286795672989 -4.5391022776829315 -4.248018096285112 -4.851960168086392 14.74454788018225 0.9837449914718106 -21.904656850715675
459 4131 0.002360645841185589 0 0.04178286796007959 -4.539101099685765 -4.247956397622224 -4.85195120949415 14.744551351245075 0.9837500316249194 -21.90483074197701
460 4140 0.0021154183285823458 0 0.04178286795999277 -4.539108824092314 -4.248131093555428 -4.851959939160635 14.74454023863197 0.9837435164269647 -21.905289135839578
461 4149 0.0018353066079278488 0 0.041782867959845676 -4.539096296290112 -4.247939257032375 -4.85196187380901 14.74455298411514 0.9837429446933686 -21.904763237600676
462 4158 0.0019332271215568777 0 0.04178286796044593 -4.539072210120633 -4.247500676719194 -4.851949188788056 14.744581369134435 0.9837499316540931 -21.90410593211168
463 4167 0.0021286706010979445 0 0.04178286795878269 -4.5391038201291485 -4.247954550150922 -4.851937192180839 14.744549902472158 0.9837551171600979 -21.905220975604554
464 4176 0.0021784550806648153 0 0.04178286795674356 -4.53910476406764 -4.247956153244355 -4.851934454643277 14.744550071024038 0.9837567242807777 -21.90551758067354
465 4185 0.002309308731771917 0 0.041782867958387274 -4.539107353180422 -4.247935853565336 -4.851918737420453 14.744550053254125 0.983763765455799 -21.906054511379576
466 4194 0.002116209787100263 0 0.04178286795812357 -4.539117008444312 -4.248210779944444 -4.851947479989587 14.74453372881961 0.9837493239164694 -21.90557265714793
467 4203 0.002107247394166514 0 0.0417828679566522 -4.539106421032397 -4.24795692465074 -4.8519296867155175 14.744549749016349 0.9837597424289348 -21.905399210405573
468 4212 0.002058759612012509 0 0.041782867955347 -4.539124367181172 -4.248181383100274 -4.851917311363873 14.744533670825708 0.9837670196846882 -21.905774427128463
469 4221 0.0018433343598758644 0 0.04178286795580238 -4.539091316674711 -4.24775359135429 -4.851938948940594 14.74456392839857 0.983755786103791 -21.904810014813293
470 4230 0.001675512165772204 0 0.041782867956288605 -4.53909149058471 -4.247740614380347 -4.851936011480294 14.744564307461818 0.9837577558212529 -21.90466725324892
471 4239 0.0015686101687916898 0 0.04178286795522042 -4.539116149435522 -4.248059212505849 -4.851918386626963 14.744542248830872 0.9837659587803036 -21.905718756787532
472 4248 0.0017470130695623762 0 0.041782867954162375 -4.539093061222522 -4.247689269917217 -4.851918397935777 14.74456688655813 0.983766645510005 -21.905032161882254
473 4257 0.0016959992912641195 0 0.04178286795584914 -4.53909800144756 -4.247849365227393 -4.851938052908858 14.744557782901364 0.9837570777551293 -21.90518110764209
474 4266 0.0016804396029297482 0 0.0417828679547845 -4.5391108436604375 -4.247948672961002 -4.851914094480615 14.74454947600914 0.983769331556023 -21.905765430955537
475 4275 0.001739042092477751 0 0.04178286795408319 -4.539092527220054 -4.247647758084721 -4.851911023630144 14.744569082808935 0.9837705853019147 -21.90517370757612
476 4284 0.0017508381784120466 0 0.041782867956929384 -4.539093878130282 -4.247717425624339 -4.851922532373163 14.744565224461514 0.983764938070104 -21.905137952867832
477 4293 0.001683577233152437 0 0.04178286795477697 -4.539075007313166 -4.247384163950804 -4.851916196868011 14.744587046884549 0.98376923395725 -21.904663869363535
478 4302 0.0014742670935173987 0 0.04178286795387655 -4.539092024320045 -4.247664854005643 -4.851916277022576 14.744568412627157 0.9837675413133513 -21.905334033057166
479 4311 0.0012458246798333554 0 0.04178286795673862 -4.5390973106070955 -4.247792794232692 -4.8519268151313755 14.74456061717543 0.9837623082936244 -21.905343147191314
480 4320 0.0010907108318178112 0 0.0417828679534078 -4.539094931272585 -4.247753115907519 -4.851926244764174 14.74456320886314 0.9837625770743578 -21.90525551379654
481 4329 0.0011167654005559762 0 0.04178286795208859 -4.539094815768743 -4.247801174918996 -4.851937435449909 14.744560827069694 0.9837566384527232 -21.905263912513487
482 4338 0.001154822592141425 0 0.041782867951703856 -4.539103778184902 -4.247906435410811 -4.85192895117385 14.744553199343292 0.9837608958431397 -21.9055132565578
483 4347 0.0012929328122496192 0 0.04178286795338909 -4.539097164302916 -4.247821656990308 -4.851932275174036 14.74455925330924 0.9837584568571058 -21.905458163171893
484 4356 0.0012345602700552382 0 0.04178286795405929 -4.539098578254923 -4.247767474551688 -4.851916250045298 14.744561722618947 0.9837676892555676 -21.90552552684518
485 4365 0.0010835206123061237 0 0.04178286795313414 -4.539105257158795 -4.247888724938334 -4.851919139286127 14.744553884582489 0.9837657152281961 -21.90566861273388
486 4374 0.0011099905170967087 0 0.04178286795452349 -4.539091940835008 -4.247723199907523 -4.851930672284731 14.744565657370817 0.9837605224556009 -21.9049076752212
487 4383 0.0011532324980380196 0 0.0417828679542703 -4.539085186991724 -4.247642760334237 -4.851935556582282 14.744571337941878 0.983757254135623 -21.90490978103994
