% # columns="iteration, evaluation, sigma, max axis length,  min axis length, all principal axes lengths  (sorted square roots of eigenvalues of C)", seed=372758, Thu Nov 30 11:17:48 2023
1 9 1.9538026539485913 1.0000416675347343 1.0 1.0 1.0000083333680556 1.0000166668055563 1.0000250003125026 1.0000333338888951 1.0000416675347343
2 18 1.8760916370357543 1.142621411121995 0.8946895269714213 0.8946895269714213 0.9567759232597244 0.9798552171480782 1.0040797620613426 1.045495261247782 1.142621411121995
3 27 1.9506970395565766 1.1738314013808666 0.8238963720090884 0.8238963720090884 0.9058614139537674 0.9354547804303005 1.0032834523148015 1.0714443618991418 1.1738314013808666
4 36 1.7945223496270455 1.1869771874430448 0.8309573594050095 0.8309573594050095 0.8620887117982635 0.9665825789497084 1.0054678622356643 1.0609545328134689 1.1869771874430448
5 45 1.8031981094204426 1.11227663944906 0.8072303577890906 0.8072303577890906 0.8543408171597939 0.9034417701240943 1.0168807170310454 1.064276438773734 1.11227663944906
6 54 1.762918107813389 1.2216748054706146 0.7230771313985924 0.7230771313985924 0.8149822070873298 0.891644024927888 1.0130939745655203 1.0741520252417072 1.2216748054706146
7 63 1.6803032831225129 1.2225180529051065 0.6973122711263504 0.6973122711263504 0.7807949799828857 0.8989514355758106 0.9853518085960116 1.0625191363929793 1.2225180529051065
8 72 1.7496104256740386 1.202334983266765 0.6884173419360088 0.6884173419360088 0.7355705969691241 0.8644676130677718 1.0092999406540426 1.1052244354680292 1.202334983266765
9 81 2.105377268472087 1.2282708339836357 0.6520971359349872 0.6520971359349872 0.7309224046145484 0.848937085972362 1.0261365227704728 1.0971950429949113 1.2282708339836357
10 90 1.9326096517350755 1.4783597049603883 0.6248138373893074 0.6248138373893074 0.7285467337678219 0.8166946181000755 0.9487324903448332 1.0869940129201585 1.4783597049603883
11 99 1.6370039659069233 1.5132933309873822 0.6023465715648468 0.6023465715648468 0.6870216751195501 0.7971550607785979 0.8856463244060925 1.1036804818591843 1.5132933309873822
12 108 1.5456241720117998 1.4816413422958974 0.5728571319168885 0.5728571319168885 0.6762298128126258 0.7980270064800454 0.8090490057185141 1.1426467072962743 1.4816413422958974
13 117 1.5401046421292082 1.4583032648358587 0.5726046932161217 0.5726046932161217 0.6621127550011522 0.7847719494002865 0.821289905903532 1.1612783234062147 1.4583032648358587
14 126 1.5489742295182063 1.4402774370632796 0.5432968873417501 0.5432968873417501 0.6818498374010198 0.7647061889071999 0.8440222901648959 1.1043643163654024 1.4402774370632796
15 135 1.4056052397409 1.4105054467833291 0.5318227953315082 0.5318227953315082 0.6775597070103503 0.7385272315126369 0.8538450411785515 1.1387351384111921 1.4105054467833291
16 144 1.3724210251169044 1.398882146753758 0.5132088330520993 0.5132088330520993 0.6240324646336746 0.7001881079568116 0.8637145404064243 1.1313952788974018 1.398882146753758
17 153 1.3054907291299729 1.4137424463953265 0.45905132136440996 0.45905132136440996 0.6107177587710647 0.7119377675678586 0.9319483071089029 1.1097844699360677 1.4137424463953265
18 162 1.251107771734865 1.4000457338675034 0.4333668894202872 0.4333668894202872 0.6149394901961803 0.7128218892674671 0.9587884291179636 1.0608862445075902 1.4000457338675034
19 171 1.3194190499919551 1.3846984488210607 0.4158531584055723 0.4158531584055723 0.6006962939080768 0.6710403378322249 0.9915086203764112 1.0258103551986828 1.3846984488210607
20 180 1.2187850665057478 1.4356642427139354 0.39987926423629705 0.39987926423629705 0.6025070148320258 0.6372284684864191 0.9883177482891287 1.0255744658132657 1.4356642427139354
21 189 1.2315638542241403 1.510662555856126 0.3807582758882624 0.3807582758882624 0.5671761578314684 0.6120170585970254 0.9421244398558221 1.0346471149515135 1.510662555856126
22 198 1.0366691032213093 1.5433923363866953 0.3581846520620036 0.3581846520620036 0.5844284809864424 0.6097456590129268 0.8875909614307628 1.0186967449659377 1.5433923363866953
23 207 0.9032865117477255 1.4750536188121113 0.3334703294046514 0.3334703294046514 0.5600090502386933 0.6144267596651477 0.8832865193930518 1.040955222545505 1.4750536188121113
24 216 0.8553834517376518 1.415571325332899 0.3170223464638738 0.3170223464638738 0.5311250107237516 0.6142278960506845 0.8901819435447512 1.0125197908023047 1.415571325332899
25 225 0.7795358670206823 1.357352902263083 0.30742107553406456 0.30742107553406456 0.5330626414036324 0.6383616271694672 0.8694085655388241 0.9339712764865367 1.357352902263083
26 234 0.7749960448402237 1.3395035926456864 0.2892178191981606 0.2892178191981606 0.5247872500539134 0.6292505897636361 0.9089930277254464 0.9309972873898738 1.3395035926456864
27 243 0.7417178834160931 1.3822934016434156 0.2673531508282803 0.2673531508282803 0.5181752731031429 0.6209192242780924 0.8833745041046193 0.9251695626314324 1.3822934016434156
28 252 0.6254848952324624 1.3742509898809099 0.2570888618354301 0.2570888618354301 0.4965885771551007 0.6464192223689187 0.8509866403933107 0.9432785737909488 1.3742509898809099
29 261 0.6634272592508811 1.2854797156688056 0.25387708775829426 0.25387708775829426 0.46218677267491515 0.6585934495081524 0.8241562130467976 0.9476893879417074 1.2854797156688056
30 270 0.6596405608511717 1.2997983656410632 0.24538984830534857 0.24538984830534857 0.45889321483784984 0.663997061884671 0.8327393189275739 0.9385053348215447 1.2997983656410632
31 279 0.6806369674359476 1.2608286135509599 0.2409876242987893 0.2409876242987893 0.45336053405891674 0.6233717351332311 0.8430147294284259 0.9275401492613728 1.2608286135509599
32 288 0.682006097635496 1.2942989829777904 0.242641393373077 0.242641393373077 0.44656459857438363 0.5979066043312431 0.8407419989493065 0.9251201649886993 1.2942989829777904
33 297 0.6889374145042368 1.4022904869611679 0.21189739839459426 0.21189739839459426 0.4476312768076262 0.5953586385961455 0.8326892128657313 0.9123676448731773 1.4022904869611679
34 306 0.6520439795565506 1.4942483462526854 0.18943167829871185 0.18943167829871185 0.45065393584077246 0.597317508828982 0.7729510706849405 0.8937958633790001 1.4942483462526854
35 315 0.6704950514729179 1.4901022514722926 0.18369604009764073 0.18369604009764073 0.41857111502772676 0.5711353337748627 0.7633039561770565 0.9134534936579631 1.4901022514722926
36 324 0.7031023892442815 1.559375863204874 0.1795269028766413 0.1795269028766413 0.40796999017666286 0.5445274607767424 0.797064024588041 0.9187387526565224 1.559375863204874
37 333 0.6535085299027892 1.5872478340009974 0.18055198577847395 0.18055198577847395 0.3964692632615636 0.5546836014442404 0.7920398009376791 0.9128779889795405 1.5872478340009974
38 342 0.5612899190803297 1.547029960143344 0.17730088451351883 0.17730088451351883 0.3724635280797672 0.5531548684914291 0.7774164749796427 0.9052416432036923 1.547029960143344
39 351 0.49837026476872276 1.44024326599423 0.1650687908374255 0.1650687908374255 0.3704455387147425 0.5458682825288023 0.7612809916488412 0.9053443515259951 1.44024326599423
40 360 0.4615086566148717 1.4188902865150392 0.15999018635592926 0.15999018635592926 0.3436321754474049 0.5522322150560662 0.7326653939772433 0.8785142475774089 1.4188902865150392
41 369 0.37201213699978897 1.4217814296237477 0.14921962193290897 0.14921962193290897 0.3198525235817269 0.5386514212150024 0.7441029034480935 0.9015666111446783 1.4217814296237477
42 378 0.33116081125942837 1.4182724099386077 0.13203149147709048 0.13203149147709048 0.3148731019216093 0.5322767551204062 0.7336346654485095 0.8704713674226221 1.4182724099386077
43 387 0.3102110324779727 1.420501144399548 0.12446845105457253 0.12446845105457253 0.30425609272773557 0.5082115918790819 0.756993468807454 0.8345749603530318 1.420501144399548
44 396 0.3264275452265327 1.4032229585887885 0.11167024499495551 0.11167024499495551 0.3013988937000837 0.49624989492056043 0.764275654955668 0.8365746067772805 1.4032229585887885
45 405 0.3011303624251971 1.4315997896732804 0.09955701783489415 0.09955701783489415 0.28819714409645875 0.48060373183585026 0.8313622287604656 0.8578185521997312 1.4315997896732804
46 414 0.27232932848832225 1.3725914533703332 0.09978213931528723 0.09978213931528723 0.2724920648630472 0.46185029482692297 0.810374110620352 0.8745720867745159 1.3725914533703332
47 423 0.2811104149780706 1.3658505601763045 0.09570655438927209 0.09570655438927209 0.2702840777323948 0.451772710187065 0.8119888856201823 0.8276118827942912 1.3658505601763045
48 432 0.27024971017527677 1.4330605907385203 0.09934721859780744 0.09934721859780744 0.2268892147254727 0.4581977365924144 0.7997729832261941 0.8311693835243446 1.4330605907385203
49 441 0.2613543008560803 1.4985070008736205 0.0988650952481002 0.0988650952481002 0.2009020335466441 0.44733518781281356 0.7994044362377739 0.8322195693714051 1.4985070008736205
50 450 0.2339471224516759 1.5534515586743272 0.09532980835013116 0.09532980835013116 0.1925514502120699 0.42536149599030654 0.7844564819522521 0.8265116158008393 1.5534515586743272
51 459 0.22875091150440793 1.5460858147825047 0.09051353186579982 0.09051353186579982 0.1886012119604984 0.391536580297872 0.7651915401306277 0.848495647044662 1.5460858147825047
52 468 0.20774792255731966 1.5188460981196232 0.08755677672181707 0.08755677672181707 0.17521060642682396 0.37477367948059637 0.7559514588343056 0.9269990497795312 1.5188460981196232
53 477 0.18287865958171115 1.5057455609794241 0.0842684816222672 0.0842684816222672 0.162765875435463 0.3872070831186062 0.730236969866747 0.8998004008144368 1.5057455609794241
54 486 0.16192335097653857 1.4483189139133856 0.08573605237367407 0.08573605237367407 0.16120769635452956 0.37503469488608976 0.6941967914452057 0.8696161662853059 1.4483189139133856
55 495 0.14373726727409716 1.469250542936536 0.08109008414791866 0.08109008414791866 0.15545937089248718 0.3668141912627841 0.6559022211056064 0.8842449929310977 1.469250542936536
56 504 0.13354732480213588 1.4611922286828523 0.0766281476823873 0.0766281476823873 0.1442892385744008 0.360095068972649 0.6443534237691011 0.8774203285483498 1.4611922286828523
57 513 0.13161749852312085 1.4299834623132632 0.07401713783308307 0.07401713783308307 0.1368886107434351 0.33883709430852643 0.6616871185527614 0.9020278830433716 1.4299834623132632
58 522 0.1282542422323345 1.465186759339858 0.07452315375569889 0.07452315375569889 0.1338030363540358 0.3131039078457235 0.7055452991159586 0.890908946148874 1.465186759339858
59 531 0.11633323913265281 1.446273692077443 0.07543635982915706 0.07543635982915706 0.13350669066943957 0.3013012979404428 0.6994184115563707 0.91482781352014 1.446273692077443
60 540 0.10532124738295771 1.4614407244655625 0.07250907281078728 0.07250907281078728 0.12954882496134398 0.2985938953721621 0.6906273952461894 0.8690669001491654 1.4614407244655625
61 549 0.09061579581514925 1.3902609766760137 0.0711327950733655 0.0711327950733655 0.12217922229236756 0.29813949210552027 0.686686179879056 0.8310278721542852 1.3902609766760137
62 558 0.08320049063992731 1.4148312615186909 0.0671888500999843 0.0671888500999843 0.12117238922739637 0.29849528870406844 0.6615863628804808 0.7707575076833303 1.4148312615186909
63 567 0.07680880806078684 1.460554048842978 0.06536893318702701 0.06536893318702701 0.11584852149400898 0.27229415564192955 0.6311594074878534 0.8459907835130696 1.460554048842978
64 576 0.06468922924330366 1.4717643217277738 0.06190743148937221 0.06190743148937221 0.1111453315288139 0.2708416509701712 0.6364516546860164 0.8230220925650538 1.4717643217277738
65 585 0.06212992731438696 1.4906426513221986 0.05878471442278503 0.05878471442278503 0.11092324549905332 0.2587085783455322 0.629996001392789 0.8180749425037375 1.4906426513221986
66 594 0.06231825225345414 1.4219539393019769 0.05588095030956222 0.05588095030956222 0.11073893765001695 0.25881202477486465 0.6149590310629487 0.8485484814200542 1.4219539393019769
67 603 0.05631064143678482 1.3966808263544621 0.051328465900373904 0.051328465900373904 0.10928806471874013 0.2689931500844765 0.5969704517735206 0.8674697437082902 1.3966808263544621
68 612 0.051867773879391524 1.4165172089390845 0.049336419987611575 0.049336419987611575 0.10187747601389646 0.27157896139536214 0.6075021588513938 0.8370093987488323 1.4165172089390845
69 621 0.04925904274042454 1.4206429377045497 0.04642951693129614 0.04642951693129614 0.10616150455761665 0.25735384007945444 0.6317736100079155 0.7922146403450645 1.4206429377045497
70 630 0.046333819734787236 1.4320247207631902 0.042844583540379864 0.042844583540379864 0.10010253870036498 0.2572084982708058 0.6537477989227943 0.8322878558111443 1.4320247207631902
71 639 0.04307469140430104 1.4893904149310329 0.04073640196700763 0.04073640196700763 0.10126351549869604 0.2614643835864888 0.6004769690108481 0.8234112831549251 1.4893904149310329
72 648 0.042139890816501775 1.519788282731517 0.0389077471716393 0.0389077471716393 0.09618722583662226 0.25278973577603386 0.5957660235063548 0.8580120808922036 1.519788282731517
73 657 0.04130016844551287 1.5186168297137803 0.03696582929196822 0.03696582929196822 0.0929397154270185 0.2653420504388976 0.5637609990674308 0.8526095622269887 1.5186168297137803
74 666 0.04353177901096538 1.5360668157666073 0.034880976562852654 0.034880976562852654 0.08918408133601331 0.2583843765700781 0.5686212855813175 0.862165927512162 1.5360668157666073
75 675 0.041871473675440286 1.7211578156786171 0.035093863861344436 0.035093863861344436 0.08698379813593504 0.23085200980281126 0.5705415493696455 0.8497419348806985 1.7211578156786171
76 684 0.0374877928029958 1.769892355037549 0.034589491397382266 0.034589491397382266 0.08242454895341801 0.22785883808126242 0.5609112318926691 0.8503598828739892 1.769892355037549
77 693 0.03903209467146979 1.7020239489255908 0.03361513552366663 0.03361513552366663 0.08177046900915147 0.21332995413378084 0.5544462684824681 0.8335744678580799 1.7020239489255908
78 702 0.039757691365001256 1.8474730371894357 0.03274082735449087 0.03274082735449087 0.07791567990113203 0.21384607227778735 0.5624904839619403 0.839444121962983 1.8474730371894357
79 711 0.033726466485146954 1.902214758946142 0.03143685688960809 0.03143685688960809 0.07595292874335494 0.21301342058172568 0.56253328329426 0.820405672766549 1.902214758946142
80 720 0.029471262025805627 1.8372399989149855 0.030696816869594207 0.030696816869594207 0.07493332335100548 0.2071679270538266 0.5309424693001553 0.8207933271840133 1.8372399989149855
81 729 0.028165054878828536 1.7346500849682034 0.029544374182750868 0.029544374182750868 0.07326892585473124 0.2090768615862985 0.5145841743176873 0.7880580231474744 1.7346500849682034
82 738 0.030528503960648226 1.7669113855738154 0.027573240646464096 0.027573240646464096 0.07364488195717003 0.21215603089952037 0.5119185727903734 0.7793430328756911 1.7669113855738154
83 747 0.030618842621458777 1.6819337808536123 0.027996910972101993 0.027996910972101993 0.07406043515395548 0.2229497748355663 0.4817780369221353 0.8364742693775826 1.6819337808536123
84 756 0.027937616694359745 1.6527431169350362 0.027674029030351818 0.027674029030351818 0.07019671291046554 0.21183696388479056 0.4798860911869453 0.8555118134313001 1.6527431169350362
85 765 0.027238285223533807 1.696952452821961 0.02763548925001262 0.02763548925001262 0.06751188730689965 0.21214225057492547 0.4510403492744071 0.8024299814606091 1.696952452821961
86 774 0.02541210815116582 1.651395486715705 0.027939931827370663 0.027939931827370663 0.06737959085511246 0.2013519337449543 0.46812017642616544 0.7754431611520449 1.651395486715705
87 783 0.02297946423743628 1.6555197433368767 0.027641384234556324 0.027641384234556324 0.06438507974464706 0.20185152597933023 0.45871241860672984 0.7709777218442454 1.6555197433368767
88 792 0.022801695384956945 1.6254826177136372 0.02674500538772068 0.02674500538772068 0.0633966410010783 0.2046201890321136 0.45817106028212623 0.720264396654554 1.6254826177136372
89 801 0.02083402561900538 1.6296128073178395 0.025991024415981043 0.025991024415981043 0.0639673490282844 0.1997037300904927 0.4396475113176968 0.7300933915325561 1.6296128073178395
90 810 0.019100239314384027 1.6136226461457985 0.025463478729414936 0.025463478729414936 0.06165903627219391 0.19844138243374138 0.4230554051494783 0.7183783852762979 1.6136226461457985
91 819 0.017263862048646137 1.6330961543316933 0.02555073140554744 0.02555073140554744 0.06235281468540065 0.19028330275137903 0.3913341552384289 0.7143387373862984 1.6330961543316933
92 828 0.017569084138693864 1.6105765461741977 0.025116795961781648 0.025116795961781648 0.06162471611260668 0.1878527417986862 0.366287575962464 0.7142819064759686 1.6105765461741977
93 837 0.019536630649005078 1.7031257920631826 0.024662034183663962 0.024662034183663962 0.060575597872152706 0.18132274713133859 0.348342376464505 0.7154976398546997 1.7031257920631826
94 846 0.01819649053429222 1.7583907809759238 0.02363406594184261 0.02363406594184261 0.06424158201956162 0.17885984128727858 0.3498124623453485 0.6760454851354544 1.7583907809759238
95 855 0.0181069014042131 1.6581506538050952 0.02336816999073067 0.02336816999073067 0.061786419599945915 0.1787411572884943 0.3392251716066205 0.6689083040838979 1.6581506538050952
96 864 0.0191292622094524 1.5973017614728808 0.024454064627193305 0.024454064627193305 0.06251259389056518 0.18162638793535454 0.3057309991169962 0.6620527856077045 1.5973017614728808
97 873 0.01903298826289428 1.4974895801533559 0.02427028877934328 0.02427028877934328 0.06291306136612845 0.17847809077133342 0.3293248508882882 0.6700225810267872 1.4974895801533559
98 882 0.01867790976263351 1.436850368261695 0.02400777359692613 0.02400777359692613 0.06321902403479253 0.17402680170738954 0.3238880997421831 0.6965569380163416 1.436850368261695
99 891 0.01782230995460316 1.4296280876147172 0.024576460874750267 0.024576460874750267 0.06174584483721303 0.16871384015635485 0.31483631059761996 0.6644662962975533 1.4296280876147172
100 900 0.016230585979952115 1.4739094510516841 0.023808708580854546 0.023808708580854546 0.05934049630970215 0.16414385509016985 0.30559624267847185 0.6995255764958412 1.4739094510516841
101 909 0.01443842334930264 1.3884246185903901 0.02269491882260782 0.02269491882260782 0.06000690918259682 0.15726454728935513 0.30113192162731184 0.708857795947591 1.3884246185903901
102 918 0.014180978253961007 1.3793265788762215 0.022649609327850203 0.022649609327850203 0.05738929108667566 0.15814523299524438 0.2822919513411364 0.6846221899905789 1.3793265788762215
103 927 0.01487226953600503 1.2974288760478103 0.023372072311295684 0.023372072311295684 0.06063281939588971 0.15334030280628924 0.26756941366392345 0.654548946691288 1.2974288760478103
104 936 0.014731028992721776 1.334464970645708 0.02415728143706923 0.02415728143706923 0.055615969109254385 0.1570531757786505 0.263291340640662 0.6338896461197813 1.334464970645708
105 945 0.014997480261485698 1.2852744334101447 0.023527989389653454 0.023527989389653454 0.054868377159958646 0.15645491352037058 0.24662605482401828 0.6765112805207975 1.2852744334101447
106 954 0.015211187872280697 1.3049110843985148 0.023398665211227902 0.023398665211227902 0.0534645117038958 0.14910642097622845 0.23114246148969114 0.7279256749119317 1.3049110843985148
107 963 0.013896214003096364 1.2622910446644096 0.022933002765334946 0.022933002765334946 0.051875042521413034 0.1444203414339049 0.22479905801105748 0.7619625471103728 1.2622910446644096
108 972 0.01205251748596358 1.1860456902553433 0.02279041267055159 0.02279041267055159 0.04981864712750532 0.1413281105308634 0.22182376143941088 0.7505233223438705 1.1860456902553433
109 981 0.012057934600427098 1.1350298066408429 0.022961885599661908 0.022961885599661908 0.04621003627707305 0.13960665015338924 0.21667015252285748 0.7339170862497301 1.1350298066408429
110 990 0.011788772821519198 1.2077210822104336 0.022490490001972376 0.022490490001972376 0.04411259505223431 0.13963899922896214 0.2035026864807317 0.7215020790835336 1.2077210822104336
111 999 0.011183395029207954 1.1966732578371104 0.02292722515771459 0.02292722515771459 0.04307510546369577 0.13432083289010424 0.19985190574027498 0.708043797281503 1.1966732578371104
112 1008 0.010442899465158119 1.2181458838557435 0.022158158554131398 0.022158158554131398 0.042522050515519376 0.1295304536099222 0.19501914256115413 0.6917788032191978 1.2181458838557435
113 1017 0.01035560301328721 1.2222238133860492 0.021190977594110247 0.021190977594110247 0.041548118209030684 0.12773952606871022 0.18143571804378883 0.7093185720112344 1.2222238133860492
114 1026 0.009485377288978272 1.3142418695587417 0.02140980017776708 0.02140980017776708 0.03983569924229066 0.12116086261654284 0.17804745037532999 0.6967345408044149 1.3142418695587417
115 1035 0.008959164444048455 1.3039198886602719 0.021869851905070903 0.021869851905070903 0.03956348145100053 0.11872274922669027 0.16148819716690951 0.6755079578256885 1.3039198886602719
116 1044 0.0091736014376901 1.3134227047730094 0.02149231015234092 0.02149231015234092 0.03777432446710909 0.11658345790574781 0.15382662446957418 0.6563086346469307 1.3134227047730094
117 1053 0.009811021973833328 1.3419646842030815 0.02204768025341777 0.02204768025341777 0.03777121000472524 0.10701030588971218 0.1494997598226445 0.6444061444671174 1.3419646842030815
118 1062 0.009750797919497881 1.2640853658064453 0.022376962638199247 0.022376962638199247 0.03924211482045691 0.11025437531981598 0.146666624804742 0.6339376512226649 1.2640853658064453
119 1071 0.010669247437781465 1.2022322331484967 0.021410090120598805 0.021410090120598805 0.03971901161086408 0.11057104092270943 0.13773528072149327 0.64828172423648 1.2022322331484967
120 1080 0.011869337164751541 1.1923194443047154 0.021155791089361553 0.021155791089361553 0.039223748726735945 0.11826300798340239 0.13128477041708925 0.6613608749284732 1.1923194443047154
121 1089 0.01255688875111091 1.1868707357683352 0.021932119851489924 0.021932119851489924 0.040112467241075034 0.11594858485493356 0.11891126471226782 0.6984821743992392 1.1868707357683352
122 1098 0.013488271362666539 1.2360131953052713 0.01957473367166226 0.01957473367166226 0.040530246161202786 0.11572859887836336 0.11964482455702569 0.7226660857963162 1.2360131953052713
123 1107 0.011748373170852689 1.1785177251419177 0.020983877455705287 0.020983877455705287 0.03942172835807026 0.11374856550256886 0.11843980256819778 0.7223617268239969 1.1785177251419177
124 1116 0.010488487044189794 1.0836008562682313 0.02016890558501618 0.02016890558501618 0.038558798192841456 0.11267785540393331 0.11610795361699337 0.7029017334307073 1.0836008562682313
125 1125 0.00928442255130977 1.0449059398648384 0.020586067740499404 0.020586067740499404 0.03657039355325062 0.1071338430293531 0.1101792687414819 0.7034807671090219 1.0449059398648384
126 1134 0.008792219287488584 1.0210012825393566 0.020551298757912423 0.020551298757912423 0.033739601721050595 0.10294112913997691 0.10878015309540282 0.7121086816062513 1.0210012825393566
127 1143 0.007668001285799719 1.011443701099101 0.019549286704677486 0.019549286704677486 0.03122270105030855 0.10408192751938017 0.11129099593288369 0.6982958736754682 1.011443701099101
128 1152 0.006819516360166925 0.9180839124276595 0.01994173637150681 0.01994173637150681 0.03042543164253947 0.09934432077439159 0.1094715858094047 0.6923504311308332 0.9180839124276595
129 1161 0.006591873606400725 0.9711857483034941 0.018951906753223932 0.018951906753223932 0.030175583434428065 0.09156898089596216 0.10743671655361932 0.6982172027620022 0.9711857483034941
130 1170 0.006329820736227026 0.9999272047666748 0.01892348514146904 0.01892348514146904 0.03011216504752167 0.0863756200952867 0.11020466266540886 0.6624069759971695 0.9999272047666748
131 1179 0.006848351015492656 0.9688119433945263 0.01819506581783136 0.01819506581783136 0.030258901303786116 0.08488097064908254 0.10789130194568802 0.6664661410905539 0.9688119433945263
132 1188 0.007502099042590198 0.9794610716346205 0.01705866394681281 0.01705866394681281 0.02889871594245325 0.08165052743210206 0.11019683388451072 0.7400834070915384 0.9794610716346205
133 1197 0.00812288025693043 0.985502288897947 0.017077769298060777 0.017077769298060777 0.028385412403246473 0.07868228680193472 0.10639926557162518 0.7482208618812547 0.985502288897947
134 1206 0.007957139661848718 0.9997657409723408 0.017117871481371057 0.017117871481371057 0.02599700047771862 0.07468008676020502 0.1083024299351975 0.7720497503284057 0.9997657409723408
135 1215 0.007602505662720443 0.9872566791476933 0.01754667361454154 0.01754667361454154 0.025156340283112994 0.07569643226238103 0.10531097907903679 0.7206256880603762 0.9872566791476933
136 1224 0.0074678747922490235 0.9974202335498287 0.016787675396519982 0.016787675396519982 0.023988583252647702 0.0742697349352271 0.1061406048415469 0.6808841625950333 0.9974202335498287
137 1233 0.006866566651685874 0.9929414416433792 0.016064958277688772 0.016064958277688772 0.023756462408645096 0.07101914969846783 0.10394393306429595 0.7059033473533655 0.9929414416433792
138 1242 0.006526353824025482 1.0067505715438037 0.015840154606241396 0.015840154606241396 0.02385499908397065 0.06696367612063465 0.09604535979765635 0.7120568660570105 1.0067505715438037
139 1251 0.00763739972715425 1.0238999031577973 0.015618906586872736 0.015618906586872736 0.022420262470370246 0.06838546490800679 0.09040199026393868 0.7065577986508008 1.0238999031577973
140 1260 0.008688454187842937 1.0817814923446416 0.015918433238481064 0.015918433238481064 0.022405704342780584 0.06854173999367624 0.09018820365338201 0.7043161852592518 1.0817814923446416
141 1269 0.00968849485031305 1.1475034767459737 0.015612046397979229 0.015612046397979229 0.02198821404028156 0.0690993996718566 0.09102012333667636 0.6787006880376913 1.1475034767459737
142 1278 0.011493088964863786 1.202294906925002 0.01568816118764676 0.01568816118764676 0.021222350731077914 0.06772743702464318 0.09027658138433797 0.6822470340773988 1.202294906925002
143 1287 0.013559261848786648 1.3818969141999569 0.014803383771865483 0.014803383771865483 0.020749176886528456 0.06553445957612304 0.08988202605742432 0.72616476477085 1.3818969141999569
144 1296 0.014403945053096954 1.3498201975618813 0.015396882194693318 0.015396882194693318 0.02067992003595878 0.06379662714115356 0.09554630239558679 0.7208028662053758 1.3498201975618813
145 1305 0.014818573940126154 1.3762684778024858 0.015241074660556088 0.015241074660556088 0.02056996600670363 0.059717138973678925 0.09148486886221772 0.7146983206133511 1.3762684778024858
146 1314 0.015886384078000523 1.3481812749806197 0.014808452377699474 0.014808452377699474 0.020623320779234365 0.059927570638671226 0.08596708084865287 0.7055194731435925 1.3481812749806197
147 1323 0.01921563417257724 1.2947981338683345 0.014392082036875335 0.014392082036875335 0.020738316848362064 0.05893181156281207 0.09573928634226377 0.6542387388018897 1.2947981338683345
148 1332 0.022243658473190132 1.5320784022358225 0.014260847415237836 0.014260847415237836 0.020755949487655193 0.05716312120810509 0.09679179556181539 0.6406126743131 1.5320784022358225
149 1341 0.02368526985127597 1.6239725748856677 0.014290226486957196 0.014290226486957196 0.02146169964533552 0.05490338864835466 0.09105258640933016 0.6408083191230733 1.6239725748856677
150 1350 0.02457595729662219 1.565783756670408 0.014528617039446247 0.014528617039446247 0.02077751323071883 0.05291393715868251 0.09316413068346707 0.6502403576053446 1.565783756670408
151 1359 0.023457629733820318 1.5401067570066336 0.015676032253771482 0.015676032253771482 0.020390349663708732 0.05176681230483183 0.08689765292630265 0.6476974124197143 1.5401067570066336
152 1368 0.021233081660298844 1.5257197265637015 0.01509393110126641 0.01509393110126641 0.018837496810481316 0.05028591915127251 0.0885139147142802 0.637339001317479 1.5257197265637015
153 1377 0.02266592938900557 1.4612451131982416 0.014542234323836091 0.014542234323836091 0.01855026741317883 0.05029349779331972 0.08638461928527866 0.6123607113348811 1.4612451131982416
154 1386 0.02234087158568795 1.5037374268031716 0.014112501018559718 0.014112501018559718 0.018510289264770424 0.04851450704947186 0.09193712109037674 0.5988225779768428 1.5037374268031716
155 1395 0.021348297689781914 1.5018246665110695 0.01385263984556086 0.01385263984556086 0.017816149968992553 0.04452335012405389 0.09602513060372483 0.5725512845547798 1.5018246665110695
156 1404 0.01935784682473185 1.5384130212497948 0.013544955504050932 0.013544955504050932 0.017558592419798857 0.043507436373913994 0.09565152994900786 0.536273591258018 1.5384130212497948
157 1413 0.017981251473202092 1.531446550528075 0.012471155278842952 0.012471155278842952 0.016982457312588402 0.04275873640480271 0.09525769535118837 0.518144937471397 1.531446550528075
158 1422 0.015081176061111451 1.5956408024318696 0.011189290625754548 0.011189290625754548 0.01738970142667527 0.0426170035858092 0.09469883098702464 0.5079868231762551 1.5956408024318696
159 1431 0.014609056280845922 1.484331761257088 0.01024750693882875 0.01024750693882875 0.017767158325811414 0.042807864730282225 0.0966003180073544 0.5149044803240735 1.484331761257088
160 1440 0.015574622140900022 1.5069733888393015 0.009937255951177051 0.009937255951177051 0.016684383620876504 0.043139385979284836 0.09615962252457856 0.5117058062877385 1.5069733888393015
161 1449 0.014990601866553642 1.4932554446194954 0.010941394398133096 0.010941394398133096 0.01601979198865828 0.04280129568384343 0.08679821686997578 0.5290041764117458 1.4932554446194954
162 1458 0.01555235856712616 1.4709111268238777 0.0106021227658842 0.0106021227658842 0.015418352954967676 0.04253565513535223 0.08072321751898448 0.537517279427272 1.4709111268238777
163 1467 0.01650693413966354 1.4521234814006392 0.010579233220314788 0.010579233220314788 0.014743104155045463 0.042350652599779784 0.0811768128058609 0.5363340166315649 1.4521234814006392
164 1476 0.017535453915464207 1.5165883393118182 0.010211229596448938 0.010211229596448938 0.014898432319510773 0.039818166977857304 0.08064350120775717 0.52646095582947 1.5165883393118182
165 1485 0.020895439061436587 1.414913699817872 0.01084537191442726 0.01084537191442726 0.014541138748124493 0.03735653796177436 0.08175218722587588 0.5239434181929425 1.414913699817872
166 1494 0.02349514361578292 1.4170545977813434 0.011368873808859765 0.011368873808859765 0.014293651490316915 0.03622437973553473 0.08300401999551636 0.5206005295860148 1.4170545977813434
167 1503 0.026097968466547213 1.4392869912636141 0.01119875308488763 0.01119875308488763 0.014298478163071397 0.03694594328044053 0.08070720921923355 0.5148634757041611 1.4392869912636141
168 1512 0.026161644092184168 1.4717610901050635 0.010767010641343435 0.010767010641343435 0.014382299051175437 0.036413832947741816 0.08436530677278035 0.5215423849605395 1.4717610901050635
169 1521 0.027380262351053168 1.5116817792378319 0.010089871443365601 0.010089871443365601 0.014160234423334436 0.035946231779695186 0.08299710728612374 0.5065699303564548 1.5116817792378319
170 1530 0.028955492660639053 1.3820361822623288 0.009885422947492908 0.009885422947492908 0.015139301988465755 0.0347683857948598 0.08469790958003462 0.5041461671588153 1.3820361822623288
171 1539 0.031269775284262204 1.4193547358226326 0.00964111379706174 0.00964111379706174 0.01585926170510446 0.03384367546021397 0.08229512420264108 0.48592440869803555 1.4193547358226326
172 1548 0.03472886945764557 1.2978200211837136 0.009483172603559584 0.009483172603559584 0.0161725891380646 0.03458369317115849 0.08475707335800095 0.4700315918895414 1.2978200211837136
173 1557 0.04070863330942253 1.2374436494373835 0.010046417418664497 0.010046417418664497 0.01639858638027992 0.03442187639970093 0.07973633808113398 0.49011102340594337 1.2374436494373835
174 1566 0.038409793992046956 1.3075887182336352 0.010628638811319644 0.010628638811319644 0.015151670443988706 0.03405419502729082 0.07827969670708516 0.4979983011591812 1.3075887182336352
175 1575 0.037600078278744994 1.284260228918837 0.010383621656818593 0.010383621656818593 0.01476051665878244 0.03249734891068869 0.07919407595189946 0.4670429929879078 1.284260228918837
176 1584 0.03424197741074033 1.2691858197739454 0.01012106901061733 0.01012106901061733 0.014381425649688752 0.03199328775102409 0.0767054042433093 0.46103072942614476 1.2691858197739454
177 1593 0.03580402746610484 1.234911081105905 0.010343844547389411 0.010343844547389411 0.013659399769404917 0.03115853905959679 0.07234792787777193 0.45305598653852225 1.234911081105905
178 1602 0.03730365302058998 1.2412219596851697 0.010352925216260472 0.010352925216260472 0.013064348355682908 0.03155502451448059 0.07704512307526518 0.41825361064779093 1.2412219596851697
179 1611 0.03914137762262525 1.3326151193639466 0.00963156622767188 0.00963156622767188 0.013338606309861294 0.029588602605148725 0.07576318029804224 0.40600643282949983 1.3326151193639466
180 1620 0.04596504564722188 1.3795130157426325 0.008835764025767493 0.008835764025767493 0.013596979494302287 0.029372668012379352 0.07808365017231376 0.4052198705151893 1.3795130157426325
181 1629 0.04683148678181537 1.3450173917966046 0.008306797464824333 0.008306797464824333 0.012966815881870337 0.027688583622310074 0.0804532450895314 0.49158853028915644 1.3450173917966046
182 1638 0.04623699460040896 1.2807408405338498 0.008616098735947002 0.008616098735947002 0.012263790856109959 0.026935543571944606 0.08070539792034413 0.5034459098846293 1.2807408405338498
183 1647 0.04666317733218949 1.258649617419522 0.008542806549227348 0.008542806549227348 0.011903926852284042 0.025469012259319017 0.08067010147327595 0.5245681751043187 1.258649617419522
184 1656 0.04066667231333644 1.2140959352671503 0.008066837740195546 0.008066837740195546 0.012054751936108025 0.025710877965471033 0.08359605409958434 0.5048840421920601 1.2140959352671503
185 1665 0.04077574200505546 1.1174262224802072 0.008087527879200774 0.008087527879200774 0.012025162398217283 0.024122269365521923 0.08177170056710713 0.5036914594959955 1.1174262224802072
186 1674 0.04217232627767175 1.0859858121774175 0.007740140582286377 0.007740140582286377 0.011933444944865873 0.023585752540186085 0.07977140119072659 0.5206654314251065 1.0859858121774175
187 1683 0.0394369833005106 0.9971077394584612 0.007406555606277207 0.007406555606277207 0.011967583282574407 0.022515979511544795 0.07845873183917204 0.571957341572406 0.9971077394584612
188 1692 0.03543906781566913 0.9782115047593091 0.007140251633068468 0.007140251633068468 0.011779952168081068 0.021667932839541243 0.07804057388059085 0.5542206279468754 0.9782115047593091
189 1701 0.03331287595783565 0.9142046575535454 0.006862598672694144 0.006862598672694144 0.01139390827841881 0.022047662007334764 0.07404336348194139 0.5552136131026012 0.9142046575535454
190 1710 0.03109558009294314 0.909828988209284 0.006642189937156354 0.006642189937156354 0.01064560106661993 0.022501730442116834 0.0725841806507281 0.5335141544991193 0.909828988209284
191 1719 0.025913725563959423 0.863771460215481 0.006359432658310522 0.006359432658310522 0.010835910088186178 0.022285418855647006 0.06955912262106202 0.5341320840413776 0.863771460215481
192 1728 0.022721210083033364 0.8666745983714085 0.006327417278927564 0.006327417278927564 0.010233824300661547 0.022055729473801185 0.06572122525414466 0.5092612734842525 0.8666745983714085
193 1737 0.021225338662405925 0.813550544248461 0.006245703750143381 0.006245703750143381 0.01026506011153094 0.021839909716180408 0.0643531899389731 0.4916465532307657 0.813550544248461
194 1746 0.020539700975504352 0.77416507990731 0.006062348908173351 0.006062348908173351 0.009943963598153326 0.022387473934279863 0.06481674853648181 0.48383307245774104 0.77416507990731
195 1755 0.020313272205812253 0.775955762809978 0.006247966707980281 0.006247966707980281 0.00924258567579557 0.02230176157959929 0.06714562945534655 0.4538154197487485 0.775955762809978
196 1764 0.02075300685514111 0.7520758085580953 0.006032804034149528 0.006032804034149528 0.009248415073459972 0.02185073122999662 0.06552658426712162 0.46821890291992135 0.7520758085580953
197 1773 0.0182396334912139 0.7258287324980268 0.00575146192591826 0.00575146192591826 0.008950565938886835 0.022820980917950196 0.06618222590852237 0.4502028557806987 0.7258287324980268
198 1782 0.019570771401748777 0.7133524624688148 0.005663121963899861 0.005663121963899861 0.008972605921945879 0.02249929263884069 0.06674878626018559 0.4332873154233011 0.7133524624688148
199 1791 0.022519959321043906 0.6509433550700569 0.006034163941134361 0.006034163941134361 0.008958215367042435 0.023335713726806942 0.06644272138077674 0.417751561940706 0.6509433550700569
200 1800 0.021973131976538773 0.6369359112917504 0.006592673016189574 0.006592673016189574 0.008844407646248876 0.0237650325459196 0.06491603124612422 0.41839584298335947 0.6369359112917504
201 1809 0.024153492842160097 0.6251726039574915 0.006395340336937528 0.006395340336937528 0.008559414765196952 0.02371044935658987 0.06351930284886549 0.4112816421123472 0.6251726039574915
202 1818 0.025481909378627713 0.6963075778776456 0.006436500314593957 0.006436500314593957 0.008116874877308847 0.023551952249363708 0.06280815862698799 0.39948544712761846 0.6963075778776456
203 1827 0.027524357436265606 0.7069036238364147 0.006464371460271127 0.006464371460271127 0.0077186645697298484 0.02354105118253289 0.059964802066075434 0.3929287899736648 0.7069036238364147
204 1836 0.03219753430221588 0.6918789579883765 0.00635411096282743 0.00635411096282743 0.007585147657044751 0.023223935333385404 0.05920316029415574 0.39038365406453124 0.6918789579883765
205 1845 0.035547943646728475 0.6973847035180195 0.006432710357516566 0.006432710357516566 0.007280979008570274 0.02269668771367611 0.06673476270472159 0.37428953060864545 0.6973847035180195
206 1854 0.0395566607814781 0.6860484543358965 0.006917765575332076 0.006917765575332076 0.007144203696329435 0.022142787779791808 0.06514781635578414 0.35850028641967197 0.6860484543358965
207 1863 0.04051331264625675 0.7048641994919158 0.006717516182431698 0.006717516182431698 0.007277739540558458 0.021766251759618528 0.06247294896660097 0.35100500587223504 0.7048641994919158
208 1872 0.04536462378826458 0.7329386999548881 0.006652217482852833 0.006652217482852833 0.006735816440976726 0.021988876178447806 0.06127770345294297 0.3287678053574535 0.7329386999548881
209 1881 0.047959431196099564 0.7698064715725372 0.006085488408688918 0.006085488408688918 0.006949848302121478 0.022184809675578263 0.0586412335293008 0.3207481642970519 0.7698064715725372
210 1890 0.05337769141132761 0.7981625424796052 0.005650943597089416 0.005650943597089416 0.007086284871596225 0.021869249550574395 0.057711230178209734 0.306524108434888 0.7981625424796052
211 1899 0.0533255464972883 0.8215595647901799 0.005508996282169406 0.005508996282169406 0.007139724092224509 0.02131242590019886 0.059321951413347174 0.3177440564850384 0.8215595647901799
212 1908 0.04846214003148256 0.8104880728068958 0.005299980318204387 0.005299980318204387 0.006830577124194204 0.02022660574484765 0.059237305839032674 0.31606288119583437 0.8104880728068958
213 1917 0.04973239704077942 0.7874935877541129 0.005305687214429268 0.005305687214429268 0.006714150068409088 0.01949676594108922 0.056868597966494294 0.30703181157169973 0.7874935877541129
214 1926 0.0443476403798372 0.7786616545006545 0.005410801871828323 0.005410801871828323 0.0070668991187894485 0.019589174378121823 0.05386390366439758 0.29808509571751857 0.7786616545006545
215 1935 0.042718428728618564 0.7691297031570186 0.005424329441906147 0.005424329441906147 0.007140249785248999 0.018253821532730342 0.051363590484383964 0.2883768104730238 0.7691297031570186
216 1944 0.041367566419674616 0.7417227274617806 0.005567926938038306 0.005567926938038306 0.007169111931866119 0.018382931005238145 0.04961420175832526 0.2757876222781847 0.7417227274617806
217 1953 0.03532857689180333 0.7210122246486063 0.005217296673724603 0.005217296673724603 0.006898734595201328 0.0178253214849323 0.0502533293276389 0.294146157591733 0.7210122246486063
218 1962 0.0301253612892455 0.726098741269796 0.005039765145483667 0.005039765145483667 0.006576759055529612 0.017422860111899603 0.0499464816871795 0.2840378783690321 0.726098741269796
219 1971 0.03278847817229633 0.7070476915113008 0.004686571671050386 0.004686571671050386 0.0063726124873391046 0.017067651959549745 0.04903641071865725 0.27883019524815406 0.7070476915113008
220 1980 0.032160889649353694 0.6862955478737398 0.0042960176402216926 0.0042960176402216926 0.006556247469976896 0.017803575716127285 0.0506184409701883 0.2968548039470049 0.6862955478737398
221 1989 0.03552161247680331 0.6319286179887996 0.004156080120549596 0.004156080120549596 0.006488674101813508 0.017867683627277947 0.04982687143130963 0.29982450108544917 0.6319286179887996
222 1998 0.03775171210266909 0.7113154036587854 0.004076699481706139 0.004076699481706139 0.006665610863461459 0.018135072958104258 0.04853475019881975 0.2646575455705538 0.7113154036587854
223 2007 0.03919083785136756 0.7278890719208703 0.003997415612701006 0.003997415612701006 0.005817671301802457 0.01813359867592372 0.0525999572090304 0.26457073408730336 0.7278890719208703
224 2016 0.039870858267602505 0.7429824512717832 0.0041404715409969935 0.0041404715409969935 0.005165719437735687 0.017483335741222333 0.052088945570408655 0.26591066800330543 0.7429824512717832
225 2025 0.04143553301273546 0.7135217800228114 0.004172947186661061 0.004172947186661061 0.005119111672187335 0.01725257885236929 0.05238431687954809 0.2612826883435111 0.7135217800228114
226 2034 0.03423828906131255 0.7335398255440848 0.004194652546516613 0.004194652546516613 0.005044369455407762 0.016843941634975063 0.04808729270761927 0.28822802890200344 0.7335398255440848
227 2043 0.034270278890550586 0.6884323222562144 0.00400312727765705 0.00400312727765705 0.004985165811679622 0.016520701290714885 0.047477449147073206 0.274113218820683 0.6884323222562144
228 2052 0.035829867101350665 0.6727219401907711 0.0039409876411594874 0.0039409876411594874 0.004515236289484601 0.01703043808877041 0.04778626211355506 0.2839443342729088 0.6727219401907711
229 2061 0.037144284699670946 0.6378110079985398 0.003890321081157084 0.003890321081157084 0.0048180124548161275 0.016572691530726574 0.046808104021726776 0.2815540895542298 0.6378110079985398
230 2070 0.03780809099373789 0.6228931838780243 0.003934173241222168 0.003934173241222168 0.004555950395483064 0.017131308458132176 0.044217392784004245 0.2819738805212343 0.6228931838780243
231 2079 0.04414307526558998 0.5995467563237928 0.003864238847655127 0.003864238847655127 0.004739297630511847 0.016914798472846344 0.04213546598709199 0.27685143328880263 0.5995467563237928
232 2088 0.047261701610739906 0.6460961929467675 0.003600651365875131 0.003600651365875131 0.005323734164882776 0.016512306200735294 0.03988625123405903 0.2771435283848923 0.6460961929467675
233 2097 0.04908846912630122 0.654681396913948 0.0036686281886892168 0.0036686281886892168 0.005577644750330884 0.015719910380444277 0.037758610474577375 0.2562145445036395 0.654681396913948
234 2106 0.047393430159765736 0.6378763253903688 0.003610893845712109 0.003610893845712109 0.005570194759275746 0.014792931396717874 0.03702164504684452 0.25593988864666817 0.6378763253903688
235 2115 0.044463679548743945 0.6383994305785454 0.003478365880045927 0.003478365880045927 0.0055544403857962065 0.013959738753437109 0.0353148203347565 0.2678506644866653 0.6383994305785454
236 2124 0.045238863636528674 0.6287482233493166 0.003475056538159475 0.003475056538159475 0.0057643405762502365 0.013228981992343843 0.03285216856275444 0.25289459771146866 0.6287482233493166
237 2133 0.04050251013460529 0.6306179099346356 0.0033585772118463076 0.0033585772118463076 0.00596086096377443 0.012952635371178951 0.032993800317695485 0.23679152554099775 0.6306179099346356
238 2142 0.03920569231819244 0.6166639701062844 0.003283101508563355 0.003283101508563355 0.005455466286632608 0.012570253370723865 0.03330917000508361 0.229755718107262 0.6166639701062844
239 2151 0.04244418786535531 0.6124682624233169 0.0030541527389244994 0.0030541527389244994 0.005564786378579585 0.012200128434510788 0.0325632190558029 0.22300212288351454 0.6124682624233169
240 2160 0.047700011752075694 0.5900975920340384 0.0031446300704509695 0.0031446300704509695 0.00569143936371669 0.011837670039036198 0.03170107061684298 0.22355069116670734 0.5900975920340384
241 2169 0.04857401988883277 0.5979971903630306 0.0030863077431379712 0.0030863077431379712 0.005712786432149409 0.012899491374043047 0.03182114225601648 0.20044427333407602 0.5979971903630306
242 2178 0.05075115259797882 0.5896150456968174 0.003053925856205367 0.003053925856205367 0.0055712011146624605 0.012777770223266928 0.03112379326518763 0.19862956850142274 0.5896150456968174
243 2187 0.05021653120883987 0.6012815215749334 0.0029125213872401245 0.0029125213872401245 0.005414660215273569 0.01287751648033683 0.02898073859866507 0.20472831252479046 0.6012815215749334
244 2196 0.048300835169405025 0.6266779297299322 0.002940189459922836 0.002940189459922836 0.004987740087798386 0.013011596672873414 0.029038385340649377 0.19074933053345322 0.6266779297299322
245 2205 0.04401375844058811 0.6312814692731947 0.0028657462004942204 0.0028657462004942204 0.004928503565774106 0.012561495090365572 0.028627191462178736 0.18520211739761014 0.6312814692731947
246 2214 0.04186729972738453 0.6080079990197982 0.002949078407454139 0.002949078407454139 0.0047484959086550645 0.012416073283074662 0.028012920671551946 0.17976489100098442 0.6080079990197982
247 2223 0.04330608253182236 0.5770775461805239 0.002894910946254433 0.002894910946254433 0.004326479857155451 0.012084745480219136 0.028043407893198872 0.19113594161141012 0.5770775461805239
248 2232 0.04653809045311853 0.5376408963327094 0.00293451192923129 0.00293451192923129 0.004426389416997272 0.012222287085681455 0.02714607633922142 0.18740641991140725 0.5376408963327094
249 2241 0.051299906996995354 0.5307782067669305 0.0029464040813019835 0.0029464040813019835 0.004319020130356559 0.012757374353642754 0.027728856592570503 0.17923850352632428 0.5307782067669305
250 2250 0.05889663109342122 0.5600526042757159 0.002960886503328415 0.002960886503328415 0.00430534933389353 0.012581829155166023 0.02643826121924393 0.17657069252920707 0.5600526042757159
251 2259 0.0689671303864586 0.6048548553768759 0.0030162106011384798 0.0030162106011384798 0.004499542600219601 0.012310315861540497 0.025444711504918217 0.166385910798766 0.6048548553768759
252 2268 0.07916588478471485 0.6277475417548664 0.0029741886778082024 0.0029741886778082024 0.004826586863925291 0.012335768907341556 0.024945962667403482 0.1535131701937863 0.6277475417548664
253 2277 0.08650734412301225 0.6601475964962449 0.00287068727969384 0.00287068727969384 0.004952841524530992 0.01259075979481537 0.024858563658091696 0.1456466766489549 0.6601475964962449
254 2286 0.08534865242286502 0.6271846512256574 0.002804401557033938 0.002804401557033938 0.005058358001258257 0.012099514714445073 0.026849400304739323 0.1461546294859277 0.6271846512256574
255 2295 0.08778041763627921 0.6071602620888727 0.002801060048097461 0.002801060048097461 0.004912596221254073 0.011904698179539458 0.025446996629366083 0.14918451833685628 0.6071602620888727
256 2304 0.07810216658025845 0.601160103936292 0.0027775554534593423 0.0027775554534593423 0.005230151890006666 0.011450027845066834 0.026189806944111323 0.1333027625449548 0.601160103936292
257 2313 0.06602753790765717 0.5949718409923889 0.002723416726617466 0.002723416726617466 0.004911326464202152 0.01140130224086864 0.02576858583137271 0.12391654208683052 0.5949718409923889
258 2322 0.06090062389763253 0.5608821888181368 0.002674171586018607 0.002674171586018607 0.004887114319194838 0.01140749214544429 0.026063952630133246 0.11564228252554465 0.5608821888181368
259 2331 0.0566441942803284 0.5424577718437046 0.0026571035683069784 0.0026571035683069784 0.0048609595109680185 0.010884463192413645 0.025444412803951433 0.1122323795480318 0.5424577718437046
260 2340 0.05264306770028802 0.546203240300474 0.002630714902282486 0.002630714902282486 0.004708651226918075 0.010286448672319407 0.025635414033327687 0.10584594585456224 0.546203240300474
261 2349 0.04268405708110058 0.5495454279230975 0.002635452307565526 0.002635452307565526 0.004744752211428704 0.009705973127656642 0.02544667956189231 0.10529522011680387 0.5495454279230975
262 2358 0.04197115529382803 0.5318860395931411 0.0024765384324986904 0.0024765384324986904 0.004755653623454288 0.009561522759874824 0.024154063328922126 0.10355210742440699 0.5318860395931411
263 2367 0.04041213277858731 0.5106013137359164 0.0024519860661060084 0.0024519860661060084 0.0047017455204943145 0.009234368080437793 0.024153670481182526 0.11050597420335898 0.5106013137359164
264 2376 0.03817196882341829 0.5478112447865328 0.0023677486434373635 0.0023677486434373635 0.004320648392704483 0.008841103188772025 0.02380846708381606 0.10989422091307953 0.5478112447865328
265 2385 0.0377156029861072 0.528960863086124 0.002293655589342161 0.002293655589342161 0.003968842573311162 0.009549994163351748 0.02398000192016439 0.10575457969466706 0.528960863086124
266 2394 0.03652512420376774 0.5204468716135466 0.0021226193624519544 0.0021226193624519544 0.003808312543923856 0.00938969461472692 0.02598144975232968 0.10491783970254386 0.5204468716135466
267 2403 0.03824184516548332 0.5095727325722761 0.002081564129690508 0.002081564129690508 0.004127917791856475 0.009392698341443611 0.025346175911223897 0.09515871611820884 0.5095727325722761
268 2412 0.037392256908982444 0.5119072183966088 0.0020352572060013756 0.0020352572060013756 0.004349003976757875 0.009804670170998864 0.02398010559174167 0.0881635678300036 0.5119072183966088
269 2421 0.038214610483021404 0.4934711898379171 0.0019131439752332394 0.0019131439752332394 0.004103594396007186 0.010065985716216553 0.024254134274886995 0.08679189169072275 0.4934711898379171
270 2430 0.03344388345758879 0.4896849604336386 0.0018814148277328602 0.0018814148277328602 0.004337408007946811 0.009736002912317172 0.023256000315396617 0.0848000491110027 0.4896849604336386
271 2439 0.03136633132128074 0.4615882038968627 0.0018497634669002842 0.0018497634669002842 0.004258454472055486 0.009602559911043284 0.022222052727721993 0.08211184092881772 0.4615882038968627
272 2448 0.031126102581712237 0.4253023046728919 0.0018771972158018512 0.0018771972158018512 0.00424549476349013 0.009513066659794777 0.02209777453539259 0.07881984583440031 0.4253023046728919
273 2457 0.0351898286801437 0.42131945146396294 0.0019388242722551087 0.0019388242722551087 0.004240943104307058 0.009713934372531827 0.02215792122728224 0.07311311947459355 0.42131945146396294
274 2466 0.03655250697374267 0.41271989922477925 0.001805662583722909 0.001805662583722909 0.004227697245662648 0.009964997934562299 0.022153333427591824 0.07913378967292507 0.41271989922477925
275 2475 0.03211228871509772 0.4016857649875993 0.0017140024905511308 0.0017140024905511308 0.004136542060354569 0.01014585727125613 0.02318486271060816 0.07519367911337332 0.4016857649875993
276 2484 0.029639465141439468 0.38547081253429805 0.001696975201218428 0.001696975201218428 0.004007980664962086 0.009889839683171356 0.022725426223917763 0.07227641247090454 0.38547081253429805
277 2493 0.026724798323677194 0.35837357288597405 0.0017040777460090321 0.0017040777460090321 0.003979445077018744 0.00953030114655637 0.02175854693453056 0.07307901225837461 0.35837357288597405
278 2502 0.02522148729016685 0.328956093453821 0.0016707076466725408 0.0016707076466725408 0.0040104053158385965 0.009579614480423907 0.021764938076939896 0.07069800109684955 0.328956093453821
279 2511 0.022523199293994014 0.3284981137068733 0.0017202213379584276 0.0017202213379584276 0.003507613808264161 0.009347306254948671 0.021862040659534874 0.07249610826878926 0.3284981137068733
280 2520 0.020222714408157864 0.3097051891263957 0.0017158314556241908 0.0017158314556241908 0.0034104961786341 0.008893121026181262 0.02182068119367477 0.07366688198790838 0.3097051891263957
281 2529 0.020854815491629458 0.2847928811488641 0.0016877857901271209 0.0016877857901271209 0.003414110165532692 0.00844202578633307 0.021703752974309192 0.07265547114438295 0.2847928811488641
282 2538 0.02086009212027379 0.27308783561203115 0.0018353996775985896 0.0018353996775985896 0.003583250626770907 0.007901702305101434 0.02139805572607299 0.07131534271730984 0.27308783561203115
283 2547 0.019346768138694317 0.24118316585613864 0.0018680245787112246 0.0018680245787112246 0.00362764301445248 0.0077484374763183185 0.02088665161906136 0.07451143841217185 0.24118316585613864
284 2556 0.017970276678629535 0.22892683312484882 0.0018078663289300145 0.0018078663289300145 0.0033927227434061933 0.007769885732534473 0.021160020363214245 0.07549383251634031 0.22892683312484882
285 2565 0.017723260074606118 0.22051850797939726 0.0017645099327910003 0.0017645099327910003 0.0033277523397291023 0.007710589865043318 0.02098958289925976 0.07435420496579864 0.22051850797939726
286 2574 0.01698980754207607 0.2172426373069861 0.001806421691883757 0.001806421691883757 0.0032683614259517244 0.007890874276553696 0.020628757924729946 0.07378706444022354 0.2172426373069861
287 2583 0.015412669705050034 0.20262657164990894 0.0017719252246770417 0.0017719252246770417 0.00317487142598416 0.007987348168905218 0.020645656571854618 0.07677294524240885 0.20262657164990894
288 2592 0.014380478900734982 0.18796930033781462 0.00172041967902076 0.00172041967902076 0.003134561872460705 0.007808062395494769 0.020941874434764713 0.07440196374805698 0.18796930033781462
289 2601 0.012573598725339443 0.17917258539399386 0.0016211359869072921 0.0016211359869072921 0.0031259806892542643 0.007488889836722767 0.019901093832793735 0.07587737139041732 0.17917258539399386
290 2610 0.012030840780051018 0.16773542906414238 0.0015893524722282004 0.0015893524722282004 0.0030428299284534616 0.007180727978307534 0.019789903257839768 0.07697369340787194 0.16773542906414238
291 2619 0.010896023478733126 0.16819436275430139 0.001553079740141337 0.001553079740141337 0.003064101125820827 0.006981660521145903 0.02063028148332248 0.06828592365945285 0.16819436275430139
292 2628 0.009663088419519194 0.16585600076126902 0.0015086385267042634 0.0015086385267042634 0.002995204335226025 0.006927562179093274 0.019871320627505625 0.06626782919469996 0.16585600076126902
293 2637 0.009712063048416606 0.16371225438628353 0.0014703663429397114 0.0014703663429397114 0.0029046516280654233 0.0065738822252970255 0.01994084142458849 0.06253884154808713 0.16371225438628353
294 2646 0.010601886006825876 0.1601504970022652 0.0014865488303044954 0.0014865488303044954 0.0028055872046606543 0.006618137664867626 0.02086790055714761 0.057707496867353096 0.1601504970022652
295 2655 0.01048840550377396 0.1496034983989872 0.0014797170558290735 0.0014797170558290735 0.0028240720985564425 0.006829065862178199 0.021002380881269513 0.0593621135375011 0.1496034983989872
296 2664 0.010648680798981255 0.14236385229204881 0.0014210086637991145 0.0014210086637991145 0.002724813517646028 0.00697594979690729 0.020347447697237925 0.05956195055505556 0.14236385229204881
297 2673 0.01108757181216358 0.13302506100958122 0.0014210302660452067 0.0014210302660452067 0.0027420231834521906 0.007046847871519882 0.02067492904633724 0.056983089936831 0.13302506100958122
298 2682 0.010395315652761802 0.13214620502235785 0.0014430494143650822 0.0014430494143650822 0.0027179790494127032 0.006807067016074133 0.019920376569710855 0.05815774925148055 0.13214620502235785
299 2691 0.008902898223082255 0.1269054898131988 0.0014377720077590119 0.0014377720077590119 0.0025314496918872375 0.006733375139081452 0.020858614313937984 0.057655067067981174 0.1269054898131988
300 2700 0.008622341641717823 0.1253920428012082 0.0014076740595292314 0.0014076740595292314 0.002437777696844749 0.006312470612798277 0.020644120036731696 0.054855767892177096 0.1253920428012082
301 2709 0.008084187489769305 0.12151567867784667 0.0013654653535161263 0.0013654653535161263 0.002328918531717793 0.006236228141286243 0.020002797674202846 0.05809850288818919 0.12151567867784667
302 2718 0.007191025133340557 0.1157512797941632 0.0012887952808214758 0.0012887952808214758 0.00235906094587153 0.006216427878041784 0.01951001963385443 0.058486056966441734 0.1157512797941632
303 2727 0.006442470759297247 0.11779431542787537 0.0012271604693819965 0.0012271604693819965 0.002470012062826443 0.006060774083339614 0.019085447079032994 0.05546784429673928 0.11779431542787537
304 2736 0.0059000959216400145 0.11045141719855173 0.001212650258434018 0.001212650258434018 0.0024801924347968136 0.00611228669013471 0.018429435339509078 0.05206491987407158 0.11045141719855173
305 2745 0.0056258695023117394 0.10166415427260612 0.001181833826492404 0.001181833826492404 0.002522933435811176 0.006201131416719957 0.018531743915976694 0.04984021132716472 0.10166415427260612
306 2754 0.005634425614452805 0.09594703052345445 0.0011646822153828465 0.0011646822153828465 0.0026036927954144968 0.006048788464323611 0.0176811055019432 0.05045819047888228 0.09594703052345445
307 2763 0.005116100384420337 0.09459748522438254 0.0011470630983325253 0.0011470630983325253 0.0025286413461535675 0.006094062620422567 0.017160930586467078 0.05105635128707871 0.09459748522438254
308 2772 0.004571387096285249 0.08665892009209117 0.0010952788486623146 0.0010952788486623146 0.002411684882224982 0.006207806547150762 0.017114556258764062 0.050824453231420576 0.08665892009209117
309 2781 0.0039802568048945604 0.07921945145075308 0.0010807689498404432 0.0010807689498404432 0.0023917031045509224 0.006245542061773492 0.015863396397895056 0.050675554281645885 0.07921945145075308
310 2790 0.0036416295233501514 0.07648588410427624 0.0010207934220001144 0.0010207934220001144 0.0022480786178707027 0.006242479072889269 0.01535560317168641 0.05041718331119605 0.07648588410427624
311 2799 0.0032974761737783694 0.0780293159043098 0.000910822619864474 0.000910822619864474 0.002266531577800193 0.0062181298902920035 0.015622609856568536 0.05015979578359517 0.0780293159043098
312 2808 0.0035177179542570567 0.07439266649548706 0.0008627882795587012 0.0008627882795587012 0.0022607811660299514 0.006522674525438066 0.014260739714511438 0.05005140777132072 0.07439266649548706
313 2817 0.0036937144110189258 0.07191679579336602 0.0008521938702051784 0.0008521938702051784 0.0021724556473554633 0.007174505774884658 0.013545577118733504 0.04928407814304811 0.07191679579336602
314 2826 0.004256220983204137 0.07144498851832363 0.0008131813010421866 0.0008131813010421866 0.0021156782916525035 0.007557081700036435 0.013065085560719619 0.04902816887439253 0.07144498851832363
315 2835 0.004130915584679186 0.06757888322104207 0.0007865596452769829 0.0007865596452769829 0.0020456299593017554 0.00836336785736552 0.013274364152869022 0.04920315712917035 0.06757888322104207
316 2844 0.004187743756132713 0.06707542325843925 0.0007604557521133894 0.0007604557521133894 0.002002311398784328 0.00856632931169478 0.012559398795035958 0.046958163861546685 0.06707542325843925
317 2853 0.0037773649917692553 0.07008069713769137 0.0007477001356711669 0.0007477001356711669 0.001947589782022355 0.008682682633214948 0.011241395663573983 0.04653279471534487 0.07008069713769137
318 2862 0.0038675260802598496 0.07275425393000047 0.0006701882372028134 0.0006701882372028134 0.0019686859890370276 0.008472820919814184 0.010932653808776139 0.046669235292088676 0.07275425393000047
319 2871 0.003687188944874023 0.07085817659559705 0.0006555209258607024 0.0006555209258607024 0.0018938049910840811 0.008661842983717503 0.01040697775087435 0.04734558495188728 0.07085817659559705
320 2880 0.003484789722822823 0.07187815211998853 0.0006373038373033727 0.0006373038373033727 0.001821790279621903 0.008462524278194898 0.010384101826937844 0.04537348739927255 0.07187815211998853
321 2889 0.003542245869857472 0.07359970607867157 0.0006511646466424103 0.0006511646466424103 0.0018121884406106892 0.008217766540704361 0.010455836523524798 0.03947047850856134 0.07359970607867157
322 2898 0.0038424908437246774 0.07366960925117555 0.0006135555311633288 0.0006135555311633288 0.0018517127065240738 0.0081219735155296 0.010177051821823971 0.04018618016256085 0.07366960925117555
323 2907 0.004014797130483181 0.07232604328322224 0.0006072960430349946 0.0006072960430349946 0.0019033970489051788 0.008095141008601169 0.00977534181777778 0.03998995963061078 0.07232604328322224
324 2916 0.003988684987665207 0.07467512843404653 0.000586233797318216 0.000586233797318216 0.0019893990830152255 0.007913920417692361 0.008809863532162145 0.040561689306634056 0.07467512843404653
325 2925 0.0039422143786446455 0.07689007245885114 0.0005697488110495065 0.0005697488110495065 0.0020310123575967677 0.007878998194354619 0.008102588186431415 0.04164341003597762 0.07689007245885114
326 2934 0.0034152741075606204 0.07299177845644296 0.0005474515492456252 0.0005474515492456252 0.002058364825054184 0.007531493804576371 0.008143952190135776 0.04209379981885089 0.07299177845644296
327 2943 0.00344119068111408 0.06938617695769352 0.0005491514632885644 0.0005491514632885644 0.0020503493639092976 0.007491298498210728 0.008029121862115131 0.03900536751904529 0.06938617695769352
328 2952 0.003062618162234264 0.062306692547603286 0.0005896279914234943 0.0005896279914234943 0.00201707630220677 0.007469760004181174 0.0080847033261641 0.03832341313881521 0.062306692547603286
329 2961 0.0027439455286628923 0.05917233178800557 0.0005857442861032071 0.0005857442861032071 0.0019055401125868691 0.007483381321157897 0.00798309453217431 0.03727701775335389 0.05917233178800557
330 2970 0.002511625224617261 0.058328894313135954 0.0005781001204773013 0.0005781001204773013 0.0018696214465272738 0.00741319562340415 0.0078678182863371 0.034118169008147695 0.058328894313135954
331 2979 0.0022284992597792095 0.05667770203614548 0.0005815810276475941 0.0005815810276475941 0.0018638883312395546 0.006966777268745941 0.007917440155395587 0.03285283969988175 0.05667770203614548
332 2988 0.0020266694828518406 0.05426440845349683 0.0006020643180090229 0.0006020643180090229 0.0017936972145827575 0.006318375563667639 0.007879027112450854 0.033030456285968804 0.05426440845349683
333 2997 0.0017959906900039257 0.05319351255689473 0.000591680608786367 0.000591680608786367 0.0016681641085973327 0.006535572541986522 0.007611741165792663 0.03232461963168716 0.05319351255689473
334 3006 0.0017029120567950494 0.04923044201819795 0.0005716261581253184 0.0005716261581253184 0.001552729666757225 0.006532978418565123 0.0074587114047902315 0.032428540707449875 0.04923044201819795
335 3015 0.0015211666250367498 0.04704648375912748 0.0005692664455962073 0.0005692664455962073 0.001552400269163714 0.0063486085727179516 0.007328015213586841 0.03165604436159857 0.04704648375912748
336 3024 0.0014062187852406122 0.043926425095594065 0.0005493686080287411 0.0005493686080287411 0.001559501916754661 0.006152988253914156 0.007272559993835497 0.029502901270837736 0.043926425095594065
337 3033 0.00136645143398335 0.044514046398784125 0.0005193798923428007 0.0005193798923428007 0.0016106383021853477 0.006049395873130692 0.0071691105374512495 0.029588871867502687 0.044514046398784125
338 3042 0.0014114354215728803 0.04316864552660093 0.0004934452304016576 0.0004934452304016576 0.0015876694201563577 0.005985338754433346 0.007247808735781163 0.030676582284786463 0.04316864552660093
339 3051 0.0015149949474247742 0.04287757576512168 0.00048073528977081925 0.00048073528977081925 0.0016238319058837398 0.005905495677917914 0.007635410314487249 0.028752857678726772 0.04287757576512168
340 3060 0.0013202731179473089 0.04109384191719074 0.0004722146108978106 0.0004722146108978106 0.00157844760167205 0.005914061855759514 0.008105727539769318 0.027579719165163788 0.04109384191719074
341 3069 0.0011835243019951108 0.03908969518328399 0.00046124835681569904 0.00046124835681569904 0.001567753353717333 0.005677277270163767 0.00797474119824461 0.027135040253326657 0.03908969518328399
342 3078 0.0011059189339920606 0.03832825608850305 0.00044623320830398385 0.00044623320830398385 0.0015534678281062624 0.005287452566157836 0.007805774881221596 0.026621056790660874 0.03832825608850305
343 3087 0.0011040208683841797 0.03712475565047426 0.00043977108064203216 0.00043977108064203216 0.0015603733733449503 0.005040752773258925 0.007980474718182294 0.026105627831734254 0.03712475565047426
344 3096 0.0011019779233252466 0.03725169944459883 0.00039757840043588394 0.00039757840043588394 0.0015058528144367075 0.004950889773987158 0.008362375319677828 0.026049114715598426 0.03725169944459883
345 3105 0.000999328153151321 0.03626204634799221 0.0003822971341632577 0.0003822971341632577 0.0014449524629443265 0.004770344563242502 0.008711908299861237 0.02583403436434642 0.03626204634799221
346 3114 0.0008478381348731427 0.035558247634636206 0.000388597067350568 0.000388597067350568 0.0013521805165315286 0.00444597003569512 0.008772780783844613 0.025824676122576086 0.035558247634636206
347 3123 0.0007829117656686796 0.0348859075448919 0.00036868710493938273 0.00036868710493938273 0.0012914218908952136 0.00437223145640397 0.008608301250650685 0.02461971060057154 0.0348859075448919
348 3132 0.0007345465089904621 0.03577353023153616 0.00033991320897408875 0.00033991320897408875 0.0012847264163518524 0.0043129909086720725 0.008618196636108065 0.02365540208294505 0.03577353023153616
349 3141 0.000716973591106166 0.036222739469937024 0.00032940640423367135 0.00032940640423367135 0.0012332151229928598 0.004336811398643595 0.008105017817495433 0.024381590396137777 0.036222739469937024
350 3150 0.0006462312081163049 0.0343943815526011 0.0003062292518610112 0.0003062292518610112 0.0012756385369857939 0.00464420366471626 0.00784598483256803 0.02317239551044081 0.0343943815526011
351 3159 0.0005663992996909704 0.03494248493912184 0.000269301521550216 0.000269301521550216 0.001285683224170142 0.0044555324056785115 0.00783926408109098 0.02227966608377669 0.03494248493912184
352 3168 0.0005486999208889699 0.03348652413087417 0.00025771487883945204 0.00025771487883945204 0.001329852661798985 0.0043682285696214525 0.007736764296938304 0.02109325708368419 0.03348652413087417
353 3177 0.0005045716557829314 0.03400572176164516 0.00023572574697956983 0.00023572574697956983 0.001347915085609716 0.004293291592644857 0.007835914481640276 0.02141637644923278 0.03400572176164516
354 3186 0.00046799248887179057 0.03205228727803674 0.00021630895063122968 0.00021630895063122968 0.0013547583506156326 0.004269150838372527 0.008027295347852672 0.021544981181439625 0.03205228727803674
355 3195 0.0004727339309991907 0.030782014876437058 0.0002084125694674731 0.0002084125694674731 0.0014512256772077376 0.00432857764329211 0.008033515664425818 0.01909363347474322 0.030782014876437058
356 3204 0.0004477411830093391 0.030111048289687713 0.00020640941767568832 0.00020640941767568832 0.0013870541956532488 0.004611514580604377 0.007887708788878942 0.01824536810582057 0.030111048289687713
357 3213 0.00040667059672139846 0.030970257426469854 0.00019531244948158783 0.00019531244948158783 0.0013983838986485239 0.004622762882285215 0.007521636396585808 0.01777359525081884 0.030970257426469854
358 3222 0.00038587918659537863 0.03010697491094797 0.00018401020306543274 0.00018401020306543274 0.0013820434310348167 0.004617733036612338 0.007484053183695678 0.01682181765723875 0.03010697491094797
359 3231 0.0004299007490136211 0.02943748172156741 0.00017629554450820969 0.00017629554450820969 0.0013890337400463465 0.0045241416940772035 0.007225469058897135 0.016819214419234972 0.02943748172156741
360 3240 0.0003989519850941012 0.029706027968249067 0.00017456504311137125 0.00017456504311137125 0.0014403507137619464 0.004314005822584737 0.0071464849868235975 0.017770348806553257 0.029706027968249067
361 3249 0.00037037932090994667 0.029307310844964362 0.00016628518545343975 0.00016628518545343975 0.0014588345663174198 0.004147687538218398 0.007139266952821612 0.01756291466517129 0.029307310844964362
362 3258 0.00033442312190009514 0.029016272471358313 0.00016205074481323798 0.00016205074481323798 0.0015071431720867412 0.0035875364248551273 0.0072133259511846775 0.017705963827993828 0.029016272471358313
363 3267 0.0003044664745878621 0.02873210675882011 0.0001514745351268513 0.0001514745351268513 0.001534733723900845 0.0033089370157016297 0.007589228132388737 0.017261465224585736 0.02873210675882011
364 3276 0.000259649076079977 0.028834164943471092 0.000143836862863834 0.000143836862863834 0.0015943453777787582 0.003221038427371911 0.0072840493349268995 0.016766437431312765 0.028834164943471092
365 3285 0.00024226073240687606 0.028294426377624433 0.00014214946387283614 0.00014214946387283614 0.00156417423981357 0.0030704911076338544 0.0073542842657655805 0.015372498173542535 0.028294426377624433
366 3294 0.0002486095587058486 0.028061899257446874 0.00013291562574536486 0.00013291562574536486 0.0015739893249799067 0.0029725912868523406 0.007324878161768119 0.015307500103558974 0.028061899257446874
367 3303 0.00023399070626200374 0.026120547186190005 0.00013465520990886993 0.00013465520990886993 0.0017050199752479563 0.0029343836532423526 0.007771881701755821 0.014610586435411544 0.026120547186190005
368 3312 0.00022370502242754155 0.02493640768477069 0.0001314164303796619 0.0001314164303796619 0.0017148292707691133 0.002965724874157884 0.007722635016082405 0.013536426291866839 0.02493640768477069
369 3321 0.00021294991084107402 0.024774076307189224 0.000121929863254468 0.000121929863254468 0.0017376179704240112 0.0029277210615329344 0.007776521694922689 0.013527357452091096 0.024774076307189224
370 3330 0.00017909477852116957 0.023447664790386652 0.0001189735508666473 0.0001189735508666473 0.0017768667122886538 0.002922237629337755 0.0076593533810503205 0.013479923186303365 0.023447664790386652
371 3339 0.00016709705089542568 0.023349160290064876 0.00011484472469216877 0.00011484472469216877 0.0017581668388797632 0.0029315070936769367 0.0074714066100036395 0.012274917120782793 0.023349160290064876
372 3348 0.00016789760764653175 0.02330613133491613 0.00011506379410043072 0.00011506379410043072 0.0017129712591505428 0.002858948887640315 0.007371221861121833 0.011844644041176544 0.02330613133491613
373 3357 0.00017536960227860666 0.02148963556886412 0.00011385283540923865 0.00011385283540923865 0.001703192659598511 0.002810506491981257 0.00807986728149946 0.011401383015149353 0.02148963556886412
374 3366 0.00015503908165690687 0.020549663040114064 0.00011112568037602847 0.00011112568037602847 0.0017243962590136545 0.002749647712079782 0.008390789201961379 0.01105175037299675 0.020549663040114064
375 3375 0.00014567888312114842 0.02113308956102011 0.00010680503243611924 0.00010680503243611924 0.0016083230801313304 0.002749233705686147 0.008421500219126075 0.010732110147627627 0.02113308956102011
376 3384 0.0001260482227050746 0.021323748648082213 0.00010294327850462193 0.00010294327850462193 0.0015782827729540867 0.002622911508126682 0.008048838515867317 0.010942497973894731 0.021323748648082213
377 3393 0.00011307080183481602 0.020105307065963945 0.0001030176733875109 0.0001030176733875109 0.0015725893308452723 0.002539223327029307 0.007859958778259365 0.010403371668530585 0.020105307065963945
378 3402 0.00011142927207760631 0.01973718194247765 0.00010052699583142674 0.00010052699583142674 0.0015453637229876352 0.002507434026751476 0.007546253696344856 0.010098616478516701 0.01973718194247765
379 3411 0.00011188664075791673 0.01927439573128338 0.0001032682029158043 0.0001032682029158043 0.0016625991709032088 0.0025253830553607 0.0070228602409567135 0.009652293211834697 0.01927439573128338
380 3420 9.086699335012379e-05 0.01880889166209664 0.00010379401720376776 0.00010379401720376776 0.0016439829096066433 0.0023539478900773086 0.0071091136690151 0.01032670535882699 0.01880889166209664
381 3429 8.756782350202289e-05 0.018779837369066833 0.00010360569296601681 0.00010360569296601681 0.0015609451265362877 0.0022801228491565006 0.007042072281298062 0.010147240027732951 0.018779837369066833
382 3438 8.995002346813346e-05 0.019396120197490763 9.700066102179271e-05 9.700066102179271e-05 0.0015156334126840427 0.00240623103696527 0.006918238033744726 0.009618841823386246 0.019396120197490763
383 3447 8.611134588306979e-05 0.020030331431007138 8.577026781053785e-05 8.577026781053785e-05 0.0015075594395406976 0.0024403600187747594 0.006985392495745451 0.009590090779313602 0.020030331431007138
384 3456 8.911024798879583e-05 0.019895147531731112 8.69683911830248e-05 8.69683911830248e-05 0.0013701526100649702 0.0024058436838065595 0.006951401395289478 0.009416171476767807 0.019895147531731112
385 3465 9.639021867220372e-05 0.020204185383786228 9.215742043839991e-05 9.215742043839991e-05 0.0013520133504694493 0.002383674263902483 0.006607361096047147 0.00912304301649446 0.020204185383786228
386 3474 8.88640756667072e-05 0.021276605347792066 9.17186190420584e-05 9.17186190420584e-05 0.001395716510454657 0.002313632461832837 0.006504944721865456 0.009065124591162488 0.021276605347792066
387 3483 9.091587056455835e-05 0.02143948673495435 8.73714370243076e-05 8.73714370243076e-05 0.0014038604764219438 0.002367982675205427 0.0066318089610088735 0.00890464677498314 0.02143948673495435
388 3492 9.049446619192856e-05 0.022833326591371998 8.02167859710546e-05 8.02167859710546e-05 0.001377076008068897 0.0023512334580521608 0.006447888887794389 0.009271744090146652 0.022833326591371998
389 3501 9.533006086955645e-05 0.023026128532205876 8.156129829311924e-05 8.156129829311924e-05 0.001389337294525863 0.002259905411050953 0.006351217853948472 0.00911914659751426 0.023026128532205876
390 3510 0.00010074010852966132 0.0236812988753975 7.220679585160207e-05 7.220679585160207e-05 0.0013722832184905236 0.002289797601367448 0.006267325019490565 0.009930858318832418 0.0236812988753975
391 3519 0.00010433760481196683 0.024724795699184884 6.445176086818327e-05 6.445176086818327e-05 0.001403513563171199 0.002325804694123538 0.005980896249473709 0.010027723870761212 0.024724795699184884
392 3528 9.4214287634822e-05 0.02481217013485334 6.428325109158686e-05 6.428325109158686e-05 0.0014165587391409622 0.0023389474025683065 0.005169157673059444 0.010661976177330126 0.02481217013485334
393 3537 9.886494527794245e-05 0.02408539059035182 6.488575442919467e-05 6.488575442919467e-05 0.001360299910382257 0.0023169151885035957 0.005002232073933536 0.010772490904147109 0.02408539059035182
394 3546 0.00010264562854538981 0.023784979564795087 6.501206971133529e-05 6.501206971133529e-05 0.0011937697045234443 0.00228643363787719 0.005746405203450541 0.010662910564359387 0.023784979564795087
395 3555 0.00010245903647541944 0.02407968636537855 6.442381870063976e-05 6.442381870063976e-05 0.0012003406954671455 0.002186955878634522 0.006043091186212504 0.010212280778595815 0.02407968636537855
396 3564 8.909483573025118e-05 0.022978180153027546 6.145807843711258e-05 6.145807843711258e-05 0.0012079131246048452 0.0021640365509265447 0.006096605863775133 0.009977216089716363 0.022978180153027546
397 3573 8.475334328416449e-05 0.02280106092357172 6.0218488815070884e-05 6.0218488815070884e-05 0.0011012903965221899 0.002213436074066478 0.0060000509315427785 0.009704345384722049 0.02280106092357172
398 3582 9.122765658597313e-05 0.021773864430022008 6.081687446152029e-05 6.081687446152029e-05 0.0010859730124014662 0.002138012487609557 0.0057869690332746455 0.009813318302401328 0.021773864430022008
399 3591 8.283538181425747e-05 0.020878454588259893 6.0807431646376203e-05 6.0807431646376203e-05 0.0010955659530730202 0.002070136960847356 0.005521137361771909 0.010794738029678261 0.020878454588259893
400 3600 7.147569521638552e-05 0.02042731209178554 6.137305022268164e-05 6.137305022268164e-05 0.0010983065738252994 0.0018880437112539735 0.005573362356756632 0.010666182210056559 0.02042731209178554
401 3609 6.157183792554642e-05 0.02066598272052741 6.072103913563387e-05 6.072103913563387e-05 0.0010372773284684298 0.0017289764131309094 0.0055520904155282385 0.010463937126494662 0.02066598272052741
402 3618 5.7020100090489356e-05 0.02060324443235598 6.187872522442296e-05 6.187872522442296e-05 0.001021839250379017 0.0016192621959449512 0.005362144578351263 0.010179420713765878 0.02060324443235598
403 3627 4.695062715975428e-05 0.019675656751900503 6.294991385537414e-05 6.294991385537414e-05 0.0010223933385923637 0.001526741971832011 0.00503212265871483 0.01016200118550074 0.019675656751900503
404 3636 4.193512316004217e-05 0.019373996117010402 6.067445263053871e-05 6.067445263053871e-05 0.0010091838706560263 0.0015215519698914255 0.004863033351606284 0.009960065206351999 0.019373996117010402
405 3645 4.6969222300751954e-05 0.018418997221889347 6.1009843254939845e-05 6.1009843254939845e-05 0.0009770421135263567 0.0014857817616923954 0.004739632311208702 0.009798510695978216 0.018418997221889347
406 3654 4.814611923079371e-05 0.017709112232743195 6.162430579669529e-05 6.162430579669529e-05 0.0010225620272260845 0.0015507384876913626 0.004693408885944813 0.010296914080059689 0.017709112232743195
407 3663 4.91628901662488e-05 0.017683260773334097 5.977778210418753e-05 5.977778210418753e-05 0.0010149871614468962 0.0015244551868592933 0.004460157899095741 0.01058669986457203 0.017683260773334097
408 3672 4.4421029853712676e-05 0.018215480734530175 5.699504829441756e-05 5.699504829441756e-05 0.0011131631845554687 0.0015126698093305213 0.0042624032315981605 0.010470242323944823 0.018215480734530175
409 3681 4.2498551199832866e-05 0.018012552976966602 5.493935255583812e-05 5.493935255583812e-05 0.0010717137638689405 0.001445549787476163 0.004420357634415194 0.010195687731854483 0.018012552976966602
410 3690 4.816529999991843e-05 0.017486449259325628 5.188092800000571e-05 5.188092800000571e-05 0.0010687510941202601 0.0014459487887675056 0.0042983111239809305 0.010168132144068646 0.017486449259325628
411 3699 4.746347552983337e-05 0.01660643969332849 5.175615275385236e-05 5.175615275385236e-05 0.001136812369892241 0.0015002420911940056 0.004568148098145031 0.009644633905867348 0.01660643969332849
412 3708 4.472396752459485e-05 0.016203136257207602 4.99630257814592e-05 4.99630257814592e-05 0.0010532146369727153 0.001477618866750953 0.004470155004329593 0.010248083549122827 0.016203136257207602
413 3717 3.990980301215391e-05 0.01672794874813849 4.81057574352601e-05 4.81057574352601e-05 0.0010220104268580511 0.0013938094927186538 0.0045528966238311515 0.009561442748880497 0.01672794874813849
414 3726 4.4332447887413526e-05 0.016845393916405913 4.844469549489587e-05 4.844469549489587e-05 0.0010242784159581045 0.0013925621223611414 0.004163766898933306 0.009642885141010004 0.016845393916405913
415 3735 4.351883468745062e-05 0.018019524508272444 4.8000060791376024e-05 4.8000060791376024e-05 0.0010278682389670152 0.0014053978257463073 0.003823479811341059 0.010123587534701262 0.018019524508272444
416 3744 3.845223357845309e-05 0.01722101373440885 4.703072220767491e-05 4.703072220767491e-05 0.0009640349959758696 0.0014071281165932486 0.0038266128806683625 0.010167722929478222 0.01722101373440885
417 3753 3.819985526497901e-05 0.016546491488650353 4.749269656936753e-05 4.749269656936753e-05 0.0009552352256328316 0.0013705409238155698 0.003738419813799908 0.009267912173366344 0.016546491488650353
418 3762 4.0147634830927755e-05 0.016862390910536398 4.8381227391201514e-05 4.8381227391201514e-05 0.0009312523878706768 0.0014159477237006516 0.00360843905037915 0.008859446702104446 0.016862390910536398
419 3771 3.887386475694268e-05 0.017732585654464297 4.8157249161032464e-05 4.8157249161032464e-05 0.0009469356327816649 0.0013922639456432104 0.0035368709044978765 0.008404795476100657 0.017732585654464297
420 3780 3.966705599150078e-05 0.017594922648633857 4.8440151042047946e-05 4.8440151042047946e-05 0.0009476487510507889 0.001343507495867746 0.0034244344240499523 0.00845857400216863 0.017594922648633857
421 3789 3.83158494753439e-05 0.01748058841349627 4.668162287555453e-05 4.668162287555453e-05 0.0009344482747594194 0.0013863816398872783 0.003461426615842387 0.008047922788855293 0.01748058841349627
422 3798 4.23554966348125e-05 0.01858690904483179 4.683286229390379e-05 4.683286229390379e-05 0.0009241047546499399 0.0013608987289059338 0.003334112386986052 0.0076696355192349755 0.01858690904483179
423 3807 4.4412121288918295e-05 0.021195198746184595 4.5107004798112144e-05 4.5107004798112144e-05 0.0008511564025768967 0.0014122516823251953 0.0033693357575646865 0.00752043685593352 0.021195198746184595
424 3816 4.188223725692265e-05 0.022102134877024348 4.276415364142701e-05 4.276415364142701e-05 0.0008770792069487961 0.0014267563996560391 0.0033184828827423182 0.006999278643860382 0.022102134877024348
425 3825 4.0830509387255026e-05 0.0214809186124714 4.229890250895708e-05 4.229890250895708e-05 0.0008796522014257973 0.0013680487776102678 0.00316632342567715 0.006775898047614242 0.0214809186124714
426 3834 4.243518738636577e-05 0.020660834261705858 3.8394503311777366e-05 3.8394503311777366e-05 0.0009216022190743046 0.001365329030595641 0.0031377044628430515 0.006864529666534437 0.020660834261705858
427 3843 4.848505430342373e-05 0.021025265329197518 3.634866674840755e-05 3.634866674840755e-05 0.0009295444290105502 0.0013446539389085368 0.003163504589875883 0.007214834222381521 0.021025265329197518
428 3852 4.615184213686567e-05 0.021569841129070868 3.6077857888532484e-05 3.6077857888532484e-05 0.0009214730769233773 0.0013838783650294087 0.003116863758196487 0.007387598098552744 0.021569841129070868
429 3861 5.071717202800779e-05 0.022098771139563284 3.5351001097146036e-05 3.5351001097146036e-05 0.0009340416315332299 0.00135864311779193 0.003156399638990077 0.0071488656687191355 0.022098771139563284
430 3870 5.476448402268173e-05 0.020266167940260683 3.5501896656514274e-05 3.5501896656514274e-05 0.0009291208233926459 0.0015222491856822437 0.003150359870049355 0.007030771376166734 0.020266167940260683
431 3879 4.6966218008703806e-05 0.019924872534998483 3.2958932969447465e-05 3.2958932969447465e-05 0.0009960549692534218 0.0015904678616924543 0.0031482749031783307 0.006980693706732627 0.019924872534998483
432 3888 4.787144834213556e-05 0.020212744132872836 3.257719186117423e-05 3.257719186117423e-05 0.0009137731633648761 0.001586693741834536 0.0030983695266104962 0.006847767774165703 0.020212744132872836
433 3897 4.7716281004077167e-05 0.019978288017039943 3.246845932988724e-05 3.246845932988724e-05 0.000908895578669601 0.0016377901504415924 0.0032518069552376068 0.006925278741730062 0.019978288017039943
434 3906 4.833898340816036e-05 0.019015964872742402 3.118196029765121e-05 3.118196029765121e-05 0.0009248410683940224 0.0016074062101270868 0.0033756394123375584 0.0070470360396275656 0.019015964872742402
435 3915 4.501350137296621e-05 0.018944648346163245 3.2965547518339464e-05 3.2965547518339464e-05 0.0009315857967022195 0.0015086537681771937 0.0034257454744003905 0.006977541415633017 0.018944648346163245
436 3924 4.1628682355382486e-05 0.018922584290399953 3.1831138142458824e-05 3.1831138142458824e-05 0.0009237449563860208 0.0014352154042982805 0.0033577396236608875 0.007263952061921363 0.018922584290399953
437 3933 4.405451971161543e-05 0.01911873071376988 3.143396524267909e-05 3.143396524267909e-05 0.0008815613414791955 0.0013905878263634017 0.003315972710517221 0.007089055701085408 0.01911873071376988
438 3942 4.2089802661100694e-05 0.018044507625590792 3.355004867892792e-05 3.355004867892792e-05 0.0008927700040957794 0.0014443512479086881 0.0033614725202202444 0.006785647173873657 0.018044507625590792
439 3951 4.2315451683158104e-05 0.017729111289854257 3.246733347787322e-05 3.246733347787322e-05 0.0009096026960699042 0.0014151667614608788 0.0033358794621931825 0.00642731511874945 0.017729111289854257
440 3960 4.4485274653888586e-05 0.018489986481011127 3.142067256385608e-05 3.142067256385608e-05 0.0009355365099399081 0.0014096260374304738 0.0033336808007883166 0.006300297443254144 0.018489986481011127
441 3969 5.0477748864817885e-05 0.019955963055486334 3.0827083042519565e-05 3.0827083042519565e-05 0.0009364941764017533 0.0014100584444089437 0.0031757508397132934 0.0060826454340372465 0.019955963055486334
442 3978 5.005042624044818e-05 0.020257541107559732 3.373003491962334e-05 3.373003491962334e-05 0.0009340817361594519 0.0013509256413758908 0.003242902233213222 0.005982699218264595 0.020257541107559732
443 3987 5.6672434232138706e-05 0.020879447861221447 3.479252014572841e-05 3.479252014572841e-05 0.0009221260918673225 0.0012268580766932108 0.00309718430191412 0.0059295182922010315 0.020879447861221447
444 3996 6.0460064883921526e-05 0.01928774233327563 3.536319802179678e-05 3.536319802179678e-05 0.0010476170468278416 0.0012208472692566174 0.003176110196379732 0.005740463466993663 0.01928774233327563
445 4005 6.432323722981468e-05 0.01936031594149298 3.692214293974723e-05 3.692214293974723e-05 0.0010987260386622199 0.0012259447484007824 0.0029090040381509136 0.005722039809211438 0.01936031594149298
446 4014 6.119058976416014e-05 0.02016679749724517 3.652663106958545e-05 3.652663106958545e-05 0.0010249314009701247 0.0012791866790266683 0.0030078625699213814 0.005748426940346071 0.02016679749724517
447 4023 6.889614609917488e-05 0.020171771579022727 3.641283482157018e-05 3.641283482157018e-05 0.0009853898635002716 0.0012996146459701339 0.002866634098549803 0.005615937507932474 0.020171771579022727
448 4032 7.25766720395363e-05 0.02156334719432249 3.655441800757553e-05 3.655441800757553e-05 0.0009699092236094294 0.0013525132887707827 0.0028543041838345663 0.005449716985940376 0.02156334719432249
449 4041 8.071189127018433e-05 0.020014262191927975 3.918582334364493e-05 3.918582334364493e-05 0.0009469909088677161 0.001353738828756344 0.002781668315651526 0.005354726571147091 0.020014262191927975
450 4050 8.934334325977213e-05 0.019955796641394054 3.973742603979751e-05 3.973742603979751e-05 0.0009442374244487153 0.0014704140569073015 0.0025688136683194324 0.005380036794830173 0.019955796641394054
451 4059 8.776075596158019e-05 0.01809709405853104 3.954447235809975e-05 3.954447235809975e-05 0.0009181377756758678 0.0014738129929317667 0.002702573837731703 0.005696400747183806 0.01809709405853104
452 4068 7.444439882130002e-05 0.01762408337518666 3.8606955569113375e-05 3.8606955569113375e-05 0.0009295310216127094 0.0014733729109188273 0.0027698828845722796 0.005380070696875445 0.01762408337518666
453 4077 7.54618799717584e-05 0.01628216183495662 3.863171914719654e-05 3.863171914719654e-05 0.0008867741062781758 0.0014491083771700905 0.0027736386882214873 0.005445276362275167 0.01628216183495662
454 4086 7.92898124227373e-05 0.015654432983341196 3.780174536946087e-05 3.780174536946087e-05 0.0008201856130142352 0.0015143549725020948 0.0028643377164480205 0.005374732994455791 0.015654432983341196
455 4095 7.628474410556756e-05 0.014386751484092498 3.750156481064411e-05 3.750156481064411e-05 0.0008114261354756917 0.001499313814608303 0.0028894719117129914 0.005596977254078488 0.014386751484092498
456 4104 7.41117175403346e-05 0.013957680176760549 3.683324922353423e-05 3.683324922353423e-05 0.0008036090712370016 0.0015110587034047923 0.0027495436543803933 0.005395287439126742 0.013957680176760549
457 4113 8.054024897054387e-05 0.013653285887750428 3.663310026388086e-05 3.663310026388086e-05 0.0007707439992045202 0.0014749504775940117 0.002651110801167806 0.005507285675440941 0.013653285887750428
458 4122 8.41098396793771e-05 0.013323498164170581 3.68867857639228e-05 3.68867857639228e-05 0.0007186909663727095 0.001460797954438318 0.0026422510266020127 0.006055166757398821 0.013323498164170581
459 4131 7.200522864225759e-05 0.013500212672339794 3.831128608968615e-05 3.831128608968615e-05 0.0006958169716302649 0.0014136307774236807 0.0025416388819548487 0.006286592662620846 0.013500212672339794
460 4140 6.840394662483265e-05 0.013073862647857419 3.729147575527152e-05 3.729147575527152e-05 0.0006742207248871177 0.0013608726550684968 0.0024825870251460234 0.006108414054743418 0.013073862647857419
461 4149 6.107899829889669e-05 0.012903334667720881 3.849313641230541e-05 3.849313641230541e-05 0.0006493939194321775 0.001275503621271171 0.002670548494831081 0.0060227016570193045 0.012903334667720881
462 4158 5.677345177254842e-05 0.01235550102067316 3.799512789234666e-05 3.799512789234666e-05 0.0006380427321187611 0.0011593742184780374 0.0026518124695039994 0.005955774799861683 0.01235550102067316
463 4167 4.965370723524299e-05 0.012383280382782207 3.561117588167161e-05 3.561117588167161e-05 0.0006377556881001114 0.0011492015801033116 0.0026293105307832218 0.005679514729747153 0.012383280382782207
464 4176 4.347189317510275e-05 0.012240189937536693 3.350871512206139e-05 3.350871512206139e-05 0.0006342509816802152 0.0010565141000823052 0.002696417007514798 0.00561715472458034 0.012240189937536693
465 4185 4.114786840343264e-05 0.01213248288242543 3.140070669396349e-05 3.140070669396349e-05 0.000609740851553019 0.0010247375150175175 0.0026730319985192137 0.005657260547160101 0.01213248288242543
466 4194 3.979021592321302e-05 0.012213938301959658 3.0096583207625535e-05 3.0096583207625535e-05 0.0006151537031896128 0.0010211491101245916 0.002660290113402239 0.005279820933455174 0.012213938301959658
467 4203 3.492337906413883e-05 0.01222803019481141 3.0945714551962124e-05 3.0945714551962124e-05 0.0006148248477244473 0.001016971633307103 0.002684084657607893 0.005241372993550147 0.01222803019481141
468 4212 2.889026927822316e-05 0.012697269985566749 3.078614098803487e-05 3.078614098803487e-05 0.000578299364504757 0.0010430986698394835 0.0026613856209180384 0.005007205185355965 0.012697269985566749
469 4221 2.722581331363134e-05 0.012753482496995951 3.0364138138679084e-05 3.0364138138679084e-05 0.0005603967470142467 0.0009269774601430377 0.002647535733316288 0.004914285946903277 0.012753482496995951
470 4230 2.2821121163391922e-05 0.012345720196297665 2.9666848939971794e-05 2.9666848939971794e-05 0.0005641555046199312 0.0008834357005894724 0.0025898120433350846 0.005273262714054101 0.012345720196297665
471 4239 2.1057888570843612e-05 0.012142819442712007 2.8555413742674758e-05 2.8555413742674758e-05 0.0005361776784949711 0.0008754198011960881 0.0025429607076068663 0.004939484159594177 0.012142819442712007
472 4248 1.986059891336626e-05 0.011870484185728607 2.7532493104277655e-05 2.7532493104277655e-05 0.0005158048825064528 0.0008945851053143701 0.002487979317010843 0.004828934349576127 0.011870484185728607
473 4257 1.816404480016026e-05 0.01135331060171123 2.715424098769828e-05 2.715424098769828e-05 0.0005110180638873863 0.0008820576989723971 0.0024611364466559037 0.004770144339590978 0.01135331060171123
474 4266 1.6521081466264256e-05 0.011054245165781892 2.6668156276840728e-05 2.6668156276840728e-05 0.0005130728822985922 0.0008368050759707407 0.002418248638721356 0.004806909188664407 0.011054245165781892
475 4275 1.5122229391773236e-05 0.010944303810740618 2.513078752086957e-05 2.513078752086957e-05 0.00051957220303217 0.0008435565497690318 0.0023374188250170663 0.004874801966162842 0.010944303810740618
476 4284 1.4879885547232822e-05 0.009841725036210633 2.4953649361481432e-05 2.4953649361481432e-05 0.0005160719249966231 0.0008517526489945779 0.00223738886189344 0.004891606860053071 0.009841725036210633
477 4293 1.4876561043528287e-05 0.009828660652497571 2.4564046554949678e-05 2.4564046554949678e-05 0.0004960314698666174 0.0008298489150512169 0.002268340139583899 0.004903219208193884 0.009828660652497571
478 4302 1.5787308843723633e-05 0.009539865840081197 2.6970635153423946e-05 2.6970635153423946e-05 0.0004967534876761319 0.0008313618483521332 0.0021579295771537075 0.00455509051674953 0.009539865840081197
479 4311 1.496684798098798e-05 0.00930500057506605 2.746098159342088e-05 2.746098159342088e-05 0.0004792060039556999 0.0008394762350864775 0.002118183030455959 0.004572481682820149 0.00930500057506605
480 4320 1.6124429704862753e-05 0.00935179288060439 2.735199560768659e-05 2.735199560768659e-05 0.0004644502255975699 0.0008172813138337177 0.002139459112237185 0.004356957870958506 0.00935179288060439
481 4329 1.5984952887797667e-05 0.009691024653902758 2.7704010602365476e-05 2.7704010602365476e-05 0.0004693211215962141 0.0007919348785068325 0.0022267854390779973 0.0041021934116327345 0.009691024653902758
482 4338 1.7318623605028777e-05 0.009368820045110164 2.693989987730967e-05 2.693989987730967e-05 0.0004429644628157532 0.0007541265221604113 0.002230806127591468 0.004306628306570176 0.009368820045110164
483 4347 1.7040987958461794e-05 0.009783033174981725 2.564287530472441e-05 2.564287530472441e-05 0.0004142096760708958 0.0008207745199317176 0.002218336981044324 0.004224481576591609 0.009783033174981725
484 4356 1.685573966374196e-05 0.009796191903395321 2.426510323265118e-05 2.426510323265118e-05 0.0004383257666372404 0.0008145361810730684 0.002198319792061715 0.004038898701821729 0.009796191903395321
485 4365 1.6524756962300787e-05 0.010221594930481148 2.597861214425171e-05 2.597861214425171e-05 0.00042539364835325366 0.000813399904018443 0.00210421561117875 0.003977868118893524 0.010221594930481148
486 4374 1.6152053890937808e-05 0.01097173299134977 2.255600800057322e-05 2.255600800057322e-05 0.0004288739927461408 0.0008101088771981609 0.0021704103796573978 0.0038447245779914137 0.01097173299134977
487 4383 1.6133211882736128e-05 0.011233443382733034 2.2123762890580188e-05 2.2123762890580188e-05 0.0004347380966351729 0.0008388453651601218 0.002153772782821957 0.0037881300527844064 0.011233443382733034
488 4392 1.5889346450751988e-05 0.01090053917027372 2.1196753879258615e-05 2.1196753879258615e-05 0.00044854451895539325 0.0008037668245920232 0.0021693851951582184 0.0037015880188587366 0.01090053917027372
489 4401 1.3845209243367444e-05 0.011030247511144271 2.0258049249303828e-05 2.0258049249303828e-05 0.0004417116948949984 0.0007845825432021348 0.002208692562801555 0.003723395884034112 0.011030247511144271
490 4410 1.3705590117458073e-05 0.010923484930068172 1.971804332044962e-05 1.971804332044962e-05 0.0004176849658356788 0.0007639935520998705 0.0021345442384720628 0.0036582279167476023 0.010923484930068172
491 4419 1.1778496324460973e-05 0.011149575972181998 1.9735826900742588e-05 1.9735826900742588e-05 0.00039942618236655744 0.0007900463916118346 0.0020875315280878023 0.0035360777769593635 0.011149575972181998
492 4428 1.1549930003618082e-05 0.010554849878522619 1.8634775193976723e-05 1.8634775193976723e-05 0.00040296032162741335 0.0007920320969752868 0.001985502047324737 0.0034509273182795584 0.010554849878522619
493 4437 1.229467846273178e-05 0.010482136372459016 1.886385574363502e-05 1.886385574363502e-05 0.0004031949380934475 0.000746534045290295 0.0019633193104505384 0.0035234357411835907 0.010482136372459016
494 4446 1.2824281855437828e-05 0.00940991883573046 2.0481980538071585e-05 2.0481980538071585e-05 0.000403573603613158 0.0007433659948951954 0.0017706267709531967 0.0040177296521702165 0.00940991883573046
495 4455 1.5055455018661815e-05 0.008831958699093995 2.222405207393319e-05 2.222405207393319e-05 0.00040101172281737117 0.0007633550166244728 0.0016234650930025125 0.004092857177564301 0.008831958699093995
496 4464 1.4825088439435323e-05 0.008906283398286863 2.2386002456877115e-05 2.2386002456877115e-05 0.00041392370016982345 0.0007689526799192109 0.0016083925354272585 0.004169060838940062 0.008906283398286863
497 4473 1.541591380220196e-05 0.008284750573919471 2.2535852634193304e-05 2.2535852634193304e-05 0.0003888837305211109 0.0007910538139015266 0.0016653032096467964 0.004098903812133648 0.008284750573919471
498 4482 1.5055715271968185e-05 0.008786281363086996 2.167090400157326e-05 2.167090400157326e-05 0.0003897284411614735 0.0008500236060013439 0.001617905518118603 0.003981338458533172 0.008786281363086996
499 4491 1.3115701134167181e-05 0.009096389777378752 2.06274291214612e-05 2.06274291214612e-05 0.00037427331197732277 0.0008240217346673826 0.0016217494675741981 0.003792756261998758 0.009096389777378752
500 4500 1.3138832022789097e-05 0.009039892866781224 1.9980685093442092e-05 1.9980685093442092e-05 0.0003860533907240826 0.0008077564827772777 0.001582315691131729 0.0037773024704632514 0.009039892866781224
501 4509 1.4517027487206288e-05 0.009263447605421495 1.8850903352518596e-05 1.8850903352518596e-05 0.0003737303119149007 0.0008153086620032874 0.001563302837711693 0.003764968854533903 0.009263447605421495
502 4518 1.4734826182657372e-05 0.008832673914917495 1.8458888990609986e-05 1.8458888990609986e-05 0.00037762551858179527 0.0009458192091524535 0.0014767406363759513 0.0037152872908207445 0.008832673914917495
503 4527 1.4340069606145913e-05 0.008884931502791968 1.831428774112575e-05 1.831428774112575e-05 0.0003751350271233574 0.0009630479577608318 0.0014476992723808913 0.0037640094517046234 0.008884931502791968
