% # columns="iteration, evaluation, void, void, void, xmean", seed=372758, Thu Nov 30 11:17:48 2023, <python>{}</python> # scaling_of_variables: 1, typical_x: 0
1 9 0 0 0 2.545141175971221 1.5894062948573142 -3.2701032646712953 0.3986600999385632 0.6454227387842258 1.3359375756189773
2 18 0 0 0 2.7490431764502676 3.1961878293318096 -2.5206347888132266 0.5489102251406492 0.024617596020080956 0.41496453439987635
3 27 0 0 0 2.3920056637213127 3.1042499139736384 -1.0124323098829966 2.5480784838367785 1.3987587812551363 0.706073148361777
4 36 0 0 0 1.0661734531204794 3.21807433884252 -1.0313739381939655 2.003253057153646 1.6516320856650082 0.8964664644412773
5 45 0 0 0 1.6480122697247146 2.5506969460054023 -1.9766238595069234 4.174294977795493 1.0580725350280877 2.4613025367821235
6 54 0 0 0 0.48846146939559065 3.11630811785896 -3.128829259247873 3.5758177383416325 2.095602659343407 2.4734909217774192
7 63 0 0 0 -0.07575384167909704 2.965860428942669 -2.606654842015906 4.459211470548999 2.688433120176322 2.8748959755032133
8 72 0 0 0 0.013492170716305901 3.6261626025495133 -2.2129201482993373 6.253602677856535 3.313604137073275 1.9617580433020716
9 81 0 0 0 -0.007152562260383397 4.5205514379801395 -1.878372006660229 9.373083442561567 3.6431291466704714 1.0870375527681788
10 90 0 0 0 0.23775533376268432 4.158674930595212 -2.829202415743955 8.402451122552305 2.9478307138956708 1.877437139520588
11 99 0 0 0 -0.2822245306931487 3.596975374407724 -2.0182495713663875 7.064575610198493 3.829414940371108 1.9427976809703167
12 108 0 0 0 -1.3248550796856535 4.449636449976348 -2.2044509371766803 7.760290254922893 3.1757644597051384 1.55981189868566
13 117 0 0 0 -1.714361762903741 2.720305079314302 -2.9283496832944493 6.760411138795318 2.7266066069539456 1.4318720903269817
14 126 0 0 0 -1.4014504935296592 2.369148617214909 -3.5238784193891455 6.965411550420871 2.2670969277971618 2.785398648056526
15 135 0 0 0 -1.0907080386758052 2.6690575881459093 -3.6715869872629554 8.173425440411162 2.0041441445244534 2.5955661461251562
16 144 0 0 0 -0.9037101125945416 2.008341690445844 -4.434733650224359 6.979613576525798 1.4386624838882245 2.1616811283906365
17 153 0 0 0 -1.4698679461979727 1.4938920328654166 -4.392638193141969 7.328687940473926 1.2908595152232458 3.059978717260721
18 162 0 0 0 -1.4452406663679567 1.193383039189931 -4.674580271458794 6.217662113376679 0.7130798807315862 2.728394525427134
19 171 0 0 0 -2.092569211065532 -0.2057587512926775 -5.050563028925367 5.549939358164377 0.6521254562851035 3.2886488421718494
20 180 0 0 0 -2.490068910788735 -0.0947509982520953 -4.695580451018999 4.995126082216833 0.9392754647210934 3.357257171654146
21 189 0 0 0 -2.598226644148408 -0.10746019487716818 -5.024254770477513 3.8187416461167745 0.7849311598205407 4.079034489131324
22 198 0 0 0 -2.7893096305816587 -0.3346874825147247 -5.03749671049316 4.360563809632189 0.7858582905986881 3.5990996849855463
23 207 0 0 0 -3.1923713732711825 -0.42645572894243355 -4.91137641922296 3.9481798487127677 0.9981735608313543 3.4409356503754704
24 216 0 0 0 -3.3610964541053927 -0.6120826558463841 -5.392400907339806 3.502564257304148 0.8693845989737444 3.153727585999841
25 225 0 0 0 -3.3713581930126817 -0.5569063963260726 -4.7786487554851425 3.1203243178501703 1.0577641851740198 3.1166896462541285
26 234 0 0 0 -3.4965311238431322 -0.995485768371249 -4.7699257409107405 2.55452429536734 1.0333608256700257 2.7383954552521854
27 243 0 0 0 -3.192039215819398 -1.4065919902392512 -4.730796195018825 2.849135376644618 0.7894056384274729 3.1182430716602103
28 252 0 0 0 -3.1216648831498515 -1.204904672885375 -4.810558664817498 3.1613468883627136 0.7816206802284509 3.324049545653571
29 261 0 0 0 -3.166208148639971 -0.9754974665465392 -4.453491594368849 3.8477565222738574 0.959853692026651 3.93266488757444
30 270 0 0 0 -3.2269262092924142 -0.9498873875478376 -4.49336855917074 4.050467978572032 1.1251917242563567 4.113109634994412
31 279 0 0 0 -2.862768013696316 -0.5942210762615532 -4.484621494201544 3.9925684109850876 0.7934390638605632 4.284412439522476
32 288 0 0 0 -2.8721862947310837 -0.14211218811201293 -4.3265037587970765 4.69878897030537 1.1812960957375518 4.4700308939242195
33 297 0 0 0 -2.7400924137840414 -0.22816890604125878 -4.292913528720774 5.007867902067069 1.0552476817212173 5.090239237401694
34 306 0 0 0 -3.1815014003933975 -0.37266259606186003 -4.029529321137352 4.915178434324076 1.4414343288799782 4.795047582666428
35 315 0 0 0 -3.450920478617725 -0.7498403399798833 -3.949606795479391 4.875301039559111 1.5198919213555049 5.031418122864126
36 324 0 0 0 -3.7970352748952396 -1.3512163392916172 -4.58129578834995 4.452722913435576 1.072693119333889 4.739364087827979
37 333 0 0 0 -3.8918285492251887 -1.3485851971514136 -4.673717318738258 4.051012732292325 1.1072082780297734 4.37927661593216
38 342 0 0 0 -3.664736681906059 -1.102501466963562 -4.618335342738739 4.073780822628851 1.0621027054952137 4.51896434861286
39 351 0 0 0 -3.835915609567162 -1.0021536670444724 -4.656565987542822 4.4230708455631165 1.2298274969788303 4.783235677942017
40 360 0 0 0 -3.594832965610631 -1.1919589309662897 -4.861827150326211 4.562607143072871 0.9444315887723259 4.838564272623897
41 369 0 0 0 -3.732485854544744 -1.0964522290490815 -4.702307370416519 4.568535813071912 1.103753074895707 4.846103445790246
42 378 0 0 0 -3.7506656695787535 -1.107463233705527 -4.625838501197138 4.788926733141768 1.1630958370332773 5.0883494556905235
43 387 0 0 0 -3.826584197140479 -1.0070575649997016 -4.495691257678866 4.877169272676733 1.2990921910093003 5.22828664862241
44 396 0 0 0 -4.013528621791264 -1.2480483300760332 -4.494690025802417 4.9832257388698284 1.3336168295425845 5.327875463514198
45 405 0 0 0 -4.074728235656387 -1.2439017019884595 -4.444353238668697 4.788155277383213 1.3728813790067593 5.171114620503506
46 414 0 0 0 -4.059081852597485 -1.241897263793233 -4.521251513235783 4.52063507696566 1.3369782555043352 4.912796346564351
47 423 0 0 0 -4.09246051151868 -1.3205628437767476 -4.576836669037634 4.3744220959384785 1.3406544850020345 4.712537217181711
48 432 0 0 0 -3.9347127083859386 -1.3444482894817102 -4.6932065638223035 4.271437835716502 1.1628346429230962 4.5903200941312035
49 441 0 0 0 -3.8811356539040194 -1.3702532689531297 -4.692375534020683 4.128168333998036 1.1024265386807264 4.456006372423099
50 450 0 0 0 -4.067601636805197 -1.337741304660803 -4.553484897195896 4.203281830259039 1.304930103788499 4.550937098405232
51 459 0 0 0 -4.151972704888826 -1.2222341286849008 -4.4491313727773685 4.266052811253294 1.4539947924752155 4.618490945835407
52 468 0 0 0 -4.102655823458122 -1.2527160078372188 -4.590587767185706 4.141835084173283 1.3286175384720074 4.517781629982219
53 477 0 0 0 -4.038311338912518 -1.1943316072980352 -4.565481707706308 4.197635238834177 1.3459542411332421 4.568594733759788
54 486 0 0 0 -4.063041366299622 -1.2983586312136173 -4.593724280062906 4.294902776399175 1.2985890419010784 4.652885752181815
55 495 0 0 0 -4.035593302452452 -1.2598408194233677 -4.558952675354388 4.347859511553501 1.3018077934236472 4.712945374849187
56 504 0 0 0 -4.052132685975408 -1.3208715531561313 -4.6066854632014715 4.376572422319819 1.2677726349108498 4.7236611397085335
57 513 0 0 0 -3.9917852642420604 -1.1826289559998882 -4.539484692691529 4.478453427887448 1.315877570811172 4.8246682566460715
58 522 0 0 0 -3.9998693525466797 -1.2258033857612376 -4.61191921895209 4.492996149908892 1.2782657760701361 4.851604006780319
59 531 0 0 0 -3.996296148452396 -1.1765959692775987 -4.550422255820861 4.556939673406877 1.3183400879764815 4.898146073369501
60 540 0 0 0 -3.9703233104483884 -1.1770567832259782 -4.561883323025323 4.552247826985032 1.292132561439513 4.8849365062522825
61 549 0 0 0 -3.968976339607811 -1.1998382269385164 -4.595196313040441 4.492696470803052 1.2650005437594396 4.8352908662530965
62 558 0 0 0 -4.00119979908805 -1.1475014186604289 -4.530382036011124 4.533184475904109 1.3394753017607484 4.874140902735683
63 567 0 0 0 -4.03120148814834 -1.1945387046807354 -4.542164352350003 4.5019841962433125 1.3363436401677498 4.854394636831424
64 576 0 0 0 -4.013516325425223 -1.1931653550504435 -4.545876321241086 4.546452991908276 1.3222300606597885 4.891349005171712
65 585 0 0 0 -3.9815552015592663 -1.178952046303607 -4.548890219462016 4.579776657355634 1.3002172761575599 4.9240573266336405
66 594 0 0 0 -3.96656785943596 -1.1655257813838547 -4.575064725387318 4.604452972844832 1.2835061324134003 4.952914701933169
67 603 0 0 0 -3.970719924535135 -1.1395674544323438 -4.55097450736072 4.625180956906052 1.3089634340134166 4.97086560292884
68 612 0 0 0 -3.9502876713567563 -1.1360112864228702 -4.562125408624558 4.602862182831512 1.2928198485530393 4.942610263108053
69 621 0 0 0 -4.004730993339785 -1.169028658047858 -4.55054149880368 4.582734894207772 1.3198706523309163 4.929299724011044
70 630 0 0 0 -3.9740975372575362 -1.1248587508331482 -4.531972874376286 4.634399264016166 1.3270037112471516 4.973659273888095
71 639 0 0 0 -3.9524965781621892 -1.1203086087922256 -4.553889221683892 4.631554056592744 1.3048800662219655 4.974615956027287
72 648 0 0 0 -3.968161120860122 -1.1262026714471811 -4.559645909022301 4.633853324065765 1.3121529828410048 4.974381244292029
73 657 0 0 0 -3.977168306924079 -1.123382403060627 -4.554997606260185 4.67096917806116 1.3204603788640603 5.010320431265442
74 666 0 0 0 -3.9593701205511014 -1.080084687008652 -4.5369274432573015 4.71811962228359 1.336091770314669 5.055168635458539
75 675 0 0 0 -3.9475993579864963 -1.0775339872413328 -4.547047094810918 4.721885082689042 1.3239503728870017 5.05513235529802
76 684 0 0 0 -3.950738989217771 -1.067526400743089 -4.536632737127643 4.721726715987498 1.3356595717260609 5.055110473097625
77 693 0 0 0 -3.964517084748307 -1.0441427820898908 -4.514024769780032 4.764504572141633 1.365896447236937 5.095504939737678
78 702 0 0 0 -3.9697240860428447 -1.0320149682924182 -4.509722014577328 4.763655312446047 1.3776606195237853 5.0963973796591295
79 711 0 0 0 -3.9728170656444317 -1.0608861068533633 -4.516414275114871 4.728898897597935 1.3634548115291112 5.062273258357849
80 720 0 0 0 -3.973174243486258 -1.049298368395238 -4.509278609201803 4.738421100481639 1.3727693663027658 5.0714194221464854
81 729 0 0 0 -3.9711128669393787 -1.0334681712420526 -4.507371089175754 4.760864896582947 1.3786576612942598 5.090003405807437
82 738 0 0 0 -3.9889545228240717 -1.0320260564093302 -4.503010331706013 4.759603123877662 1.395158008475808 5.088690509227606
83 747 0 0 0 -4.000128377215942 -1.033297812613335 -4.49847569153745 4.768490567128939 1.404454638685475 5.0978273424616125
84 756 0 0 0 -3.99665977241484 -1.035077460863362 -4.500964534661757 4.754597927409886 1.4004565535253588 5.0832701327098215
85 765 0 0 0 -3.9931192346742685 -1.0276563328025559 -4.500386788325 4.748827372659854 1.4005500525096468 5.077043028559377
86 774 0 0 0 -3.9908322547355373 -1.015190524314875 -4.497601562473555 4.764229346275053 1.4068805691764052 5.092548243304313
87 783 0 0 0 -3.9938862529886623 -1.0147095663298649 -4.49968138347102 4.770997908025936 1.4079667406416179 5.099633712190166
88 792 0 0 0 -4.001689615132866 -1.0076584010684286 -4.492383218705336 4.774658340764758 1.4195304673649904 5.104382666132793
89 801 0 0 0 -3.995208908366236 -1.0203033322874644 -4.499944746087208 4.763630721093714 1.4053357301506573 5.094515630850468
90 810 0 0 0 -4.0062428740511615 -1.0229167658240792 -4.497104361647805 4.7627247649540605 1.41324307979979 5.092945709808367
91 819 0 0 0 -3.998855511493893 -1.0236344218614826 -4.496113106873132 4.764076642248118 1.4083157196470752 5.093674263634522
92 828 0 0 0 -3.9989102311036655 -1.0381340946772668 -4.5009683566785785 4.748465984890609 1.3995508101545244 5.077969930513962
93 837 0 0 0 -3.995981012157883 -1.049365636583798 -4.509720020731993 4.736728639323949 1.3884481104879227 5.065027002124296
94 846 0 0 0 -3.9984960085195165 -1.049177115491732 -4.504879967974595 4.735401215933446 1.3928109623005116 5.064764187445574
95 855 0 0 0 -3.9979801875717293 -1.0520147869086653 -4.503436237921189 4.728225171245034 1.3912501281325236 5.058482193798597
96 864 0 0 0 -4.002315577037605 -1.0599713491579539 -4.5036942876008625 4.7300547209116806 1.3911469015681432 5.061796896172084
97 873 0 0 0 -3.9931916604693556 -1.0609881860536985 -4.507405138274214 4.7249588641552 1.3825000406165688 5.057493087143021
98 882 0 0 0 -3.9960806434918146 -1.0590410303339863 -4.50433443980868 4.731797157820921 1.3874342386010765 5.064329943483346
99 891 0 0 0 -3.9884581005725437 -1.0455737469691186 -4.504347970446205 4.744166631389396 1.3879112854490474 5.075843836346651
100 900 0 0 0 -3.9852785298296034 -1.048059991005402 -4.505359930963619 4.73877151918313 1.3842141783235473 5.0700773282206715
101 909 0 0 0 -3.9859086568369206 -1.0472341374167917 -4.506140582324849 4.736011090732925 1.3841755128410573 5.067090744775101
102 918 0 0 0 -3.9852333052258286 -1.052427107824379 -4.5077946241711775 4.73147842226914 1.3804056968740799 5.061512291022759
103 927 0 0 0 -3.989279303296742 -1.0493103271881812 -4.501783323611097 4.734467257503721 1.3872969360835072 5.064159414553724
104 936 0 0 0 -3.99714085710424 -1.0539525139970127 -4.498954952703959 4.730732553684914 1.3921810156887326 5.061501780739133
105 945 0 0 0 -4.000620630741018 -1.0553437360199192 -4.495250282053604 4.729755748436221 1.3961044413612913 5.061093158054361
106 954 0 0 0 -4.002691602960441 -1.0589404375989355 -4.4942148591830655 4.726797824535298 1.396750439230917 5.058892775913367
107 963 0 0 0 -4.0018270067921975 -1.0547010671523953 -4.49270481237682 4.729784591530479 1.3986236567913428 5.061959871433275
108 972 0 0 0 -4.0001070884175105 -1.0512642299549242 -4.4933818304078486 4.731888236384983 1.3982454830299187 5.063194073459151
109 981 0 0 0 -4.001770284491895 -1.0437148296111662 -4.489076355893631 4.738419576317952 1.4048308476234883 5.070146583579538
110 990 0 0 0 -4.001391091542962 -1.04238618328968 -4.48881281492168 4.7379631413576515 1.4056949702317054 5.069420433565387
111 999 0 0 0 -4.004821361721405 -1.0411135393941733 -4.48658413559489 4.739156838398408 1.4095660197978723 5.069659388819241
112 1008 0 0 0 -4.004780854596204 -1.0376585933259181 -4.485653235472351 4.742573490697155 1.4117391821410143 5.072852859931275
113 1017 0 0 0 -4.007020892718978 -1.0338976564052578 -4.481841274782049 4.745224482062392 1.4170997710804862 5.07573529205467
114 1026 0 0 0 -4.006968629375274 -1.0395180371680193 -4.484832046999531 4.740663290419452 1.4131516796266648 5.070997697912894
115 1035 0 0 0 -4.00979328534327 -1.0347462757319852 -4.480933117988667 4.744372283238973 1.4192916056700808 5.074656485793431
116 1044 0 0 0 -4.009801365303673 -1.0310398689091913 -4.4787442543047575 4.74733764053909 1.4223188848634367 5.077288784895389
117 1053 0 0 0 -4.010200001137125 -1.029897213756865 -4.479024083428503 4.7487230572562 1.4231670077460667 5.077928421267934
118 1062 0 0 0 -4.01352933980598 -1.0303591622573112 -4.477374744471635 4.747939585223915 1.4260185081474042 5.076847391792562
119 1071 0 0 0 -4.014114862127658 -1.0271975826819593 -4.476969937308011 4.7503392613680795 1.4284604400760887 5.078369151030203
120 1080 0 0 0 -4.0193356044397985 -1.0304248099065527 -4.474404152943265 4.747128023149008 1.432204271799009 5.075834038171633
121 1089 0 0 0 -4.023877601576159 -1.0278270981516981 -4.470823913475612 4.749637935653424 1.4383271966760713 5.078830832413015
122 1098 0 0 0 -4.024095819535057 -1.0347551605852925 -4.4725584108498575 4.744481245619596 1.4347063390025991 5.074686490957347
123 1107 0 0 0 -4.024576783022587 -1.0330279243501082 -4.472556780773501 4.745508970848979 1.435707870791774 5.074958694945587
124 1116 0 0 0 -4.024018307205204 -1.0279762319838988 -4.471571448182228 4.749161753590315 1.4379669320439783 5.078110220033655
125 1125 0 0 0 -4.022049757354002 -1.029081024716104 -4.473734758399284 4.748526268801912 1.434836878518932 5.077440568546028
126 1134 0 0 0 -4.023020302200494 -1.0326678699647065 -4.474574119707148 4.745866894699461 1.4333346943600802 5.0755587087570015
127 1143 0 0 0 -4.024242161698587 -1.0327431951307016 -4.473915749039084 4.745764857073184 1.4346258826439198 5.0755319649882935
128 1152 0 0 0 -4.024618178183256 -1.0285294843991246 -4.472389056788182 4.748973014865233 1.4375812064320355 5.0779313218391415
129 1161 0 0 0 -4.0258147922260425 -1.0271911400464093 -4.4703480188106495 4.7499391688838735 1.4400942671286614 5.079200772113224
130 1170 0 0 0 -4.027132328341422 -1.0272394463620667 -4.469168955360925 4.749968946638626 1.441654392092552 5.0792541789755745
131 1179 0 0 0 -4.031029225604096 -1.0280941642016617 -4.466664265191556 4.748995635395751 1.4453781429327481 5.078312909182254
132 1188 0 0 0 -4.034150698224599 -1.0289811251577614 -4.465078644252967 4.748507170788713 1.4479203419468858 5.077899322795125
133 1197 0 0 0 -4.037976532887118 -1.031783168874935 -4.46398131316023 4.74615156743001 1.450055618460406 5.0757381513217865
134 1206 0 0 0 -4.037223342823136 -1.0295887874894478 -4.463983397323759 4.747836585536867 1.450389577598704 5.076764562028245
135 1215 0 0 0 -4.038293427342574 -1.0285949283002698 -4.463458576583092 4.748781547036689 1.4518705485467032 5.077407577009472
136 1224 0 0 0 -4.03911594863422 -1.0262411242195242 -4.461729427641446 4.750935801377705 1.454426878506923 5.079862268190181
137 1233 0 0 0 -4.041986550911391 -1.0283291171767448 -4.460276421671195 4.748805851746657 1.4563041431425023 5.07790828662143
138 1242 0 0 0 -4.04480371526405 -1.0280034759827803 -4.458750446078271 4.7490972722360105 1.459283459986564 5.07819295365112
139 1251 0 0 0 -4.047933003267494 -1.0249724791590267 -4.456373536859618 4.751655825970681 1.4643351617977016 5.080414527250858
140 1260 0 0 0 -4.052278014319456 -1.0238510630764348 -4.453723863789108 4.752766291895842 1.4693670232104001 5.081467687279546
141 1269 0 0 0 -4.054969324540688 -1.0224401865897195 -4.452286218658855 4.754008261244804 1.472481067097399 5.082736684923306
142 1278 0 0 0 -4.065107246066116 -1.0287958967661956 -4.447428750728352 4.74861106918234 1.4792952860644406 5.078273193031298
143 1287 0 0 0 -4.067133876659513 -1.0312051647867286 -4.4481782710837035 4.746857835769441 1.4795124306703262 5.076956881189709
144 1296 0 0 0 -4.0720579157272185 -1.0274312460559005 -4.444729135957865 4.7497640707326445 1.4865183254251801 5.079506164164356
145 1305 0 0 0 -4.0802310694649755 -1.0318671138082232 -4.440805305631322 4.7463150235014115 1.4925759281447528 5.076914370270314
146 1314 0 0 0 -4.079029152776288 -1.0361822245488888 -4.4443888591824114 4.743165237722313 1.4880553139107096 5.07381104515964
147 1323 0 0 0 -4.102963270175297 -1.0351587168871015 -4.431629585657297 4.74357783336 1.5124782209450385 5.073715861032058
148 1332 0 0 0 -4.106992122053372 -1.0264876080933258 -4.425704645129624 4.750730068238431 1.5228244319474085 5.079232032626554
149 1341 0 0 0 -4.1033640101975575 -1.0389413585661835 -4.433238068077498 4.74109563741965 1.5108829404337374 5.071097027465873
150 1350 0 0 0 -4.110341259475256 -1.03404466218905 -4.427950372772773 4.745099925574278 1.52130767498398 5.07532213828791
151 1359 0 0 0 -4.121065514507106 -1.0392517989071575 -4.424494952216103 4.7410291870048535 1.5284163602641017 5.07197243088048
152 1368 0 0 0 -4.121913883733295 -1.0402410654640517 -4.424007572309948 4.7405940786764615 1.528859066931514 5.072025208662849
153 1377 0 0 0 -4.1388866835185185 -1.044376211615379 -4.41878507896153 4.7371413616588045 1.5422292508663715 5.0690291367504425
154 1386 0 0 0 -4.125556292501183 -1.0395158050213065 -4.425780103106143 4.741143702833524 1.5310159903791745 5.072491813212252
155 1395 0 0 0 -4.146352769834236 -1.0460202582171265 -4.4171078680907865 4.735962935145995 1.547847922710671 5.067794555292129
156 1404 0 0 0 -4.144989774435193 -1.0500135714196597 -4.419145739079813 4.732842352557522 1.543888888495552 5.064855613798934
157 1413 0 0 0 -4.162652436807564 -1.0515898761487499 -4.40921105368386 4.731507072451548 1.5613717451811189 5.063569913886797
158 1422 0 0 0 -4.15497180547017 -1.0503028966752928 -4.41353504525971 4.732648365809389 1.5541247817994508 5.065049251523955
159 1431 0 0 0 -4.1653607965407184 -1.0483725689577812 -4.405889397625246 4.733873563932966 1.5666162634103844 5.065786371642866
160 1440 0 0 0 -4.175904450421793 -1.0549981062985438 -4.403735318982667 4.728702086435366 1.572777738691193 5.06117443755439
161 1449 0 0 0 -4.168417427001399 -1.0488132405412023 -4.4046509326369385 4.733584462780902 1.5696391861573578 5.06504233203033
162 1458 0 0 0 -4.181201437690444 -1.057074826126894 -4.402461793634469 4.727336882124025 1.5765552268141003 5.059731727801389
163 1467 0 0 0 -4.192235395167101 -1.0600736703442664 -4.397885945237109 4.725239348363912 1.5859533582324084 5.058291972140294
164 1476 0 0 0 -4.184135019147541 -1.0565840297325555 -4.401407303299681 4.727952811431979 1.5799864728537383 5.060763053076375
165 1485 0 0 0 -4.200070965549314 -1.0578410598575865 -4.395130471516238 4.727234457412013 1.595010582633225 5.060417571908586
166 1494 0 0 0 -4.198854435899333 -1.060753622259453 -4.3948157272666855 4.724555385211346 1.5928911332501925 5.058716220000156
167 1503 0 0 0 -4.217050134060984 -1.071724844562949 -4.39109245808974 4.716647663806501 1.6036981706752942 5.051751317063972
168 1512 0 0 0 -4.225857633183331 -1.07483012848785 -4.386769186722234 4.714174604030411 1.6109669357565792 5.048557317628349
169 1521 0 0 0 -4.220937409352198 -1.069834998069274 -4.385709867683409 4.718118604366466 1.6104841520671298 5.051726924439265
170 1530 0 0 0 -4.242120161783461 -1.0795403674524824 -4.378336626262452 4.711104949108091 1.6258840471295892 5.045474316742187
171 1539 0 0 0 -4.234131914632369 -1.0774153489005611 -4.379334657262117 4.712920218218239 1.6207643422263374 5.047580538800916
172 1548 0 0 0 -4.259039437578295 -1.0775013810936855 -4.368791782818734 4.713065149634729 1.64580098012066 5.047666991018044
173 1557 0 0 0 -4.282527196223403 -1.0797719812517814 -4.36111438534032 4.711392090363785 1.6670675156341044 5.046930460014117
174 1566 0 0 0 -4.266203302744803 -1.0764847991745 -4.368867606908482 4.713742950670465 1.6518327362474687 5.048466501520862
175 1575 0 0 0 -4.277924255134743 -1.0796627559579195 -4.366445423408962 4.710958833449138 1.6603680598345467 5.04578479239466
176 1584 0 0 0 -4.268551457987418 -1.0815228354208202 -4.369864124810808 4.709370138886342 1.650755930363129 5.044370521429318
177 1593 0 0 0 -4.293454579968293 -1.0920629645264226 -4.36449499163247 4.701872447706391 1.6680652405725174 5.03723445067138
178 1602 0 0 0 -4.3250419718658 -1.098710984644062 -4.3497346387201175 4.6973675920024025 1.69723106005836 5.032836709669447
179 1611 0 0 0 -4.33650252319495 -1.0971662617555598 -4.3478674578385315 4.6988593510406895 1.7081374794249513 5.034875319463338
180 1620 0 0 0 -4.337258747785115 -1.0797189990772758 -4.343986249453639 4.712387284377569 1.7194823289976429 5.047514900655805
181 1629 0 0 0 -4.328493713097649 -1.0791329505888443 -4.3482782803756725 4.712757653236725 1.7109472151197176 5.046633770311185
182 1638 0 0 0 -4.303304380841643 -1.0603340163327997 -4.353387556034456 4.726609094962889 1.6977503275199932 5.060241108280658
183 1647 0 0 0 -4.291946273971834 -1.0618001541686135 -4.3549474561278645 4.724575052490196 1.6871076171780324 5.0595235620148955
184 1656 0 0 0 -4.302103850040802 -1.065668558253616 -4.352402306665758 4.7217717680166835 1.6946124270294598 5.056374466703282
185 1665 0 0 0 -4.295064173993462 -1.0498597086670922 -4.352134646003825 4.7333158446292805 1.6967640782382152 5.066344164128745
186 1674 0 0 0 -4.296625807745601 -1.0366369064929397 -4.348500087791252 4.743513632895791 1.7066827415160768 5.075427966529279
187 1683 0 0 0 -4.305196261371174 -1.037711592981366 -4.345207440563544 4.743034354642266 1.7148512267691525 5.074944708055852
188 1692 0 0 0 -4.2935779952998425 -1.0363227034088105 -4.349770042722306 4.743806379871766 1.7038153755907417 5.075007263480192
189 1701 0 0 0 -4.295888959053382 -1.0300333009613873 -4.346907296238319 4.74869057450845 1.7103850542465964 5.079126589779263
190 1710 0 0 0 -4.291014404099228 -1.0254907689998938 -4.347465648031784 4.752440120564478 1.7086378233822959 5.082565093318542
191 1719 0 0 0 -4.302709452360443 -1.0331044992135026 -4.344552659855181 4.7467413707776505 1.7156384841077934 5.077600513261089
192 1728 0 0 0 -4.2984762746758065 -1.0315214686438956 -4.344836810228554 4.747500528184131 1.712839471094472 5.078352973317593
193 1737 0 0 0 -4.297724771894094 -1.0328447794509168 -4.344484941229714 4.746251749971171 1.7116412396219112 5.077184187478066
194 1746 0 0 0 -4.292376369509095 -1.029380930285141 -4.347392716223448 4.749149094761467 1.707864850620562 5.079386299310281
195 1755 0 0 0 -4.294237895669632 -1.0255222974160088 -4.345462467576946 4.75194279272595 1.712307707570668 5.082173335733073
196 1764 0 0 0 -4.295090524114625 -1.0235666472048988 -4.345503946489453 4.753488803572267 1.713898160746323 5.083116363813496
197 1773 0 0 0 -4.298834839565602 -1.0288130935972606 -4.343886204313206 4.74939182309875 1.7151214262787935 5.079856346818358
198 1782 0 0 0 -4.306263735803393 -1.031230829572702 -4.341930327307325 4.747582656067009 1.7208872821257828 5.077732233491022
199 1791 0 0 0 -4.307510483786786 -1.0285966270310345 -4.341025606938279 4.749729339439686 1.7239519005055628 5.0804322999361675
200 1800 0 0 0 -4.311413756417661 -1.0286028986330298 -4.3404389156085275 4.7500013426020224 1.7272872201594411 5.080675303369533
201 1809 0 0 0 -4.321585868196034 -1.0291258846304299 -4.335452259191826 4.749708737285143 1.7379453661580542 5.080254449767135
202 1818 0 0 0 -4.328171588468668 -1.0295654956059166 -4.333063805764766 4.7494288999723455 1.7442957440252045 5.079963110876189
203 1827 0 0 0 -4.325947863244533 -1.0275466338815247 -4.333175456291112 4.750764101697466 1.7436256773753285 5.080851246113632
204 1836 0 0 0 -4.328122436207714 -1.0223067993081478 -4.328753566339678 4.754558000128573 1.7504902896895125 5.0845853001798
205 1845 0 0 0 -4.331111934274662 -1.0250269971953818 -4.329265512620507 4.752367634099185 1.7513374402120074 5.082114092021313
206 1854 0 0 0 -4.346780778180946 -1.026763367189361 -4.324340355107831 4.751163782442779 1.7656737491435048 5.080809007292444
207 1863 0 0 0 -4.358644265915976 -1.0276939259171165 -4.31989707517873 4.750826884913011 1.7773656300566658 5.080989622065765
208 1872 0 0 0 -4.365993084516993 -1.024005310063405 -4.315883832406626 4.7536172735485716 1.78777974710747 5.083163017939495
209 1881 0 0 0 -4.379143735127464 -1.0190438807537163 -4.310540111049072 4.757714674592628 1.8038268031885216 5.086419506981051
210 1890 0 0 0 -4.39554804863185 -1.0317464039389685 -4.310460988040462 4.748368706018642 1.810558903869159 5.078773495347774
211 1899 0 0 0 -4.402581419084853 -1.0342935322361644 -4.30921582856498 4.7467458063266506 1.8156618620414375 5.077149475306398
212 1908 0 0 0 -4.400138986311301 -1.031144926811476 -4.306703443305369 4.748468239458073 1.8167936453662676 5.078549283039403
213 1917 0 0 0 -4.393113145620759 -1.0291613783494615 -4.309253431189015 4.749485527844832 1.8105760851835164 5.079837797833921
214 1926 0 0 0 -4.3831648505104335 -1.0309282484457742 -4.313064022961818 4.748190886278991 1.7994618049507656 5.079328253555803
215 1935 0 0 0 -4.389104129325372 -1.0317432384285057 -4.31101067023289 4.7476333889841955 1.8053491840188631 5.079415975518308
216 1944 0 0 0 -4.387265320658571 -1.0225531405156307 -4.309661475186909 4.754918127354691 1.8092288463883452 5.085986227996278
217 1953 0 0 0 -4.3921918093146095 -1.0303065104830575 -4.309118788793415 4.748729455422049 1.80952179912314 5.080567398269108
218 1962 0 0 0 -4.4026839080976865 -1.028208876413641 -4.304888386806689 4.750519743076169 1.8214303470800886 5.0817970409973094
219 1971 0 0 0 -4.405217108501961 -1.0339507043919358 -4.306766129992264 4.7459647649660415 1.8195674320733048 5.07717094505479
220 1980 0 0 0 -4.408346301537027 -1.0371120510317946 -4.306058841132936 4.743468227085581 1.8209139605968752 5.075037077404404
221 1989 0 0 0 -4.426459191509261 -1.0329746296217401 -4.299069359626803 4.746885441834413 1.8417898709317038 5.077739560594183
222 1998 0 0 0 -4.432323205869569 -1.0344735651929067 -4.299168583026999 4.745900521030654 1.84577728732892 5.076753904191343
223 2007 0 0 0 -4.438725748733454 -1.030615032155611 -4.296974771660581 4.749293259788146 1.8542443841340108 5.079482673261336
224 2016 0 0 0 -4.441876889429047 -1.0351051412389563 -4.297568783731363 4.745905131302174 1.8544143830436548 5.076565509160106
225 2025 0 0 0 -4.426332753637142 -1.0257040336984746 -4.299746155667815 4.7530431741339925 1.8454957984377995 5.0834555892072935
226 2034 0 0 0 -4.435710499292423 -1.0302963952480677 -4.297187561015916 4.749550003665596 1.851928992244842 5.080360995364253
227 2043 0 0 0 -4.444394575613817 -1.0253084065937867 -4.292609569656319 4.7534548760964705 1.864232610458049 5.0829694007804855
228 2052 0 0 0 -4.442346141336309 -1.0276410544602086 -4.29399054175633 4.751378123632501 1.8608372196612062 5.081133594198938
229 2061 0 0 0 -4.448223125020607 -1.0244370363419175 -4.292186440831476 4.754013418684908 1.8684100842882239 5.082984452069021
230 2070 0 0 0 -4.455112100253819 -1.022664204096824 -4.2892890826127115 4.7555182555802205 1.8767196406699083 5.084394631281138
231 2079 0 0 0 -4.469720917530688 -1.0242784002408654 -4.2858538400114785 4.754472571038746 1.8900961623378472 5.083298982405595
232 2088 0 0 0 -4.473308797829803 -1.0269890217620516 -4.284474896613345 4.75210179908871 1.8924100348069013 5.081293830111695
233 2097 0 0 0 -4.484124455372501 -1.0310012221515228 -4.282575403519613 4.749212675261853 1.900523754548073 5.07854528032954
234 2106 0 0 0 -4.484461675788842 -1.0231398968595418 -4.2814439078611946 4.755290661735246 1.905559487664661 5.083528081421548
235 2115 0 0 0 -4.479358013451273 -1.0229541467606367 -4.28254605650524 4.755379425538081 1.9010316004087766 5.0842083725430065
236 2124 0 0 0 -4.493564356724077 -1.0250622364229973 -4.277163813749479 4.753750129586927 1.9148308538785979 5.082565867012843
237 2133 0 0 0 -4.491397750111708 -1.0216555838109163 -4.2785253507488825 4.756655298280233 1.914047253266238 5.085137497911126
238 2142 0 0 0 -4.500763190493223 -1.0222186964603601 -4.274982691099424 4.756114863273536 1.9237529634512232 5.084503727179918
239 2151 0 0 0 -4.50475209722986 -1.0249720530665765 -4.273442843878858 4.753784738751949 1.926514191687877 5.083057570538165
240 2160 0 0 0 -4.514685527665896 -1.0241788501861864 -4.271147421238503 4.75463741447584 1.936630925978581 5.084124633755724
241 2169 0 0 0 -4.517345594569779 -1.0215197623426862 -4.2695023051228835 4.756713499613134 1.9412269090429544 5.08608359011033
242 2178 0 0 0 -4.5271501223847475 -1.0188035565270626 -4.26521828561081 4.758913705902177 1.953182550843 5.088194581487407
243 2187 0 0 0 -4.541525568498934 -1.0221096360559812 -4.262081990939392 4.7567047252786345 1.9652136587966849 5.086105926434639
244 2196 0 0 0 -4.55081097110859 -1.0234760300037467 -4.259545047368649 4.755669013236937 1.9737911790203184 5.085324380712004
245 2205 0 0 0 -4.529799606647389 -1.0208165282995791 -4.266662021230022 4.75750241024587 1.9536227975223357 5.0868713751410235
246 2214 0 0 0 -4.530755361028829 -1.015206668430099 -4.265748462893826 4.762013797519754 1.958059360632113 5.090780714788383
247 2223 0 0 0 -4.5371119435003235 -1.0153913502935208 -4.263530624112665 4.762010076216664 1.964829598791569 5.091097374440565
248 2232 0 0 0 -4.544468131534113 -1.0180143789289593 -4.2605397553035 4.7599911895966365 1.971376454651311 5.0897871897465565
249 2241 0 0 0 -4.5592104922277885 -1.0176444072644144 -4.2565592334306395 4.760637406191757 1.9864023315253734 5.090339688017919
250 2250 0 0 0 -4.58166885041693 -1.019634127406596 -4.250292197507525 4.759145612895424 2.0079314022929333 5.089006268902912
251 2259 0 0 0 -4.590006532214542 -1.0233393911294963 -4.248418467827934 4.756164833524391 2.014334089431344 5.086306144105213
252 2268 0 0 0 -4.610918913221746 -1.0271886708400433 -4.243722660151539 4.753450922114016 2.032796028161893 5.084671512157897
253 2277 0 0 0 -4.61429659626953 -1.0270140122382805 -4.244514535279974 4.753906415092026 2.0353953345541136 5.0840349316054825
254 2286 0 0 0 -4.608777391458106 -1.0195401458598323 -4.244763173451474 4.759636536043995 2.0349784037235668 5.089293125368278
255 2295 0 0 0 -4.610386050898762 -1.0198227451776452 -4.244832532223807 4.75952565943127 2.036662304252933 5.088725609725827
256 2304 0 0 0 -4.5977917812265705 -1.0187962697694126 -4.248782393422248 4.760220901277074 2.024241048940584 5.089846173162811
257 2313 0 0 0 -4.605330521069108 -1.021549640768199 -4.246210151492103 4.758208397801334 2.030302717774899 5.088524104860836
258 2322 0 0 0 -4.620019939961026 -1.0256285632681812 -4.2423621737057235 4.754826692348365 2.0426976900415124 5.0856296602858
259 2331 0 0 0 -4.634065092737816 -1.0260733524003027 -4.238300581041132 4.754592117884819 2.056879085727308 5.085376602769675
260 2340 0 0 0 -4.608755245387708 -1.0232120460003071 -4.244505194053422 4.7564497412403295 2.0330042617247734 5.086967018200554
261 2349 0 0 0 -4.613131582593709 -1.0244602271130143 -4.2441487683686665 4.755586518393472 2.0364740060600224 5.086211269025147
262 2358 0 0 0 -4.622022080271198 -1.0214438842968374 -4.240884547582114 4.758198077396925 2.0473490030301122 5.088158635383557
263 2367 0 0 0 -4.638321424668219 -1.0243115539346 -4.236322926774355 4.756069081082606 2.062360736366727 5.086400709963482
264 2376 0 0 0 -4.631968721065539 -1.0228883175210488 -4.23840637351286 4.757093162423515 2.056497295729475 5.086857377216866
265 2385 0 0 0 -4.640390833603826 -1.0249208349187033 -4.237115620889933 4.755697821794458 2.0634978501585435 5.085795857546085
266 2394 0 0 0 -4.629482783861532 -1.0230394403477088 -4.2395674535065275 4.757009315543811 2.05403927305864 5.086971240858073
267 2403 0 0 0 -4.640649645147191 -1.023307499342548 -4.236526717477603 4.756904546856336 2.0652310642579645 5.086585736262459
268 2412 0 0 0 -4.642969964706772 -1.0240725243159006 -4.236633576909147 4.756335357997943 2.0666419513969343 5.085922637477678
269 2421 0 0 0 -4.646148474706102 -1.0230330221614472 -4.2356962937251685 4.7572331084157184 2.0707232104289854 5.086620903435868
270 2430 0 0 0 -4.644082198946188 -1.0241310526871878 -4.236388210200541 4.756353902404506 2.067908350001993 5.085926997894563
271 2439 0 0 0 -4.648846232004527 -1.0231388572506723 -4.234828044960243 4.757206476225446 2.073465372432375 5.087052255466734
272 2448 0 0 0 -4.64822338620695 -1.0223132930461758 -4.235177824728948 4.757804420946305 2.0730306627516804 5.08745258957545
273 2457 0 0 0 -4.646827741427085 -1.0207604688284233 -4.235706077326925 4.759050689887577 2.0722962987472426 5.088811422736839
274 2466 0 0 0 -4.646887437552194 -1.0212891122132801 -4.2364183285188775 4.758689887932595 2.071830299417133 5.088738428077535
275 2475 0 0 0 -4.644485847197449 -1.0216281863948393 -4.2370201146532525 4.758395248244844 2.0690949578886304 5.088066365409959
276 2484 0 0 0 -4.646481963658679 -1.0210366376307647 -4.236020656490988 4.758819707865678 2.07158316560883 5.088513025395088
277 2493 0 0 0 -4.644174484329641 -1.0204593428566473 -4.236976998580956 4.759311456826453 2.0694221305243126 5.089165457663316
278 2502 0 0 0 -4.6466302303329545 -1.0200850213697368 -4.23633630966939 4.759708467250445 2.072193864149098 5.089533955429292
279 2511 0 0 0 -4.648153464246046 -1.021465913461947 -4.235415444332465 4.7585391336433815 2.0732070406994874 5.088304334676464
280 2520 0 0 0 -4.64786553203902 -1.0209231028122732 -4.235327983475998 4.758986175757542 2.073371572186339 5.088776358092792
281 2529 0 0 0 -4.647830014576613 -1.0209214214227271 -4.235178564004805 4.758914810612682 2.073491073716298 5.088693675300838
282 2538 0 0 0 -4.648555719008144 -1.0200535623059783 -4.235035356671043 4.7596223049190725 2.074695260953266 5.089333987144809
283 2547 0 0 0 -4.647127036794682 -1.019626953472412 -4.235656151637283 4.759973366917414 2.0733427688323434 5.089603584011585
284 2556 0 0 0 -4.64825984494754 -1.0196327890786092 -4.234969340250521 4.75995941585808 2.074754844647892 5.089640176600062
285 2565 0 0 0 -4.647004251072939 -1.0201749764704966 -4.235199320282306 4.759480654398965 2.073096195433714 5.089227354361886
286 2574 0 0 0 -4.648801602213367 -1.0210716101901465 -4.235009507876734 4.758791693260966 2.0743446393542038 5.088556844041881
287 2583 0 0 0 -4.648872050545178 -1.0209800673614144 -4.234809239809413 4.7588430090419775 2.074545297080658 5.088504463956317
288 2592 0 0 0 -4.649370456166301 -1.0214088192724748 -4.234615847965915 4.7584976672674975 2.07487778520547 5.088141636658771
289 2601 0 0 0 -4.649775526451217 -1.0207051606755004 -4.234499779738047 4.759073257232602 2.075677827691967 5.088702236421557
290 2610 0 0 0 -4.650145742065211 -1.0204758990339062 -4.234193406639436 4.759243123540163 2.076298245311766 5.088813158508595
291 2619 0 0 0 -4.650259360154418 -1.020968112202013 -4.234176428821463 4.758839655759758 2.0761231895053904 5.088400716602441
292 2628 0 0 0 -4.65011283775066 -1.0210446705718506 -4.234136399865446 4.758772478286746 2.0759894414893285 5.08829693879782
293 2637 0 0 0 -4.649438767943621 -1.0212191162864206 -4.234518459373664 4.75864336874878 2.075097297051604 5.088146090288426
294 2646 0 0 0 -4.649147048181074 -1.0213290716372954 -4.234667396583266 4.758564538682242 2.0747366834613374 5.088018778267029
295 2655 0 0 0 -4.649609516209592 -1.0210263379160676 -4.234523403376171 4.758814219044433 2.0754144503888146 5.088240632223756
296 2664 0 0 0 -4.649852426031197 -1.0211946529426328 -4.234538036025489 4.758693537184493 2.0755674188202553 5.0881289038749795
297 2673 0 0 0 -4.650074434963661 -1.0208872502149073 -4.234585824870303 4.758936366476735 2.075926658247307 5.088433909675942
298 2682 0 0 0 -4.650182389924306 -1.0206528416617242 -4.234423629307325 4.759108684972314 2.0761883463228274 5.088630814989788
299 2691 0 0 0 -4.650065035696372 -1.0206134759567003 -4.234469602647147 4.759141440182546 2.076092165995078 5.088616746186595
300 2700 0 0 0 -4.6500457220511615 -1.0203125148307477 -4.234564541262425 4.759393613670104 2.0762121316899216 5.088893199422597
301 2709 0 0 0 -4.649903375622215 -1.0203310682103006 -4.234578119418478 4.75937386144882 2.0760354544161745 5.088826174199876
302 2718 0 0 0 -4.649940749806933 -1.0205179388106722 -4.234492432884712 4.759222548299085 2.0760333572649015 5.0887216313636
303 2727 0 0 0 -4.64983270810412 -1.0203783728563331 -4.234476775900141 4.759324696605658 2.076024605044436 5.088779658331055
304 2736 0 0 0 -4.650017719997721 -1.0203592865055586 -4.234525505436938 4.759349532369042 2.0761675986124133 5.088788335669328
305 2745 0 0 0 -4.650071453650693 -1.020279988343434 -4.234540746052327 4.759413163228647 2.076236001399308 5.088859344361558
306 2754 0 0 0 -4.650077721250056 -1.0204411805342368 -4.234457695024842 4.759275731599324 2.0761949407976474 5.08867193283796
307 2763 0 0 0 -4.650233900167215 -1.0204073200965864 -4.234414914793471 4.7593057730741295 2.0763733193443397 5.088701273916129
308 2772 0 0 0 -4.6500056460034855 -1.0203833671959825 -4.234492290816123 4.759320256360414 2.0761472830360086 5.088715422366142
309 2781 0 0 0 -4.650041348420329 -1.0203133295452327 -4.234506880650748 4.759381785000584 2.076219835660237 5.088777330576664
310 2790 0 0 0 -4.650157340805769 -1.0204429636978614 -4.234410534067385 4.7592748504718365 2.076287635024572 5.088662517507275
311 2799 0 0 0 -4.650028442723224 -1.0203865841664432 -4.234460347263993 4.759318503962795 2.0761779145937718 5.088739475407367
312 2808 0 0 0 -4.649958371165238 -1.0203323464275331 -4.23449578006021 4.759362203801037 2.0761355745397925 5.0888217954857256
313 2817 0 0 0 -4.649971505388281 -1.0203278440236143 -4.234504539751061 4.759367895288131 2.076146454682682 5.088852364941724
314 2826 0 0 0 -4.650022006564504 -1.0202890782819112 -4.234540263645712 4.759401551699986 2.0761952604013216 5.088933171203041
315 2835 0 0 0 -4.649955488623813 -1.0202953654492428 -4.234521649326758 4.759392859681558 2.076138792412752 5.088925001797621
316 2844 0 0 0 -4.649821833317762 -1.0204009824988012 -4.234502672598445 4.759302496139561 2.07596958253546 5.088842551440413
317 2853 0 0 0 -4.6500544553261 -1.020366926157132 -4.234475401827083 4.759335829525899 2.0762068843169357 5.088863189872933
318 2862 0 0 0 -4.650093343808826 -1.0204128141754123 -4.234418531058732 4.759294238086906 2.0762355532881758 5.088838361533608
319 2871 0 0 0 -4.65020167013711 -1.0203825630592076 -4.234433669145418 4.759325343593801 2.0763401388653238 5.088869064160236
320 2880 0 0 0 -4.650260193212077 -1.0203546212233128 -4.234440284143605 4.7593488515731055 2.0764042548187227 5.088873645968233
321 2889 0 0 0 -4.650318017538022 -1.0202924830476217 -4.234470040681543 4.759404484929544 2.076467369015475 5.0889371553855085
322 2898 0 0 0 -4.650395836344099 -1.0202650392221921 -4.2344712936064 4.759428928683748 2.076540948358709 5.088984766319353
323 2907 0 0 0 -4.650538388897786 -1.0202643055377236 -4.234408552728459 4.759431693416308 2.0766963837344377 5.0889600452977675
324 2916 0 0 0 -4.6506405824416275 -1.020326846061843 -4.234371981347663 4.759380783697929 2.0767835343868595 5.088919648358543
325 2925 0 0 0 -4.6505620350009815 -1.020399744716602 -4.23436182381192 4.759319651544882 2.0766866102565373 5.088860043807296
326 2934 0 0 0 -4.650566658147377 -1.0203638395234613 -4.2343628082878215 4.759349437686165 2.076711036925911 5.088876427130646
327 2943 0 0 0 -4.650583603532301 -1.0204196288096863 -4.234332472179799 4.759299339704049 2.0767013010935633 5.088853356580634
328 2952 0 0 0 -4.650643786513258 -1.020419198414421 -4.234310047316534 4.75930184129747 2.0767702616330714 5.088851438872484
329 2961 0 0 0 -4.650641240287371 -1.020391163336612 -4.234306891302375 4.759323117124691 2.0767823510203893 5.0888632402026355
330 2970 0 0 0 -4.650568750381989 -1.0204008712330344 -4.234344644959223 4.75931682084892 2.0766883778827476 5.088869276688339
331 2979 0 0 0 -4.650638165603315 -1.0203806759971243 -4.234324377930546 4.759332108200132 2.0767754184595324 5.088875401644027
332 2988 0 0 0 -4.650651351755538 -1.0203737958281547 -4.23431917654318 4.7593382074955795 2.0767931145930976 5.088895391043701
333 2997 0 0 0 -4.6506324917486985 -1.0203643601833279 -4.234338215172832 4.759346522710972 2.0767695955454752 5.088913193464165
334 3006 0 0 0 -4.650642180734115 -1.0203687894721059 -4.234320302330316 4.759341035481685 2.076782884943873 5.0889071360489835
335 3015 0 0 0 -4.650660691270602 -1.0203673504970112 -4.234314665727206 4.759342718267675 2.07680244406476 5.0889001499701845
336 3024 0 0 0 -4.650639757465748 -1.0203873189642805 -4.234306714548727 4.75932512032452 2.0767768543633247 5.088891867328485
337 3033 0 0 0 -4.650648647888871 -1.0203616840236291 -4.234324604877477 4.759347453884075 2.0767907940720107 5.088926408273632
338 3042 0 0 0 -4.650656378213412 -1.020372189322667 -4.2343077736261865 4.759338225210968 2.076798700916292 5.0889208420159315
339 3051 0 0 0 -4.650664991972102 -1.0203748504070131 -4.2342972589944425 4.75933575848062 2.076809721296119 5.088923651917401
340 3060 0 0 0 -4.650656615773148 -1.0203591208701943 -4.234312999226235 4.759348952923498 2.076804472636822 5.088933320607489
341 3069 0 0 0 -4.650668464215318 -1.0203619861476685 -4.234306254026398 4.759346570888356 2.076817926664857 5.088935096483558
342 3078 0 0 0 -4.650674981618062 -1.0203678207263314 -4.23430197799411 4.759341714531674 2.0768248763363446 5.0889183596147465
343 3087 0 0 0 -4.650654736229543 -1.02034958285006 -4.234325459418887 4.759357567857967 2.0768034018234367 5.088928668682386
344 3096 0 0 0 -4.650675011805741 -1.020355053660862 -4.23431449197896 4.759352733460007 2.0768229505808744 5.088916017934621
345 3105 0 0 0 -4.6506673855613405 -1.0203488195387642 -4.234323162466516 4.759357964257825 2.076815079075326 5.088923239099751
346 3114 0 0 0 -4.650663009869597 -1.0203517085710665 -4.234322328626718 4.75935555780171 2.0768104307219133 5.088918951651541
347 3123 0 0 0 -4.650653320876648 -1.0203398889630193 -4.234332572426987 4.759365599579164 2.0768022290539316 5.0889285087901985
348 3132 0 0 0 -4.650661700809077 -1.0203361325724363 -4.234334693848225 4.759369194740804 2.076811424658406 5.088934158903363
349 3141 0 0 0 -4.650661898396798 -1.0203376658942775 -4.234327473907965 4.759367362187668 2.07681261750663 5.088932006876063
350 3150 0 0 0 -4.650665346977214 -1.0203453845055062 -4.234320553551607 4.759360789773904 2.076815078261253 5.088926003298468
351 3159 0 0 0 -4.650667427428235 -1.0203446110916896 -4.234321564438949 4.759361565184142 2.0768184727663175 5.088926650513952
352 3168 0 0 0 -4.650669922980111 -1.0203369980241668 -4.234326031893746 4.759368022933135 2.076822756088859 5.088935710706025
353 3177 0 0 0 -4.6506710660806 -1.020334332922466 -4.234330007705484 4.759370498765783 2.076822765392502 5.088932999317264
354 3186 0 0 0 -4.650671938676433 -1.0203347290238485 -4.234328135514189 4.759370058754689 2.0768231203799865 5.088932916083627
355 3195 0 0 0 -4.650667286429772 -1.0203293550896588 -4.234329883336413 4.7593743768578625 2.0768204576991582 5.088937769326357
356 3204 0 0 0 -4.650665829664109 -1.0203263743081437 -4.234335246555702 4.759377086701955 2.076818365711706 5.088943417915186
357 3213 0 0 0 -4.650668248611858 -1.0203269684059266 -4.234331773758263 4.759376417750779 2.0768212870311893 5.088941027487209
358 3222 0 0 0 -4.650665835939866 -1.020325796258691 -4.234334993542431 4.759377504604996 2.0768177527693283 5.0889438008618715
359 3231 0 0 0 -4.650668953771611 -1.0203230776562184 -4.234337050464331 4.75937988995976 2.07682089428997 5.088949573407623
360 3240 0 0 0 -4.650671859883554 -1.0203272980764548 -4.234332306306805 4.759376239636388 2.0768240775592557 5.088945307118351
361 3249 0 0 0 -4.650671391085474 -1.0203224123710641 -4.234335868746324 4.759380421376659 2.0768237511736496 5.088947464315164
362 3258 0 0 0 -4.650669826227794 -1.0203249005323909 -4.234334580672352 4.7593783151674165 2.0768223075360233 5.088942275922623
363 3267 0 0 0 -4.650670116390944 -1.0203228759418543 -4.234336653658489 4.759380049377888 2.07682184216711 5.088945040999063
364 3276 0 0 0 -4.650671928259239 -1.020324020534139 -4.234335315220407 4.75937910609009 2.0768241158309126 5.088945788534835
365 3285 0 0 0 -4.650672865355984 -1.0203224154826376 -4.234336255632277 4.759380504964512 2.076825695702751 5.088948167879406
366 3294 0 0 0 -4.650673221174521 -1.0203223575978266 -4.234336338263563 4.759380571442914 2.076825058116291 5.088945429520149
367 3303 0 0 0 -4.65067241609809 -1.0203230913378762 -4.234335406913391 4.759379843222787 2.0768240687420705 5.0889453433735525
368 3312 0 0 0 -4.650674400160381 -1.0203249916839092 -4.23433285955213 4.75937823200764 2.0768265400135446 5.088944891912583
369 3321 0 0 0 -4.650673822850764 -1.0203257237984702 -4.234333586063493 4.759377696724586 2.0768257265404158 5.088945078844806
370 3330 0 0 0 -4.650674594498061 -1.0203251308226402 -4.234333455113494 4.759378178359858 2.0768268495250832 5.088945015706479
371 3339 0 0 0 -4.6506735056376005 -1.0203231338261196 -4.23433517866257 4.759379849461023 2.0768259118882186 5.088945853219347
372 3348 0 0 0 -4.650674581210369 -1.0203230794180964 -4.234334769287287 4.759379902912725 2.0768269538949333 5.088944326241317
373 3357 0 0 0 -4.650674781604539 -1.0203238119934845 -4.234333640192281 4.759379239715517 2.0768269347368418 5.088942462245385
374 3366 0 0 0 -4.650675369751633 -1.0203250089200295 -4.234332548290251 4.759378226017692 2.0768278229784096 5.088943268476782
375 3375 0 0 0 -4.650675720789374 -1.0203254651069897 -4.23433228138924 4.759377865076993 2.076828472592356 5.0889438805010885
376 3384 0 0 0 -4.650675545550051 -1.0203253282739702 -4.234332684861319 4.759377979255869 2.0768280118363682 5.088943832705017
377 3393 0 0 0 -4.650676138103378 -1.0203258473576782 -4.234332100162277 4.759377551921679 2.0768286116749457 5.088943344453636
378 3402 0 0 0 -4.650676080472652 -1.0203256088718131 -4.234332495783071 4.759377766470933 2.076828862661573 5.088943363297829
379 3411 0 0 0 -4.650675034873236 -1.0203254659857506 -4.234333038891441 4.759377887018008 2.0768275855216523 5.088942896727398
380 3420 0 0 0 -4.6506754450848575 -1.0203252184915401 -4.234332915408413 4.759378089207738 2.0768280848821163 5.088943646734718
381 3429 0 0 0 -4.6506760600965995 -1.0203257868867348 -4.23433195235029 4.759377577238889 2.076828697831294 5.0889430571323775
382 3438 0 0 0 -4.650676438947596 -1.0203262026488804 -4.234331316073046 4.759377211410536 2.076828973461289 5.088942049930501
383 3447 0 0 0 -4.65067653157424 -1.020326084735323 -4.234331505104405 4.759377317706551 2.076829157447238 5.088941863016119
384 3456 0 0 0 -4.650676614217895 -1.0203266006408143 -4.234330962386247 4.759376859819076 2.0768292353313367 5.088940819781025
385 3465 0 0 0 -4.65067669139634 -1.0203272860304087 -4.234330352618068 4.759376268168101 2.0768290105742238 5.088939818724641
386 3474 0 0 0 -4.650676990773652 -1.0203276151790153 -4.2343299756137345 4.759375993651323 2.0768295581733973 5.088940016115739
387 3483 0 0 0 -4.650677581186562 -1.020328250624118 -4.234329110351309 4.7593754339033305 2.076830046223539 5.088939484666339
388 3492 0 0 0 -4.650677634808669 -1.0203289161773565 -4.23432848830635 4.759374857901704 2.076830184651754 5.088938948818319
389 3501 0 0 0 -4.650677097389299 -1.0203291485906412 -4.234328255329804 4.759374638581023 2.0768293725243274 5.08893799863695
390 3510 0 0 0 -4.65067709171945 -1.0203293267658433 -4.2343278988828175 4.759374465378634 2.076829093977736 5.0889375570078705
391 3519 0 0 0 -4.650676662925151 -1.0203286733326298 -4.234328426652431 4.75937501954882 2.076828689899856 5.088937501452996
392 3528 0 0 0 -4.650676899361381 -1.0203288699373227 -4.234328310482398 4.759374855181648 2.076828911467819 5.088937069807896
393 3537 0 0 0 -4.650676931501348 -1.0203277474715273 -4.2343293226039425 4.759375831321938 2.076829286829803 5.088937934705251
394 3546 0 0 0 -4.650676512897935 -1.0203270796943014 -4.234330259550368 4.759376423045741 2.076828866371854 5.088938267576902
395 3555 0 0 0 -4.650676790737617 -1.0203266260797481 -4.23433058861163 4.759376818870539 2.0768292539150353 5.088938770483335
396 3564 0 0 0 -4.650676811807024 -1.020326958392539 -4.2343301361637575 4.759376518575933 2.0768291416071 5.088939039175977
397 3573 0 0 0 -4.650676919097211 -1.020326492326231 -4.234330610844612 4.759376925499895 2.0768293713620114 5.08893961195573
398 3582 0 0 0 -4.650677407188249 -1.0203269703740576 -4.23433012479151 4.7593765230769325 2.076830184196806 5.088939845935086
399 3591 0 0 0 -4.6506775084997285 -1.0203269475431975 -4.234329973126189 4.75937653715575 2.0768302068968767 5.088939437181528
400 3600 0 0 0 -4.650677381383166 -1.0203272350980548 -4.234329766386344 4.7593762811098435 2.0768299238289547 5.088938885274434
401 3609 0 0 0 -4.650677326580929 -1.0203271689236488 -4.234329891269181 4.759376346270873 2.0768298617029477 5.088938867942476
402 3618 0 0 0 -4.650677362258366 -1.0203272522624844 -4.234329843540544 4.759376281284688 2.0768299320056833 5.088939237347954
403 3627 0 0 0 -4.6506774185705195 -1.020327272787591 -4.23432980977991 4.759376262460216 2.0768300315561348 5.0889390921171875
404 3636 0 0 0 -4.650677514207829 -1.0203274198588375 -4.234329659500715 4.759376138354568 2.0768301878118542 5.08893901339127
405 3645 0 0 0 -4.650677774794907 -1.0203276665414989 -4.234329453689258 4.7593759368395965 2.0768304301209524 5.088939051062447
406 3654 0 0 0 -4.650677785541955 -1.020327721486925 -4.234329458387315 4.7593758951855945 2.0768304927976193 5.088939181935587
407 3663 0 0 0 -4.650677719878779 -1.0203279833232024 -4.234329115146671 4.759375658508987 2.0768304306140197 5.088938686768156
408 3672 0 0 0 -4.650677727772611 -1.0203278952244048 -4.234329166146803 4.759375732055216 2.0768304668102258 5.088938585862939
409 3681 0 0 0 -4.650677822291 -1.0203279726591936 -4.234329024607462 4.7593756621880345 2.076830614801918 5.088938676589756
410 3690 0 0 0 -4.650677754961124 -1.020327921608228 -4.2343289870037255 4.759375696127018 2.076830620874927 5.088938454994477
411 3699 0 0 0 -4.650678022948393 -1.0203279849174496 -4.234328944073493 4.759375653107541 2.076830947729739 5.088938823809013
412 3708 0 0 0 -4.650678044523678 -1.020328244321686 -4.234328647906515 4.759375423851172 2.076830953899879 5.08893831584623
413 3717 0 0 0 -4.6506778387101155 -1.0203281604986645 -4.234328737463069 4.759375489770166 2.0768306305064503 5.088938189578137
414 3726 0 0 0 -4.650677697895581 -1.020328367898804 -4.234328481373477 4.759375298291356 2.076830454772272 5.088937487587678
415 3735 0 0 0 -4.650677728537316 -1.0203283187768244 -4.234328568160924 4.759375346374104 2.0768305542144865 5.08893756027116
416 3744 0 0 0 -4.650677746870744 -1.0203282541529917 -4.234328645564159 4.759375404583066 2.0768305906496374 5.088937653471573
417 3753 0 0 0 -4.6506776372038505 -1.0203284162897266 -4.234328415692665 4.759375250681746 2.076830389464825 5.088937301711921
418 3762 0 0 0 -4.650677599291233 -1.0203285602177194 -4.234328269182321 4.759375121513745 2.0768303656578726 5.088936858969463
419 3771 0 0 0 -4.6506776228381685 -1.0203282654796648 -4.234328642991501 4.7593753879548135 2.076830475553302 5.088937397171598
420 3780 0 0 0 -4.650677635554431 -1.020328199995655 -4.234328754462315 4.759375450454806 2.0768305602055928 5.088937713351787
421 3789 0 0 0 -4.650677597092219 -1.0203279259372287 -4.234329009615211 4.759375687297735 2.076830538107631 5.08893792821098
422 3798 0 0 0 -4.650677720671598 -1.0203276093772358 -4.234329286849953 4.759375968065988 2.07683073896849 5.088938574774863
423 3807 0 0 0 -4.650677625195207 -1.0203275314576974 -4.234329308440449 4.759376028559999 2.0768306424640657 5.0889385849883935
424 3816 0 0 0 -4.6506777173832345 -1.0203274168088083 -4.234329470334035 4.759376137027232 2.0768307862965907 5.088938975504986
425 3825 0 0 0 -4.650677671603544 -1.0203274027270481 -4.234329505302619 4.759376148899204 2.0768308023206976 5.0889390239857
426 3834 0 0 0 -4.650677603483652 -1.0203271248388939 -4.234329828193732 4.75937639392299 2.076830804134077 5.088939311803921
427 3843 0 0 0 -4.650677722473648 -1.020326863346411 -4.23433017654303 4.759376636659876 2.0768310697320187 5.0889399938524775
428 3852 0 0 0 -4.650677791585659 -1.0203274743137112 -4.234329561707258 4.759376102640169 2.0768309750152296 5.088939242522557
429 3861 0 0 0 -4.650677763178879 -1.0203273516441604 -4.234329800011767 4.759376219803052 2.0768309462713086 5.088939450015872
430 3870 0 0 0 -4.650677753316077 -1.0203271795579643 -4.234330010211924 4.759376372714383 2.076830891512193 5.088939614792327
431 3879 0 0 0 -4.6506777421308 -1.0203272930633793 -4.234329813333533 4.759376267168445 2.0768309072888713 5.08893949164751
432 3888 0 0 0 -4.650677630482501 -1.0203269974715121 -4.234330170064926 4.759376525978942 2.0768308226977625 5.088939509469993
433 3897 0 0 0 -4.6506778273392015 -1.0203271334427477 -4.234330069481466 4.759376417072707 2.0768310352271717 5.0889395432325095
434 3906 0 0 0 -4.650677674013006 -1.020326939345365 -4.234330320866772 4.759376584434858 2.076830885542889 5.08893983025158
435 3915 0 0 0 -4.650677562451553 -1.0203271684339668 -4.23433002573657 4.7593763751378 2.0768307337875487 5.08893911867772
436 3924 0 0 0 -4.650677511852274 -1.0203273957635142 -4.234329740875099 4.759376167497902 2.076830599202261 5.088938756782729
437 3933 0 0 0 -4.650677521688839 -1.0203275582950972 -4.234329632373752 4.759376028019206 2.076830613280674 5.0889387470935326
438 3942 0 0 0 -4.65067754406009 -1.020327306040551 -4.234329894170302 4.759376250258278 2.076830667943175 5.088939182466163
439 3951 0 0 0 -4.650677624026457 -1.0203275325366792 -4.234329703319313 4.759376057299381 2.076830683392287 5.088939141745122
440 3960 0 0 0 -4.65067764754391 -1.020327105423606 -4.2343301623278125 4.759376436563138 2.0768308442851136 5.088940037056387
441 3969 0 0 0 -4.6506775015053385 -1.0203273579172019 -4.234329843762341 4.759376200834692 2.0768306466165583 5.088939502202624
442 3978 0 0 0 -4.650677628672542 -1.020327083305347 -4.234330133052704 4.7593764490886 2.0768308757901703 5.088940021043742
443 3987 0 0 0 -4.650677570188593 -1.0203271156687415 -4.234330092267969 4.75937642086434 2.076830926062546 5.088940194791876
444 3996 0 0 0 -4.6506774647802525 -1.0203271892732653 -4.2343299675282875 4.759376349750867 2.076830775726935 5.08894001221617
445 4005 0 0 0 -4.650677460199728 -1.0203273534244832 -4.234329789974049 4.759376206017087 2.0768308052478446 5.088939376849257
446 4014 0 0 0 -4.6506774734583605 -1.0203273268908444 -4.234329779022512 4.759376225052312 2.076830842319042 5.088939400975096
447 4023 0 0 0 -4.650677367882757 -1.0203279095911384 -4.234329114385396 4.759375699108695 2.0768306584538503 5.088938253839942
448 4032 0 0 0 -4.650677459177421 -1.0203276872982876 -4.234329395073392 4.759375900783888 2.0768308076618744 5.088938692617397
449 4041 0 0 0 -4.650677283888081 -1.020327707884117 -4.234329303791231 4.7593758698124065 2.076830740980592 5.088938328462617
450 4050 0 0 0 -4.650677162018511 -1.020327458055036 -4.23432948689409 4.759376081865796 2.076830688973517 5.088938064767821
451 4059 0 0 0 -4.650677046342646 -1.0203273445990966 -4.234329537660673 4.759376170462101 2.076830559342377 5.088938406471138
452 4068 0 0 0 -4.650677283036355 -1.0203272673975339 -4.234329745465879 4.759376257714293 2.0768307642588515 5.088939208611108
453 4077 0 0 0 -4.650677065386982 -1.0203272925973867 -4.2343296186602535 4.759376218620439 2.0768306782073678 5.0889391233952885
454 4086 0 0 0 -4.650677147246093 -1.020327394928278 -4.234329506872604 4.759376130974437 2.0768308191859592 5.088939447686884
455 4095 0 0 0 -4.65067716543799 -1.0203272025577332 -4.234329725146695 4.759376303104784 2.0768309560688003 5.088939760156581
456 4104 0 0 0 -4.6506770911829065 -1.020327428620404 -4.234329447004477 4.759376097337487 2.076830926799172 5.08893939063819
457 4113 0 0 0 -4.650677314456096 -1.0203276923237503 -4.234329179532238 4.759375873716929 2.0768312151626924 5.088939472515035
458 4122 0 0 0 -4.650677346749662 -1.0203281663515666 -4.234328765223668 4.759375464875042 2.0768311571978244 5.088938661761058
459 4131 0 0 0 -4.650677220171216 -1.0203278747110254 -4.234329009696817 4.759375713752852 2.076831048387171 5.088938708777117
460 4140 0 0 0 -4.65067707958189 -1.0203278194257939 -4.234329065913236 4.759375753693625 2.0768309382041905 5.088939010600026
461 4149 0 0 0 -4.650677100434754 -1.0203277382092166 -4.234329173710068 4.759375828962435 2.076830995990118 5.0889393761904085
462 4158 0 0 0 -4.6506770880474315 -1.020327640364302 -4.234329330861802 4.759375919052784 2.07683092854354 5.088939438379786
463 4167 0 0 0 -4.650677210530696 -1.0203276680998603 -4.234329281110294 4.759375897825451 2.0768310642051766 5.0889393718416285
464 4176 0 0 0 -4.650677118507293 -1.020327587040177 -4.234329313702079 4.759375961251434 2.0768309734659707 5.088939282213332
465 4185 0 0 0 -4.650677151664917 -1.0203275099221225 -4.234329371224544 4.759376029294035 2.076830996667425 5.0889394401556105
466 4194 0 0 0 -4.65067710451091 -1.0203273177382024 -4.2343296141260955 4.759376199953359 2.076830959456689 5.088939851434172
467 4203 0 0 0 -4.650677069397436 -1.0203273663360672 -4.234329528980439 4.759376152905525 2.0768309466073904 5.088939662327363
468 4212 0 0 0 -4.6506771068767785 -1.0203273430400484 -4.234329568373696 4.759376176407903 2.07683098242377 5.088939815165753
469 4221 0 0 0 -4.650677080817055 -1.0203273109001623 -4.234329599437299 4.7593762029873155 2.07683094565602 5.088939654378444
470 4230 0 0 0 -4.65067707312265 -1.0203273176784136 -4.234329593809924 4.759376196673666 2.0768309361683306 5.088939671291347
471 4239 0 0 0 -4.6506770602640835 -1.0203272922717714 -4.234329603731936 4.759376217117378 2.07683094572742 5.088939686911172
472 4248 0 0 0 -4.650677064231156 -1.020327235835779 -4.234329650856068 4.759376266475465 2.076830957038257 5.088939835358577
473 4257 0 0 0 -4.650677047097154 -1.020327323508113 -4.234329569525536 4.759376189630867 2.07683093119341 5.088939664296094
474 4266 0 0 0 -4.650677061861515 -1.0203273154715868 -4.234329566040098 4.759376195899686 2.0768309342395264 5.088939626806406
475 4275 0 0 0 -4.650677075222711 -1.0203273065128744 -4.23432958056799 4.759376204352194 2.0768309480851945 5.088939709296278
476 4284 0 0 0 -4.650677047719129 -1.0203273307415257 -4.234329558887243 4.759376181738931 2.076830915193224 5.08893965955683
477 4293 0 0 0 -4.650677057255976 -1.0203273267714879 -4.234329561725517 4.759376185387936 2.0768309364976822 5.088939655485933
478 4302 0 0 0 -4.650677041113446 -1.0203273424724417 -4.234329536255473 4.759376169838944 2.07683093368209 5.088939631906137
479 4311 0 0 0 -4.65067707291951 -1.0203273159426174 -4.234329562799277 4.759376194896691 2.0768309817588406 5.088939746837605
480 4320 0 0 0 -4.650677096986061 -1.020327282668671 -4.234329583553483 4.7593762238064325 2.0768310077667103 5.088939798731111
481 4329 0 0 0 -4.650677121086264 -1.020327312851235 -4.234329562523045 4.759376199196063 2.076831037118913 5.088939797525568
482 4338 0 0 0 -4.650677135554369 -1.020327261210301 -4.2343296289019925 4.759376246012852 2.0768310385456528 5.088939929442353
483 4347 0 0 0 -4.650677130603679 -1.020327267485936 -4.234329627321579 4.759376241217675 2.0768310352628565 5.088939883494458
484 4356 0 0 0 -4.650677134444229 -1.020327299453549 -4.234329597553208 4.759376214132267 2.0768310393285216 5.088939815982149
485 4365 0 0 0 -4.6506771254653 -1.0203273396397647 -4.234329551759761 4.759376178065216 2.076831013298788 5.088939656000357
486 4374 0 0 0 -4.650677116126882 -1.0203273049466708 -4.234329594828063 4.75937620869365 2.07683100577868 5.088939695230906
487 4383 0 0 0 -4.650677113658436 -1.0203272859995933 -4.234329610979763 4.759376225409642 2.076831009339203 5.08893969939225
488 4392 0 0 0 -4.650677128636454 -1.02032721202524 -4.234329682043416 4.759376290214749 2.0768310268274077 5.088939869275735
489 4401 0 0 0 -4.650677138432984 -1.020327247693614 -4.234329648611722 4.75937625993081 2.076831043872776 5.088939830227636
490 4410 0 0 0 -4.650677129455917 -1.0203272381940731 -4.234329674274918 4.759376269118477 2.0768310324089065 5.088939903513362
491 4419 0 0 0 -4.65067714798249 -1.0203272382950601 -4.234329666310067 4.75937626928552 2.0768310494877364 5.088939887631322
492 4428 0 0 0 -4.65067716558308 -1.0203272313538578 -4.23432967192189 4.759376275684568 2.076831064407317 5.088939935145169
493 4437 0 0 0 -4.650677137378714 -1.0203272170334166 -4.23432968734956 4.759376286870517 2.0768310250737 5.088939867671672
494 4446 0 0 0 -4.650677136836979 -1.02032720639377 -4.23432968851278 4.7593762951923395 2.0768310358566096 5.088939880164061
495 4455 0 0 0 -4.650677113508542 -1.0203271928819204 -4.2343297014245245 4.759376305882465 2.0768310241140338 5.088939878875733
496 4464 0 0 0 -4.65067714285201 -1.020327198568432 -4.234329695894745 4.759376302172877 2.0768310537854666 5.088939896422856
497 4473 0 0 0 -4.6506771218030165 -1.0203272260912326 -4.234329681074482 4.759376278103371 2.0768310035638673 5.088939789685964
498 4482 0 0 0 -4.650677133696176 -1.0203272702881978 -4.23432963800044 4.7593762401107815 2.0768310152341956 5.088939742734343
499 4491 0 0 0 -4.650677130364799 -1.020327233596406 -4.234329665698664 4.759376271341331 2.076831025922702 5.088939780168823
500 4500 0 0 0 -4.650677141127584 -1.020327190709382 -4.234329717187674 4.759376309895191 2.0768310225440745 5.088939849230805
501 4509 0 0 0 -4.650677150493005 -1.0203272305181952 -4.234329687075728 4.759376276153213 2.0768310116694764 5.088939809057301
502 4518 0 0 0 -4.650677153779109 -1.0203271786349002 -4.234329736469481 4.759376321303852 2.076831015793962 5.088939887571912
503 4527 0 0 0 -4.650677143969065 -1.0203271829763412 -4.2343297286325985 4.759376316915578 2.0768309941600696 5.088939820062379
