% # columns="iteration, evaluation, sigma, max axis length,  min axis length, all principal axes lengths  (sorted square roots of eigenvalues of C)", seed=391125, Thu Nov 30 11:15:18 2023
1 9 1.7406524830980312 1.0000416675347343 1.0 1.0 1.0000083333680556 1.0000166668055563 1.0000250003125026 1.0000333338888951 1.0000416675347343
2 18 1.69498551242016 1.0627649073399574 0.890374637603035 0.890374637603035 0.9202408762215831 0.9850869576730291 0.9977414543283522 1.0138231287504103 1.0627649073399574
3 27 1.4806780794896746 1.1533670565598393 0.7435455219631735 0.7435455219631735 0.9083513665597448 0.9712743347441614 0.9839565977052096 1.0284727194056422 1.1533670565598393
4 36 1.3591001792846056 1.1341254928834388 0.6953631785800188 0.6953631785800188 0.8762531858981985 0.9693062515212026 0.9901765007763752 1.024992386720818 1.1341254928834388
5 45 1.237414245583251 1.154194752466242 0.6894470933631034 0.6894470933631034 0.8053166840932243 0.9020162015305074 0.947785157590274 1.0498466121573677 1.154194752466242
6 54 1.0112431687856975 1.1127322409050773 0.6510795859432802 0.6510795859432802 0.7683551325450086 0.9026661935366755 0.9605578766456965 1.0919079647813865 1.1127322409050773
7 63 0.850871771955133 1.1045613053564798 0.6397673909365709 0.6397673909365709 0.7068673838606541 0.8934083511046474 0.9398975217988602 1.0626168207586604 1.1045613053564798
8 72 0.7397660409905581 1.10663406190809 0.6014297980281196 0.6014297980281196 0.6630958319299386 0.8506827966971559 0.9187164988295248 1.0734586416161125 1.10663406190809
9 81 0.6953602756505127 1.0969414458796893 0.5614134138879796 0.5614134138879796 0.6729797043203093 0.7870225376389488 0.9330712499596289 1.0832134845253598 1.0969414458796893
10 90 0.6853934905362373 1.153433193081396 0.5615963939574817 0.5615963939574817 0.6392663629806945 0.7914966682418889 0.8805003780441096 1.0171579990105588 1.153433193081396
11 99 0.6266933400343481 1.1542883866949807 0.5245114578047939 0.5245114578047939 0.6411478708222509 0.7648213524361995 0.8842614211077121 1.0252990747814608 1.1542883866949807
12 108 0.5686294915451207 1.1811952430153174 0.4778647119994072 0.4778647119994072 0.6383900764122367 0.7355154220384716 0.8607081808377087 1.0042013974397899 1.1811952430153174
13 117 0.5942646817877466 1.109549697129665 0.46068649714872717 0.46068649714872717 0.6310699133055026 0.7411913125288454 0.8509558781360885 0.9824840541230019 1.109549697129665
14 126 0.5480652993959354 1.1001368676633059 0.41875843971425153 0.41875843971425153 0.618002622414363 0.7346056570951037 0.8391759688660929 1.0758102950789274 1.1001368676633059
15 135 0.5198942184807777 1.0838465814213947 0.4128650033995192 0.4128650033995192 0.5987402579781176 0.6896755188345021 0.8297108166730297 1.0448073071023192 1.0838465814213947
16 144 0.5441398594166388 1.077207070752619 0.4152894878845862 0.4152894878845862 0.5951675354590898 0.6827811751754382 0.7649908184595999 1.0291507373465658 1.077207070752619
17 153 0.4600610227985944 1.096218678481877 0.4228408100382248 0.4228408100382248 0.5876793599352123 0.6713109915271096 0.805449659996165 0.9523433221510392 1.096218678481877
18 162 0.4421135939101845 1.0593959335336647 0.39031844745815675 0.39031844745815675 0.5702019347057964 0.6641404673513497 0.8128276341267037 0.9131082701364882 1.0593959335336647
19 171 0.4878202921513132 1.0361780543340906 0.3830237597297332 0.3830237597297332 0.5533423372743757 0.6886939335621017 0.7888438569489075 0.8897867510208709 1.0361780543340906
20 180 0.5506867837538085 1.1319376123176101 0.3857144394975803 0.3857144394975803 0.5382812801640164 0.6717236232625251 0.8017764738406385 0.8423339060855674 1.1319376123176101
21 189 0.516561515732149 1.2438190004561933 0.38709392118243735 0.38709392118243735 0.5350345368534334 0.6592231770098167 0.7296920013129594 0.8513257600653286 1.2438190004561933
22 198 0.4560287584835129 1.259404319200215 0.35876707545650516 0.35876707545650516 0.4948341119920558 0.6548976206944103 0.7341511338529756 0.811590523252312 1.259404319200215
23 207 0.4017210887252203 1.282385394837324 0.3287402643281249 0.3287402643281249 0.49495716471461154 0.6297776681848385 0.733811773255287 0.8005174556130754 1.282385394837324
24 216 0.38691725020623924 1.2860685824302425 0.32278062807768104 0.32278062807768104 0.4474988518583803 0.6348176495378278 0.7086978776841071 0.7995651951632287 1.2860685824302425
25 225 0.3319310354147764 1.3038061456817622 0.3188886212028661 0.3188886212028661 0.42524450775539513 0.6002597821045086 0.6865283676213771 0.805629078808559 1.3038061456817622
26 234 0.2999024871288289 1.2324434630881447 0.3079792638851606 0.3079792638851606 0.4192072188558886 0.5914860318547615 0.6556720066445761 0.7779281240724143 1.2324434630881447
27 243 0.2704433982482404 1.2288275138405471 0.28230692181163186 0.28230692181163186 0.40552910679947957 0.5867199216200186 0.6427226257556208 0.7781155402048312 1.2288275138405471
28 252 0.2763558653621006 1.1769253375320923 0.28297655804960964 0.28297655804960964 0.38145524293289335 0.6027376744683388 0.6351528282728198 0.7564358277231765 1.1769253375320923
29 261 0.2603826707593031 1.2362840144850469 0.2646893509265453 0.2646893509265453 0.3668208325544427 0.591710034906866 0.6370787589269742 0.7561731154686372 1.2362840144850469
30 270 0.2667818085115065 1.2410323725586814 0.23962780680221954 0.23962780680221954 0.3448916139216309 0.5913162287631772 0.6599151419079885 0.749814969000252 1.2410323725586814
31 279 0.28336108563969387 1.1350485243555912 0.23321186928891785 0.23321186928891785 0.35421658339568324 0.604290806308959 0.6435846248580883 0.7677916452852951 1.1350485243555912
32 288 0.3312456023603263 1.1569621534548582 0.21166172336192637 0.21166172336192637 0.36283229930735234 0.5698698435294638 0.627171847999289 0.847381485571629 1.1569621534548582
33 297 0.36159368297698924 1.1879005200169133 0.20779091243519254 0.20779091243519254 0.3505877812793205 0.5566535138592329 0.601600339580451 0.9311050741858304 1.1879005200169133
34 306 0.3648970977652457 1.2239187431956209 0.1956318230830711 0.1956318230830711 0.35367644640446744 0.568142322113363 0.5954216407501983 0.8893173317176588 1.2239187431956209
35 315 0.3642833316436476 1.2028390471656987 0.17665924560194615 0.17665924560194615 0.34863717917218684 0.57044266706937 0.5894977838180534 0.9295133065274058 1.2028390471656987
36 324 0.4163535137258495 1.1939481689255238 0.1786623159271862 0.1786623159271862 0.35093027596356874 0.5318999555563207 0.5888024832050837 0.9222501517421176 1.1939481689255238
37 333 0.42246843474159856 1.147485080891958 0.18301093960654244 0.18301093960654244 0.35757408298847126 0.5122107050681556 0.5807518060576379 0.9892176978750892 1.147485080891958
38 342 0.43149406975095844 1.1215448704963435 0.1742046735255229 0.1742046735255229 0.3393997317625589 0.495494244530082 0.5961405011694062 0.9954181491489836 1.1215448704963435
39 351 0.4204764082005104 1.0959453945183475 0.17316605620172684 0.17316605620172684 0.3201131496416395 0.4852598498142745 0.5929929662851621 1.0096133204205622 1.0959453945183475
40 360 0.4283957254868894 1.113698077236182 0.17593208242149846 0.17593208242149846 0.26730711033340754 0.4804830017236698 0.599907909114912 1.0145843636863618 1.113698077236182
41 369 0.4770066652469145 1.098250023081403 0.17148095242930364 0.17148095242930364 0.2634275441375833 0.4861002420361311 0.5868432419696662 0.9884479735641062 1.098250023081403
42 378 0.5014996035263826 1.086367415943521 0.1774026685435193 0.1774026685435193 0.2504253121709455 0.493023775697615 0.6023709274150397 0.929568646749342 1.086367415943521
43 387 0.4967930977582435 1.1207746603722486 0.1837040050392542 0.1837040050392542 0.2469359158796562 0.47662069886277847 0.5694781156634228 0.9268557988913998 1.1207746603722486
44 396 0.5223543113637686 1.1256338122318368 0.16599571266636923 0.16599571266636923 0.2457549253501981 0.48092210443332023 0.5712181937088588 0.9151316383484043 1.1256338122318368
45 405 0.47180332599248076 1.2315288954985708 0.16345642691625376 0.16345642691625376 0.24070265018647882 0.48549800327252723 0.5443693435019316 0.8357228649948945 1.2315288954985708
46 414 0.4385160847219191 1.2089702817705585 0.1607195277667104 0.1607195277667104 0.2307895230317498 0.48486985677686234 0.5307489774865788 0.7843064342420638 1.2089702817705585
47 423 0.4084130433516118 1.2206529551501997 0.15119646559905292 0.15119646559905292 0.2254612863903378 0.4786142142364925 0.5058617761527047 0.7711746051697482 1.2206529551501997
48 432 0.40702977961301157 1.1801639823699983 0.14224779032601273 0.14224779032601273 0.21701827579547292 0.4695548278644613 0.5190262309151054 0.7579367160801401 1.1801639823699983
49 441 0.35975971182495314 1.1941733859780015 0.13695051396609614 0.13695051396609614 0.21206557092139802 0.4514979982028614 0.5393593140326894 0.7496297759183291 1.1941733859780015
50 450 0.34750289795072903 1.2284156586609314 0.1353854458496356 0.1353854458496356 0.18914310939260376 0.4212505049950947 0.5515088744318859 0.7683126164542372 1.2284156586609314
51 459 0.3206126131280542 1.2731847070278337 0.12346815710798395 0.12346815710798395 0.18787561516788737 0.41386116620857066 0.5424413986512179 0.7408617347081978 1.2731847070278337
52 468 0.28752538597251587 1.1898286546722296 0.12078886719010416 0.12078886719010416 0.1866245895918693 0.4131937954129173 0.5142526994697946 0.7376616612497717 1.1898286546722296
53 477 0.31279689409553546 1.167494265364086 0.11641979198739186 0.11641979198739186 0.18518722599352713 0.40433401451998996 0.5026103167082686 0.7296942049273786 1.167494265364086
54 486 0.3112921140220689 1.142478298421489 0.1129704160783639 0.1129704160783639 0.18601571892291308 0.38134410708502786 0.583300698426956 0.682811776987109 1.142478298421489
55 495 0.3081376672543062 1.1789195851666887 0.1087779443483026 0.1087779443483026 0.17989070703146526 0.3775920218275258 0.55553975660177 0.6735069877995146 1.1789195851666887
56 504 0.2571908026797063 1.2472674146972627 0.10526320998236446 0.10526320998236446 0.1686381289140181 0.36246313218507226 0.5491506130182066 0.6684961074128615 1.2472674146972627
57 513 0.24159704006901261 1.244071406148212 0.10312865389221211 0.10312865389221211 0.16214239253542193 0.3529040648664756 0.53109649906874 0.6785925499248673 1.244071406148212
58 522 0.22360457316731328 1.1894932444852544 0.09805393888957774 0.09805393888957774 0.16102226439920703 0.3467075939823715 0.5315181848505847 0.6782956333679045 1.1894932444852544
59 531 0.19480848748662494 1.2295002838131484 0.0915821126675732 0.0915821126675732 0.15742771806729505 0.34228022151369775 0.5352354877941113 0.6509413764079429 1.2295002838131484
60 540 0.17901767935014892 1.2252092514925996 0.08605279741259886 0.08605279741259886 0.15398604940833094 0.3408586385709238 0.5183108031846398 0.6206693378899998 1.2252092514925996
61 549 0.14202637512753286 1.204284960986758 0.07727501807363713 0.07727501807363713 0.1529806367905462 0.33873622328502656 0.5273914984828009 0.6107446625690718 1.204284960986758
62 558 0.12311436311872782 1.1880796070768567 0.0760295802629077 0.0760295802629077 0.13720092088967561 0.333145851830832 0.5217747793466805 0.5955766605276849 1.1880796070768567
63 567 0.1227099029865724 1.183944993625572 0.07059938215972869 0.07059938215972869 0.13438071778301372 0.3203666828329518 0.534557876450813 0.5688900208919127 1.183944993625572
64 576 0.1139569312852879 1.2010544021673901 0.06820136748429609 0.06820136748429609 0.13093202024917877 0.3171308637851007 0.5168586276442098 0.557978865927762 1.2010544021673901
65 585 0.10354074045841614 1.2177431056469223 0.06292027128833187 0.06292027128833187 0.12918694080290616 0.3181696400240314 0.5056709379268537 0.554023371070633 1.2177431056469223
66 594 0.09429323004131546 1.195736499848252 0.06189714582436932 0.06189714582436932 0.12620578475063107 0.33127049672991987 0.5017155271615241 0.5135882446318972 1.195736499848252
67 603 0.08603288826351645 1.195453954467755 0.058069931691964366 0.058069931691964366 0.12598963813715464 0.3263510957841077 0.4879449583701804 0.515880046939322 1.195453954467755
68 612 0.0790285172469407 1.1939209925342325 0.058018986995867355 0.058018986995867355 0.11431302444805436 0.32651297140858954 0.46954005548358824 0.5026540119711316 1.1939209925342325
69 621 0.07482782215272667 1.1934596259744537 0.0569048009338734 0.0569048009338734 0.1141905608121562 0.2972909503025917 0.45769139209162074 0.4902922332014868 1.1934596259744537
70 630 0.06681311550441527 1.1580920705326463 0.05730733903649384 0.05730733903649384 0.11222999251523927 0.30253695735830893 0.45129565185511583 0.45635295297292966 1.1580920705326463
71 639 0.05970670778451902 1.140768907774419 0.05443006700893556 0.05443006700893556 0.10789942049217445 0.2899692319014872 0.44275582052588824 0.4556836357356821 1.140768907774419
72 648 0.052809807466694385 1.10975054804623 0.05631296297766233 0.05631296297766233 0.10668466847374326 0.2848833579409541 0.4135267471565251 0.44649985638483775 1.10975054804623
73 657 0.04731216165996626 1.1067751699139812 0.052617659877957 0.052617659877957 0.10619029893949218 0.27158637837007654 0.3934996187099278 0.4397096314645209 1.1067751699139812
74 666 0.04593902751031777 1.10162242261447 0.049551700979528344 0.049551700979528344 0.10191851565604487 0.2793502409629364 0.38345908975133236 0.4318638935541249 1.10162242261447
75 675 0.04398298111614835 1.1503007724079328 0.04689062319957088 0.04689062319957088 0.10151491307219715 0.2783222982996785 0.35630610295379356 0.42484474843808767 1.1503007724079328
76 684 0.03988497400810154 1.2388883950024372 0.04379605404366295 0.04379605404366295 0.09169989599057192 0.27028596973329555 0.360383462390574 0.44136201843254447 1.2388883950024372
77 693 0.03573193123463096 1.172390299011078 0.04335924415356403 0.04335924415356403 0.0881698850222083 0.2762776163575411 0.35512250845919685 0.4415497286897928 1.172390299011078
78 702 0.03389750833013175 1.1413104425355156 0.0419483159163968 0.0419483159163968 0.08402130844964352 0.2623258631710506 0.3489720625884825 0.45372209942907554 1.1413104425355156
79 711 0.0312512621374171 1.0943379454943798 0.041197101617759524 0.041197101617759524 0.08470404770666753 0.27017294847809464 0.32813299965626197 0.47640959934440535 1.0943379454943798
80 720 0.027743130574214618 1.1229543467017478 0.0394688715947261 0.0394688715947261 0.08292496644850887 0.2924712808375207 0.3025432149788047 0.48328076711481455 1.1229543467017478
81 729 0.02620725233811808 1.0742191355243085 0.03699594178923874 0.03699594178923874 0.08060420560672699 0.2872686998705909 0.3007939670097417 0.4846812761690091 1.0742191355243085
82 738 0.025388370599698923 1.0525785013818658 0.03779723296937464 0.03779723296937464 0.07685256403107174 0.27782492608985754 0.28947937136302654 0.5028424328570477 1.0525785013818658
83 747 0.02577376214627622 1.0299715091089152 0.035353190953021967 0.035353190953021967 0.07629513632218293 0.2752996235560558 0.2891347557010155 0.503305328535635 1.0299715091089152
84 756 0.024732454268439355 1.060342721333442 0.03474655565990019 0.03474655565990019 0.07636242093586698 0.27151728904457645 0.28696594774421663 0.4985803077533391 1.060342721333442
85 765 0.023727782002321993 1.0443848822477186 0.033958126754101425 0.033958126754101425 0.07134192241358554 0.27299900456423754 0.2861703225449301 0.4947808405861064 1.0443848822477186
86 774 0.02191013837020821 1.03106634151296 0.033876225222253996 0.033876225222253996 0.06926812588030361 0.25728150826427076 0.28918547148662427 0.47918248646081246 1.03106634151296
87 783 0.020075150017815322 1.0201473292495447 0.034513492245433285 0.034513492245433285 0.06853897854451536 0.24734344309598247 0.2861843303187952 0.47894745587388865 1.0201473292495447
88 792 0.018090834669243914 1.0180626558480919 0.033908579935865116 0.033908579935865116 0.06909968921901083 0.23310900012968433 0.2827298029494547 0.4578156410773281 1.0180626558480919
89 801 0.017573309247249445 1.0001260401316365 0.0330344825810151 0.0330344825810151 0.06891120490169594 0.23492414073467396 0.2660856614768086 0.4370554044498311 1.0001260401316365
90 810 0.01862376864982945 1.085149472633038 0.032845061936221456 0.032845061936221456 0.06611256939476468 0.2264898208528723 0.2651576251596281 0.4193781604631593 1.085149472633038
91 819 0.01941588228626931 1.1289513720967044 0.03252285611668328 0.03252285611668328 0.06772347062427486 0.2198185262965246 0.25284790687204944 0.41712915553332397 1.1289513720967044
92 828 0.018602006989016307 1.1672450734729787 0.03392400268671825 0.03392400268671825 0.06685964470123029 0.2070568450115791 0.25029028502324063 0.4119184930929756 1.1672450734729787
93 837 0.019029831084487435 1.1371738754224832 0.03311858693757373 0.03311858693757373 0.0645986911518721 0.21209559862166952 0.23557909604138028 0.4335786693235318 1.1371738754224832
94 846 0.018448103874309136 1.1267820020965758 0.03153079095690217 0.03153079095690217 0.06355601444852327 0.20602096199874373 0.24741958443850343 0.4218668281843007 1.1267820020965758
95 855 0.017841229168797056 1.1176368178775846 0.030432978971048033 0.030432978971048033 0.06402752760022863 0.18477438021216933 0.2532227830528119 0.4405649525029797 1.1176368178775846
96 864 0.01630971346454947 1.106560820922952 0.03018988075923702 0.03018988075923702 0.06137198809872605 0.1747825823275715 0.259725079767113 0.44184020509059263 1.106560820922952
97 873 0.01825733321420187 1.076884596300212 0.03027081014668392 0.03027081014668392 0.05528257726944071 0.17873919893979776 0.26720547578829107 0.43389393920805897 1.076884596300212
98 882 0.020872578397968546 1.0537554197326688 0.028039127612482794 0.028039127612482794 0.0580800812040256 0.18332547168666105 0.28213986426859144 0.434009660354908 1.0537554197326688
99 891 0.02039611923301876 1.010367731470533 0.028578093330560266 0.028578093330560266 0.059574532840471796 0.17616350629722996 0.3173111405647628 0.4056362068666992 1.010367731470533
100 900 0.021525344412440427 0.9885854998807391 0.028706528958108015 0.028706528958108015 0.053735915843562035 0.17509385936101632 0.3088177062563593 0.4181118651389052 0.9885854998807391
101 909 0.019988569801006217 1.0320535052996063 0.027011072527024813 0.027011072527024813 0.05085278652236238 0.1761548654568608 0.3100755106652121 0.4385702939972726 1.0320535052996063
102 918 0.01907766070200052 0.9987949749127188 0.026624095219133226 0.026624095219133226 0.05095357180095942 0.17887792809193448 0.2905646333013377 0.42531173323959953 0.9987949749127188
103 927 0.01865810997938177 1.0251928182325514 0.026629513338219984 0.026629513338219984 0.04971138970129535 0.17107538560643332 0.2761021092313122 0.4142811858560905 1.0251928182325514
104 936 0.01975895706374759 0.9843321467310524 0.02626264309270318 0.02626264309270318 0.04494413457086725 0.16449092566896148 0.2913002896073104 0.4254508663796674 0.9843321467310524
105 945 0.01921021249015123 1.0528724677547197 0.025522985183747824 0.025522985183747824 0.04563282055865018 0.15008551675723703 0.3068848610783178 0.4194625237950494 1.0528724677547197
106 954 0.017780117763383924 1.045718526183521 0.024771217248670204 0.024771217248670204 0.04395402284536847 0.14946526795844 0.3120124250905778 0.42040810954539076 1.045718526183521
107 963 0.019612488367519304 0.987589147851537 0.02355765553396346 0.02355765553396346 0.04442444703152148 0.15508634384457073 0.3024971868609887 0.42209746605819354 0.987589147851537
108 972 0.019338428853814815 1.0952740464397446 0.023855750506295743 0.023855750506295743 0.04372920147901848 0.15067083710962736 0.30477231647319236 0.4236490702745838 1.0952740464397446
109 981 0.017982729899018283 1.0553177034022994 0.02304425838084965 0.02304425838084965 0.04384698859510382 0.14612269147095097 0.30681100239250325 0.4256552966890259 1.0553177034022994
110 990 0.015026069185568437 1.0325151849529821 0.02294691939281751 0.02294691939281751 0.04328302074068544 0.13974120334579498 0.2975559987319488 0.4317892124267505 1.0325151849529821
111 999 0.014828734422197475 1.04686597744447 0.022127067968974887 0.022127067968974887 0.04316212132388717 0.13203701967647724 0.2926381174770359 0.40831340864663296 1.04686597744447
112 1008 0.012958782436706421 1.0494992689342155 0.021851874719661754 0.021851874719661754 0.044578187046957166 0.12483284619249833 0.28395727019067263 0.4192622692412074 1.0494992689342155
113 1017 0.011061532561935435 1.0292330172078972 0.021769458866960967 0.021769458866960967 0.04055528202320805 0.12394447293004625 0.2930306259562666 0.4193438058113332 1.0292330172078972
114 1026 0.009986390154063371 1.0434170549991353 0.020967574930532962 0.020967574930532962 0.03671306968317428 0.1197792906435874 0.2931557659438962 0.4251355527908815 1.0434170549991353
115 1035 0.008741172468096421 0.9941281465909452 0.020784523486227318 0.020784523486227318 0.036010473401247675 0.11793587349045774 0.29897136332554314 0.38902309243450034 0.9941281465909452
116 1044 0.007592833618197589 0.9403150433893156 0.020116575686536256 0.020116575686536256 0.03718879522841571 0.11383934558096058 0.2878532850347905 0.3885024363473551 0.9403150433893156
117 1053 0.007648665575137193 0.8836172525706223 0.019760646130018475 0.019760646130018475 0.03668927114995216 0.11550701959061663 0.2865525550569694 0.38267754204494314 0.8836172525706223
118 1062 0.006651175923095569 0.8336948775754175 0.01998438769763719 0.01998438769763719 0.03601598410170126 0.1118573145203297 0.2968132166322807 0.38779265020370723 0.8336948775754175
119 1071 0.0062057736412237776 0.7864452256632635 0.019751861862950474 0.019751861862950474 0.03552937842752487 0.10777521744199928 0.28966509672132046 0.37636964500906805 0.7864452256632635
120 1080 0.005438833539772656 0.7749204890897684 0.01897661752130001 0.01897661752130001 0.03359403305252323 0.10653613235103257 0.28478570619191695 0.3838591288124482 0.7749204890897684
121 1089 0.005234617397487937 0.7427140352256713 0.018680897163255578 0.018680897163255578 0.031609073480977905 0.11025438861697578 0.272984916528609 0.3810585537508393 0.7427140352256713
122 1098 0.00464777054552809 0.766052252519823 0.01846495876034707 0.01846495876034707 0.02900246186211232 0.1136788796965879 0.26385243517909895 0.381904008654008 0.766052252519823
123 1107 0.003970568310754143 0.7388461177120521 0.018234319533977722 0.018234319533977722 0.027312035909041122 0.1072788619262004 0.27164638911025807 0.37675097471120456 0.7388461177120521
124 1116 0.004153359417583041 0.683559920380692 0.018011256413883434 0.018011256413883434 0.0272084956161072 0.10383842838536111 0.27663339812708054 0.35483206609490775 0.683559920380692
125 1125 0.005155593933804301 0.6411709085301149 0.01780518304853831 0.01780518304853831 0.02723160550687023 0.11443664019154941 0.2783447860085478 0.3417084575310102 0.6411709085301149
126 1134 0.005593311821283988 0.636759675095723 0.018138518339388836 0.018138518339388836 0.026489295205250646 0.11673056299943364 0.28593473916495105 0.3341325500837786 0.636759675095723
127 1143 0.005991403970877346 0.6127375542796458 0.01781210709905714 0.01781210709905714 0.025107075007925878 0.11766925001366112 0.2834151431387366 0.3255307992476611 0.6127375542796458
128 1152 0.006829774960286017 0.5554687687955207 0.01767853245662039 0.01767853245662039 0.02491177622384843 0.12042270805083004 0.2816690341239487 0.3181115475169132 0.5554687687955207
129 1161 0.0066712113499523 0.5599106655061211 0.016335197928231612 0.016335197928231612 0.02713397332776492 0.12932781630933518 0.2859290864726851 0.2952767361592686 0.5599106655061211
130 1170 0.007410323097069019 0.5130779988655138 0.016280653035326456 0.016280653035326456 0.027650273712293727 0.12620132762851277 0.27296550094277183 0.2989554308819749 0.5130779988655138
131 1179 0.009065514942586122 0.5074765609160045 0.016188375910904607 0.016188375910904607 0.02898140196982551 0.12498813001529603 0.26273171955292507 0.3068285308566315 0.5074765609160045
132 1188 0.008828135125108702 0.5185468843396923 0.016830390782288127 0.016830390782288127 0.027712296116727857 0.12596243132966958 0.2709833097379896 0.291492619532685 0.5185468843396923
133 1197 0.009029932002877135 0.523287415297871 0.0163399359638698 0.0163399359638698 0.028083197117005635 0.12476479520585501 0.2613171648479884 0.28515572864752814 0.523287415297871
134 1206 0.008785272371697479 0.5414685303137017 0.015787663735857573 0.015787663735857573 0.028055912596726622 0.11585862796347829 0.2567349293539506 0.2983141001165491 0.5414685303137017
135 1215 0.007470859136710717 0.5639175806484311 0.015339440041059462 0.015339440041059462 0.027213601807606073 0.1068538338846119 0.2515695238606715 0.3005362234705732 0.5639175806484311
136 1224 0.007151485080764249 0.5370501589621143 0.015062684732541229 0.015062684732541229 0.02628760564626758 0.1008904194916701 0.2505269602080058 0.29705820520440396 0.5370501589621143
137 1233 0.00701697002033114 0.534516073329482 0.0155559644147127 0.0155559644147127 0.024443495540278165 0.10009725220212214 0.2611908135522014 0.2840626289880279 0.534516073329482
138 1242 0.009104317061381859 0.5564452119110792 0.015411860948135207 0.015411860948135207 0.024010128422632494 0.08955947549445978 0.2621270532841979 0.2832493906120143 0.5564452119110792
139 1251 0.010643253696823838 0.6167989738647696 0.01562289026646947 0.01562289026646947 0.023891266575079628 0.08687149206873837 0.25240793675380846 0.2734889972064908 0.6167989738647696
140 1260 0.012746872072502604 0.626855669010609 0.014565034311323099 0.014565034311323099 0.024546424438113935 0.08318184990888977 0.24475662030448464 0.2776552628515587 0.626855669010609
141 1269 0.01232662724391544 0.6067873657457868 0.013992912956864056 0.013992912956864056 0.024749885911608822 0.0837712431991905 0.25428973275776606 0.2796838746833369 0.6067873657457868
142 1278 0.013708822161271384 0.5964144364686113 0.01376990358738567 0.01376990358738567 0.025067648416904266 0.08417574477932167 0.23446221524890598 0.27555542876050027 0.5964144364686113
143 1287 0.015121267945333073 0.5941038532259761 0.013391137811711204 0.013391137811711204 0.02547121173042015 0.07646454400894599 0.2318059799021882 0.30259657870658907 0.5941038532259761
144 1296 0.013775992349498393 0.6262935241029512 0.014204767847146435 0.014204767847146435 0.024674522076394378 0.07564241835682269 0.23094042388135627 0.2793908350365549 0.6262935241029512
145 1305 0.013066910123034556 0.6122013492829809 0.015038502815326446 0.015038502815326446 0.02362314138443338 0.06960911956368389 0.23189673326536667 0.27172280542924965 0.6122013492829809
146 1314 0.012714817727284743 0.6055675732926828 0.014201791577480584 0.014201791577480584 0.024640902708505483 0.06743500490950656 0.2279440611631242 0.2724084775423954 0.6055675732926828
147 1323 0.012657525804348998 0.6288343182018021 0.013626701535558644 0.013626701535558644 0.024050807593773014 0.06613534383589 0.22884758499396463 0.2655237140122979 0.6288343182018021
148 1332 0.013607601535123665 0.6377997901749091 0.013613183160280259 0.013613183160280259 0.024903617768279627 0.06843368123083447 0.22055467913013294 0.24517183469934092 0.6377997901749091
149 1341 0.012623678126048391 0.6602469752611929 0.013871138760784786 0.013871138760784786 0.02534656676048976 0.06670529864673358 0.22178332878132215 0.2311715977997028 0.6602469752611929
150 1350 0.012090797849192174 0.6836421582983933 0.01255212966710451 0.01255212966710451 0.02443596839093838 0.06647273311749329 0.21074085520058622 0.22371694612998191 0.6836421582983933
151 1359 0.011823522980906118 0.7073713947586391 0.012840773988197406 0.012840773988197406 0.022767082228958173 0.06525961183448499 0.20734873125326553 0.2197536172790067 0.7073713947586391
152 1368 0.0117000907729978 0.7146854354498655 0.012835814471038652 0.012835814471038652 0.022446925142719825 0.059154203969420484 0.20647198756517027 0.2236664934490051 0.7146854354498655
153 1377 0.011713566408107196 0.7507601800078011 0.012371016990925519 0.012371016990925519 0.021722342900691645 0.05813326717153035 0.19787299733586622 0.22303824343991288 0.7507601800078011
154 1386 0.011111373872821453 0.7501778647112806 0.012365306789421437 0.012365306789421437 0.02185246718937314 0.056594049866565514 0.1850137409946148 0.22318147641215627 0.7501778647112806
155 1395 0.010121093310235628 0.7335824183628814 0.012916912627138174 0.012916912627138174 0.021475895215191332 0.056223693826406906 0.17253042854714384 0.22767248900652634 0.7335824183628814
156 1404 0.010342287540833226 0.7561630665849259 0.013024713336478966 0.013024713336478966 0.02169419244260262 0.05359971360913205 0.15092517056186244 0.2305054222785767 0.7561630665849259
157 1413 0.01186309993139309 0.7233827258289842 0.012974703661362563 0.012974703661362563 0.020679624691634372 0.05892251006748823 0.1507683524297423 0.22440318449453997 0.7233827258289842
158 1422 0.0128931845821817 0.7149197851519175 0.012956798895001743 0.012956798895001743 0.024339328622629566 0.05794630601696354 0.14680394163453353 0.21264406229436236 0.7149197851519175
159 1431 0.011798340352938154 0.7436775597746592 0.01284943562691466 0.01284943562691466 0.024412257285135738 0.05573149547879639 0.1423349107047519 0.20631272559453678 0.7436775597746592
160 1440 0.011235234801696399 0.7379673088191709 0.012275505575282114 0.012275505575282114 0.024425787356127104 0.05346275379199245 0.1338481622739618 0.20482946690958567 0.7379673088191709
161 1449 0.011626940562017208 0.6863066792223917 0.012150981463533883 0.012150981463533883 0.024826733884133895 0.05096140397060819 0.13208546879767646 0.19766903360699745 0.6863066792223917
162 1458 0.012446038276436469 0.7297295046785534 0.013026189509831013 0.013026189509831013 0.024116382730988133 0.04743601687664057 0.12545045619989587 0.19147511038974796 0.7297295046785534
163 1467 0.012627247726785069 0.7742636623839176 0.013384659323417602 0.013384659323417602 0.022853338377176936 0.04489141941164537 0.12694886871110184 0.18463589836153882 0.7742636623839176
164 1476 0.015778825167086948 0.8009111822499712 0.013380828249898273 0.013380828249898273 0.02156151833533111 0.04465631840286578 0.12557377412499057 0.18265621662864737 0.8009111822499712
165 1485 0.018299754829134533 0.8592994257942297 0.013550113762627863 0.013550113762627863 0.0212083294907608 0.04429818791238589 0.1256846266484049 0.17664666391984282 0.8592994257942297
166 1494 0.019853040881511776 0.8910216937429215 0.013803099283906523 0.013803099283906523 0.021212377885678972 0.043078279944081255 0.11804622130401445 0.1708802068505448 0.8910216937429215
167 1503 0.02055508585586221 0.8535203317373501 0.013638511809859335 0.013638511809859335 0.02079517402142057 0.0456015399652225 0.11785726270191559 0.16271321334505942 0.8535203317373501
168 1512 0.02161159773968909 0.8641762450652937 0.013948141841702755 0.013948141841702755 0.02002600452453341 0.04473020153792544 0.10996656137256763 0.1592587188405927 0.8641762450652937
169 1521 0.019933421903155148 0.8969090813533376 0.013975357718127723 0.013975357718127723 0.01835290111780874 0.043021540332366305 0.10793610697522485 0.1606759975485174 0.8969090813533376
170 1530 0.019024104169001813 0.8911555367245463 0.014231029898598126 0.014231029898598126 0.017902953337471522 0.04301769334170053 0.09902683595558787 0.15408462160372705 0.8911555367245463
171 1539 0.02095257140202599 0.8457705978377262 0.014133984155334373 0.014133984155334373 0.017609030443328226 0.04132980939103849 0.09685635086898732 0.15557629067236511 0.8457705978377262
172 1548 0.024349117275703196 0.9279133529096554 0.014534318892103479 0.014534318892103479 0.01707366105422037 0.03996479499969056 0.09579558753521641 0.15369959579369766 0.9279133529096554
173 1557 0.029887800894524093 1.0268702870921171 0.014605234451556209 0.014605234451556209 0.016894926482711445 0.03694580325628164 0.09419186422307385 0.15424775706339997 1.0268702870921171
174 1566 0.027960671176631275 1.108276074105075 0.014502167709211899 0.014502167709211899 0.01697327908699239 0.035129632373759136 0.08945080942495155 0.15645913653883967 1.108276074105075
175 1575 0.02606408939143058 1.0303669654143166 0.0138445568932331 0.0138445568932331 0.017183129454131054 0.03345349116819474 0.0898303298778279 0.15612847895532422 1.0303669654143166
176 1584 0.024190204191913405 1.0380184647647979 0.013747856021904915 0.013747856021904915 0.016053753877732165 0.03152060776130363 0.08576830400838281 0.15515509274250763 1.0380184647647979
177 1593 0.023556114731308583 0.9802196609983123 0.013941113898435418 0.013941113898435418 0.015659227255692663 0.02962164741787315 0.08524063507003407 0.15288488539501233 0.9802196609983123
178 1602 0.023173370155806866 0.9301050391668685 0.013681483585620328 0.013681483585620328 0.01637417983753983 0.028431810674599774 0.08247845062125583 0.14935866658135977 0.9301050391668685
179 1611 0.024365398596724704 0.8784097057482728 0.013825167546422044 0.013825167546422044 0.016709200569746317 0.026765794345020227 0.0831423536329335 0.1411876846873007 0.8784097057482728
180 1620 0.027669486912491503 0.8372674671087125 0.013707041882312906 0.013707041882312906 0.016331151233894916 0.026853614041255327 0.08499433779758245 0.14814843514426285 0.8372674671087125
181 1629 0.024658909232732958 0.8425536638943238 0.012774017230414998 0.012774017230414998 0.015569343399123173 0.026816953546576292 0.09633464862725175 0.1517176424903697 0.8425536638943238
182 1638 0.024924238510326636 0.8051897413878512 0.012505698617649833 0.012505698617649833 0.01469592844545953 0.02523659735271175 0.09662739241878317 0.15234143165005046 0.8051897413878512
183 1647 0.02274637516636791 0.7389162486050028 0.011721626255498463 0.011721626255498463 0.014545527377102538 0.025428798984182977 0.10453448361040808 0.15204326222583503 0.7389162486050028
184 1656 0.020877040029272667 0.6875605514931118 0.011265476454031371 0.011265476454031371 0.014861879508043662 0.025241468488202162 0.10558348874035235 0.14908926487668175 0.6875605514931118
185 1665 0.020025961940999086 0.6706601027544924 0.010972265221469346 0.010972265221469346 0.014666106245801986 0.024192739056888412 0.10538040784520411 0.15285404608404382 0.6706601027544924
186 1674 0.02253817181408395 0.653809328729495 0.01029783833990776 0.01029783833990776 0.015200324580025194 0.025199665731537264 0.10275998781588384 0.15618774137890576 0.653809328729495
187 1683 0.023858318193688544 0.6865529150086358 0.010411514753017402 0.010411514753017402 0.015697473296585874 0.024159441699936272 0.10128630545730828 0.15674380469795046 0.6865529150086358
188 1692 0.025179794399932873 0.6555699341901658 0.009955243552076559 0.009955243552076559 0.016191376142071494 0.02370003449662045 0.10174526178478675 0.15445939675082543 0.6555699341901658
189 1701 0.025944465209885095 0.6860332127495645 0.010129602196787577 0.010129602196787577 0.015413491546299615 0.023673478611847282 0.0957542521782662 0.15933876058075935 0.6860332127495645
190 1710 0.024318747054412698 0.7208435439798198 0.009827649377213761 0.009827649377213761 0.01435211921008434 0.02405316530530828 0.09644164682587406 0.15970464655926267 0.7208435439798198
191 1719 0.023515041303043327 0.6798800921038493 0.009634461177623297 0.009634461177623297 0.013683086599414947 0.022658008392022862 0.09725030395819441 0.16460800963143452 0.6798800921038493
192 1728 0.020316137847547176 0.7058991469597894 0.009390773619320785 0.009390773619320785 0.01283038540699769 0.022082962726713215 0.09977827550460186 0.1566653015573351 0.7058991469597894
193 1737 0.02054200178945401 0.7091951688886934 0.00938158588913631 0.00938158588913631 0.011247184039495817 0.021776944785919742 0.09843962236725429 0.1511031006013245 0.7091951688886934
194 1746 0.01905965162430359 0.6668645418149921 0.009461377876496459 0.009461377876496459 0.010599448444412816 0.021732218528963416 0.09618416571384841 0.15930092213916175 0.6668645418149921
195 1755 0.019406174195082764 0.6674250790957034 0.009281902883967663 0.009281902883967663 0.009902052694952172 0.021334350561080746 0.09294975915002232 0.1597827114321948 0.6674250790957034
196 1764 0.019210261699908332 0.6872604388708927 0.009077821903016996 0.009077821903016996 0.009314449515397772 0.02120367709414429 0.09060102866324868 0.15855146064112738 0.6872604388708927
197 1773 0.017227334421134582 0.6831554691241888 0.008651828873620478 0.008651828873620478 0.009677341995157617 0.01929254378862197 0.09199725925180001 0.165194367021054 0.6831554691241888
198 1782 0.01493420750224021 0.6945476440823326 0.00831385187464868 0.00831385187464868 0.009629033118604465 0.01799213044496229 0.08738426513863728 0.16454865639022923 0.6945476440823326
199 1791 0.015310044913855922 0.6830902781776012 0.007912511786630145 0.007912511786630145 0.010013739284390404 0.01707235794734608 0.08867701061862575 0.15348889615203576 0.6830902781776012
200 1800 0.013509154598826581 0.6420843134606146 0.008086110331911886 0.008086110331911886 0.009996825948002698 0.016912548427630878 0.08868483129669098 0.15277846760906713 0.6420843134606146
201 1809 0.013518113071090267 0.6003524393564849 0.008075399787588868 0.008075399787588868 0.009923813409808857 0.017413094036246 0.08432435677175348 0.1476191668581757 0.6003524393564849
202 1818 0.013812550004861248 0.5986375280326046 0.008186405289386535 0.008186405289386535 0.009565917930215124 0.01637178398955251 0.08580154897148172 0.14666997976906135 0.5986375280326046
203 1827 0.01251488150966732 0.5890258403700177 0.007883634408801316 0.007883634408801316 0.00969652177551302 0.016179204532637367 0.08449256642108044 0.14661979857804908 0.5890258403700177
204 1836 0.01177487879470313 0.5603502312491331 0.007804483172035009 0.007804483172035009 0.009320644248862368 0.016779894488546058 0.0828337069839962 0.139462782103424 0.5603502312491331
205 1845 0.011057352577515929 0.5665019875345957 0.007360979299343549 0.007360979299343549 0.009283069804004429 0.01678133447621906 0.07709418361517631 0.13431307106188767 0.5665019875345957
206 1854 0.010948395012244011 0.5449849703227765 0.007211903516392037 0.007211903516392037 0.00927588294516564 0.016395204307275354 0.07260965068838181 0.1377303834668664 0.5449849703227765
207 1863 0.011199369137970648 0.49876689328619794 0.007060051196492638 0.007060051196492638 0.009137943762220681 0.017178397517682575 0.06929687309007117 0.1404454313740817 0.49876689328619794
208 1872 0.01193198318371776 0.45687099377187984 0.00704576625082311 0.00704576625082311 0.008872652412917403 0.018340157157283814 0.06767753416622878 0.13809073638690156 0.45687099377187984
209 1881 0.012324401366733184 0.44081106350138777 0.006901765350099071 0.006901765350099071 0.008855819194127671 0.020203094957701496 0.0677092865100522 0.12613402224595724 0.44081106350138777
210 1890 0.011879943238064577 0.42426760029430094 0.0069552891296128395 0.0069552891296128395 0.008850143675756024 0.02009558536731034 0.0668794336218163 0.12938607505240124 0.42426760029430094
211 1899 0.010713749911706177 0.41869210669348794 0.006655623872677041 0.006655623872677041 0.008821646844217735 0.019589942839513173 0.06501401988091916 0.13257658868550234 0.41869210669348794
212 1908 0.009446232555402763 0.3971388087681332 0.006730211223466299 0.006730211223466299 0.008848721909578838 0.01875007966668084 0.06334972199697565 0.13250733396896153 0.3971388087681332
213 1917 0.008531191615989177 0.37229126755545194 0.006675064098991657 0.006675064098991657 0.008418627582418983 0.018752632783960953 0.06318282833564516 0.13091994999301357 0.37229126755545194
214 1926 0.00885366941744928 0.33545158481723736 0.006398315108582295 0.006398315108582295 0.008326190968254266 0.018676504915509495 0.06317967471110096 0.13074768543165763 0.33545158481723736
215 1935 0.008539764303917292 0.3057484139149843 0.006597233225872443 0.006597233225872443 0.00811797655858665 0.019892754349226983 0.06164777562911299 0.13239170363037323 0.3057484139149843
216 1944 0.007857638635169412 0.30444252364242713 0.006490379954745878 0.006490379954745878 0.008033701323128023 0.019492209984933947 0.05940718067137043 0.1241343467163131 0.30444252364242713
217 1953 0.007041347205538858 0.2819054549005303 0.005920048960633322 0.005920048960633322 0.007923584551738643 0.020006146445142932 0.059409681025797544 0.12240646770375764 0.2819054549005303
218 1962 0.006341776293306606 0.27964291222777266 0.005411869305195451 0.005411869305195451 0.007558534687421468 0.01934466008972978 0.05910497389756226 0.12311650491688 0.27964291222777266
219 1971 0.005994022473310321 0.27412079404851103 0.00526668122844779 0.00526668122844779 0.007365685678164282 0.018866772883083575 0.059718923654459424 0.11676996289961204 0.27412079404851103
220 1980 0.005012645674569731 0.2729852908270993 0.005090487667472431 0.005090487667472431 0.007436843395218001 0.019418145024238626 0.058314525164678284 0.10446470177301338 0.2729852908270993
221 1989 0.005067016059130866 0.2706505787859843 0.004741555068403121 0.004741555068403121 0.007085505313296334 0.018554160740266893 0.057532654915539584 0.10447856102122932 0.2706505787859843
222 1998 0.00458956675821294 0.254352181887319 0.004383524212730729 0.004383524212730729 0.007099802055834254 0.018363097167369065 0.06257185222198947 0.10450271652660922 0.254352181887319
223 2007 0.004808604629337961 0.23251053721804685 0.004084894741033866 0.004084894741033866 0.007325309009620751 0.018294168774506656 0.06334739287322069 0.10106565762472731 0.23251053721804685
224 2016 0.004697449825043119 0.2407603559071088 0.003990470671899635 0.003990470671899635 0.007380590065489532 0.017187106798223866 0.0660422021884902 0.09581973507252597 0.2407603559071088
225 2025 0.004183795776295719 0.23637182193932935 0.0037059151149256126 0.0037059151149256126 0.007470680344166235 0.017470740694111715 0.06444410308647824 0.09159145659765765 0.23637182193932935
226 2034 0.00407147638338754 0.2286369080267455 0.003548621025767508 0.003548621025767508 0.007386946094139635 0.01712800277711983 0.062338707783775545 0.08800510927662401 0.2286369080267455
227 2043 0.004645889498097269 0.21503674843211323 0.0035894781398800465 0.0035894781398800465 0.0075678875792822555 0.017027292031461423 0.06323429562078546 0.08310611014460505 0.21503674843211323
228 2052 0.004905512027445462 0.20574535723048837 0.003318152840150529 0.003318152840150529 0.007551137139371934 0.018233034763294943 0.06835572937291647 0.08269002746036971 0.20574535723048837
229 2061 0.004444661474238834 0.20689721817906187 0.003232637552935447 0.003232637552935447 0.007444223705047631 0.01887096305761594 0.06735335212081323 0.07924573147772654 0.20689721817906187
230 2070 0.004494529459956072 0.19970314908313705 0.0031323648653242696 0.0031323648653242696 0.0073719550314779655 0.01857893978861407 0.06567133246389081 0.07585537259508346 0.19970314908313705
231 2079 0.00447011549875797 0.18947806518532131 0.0030523356979212566 0.0030523356979212566 0.007380878917493889 0.01777056165469507 0.06404103131578832 0.08331684223336243 0.18947806518532131
232 2088 0.004877325500930511 0.19417029975518033 0.0028447929918263173 0.0028447929918263173 0.00741177836507413 0.01773378131713926 0.0635489454246133 0.07875699864923043 0.19417029975518033
233 2097 0.004429442527824445 0.18743751903013042 0.0028282713726301032 0.0028282713726301032 0.007466666403124429 0.01783500235562789 0.06131310748559554 0.08470849066551846 0.18743751903013042
234 2106 0.004144517337372238 0.17180213383725768 0.0027722175114265114 0.0027722175114265114 0.0074184278184291 0.01675262611813755 0.06120546480906698 0.08452716187273955 0.17180213383725768
235 2115 0.0038404020619496565 0.1785741895816645 0.0025626826026923385 0.0025626826026923385 0.007726248081919184 0.016763944946520185 0.06001640309712547 0.07975881046735042 0.1785741895816645
236 2124 0.0036616146986954475 0.17106084904157498 0.00237239212479327 0.00237239212479327 0.007752946024298438 0.01672910584982752 0.058590333223148376 0.07909694197562965 0.17106084904157498
237 2133 0.0041503433026179514 0.1794599440197618 0.002318543149929809 0.002318543149929809 0.007620830388545483 0.016792529372944925 0.05452438515954654 0.07957014641770757 0.1794599440197618
238 2142 0.004774715825846686 0.1742490546885735 0.00229707276383553 0.00229707276383553 0.007582186493987254 0.016421546613665128 0.05043974848622449 0.09007241818031443 0.1742490546885735
239 2151 0.0049977043149444 0.1674273580341125 0.0023568962712895675 0.0023568962712895675 0.007970978938445625 0.016242596092920315 0.049641365623642374 0.09363675461747901 0.1674273580341125
240 2160 0.005399323157483064 0.15932718696029335 0.0023782577483229717 0.0023782577483229717 0.007980250372580416 0.016082974235354527 0.04947545694461536 0.08896493406177854 0.15932718696029335
241 2169 0.005315482029196007 0.16618032366323487 0.002233929897214811 0.002233929897214811 0.008078889284632717 0.015682248001970767 0.04891417030753751 0.08896955291505983 0.16618032366323487
242 2178 0.0054171521582317235 0.16720683366493522 0.0020434498047537577 0.0020434498047537577 0.00823942956853952 0.016476932372066783 0.04678694422923236 0.08820447504247364 0.16720683366493522
243 2187 0.0049814211055637225 0.16664266319629895 0.0020972821455789454 0.0020972821455789454 0.00809380761054305 0.016496049192038155 0.047457423196115275 0.08260600976704187 0.16664266319629895
244 2196 0.005222589584244449 0.1650127628791505 0.002043675090966775 0.002043675090966775 0.008063012622581784 0.017198677787766264 0.04649018455126133 0.0783425135420066 0.1650127628791505
245 2205 0.005546598852307809 0.15877103089155017 0.0019284923074111369 0.0019284923074111369 0.009169697997881329 0.01729922897590577 0.04447172208251565 0.07744725786293714 0.15877103089155017
246 2214 0.005164256504177263 0.1517036374500855 0.0019245699727425691 0.0019245699727425691 0.009353642795467194 0.01756258855701506 0.042739628436609854 0.07518955540187307 0.1517036374500855
247 2223 0.005040250745292205 0.14646024417111445 0.0018993515153883484 0.0018993515153883484 0.009403118479028982 0.017375007961980618 0.04273153215285398 0.07254313558139439 0.14646024417111445
248 2232 0.0047140102736657466 0.15385460159110623 0.0016732622274027982 0.0016732622274027982 0.009322463883061832 0.017109138152058598 0.0420610941192056 0.07303330016044643 0.15385460159110623
249 2241 0.004682857585534235 0.1691681031816897 0.0016429102806098403 0.0016429102806098403 0.009311354188635948 0.016774715225856753 0.0418210361300711 0.06983066785791014 0.1691681031816897
250 2250 0.004107773498435377 0.16952501065897166 0.0017022813915138562 0.0017022813915138562 0.008929983193099875 0.016675774335657822 0.040596950271115345 0.07010794749034668 0.16952501065897166
251 2259 0.004658001862332175 0.16202838653741272 0.001681234499262317 0.001681234499262317 0.00823702870525971 0.017320506752718484 0.04087478511938555 0.06865667193643343 0.16202838653741272
252 2268 0.005297334197125143 0.16418751631228848 0.0015684135387359398 0.0015684135387359398 0.008203320930283786 0.020531918469503304 0.03900336642059749 0.0663700356205241 0.16418751631228848
253 2277 0.005872918842150045 0.16129093451174709 0.0015145544619402994 0.0015145544619402994 0.007870081744077427 0.023636390159645193 0.03850694363190976 0.0623187316287502 0.16129093451174709
254 2286 0.0051083807116794906 0.15979245973082665 0.0015431856778793265 0.0015431856778793265 0.007819724522092428 0.024339894221187833 0.036434697738079315 0.06386433065475342 0.15979245973082665
255 2295 0.004775006168299464 0.15520966457759533 0.0014148595956244103 0.0014148595956244103 0.007768752549779483 0.023840899557420976 0.03601585140539274 0.06350402262194228 0.15520966457759533
256 2304 0.004632532546620443 0.15087549612213433 0.0013614814037709005 0.0013614814037709005 0.007460741547296325 0.024500827184338592 0.03625701322200581 0.06215526237301695 0.15087549612213433
257 2313 0.004492075414369806 0.14097655553151306 0.0013102431351858094 0.0013102431351858094 0.0071553316675143155 0.024473163205297795 0.03837630649610314 0.06177166637938487 0.14097655553151306
258 2322 0.003917274259180479 0.12803565847880571 0.0013646454304394717 0.0013646454304394717 0.007064685621725583 0.024134532484509193 0.03595614069497248 0.06358107486354998 0.12803565847880571
259 2331 0.0037458191659295063 0.12021495740145488 0.001348638789389059 0.001348638789389059 0.007084407740618938 0.02190188481511957 0.036952307928978224 0.06229091291721853 0.12021495740145488
260 2340 0.0038143392139343554 0.1182112992326146 0.0013782084640936254 0.0013782084640936254 0.007032367132946478 0.020686416496623766 0.036265582876357436 0.06119778322356869 0.1182112992326146
261 2349 0.0040844743985164605 0.12030850696388311 0.001360243580445837 0.001360243580445837 0.006984126195525129 0.01973376033996375 0.03847622873925272 0.05649947100060765 0.12030850696388311
262 2358 0.003695278196933276 0.1102627770473846 0.001294162249980278 0.001294162249980278 0.006803938224799459 0.01993344340326695 0.04544901583015895 0.05562954012610967 0.1102627770473846
263 2367 0.0034377509852171768 0.10644618521996038 0.0012821347551479527 0.0012821347551479527 0.006606317203436706 0.020471097301218204 0.04299976762879013 0.05432207091597704 0.10644618521996038
264 2376 0.003253281566346636 0.09818126097311186 0.0012995114699815475 0.0012995114699815475 0.006775934783301579 0.020084068693197198 0.04292139678359398 0.05184417588013628 0.09818126097311186
265 2385 0.0029259349604226063 0.0971798899508772 0.001277526679560111 0.001277526679560111 0.006625076788382316 0.01957410197524442 0.042224386826638316 0.050255277528625776 0.0971798899508772
266 2394 0.002511280334970458 0.09217883377303833 0.0012487020846793252 0.0012487020846793252 0.006391525651876123 0.019634231804559334 0.042176722094892684 0.049842958678118277 0.09217883377303833
267 2403 0.002490243861603567 0.08877966348428824 0.0011543435562034918 0.0011543435562034918 0.0062379971909107155 0.01930151955057156 0.04202049485730252 0.048773456441172904 0.08877966348428824
268 2412 0.00260513372223043 0.08158542330651189 0.0011267487168813135 0.0011267487168813135 0.00613683435190837 0.0202038094029503 0.04242965002100202 0.04972385938856313 0.08158542330651189
269 2421 0.002485732244353086 0.07831920830853306 0.0010506705408928553 0.0010506705408928553 0.00623819018760626 0.020926785430064793 0.04328110370721337 0.0500130289092884 0.07831920830853306
270 2430 0.002460079609791422 0.07522415701176662 0.0010137421718911619 0.0010137421718911619 0.006013667239991802 0.02113488170716506 0.0420906028495523 0.05082948088112506 0.07522415701176662
271 2439 0.002214022482403411 0.07318737359307945 0.0009602491239781078 0.0009602491239781078 0.005767883398116072 0.02223558905240564 0.041488070828385924 0.05064263519195542 0.07318737359307945
272 2448 0.0019529538927400229 0.07493764181345137 0.0009309437323898247 0.0009309437323898247 0.005709575626975914 0.02216628871115252 0.03729879440773486 0.05062579147887754 0.07493764181345137
273 2457 0.0017180437464944286 0.07396173768223473 0.0009028671762650073 0.0009028671762650073 0.0055603058850670975 0.021728889063503423 0.03631937371494326 0.04711223173555138 0.07396173768223473
274 2466 0.001608005983779645 0.07238971749832573 0.0008195693124484492 0.0008195693124484492 0.005653866828065945 0.021428482076238646 0.03529547984753963 0.046912433448314375 0.07238971749832573
275 2475 0.001625445518344136 0.07126994657190316 0.0008151544928289264 0.0008151544928289264 0.00551941948675895 0.020202715661821663 0.03477390075992204 0.04619651379445549 0.07126994657190316
276 2484 0.0016247297396586918 0.07155333814345931 0.0007821396682798018 0.0007821396682798018 0.00552981572795102 0.019478432765545204 0.036366226018313706 0.044156540853997686 0.07155333814345931
277 2493 0.0016637774353375106 0.07495481944758926 0.0007747515957122626 0.0007747515957122626 0.00544902792607159 0.018610352392660692 0.03517437465069796 0.04508881509734892 0.07495481944758926
278 2502 0.0016562432546058476 0.07773492954605073 0.0007553192547433384 0.0007553192547433384 0.00541457620666731 0.01714648801917035 0.035622502803988904 0.04448082939395138 0.07773492954605073
279 2511 0.0015333304011974785 0.0794356467546208 0.0007484249599725975 0.0007484249599725975 0.005398179379200617 0.017011452708737662 0.03407798104748511 0.041630749718625196 0.0794356467546208
280 2520 0.0014451264168911517 0.07796948460405007 0.0006942286046010003 0.0006942286046010003 0.005350561162559455 0.01668556731432779 0.03319282936800518 0.04245444237621408 0.07796948460405007
281 2529 0.001420021387671325 0.07711899577306877 0.000679167295670736 0.000679167295670736 0.005402390642074716 0.01720321559284358 0.03253986554267206 0.03941979550385141 0.07711899577306877
282 2538 0.0012718691781006984 0.07889535679932572 0.0006637629036317573 0.0006637629036317573 0.0053669423686623285 0.017334991235635148 0.030242928223026593 0.037779606844195714 0.07889535679932572
283 2547 0.0012463191654997108 0.07296667871618402 0.0006549239900018096 0.0006549239900018096 0.005355861466811106 0.017149709725644658 0.030237130200217153 0.036506923405084754 0.07296667871618402
284 2556 0.0011839312351163418 0.07532572912048581 0.0005578281515300829 0.0005578281515300829 0.005515447551683635 0.017383147826896657 0.03005741998562028 0.03622717354333812 0.07532572912048581
285 2565 0.0011317925349421556 0.06912825910380527 0.0005493867362261423 0.0005493867362261423 0.0054427723125248855 0.017221245295160288 0.029899002689625576 0.03683749617482558 0.06912825910380527
286 2574 0.0010780465363469625 0.0685472758809674 0.0005393810129298767 0.0005393810129298767 0.005423249975435597 0.016501195634497767 0.029214660286664237 0.03465265272575851 0.0685472758809674
287 2583 0.0010032090817756855 0.07568720144031017 0.0005324533020844155 0.0005324533020844155 0.005398049444397528 0.016392167366206415 0.02617780183516409 0.03448612495221162 0.07568720144031017
288 2592 0.0009226381685990856 0.07256139771085934 0.0005424869385959553 0.0005424869385959553 0.005265200010751888 0.016650417351026525 0.025626549606372062 0.03163029658737808 0.07256139771085934
289 2601 0.0008266418581621154 0.07165876201230335 0.0005058161102643576 0.0005058161102643576 0.005132063700384095 0.016401318119400203 0.02530874575328574 0.030774307768466035 0.07165876201230335
290 2610 0.0009679230425354014 0.06852990515771763 0.00046894921893524713 0.00046894921893524713 0.005168619602861739 0.016407690003718018 0.024976731882235457 0.028892676835729287 0.06852990515771763
291 2619 0.001011404727720914 0.0697785568057034 0.00046340284613753023 0.00046340284613753023 0.006101587310105492 0.0161633722193313 0.024168994681865313 0.02770278492968384 0.0697785568057034
292 2628 0.0011086638039764216 0.07095001610926391 0.0004391252384861857 0.0004391252384861857 0.005996689028597364 0.015477739469659557 0.024015881506292806 0.028058901525988552 0.07095001610926391
293 2637 0.0011647104422380752 0.07805741181839869 0.00042848984409388116 0.00042848984409388116 0.006330202008579352 0.014343602347089814 0.024667491870320305 0.028137416116882946 0.07805741181839869
294 2646 0.0012029428183084124 0.07950737708026326 0.00039948515144859367 0.00039948515144859367 0.006319641948782778 0.014262522671811958 0.023605217639195306 0.027836780006680686 0.07950737708026326
295 2655 0.0011269360803053794 0.07749507953112628 0.00038183632682288807 0.00038183632682288807 0.006220304420227219 0.014114169979193528 0.023924460870861877 0.028143959153814912 0.07749507953112628
296 2664 0.0011835477710127487 0.07918946157922778 0.0003413758145212287 0.0003413758145212287 0.006267889040327548 0.013526785046724077 0.02313963032261552 0.028841008517213707 0.07918946157922778
297 2673 0.0012533376566307923 0.08734631815178248 0.00032948133601806506 0.00032948133601806506 0.005751270972689596 0.01317294443028777 0.023336862868812536 0.028215367975354722 0.08734631815178248
298 2682 0.001175098793673989 0.08919646012066064 0.0003280981068587387 0.0003280981068587387 0.005747601419967568 0.01289344194625192 0.022869808884702608 0.032075969119911805 0.08919646012066064
299 2691 0.0011055965158066788 0.08179901723806268 0.0003166825264092336 0.0003166825264092336 0.005860865838027271 0.012901231967100045 0.02230412125848135 0.03172301029445162 0.08179901723806268
300 2700 0.0011392742324442561 0.08253836281584599 0.00031164958918495457 0.00031164958918495457 0.005884193358672876 0.01233511123017618 0.020937714232318265 0.030909089538107754 0.08253836281584599
301 2709 0.0010488321108882415 0.08511981533913311 0.0003024502353168869 0.0003024502353168869 0.005875590034033764 0.012444686642054649 0.02063817550136785 0.028607420026505133 0.08511981533913311
302 2718 0.000957079381115555 0.08789912600623699 0.00030541374650799717 0.00030541374650799717 0.005404209745083484 0.012277039562996795 0.019973607456365637 0.02879022397000617 0.08789912600623699
303 2727 0.0010416756631082022 0.08553556338645665 0.0002982598813567522 0.0002982598813567522 0.005269372174760316 0.012204077046291735 0.018858884829896002 0.028675933864680054 0.08553556338645665
304 2736 0.0010420226279962985 0.08696810245827995 0.0002904332832995099 0.0002904332832995099 0.005272941574852087 0.01237361623832349 0.020313535847551877 0.02688868297250799 0.08696810245827995
305 2745 0.001085326431910097 0.09399409179927794 0.0002838331126185058 0.0002838331126185058 0.005248245262359351 0.011990283864985098 0.0199082713670578 0.025104801958780187 0.09399409179927794
306 2754 0.0011249198110897863 0.09486674576365836 0.0002736373334191226 0.0002736373334191226 0.005130395293480357 0.011895761750418846 0.01986355728341087 0.024486734811821228 0.09486674576365836
307 2763 0.0010515591848088057 0.09332964587350755 0.00025704806840164807 0.00025704806840164807 0.005536079773958713 0.011105193787979997 0.01907664698005935 0.025424748725002715 0.09332964587350755
308 2772 0.0010095715243512262 0.08700794011938921 0.00025790485120826006 0.00025790485120826006 0.005404249075048595 0.01063684121188738 0.01853331870117735 0.02505897736327302 0.08700794011938921
309 2781 0.0009827556979474404 0.08710504021460627 0.000248613766905115 0.000248613766905115 0.005179953171038553 0.01031914532865455 0.018819972657593536 0.02390023201695109 0.08710504021460627
310 2790 0.0008692823030842465 0.08169307075287709 0.0002452910479569522 0.0002452910479569522 0.004910190443229552 0.010259130860234084 0.019454204074948543 0.02310529548794749 0.08169307075287709
311 2799 0.0008146669518188401 0.0776729518923114 0.00023978154112538853 0.00023978154112538853 0.0048553318188036656 0.009988041119514813 0.019080793220862813 0.02235700721686965 0.0776729518923114
312 2808 0.0007498905452148166 0.07646749992556255 0.00024178351286032864 0.00024178351286032864 0.004387058533554542 0.009925843640930038 0.017920107436781692 0.023311628602120823 0.07646749992556255
313 2817 0.0007404653608933253 0.07788878496413404 0.0002385443645107041 0.0002385443645107041 0.004384869015274839 0.009527854786139432 0.016844925795132176 0.02308464183107437 0.07788878496413404
314 2826 0.000682595127842589 0.07980208219234065 0.00023237556319120626 0.00023237556319120626 0.00440447396974589 0.009301461078451511 0.016142597918544905 0.022155558134592534 0.07980208219234065
315 2835 0.0006106668676050105 0.07844847889713943 0.00021620934024305143 0.00021620934024305143 0.004423379906693652 0.00872692532002684 0.01598569948708832 0.02272097128661202 0.07844847889713943
316 2844 0.0005465086894579124 0.08017459210294936 0.00020646337928578628 0.00020646337928578628 0.004554090266849186 0.008677639195615816 0.014542100618519816 0.022667894082796406 0.08017459210294936
317 2853 0.0005195291089096467 0.08051934642947074 0.0001997572143992438 0.0001997572143992438 0.004620137581699355 0.0087244731768439 0.01247329996890756 0.02302078716324451 0.08051934642947074
318 2862 0.0005180037993260772 0.08111165040652031 0.00019560847245572466 0.00019560847245572466 0.004346105379233055 0.008696900096733361 0.012072935885948393 0.023379847174010468 0.08111165040652031
319 2871 0.000521325322187466 0.08097061208992871 0.00018374518451953534 0.00018374518451953534 0.004383367244430879 0.008510242587861068 0.012275854291322172 0.022818761575244734 0.08097061208992871
320 2880 0.0005640767464754798 0.07749577225802062 0.0001883940668867234 0.0001883940668867234 0.004448685233162614 0.008377727876051193 0.012534194097839948 0.021970981139404544 0.07749577225802062
321 2889 0.0005659354791155282 0.07133823456158232 0.00018733279761163965 0.00018733279761163965 0.004255783877575338 0.00852360045349473 0.012325911967231812 0.025349325132736515 0.07133823456158232
322 2898 0.000478314265697511 0.07506636234273815 0.00018322774665947145 0.00018322774665947145 0.004085867924167459 0.008401893012788687 0.011214660578256819 0.025802850123924078 0.07506636234273815
323 2907 0.0005243733193671798 0.07444606502162797 0.00017299047772709563 0.00017299047772709563 0.003867465384890319 0.008226480669120156 0.011127609941597484 0.02564523051548151 0.07444606502162797
324 2916 0.0005115805910904131 0.0750201530833599 0.00018878640451137606 0.00018878640451137606 0.003830381144838352 0.008149178273405467 0.011062961615942718 0.02532656220546713 0.0750201530833599
325 2925 0.00048461506117595464 0.07347738089988036 0.00018458009141136751 0.00018458009141136751 0.0038699511542243004 0.007941759990761832 0.010660738024919571 0.025070665668418844 0.07347738089988036
326 2934 0.00044262818112145733 0.07296855718102727 0.00017952509926522458 0.00017952509926522458 0.0038215884301370548 0.007794444753651551 0.010359980915687829 0.025369544089283592 0.07296855718102727
327 2943 0.00041444927649458244 0.0703113791817504 0.0001843047020078955 0.0001843047020078955 0.0036371066666814654 0.007699525560574647 0.010234780784510077 0.025430742221844497 0.0703113791817504
328 2952 0.00043653194655951836 0.07073720499531168 0.00017956628401006726 0.00017956628401006726 0.003470427698716911 0.006995878719058423 0.010456515062440124 0.026038539225502047 0.07073720499531168
329 2961 0.0004399534592630187 0.06555234016807104 0.0001779746492250509 0.0001779746492250509 0.003423079209399925 0.007116919641193701 0.011121871432114173 0.02585338943239439 0.06555234016807104
330 2970 0.0004357174591332113 0.06871894271959222 0.00017599131749016932 0.00017599131749016932 0.0035106901697589442 0.007122415929483243 0.011044838313538143 0.02508880855894934 0.06871894271959222
331 2979 0.00043432669715847403 0.06505272823272613 0.00017059445377099212 0.00017059445377099212 0.0035794449920980797 0.007055931832205323 0.011009883634845572 0.024966973527338194 0.06505272823272613
332 2988 0.0004292158339075991 0.06455567473458648 0.00016065403688501995 0.00016065403688501995 0.003537456525006386 0.006867813734839627 0.010433591451424959 0.02583418759481441 0.06455567473458648
333 2997 0.0004403980084953775 0.06371893691238752 0.00015637741747970746 0.00015637741747970746 0.003402301552868459 0.006385990581022447 0.010592203323167975 0.02610525493259164 0.06371893691238752
334 3006 0.00046139693232824985 0.06381776113770499 0.00016301261187463313 0.00016301261187463313 0.0035988628841717952 0.006450601278827956 0.010412235830741072 0.024476972250058335 0.06381776113770499
335 3015 0.00042799984085391225 0.06466987457502092 0.00015737755834316613 0.00015737755834316613 0.003870421061026943 0.006232763573157242 0.010287139603636728 0.023452763958917808 0.06466987457502092
336 3024 0.00036731947879278847 0.06420476190671225 0.00015750950494863324 0.00015750950494863324 0.003747690151192239 0.006096923152041532 0.009559380843966871 0.022422617997055153 0.06420476190671225
337 3033 0.0003335192608975913 0.06531860251176667 0.00014755494603407534 0.00014755494603407534 0.0038074711151779472 0.0056921153439712414 0.009326017471430494 0.021874047370257783 0.06531860251176667
338 3042 0.0003544646019599811 0.06677176079675784 0.00013811181036227555 0.00013811181036227555 0.0038021274943399585 0.005598918748603088 0.00957158435143241 0.02074118244561262 0.06677176079675784
339 3051 0.00034357489463214465 0.06628460554442528 0.00014481831646038118 0.00014481831646038118 0.003739776103477396 0.005387617688613438 0.010185181331019979 0.02011397961726488 0.06628460554442528
340 3060 0.00033949446280228085 0.06430913468223476 0.00013839692985303666 0.00013839692985303666 0.003730665588720506 0.00530545885667597 0.00968991104233716 0.01993894504367779 0.06430913468223476
341 3069 0.0003334395853381606 0.06377362066238235 0.0001351099395682309 0.0001351099395682309 0.003677223292979543 0.0050283487014459284 0.009652291134905377 0.02127243938407452 0.06377362066238235
342 3078 0.0003579875535368393 0.0640322719813272 0.00013297799296651383 0.00013297799296651383 0.003546757939868441 0.004959431693989445 0.009240369150685023 0.02111057886923973 0.0640322719813272
343 3087 0.0003909599097925444 0.06619081756435338 0.00013268316954809144 0.00013268316954809144 0.003437717893667973 0.005177088517741599 0.009277930443042781 0.020473112845224718 0.06619081756435338
344 3096 0.00041706548121791945 0.06657034988373128 0.0001319180357283276 0.0001319180357283276 0.003277628183833198 0.005158750206097858 0.009182456504390873 0.02260940929914837 0.06657034988373128
345 3105 0.00038924055491303746 0.06141052469794196 0.00013324327578483077 0.00013324327578483077 0.0035908621966775633 0.0053845528323002365 0.008582658132835102 0.02184284312542247 0.06141052469794196
346 3114 0.00036831026753716083 0.06261389876982444 0.00012873156124581982 0.00012873156124581982 0.003692205711229294 0.0054815049186400025 0.008085075858097078 0.021035684780825598 0.06261389876982444
347 3123 0.0003303699213530293 0.06392107679429532 0.0001280532271282354 0.0001280532271282354 0.0036790763011376195 0.004890279769146623 0.007753687821611406 0.021559852624410722 0.06392107679429532
348 3132 0.00032052185379709486 0.0649498842652756 0.00012312446187859102 0.00012312446187859102 0.0034228315373773283 0.004868085676718023 0.007398142268566165 0.02155476600742569 0.0649498842652756
349 3141 0.0002982020039224106 0.06523670916418838 0.00012176297763478994 0.00012176297763478994 0.0033840386041720546 0.004663005905644246 0.007082410828220206 0.02203372558697608 0.06523670916418838
350 3150 0.0002847032866795437 0.06535180624909777 0.00012573548568800026 0.00012573548568800026 0.0034447776740464957 0.004416500133459596 0.006717561984661811 0.02234411010574764 0.06535180624909777
351 3159 0.00025606233212553073 0.061769598323773586 0.00011582962003325619 0.00011582962003325619 0.0033130727946066537 0.0045445721332806575 0.006877832084620943 0.022836791727621746 0.061769598323773586
352 3168 0.0002259446616475075 0.05670207274616568 0.000112428223516073 0.000112428223516073 0.0033107717336283145 0.004680459534936709 0.006734030826093405 0.02252798715998071 0.05670207274616568
353 3177 0.00025621737969363866 0.05738075640805542 0.00010545034772953371 0.00010545034772953371 0.0032267980302213314 0.004581954896737824 0.006613289083132186 0.02249935652879898 0.05738075640805542
354 3186 0.0002620970023272274 0.05735085984180904 0.00010816208157769741 0.00010816208157769741 0.0030987228694903594 0.00498040184432727 0.006708334207922209 0.02190927434095107 0.05735085984180904
355 3195 0.00031709394409400995 0.056251994599599474 0.00010765247740025296 0.00010765247740025296 0.003005589487503912 0.004913986292255927 0.0064646475066594145 0.022023960442213844 0.056251994599599474
356 3204 0.0003317464488817315 0.06040332502741214 0.00011241797389664015 0.00011241797389664015 0.0028963759261444177 0.00526024128409223 0.006203420011156522 0.02153316530777698 0.06040332502741214
357 3213 0.00034241235287894395 0.057874142046868374 0.0001040671402060012 0.0001040671402060012 0.0028698347535053726 0.005214920421131646 0.006159604874251453 0.02201088168160668 0.057874142046868374
358 3222 0.00031975997896579474 0.0605538553910726 9.914137372569189e-05 9.914137372569189e-05 0.0027941975466202395 0.005109262258871213 0.006356260199975437 0.02246923852842459 0.0605538553910726
359 3231 0.0003100350342212893 0.06145036205891106 9.741098304857217e-05 9.741098304857217e-05 0.002665857188924529 0.00510995440160413 0.0059089168922255375 0.02230670740670934 0.06145036205891106
360 3240 0.0003011034326056294 0.062033182835327244 9.581893143835029e-05 9.581893143835029e-05 0.002739318632913045 0.0048612035503207045 0.00592660215774908 0.021324044558086324 0.062033182835327244
361 3249 0.0002702520792336453 0.057341554693759816 0.00010387930199369385 0.00010387930199369385 0.0027131509125197417 0.004877099309227829 0.006023116663680239 0.02137718177194333 0.057341554693759816
362 3258 0.0003204689755062195 0.0561011868128456 0.00010056959230541083 0.00010056959230541083 0.002767776316889418 0.004708552003300864 0.00563953553678081 0.021151346327562163 0.0561011868128456
363 3267 0.0003499585718258448 0.056649473062273636 0.00010877772368586821 0.00010877772368586821 0.003012681496796971 0.005109177603267454 0.0054371595960469145 0.020415087356074925 0.056649473062273636
364 3276 0.0003650179114506588 0.05646318842328946 0.00011059978957084107 0.00011059978957084107 0.003028443123988588 0.004885057554783073 0.005818862986207017 0.019979765896113638 0.05646318842328946
365 3285 0.0003573428864456753 0.05626493779785423 0.0001113379418909577 0.0001113379418909577 0.0028703302595420982 0.004562850240354993 0.006069774680379132 0.020169231940819186 0.05626493779785423
366 3294 0.00034525829236162393 0.05529197992999 0.00010164788622904806 0.00010164788622904806 0.0028999067813333056 0.0044747920500302 0.006290462031731381 0.01914245963508726 0.05529197992999
367 3303 0.0003256452098771021 0.05253354785485108 9.886827793359159e-05 9.886827793359159e-05 0.0027767015397980018 0.004695702670184337 0.006085036970706548 0.019640436387922018 0.05253354785485108
368 3312 0.00034382615723085836 0.05412303776638267 9.385383608767435e-05 9.385383608767435e-05 0.0027724892544933317 0.004785614349020248 0.0057997300456643485 0.020023596522043156 0.05412303776638267
369 3321 0.0003107108440452026 0.05388129535769613 9.679731070045986e-05 9.679731070045986e-05 0.0028732792054376325 0.004586940802527098 0.005845808021517539 0.020403966120142857 0.05388129535769613
370 3330 0.0003065592157240529 0.05440823830415406 9.186737567086667e-05 9.186737567086667e-05 0.0030254938616338617 0.004611841805193611 0.005853184389226326 0.020094183726085943 0.05440823830415406
371 3339 0.00028372852523685625 0.05437141612945038 8.700397598808239e-05 8.700397598808239e-05 0.002906736329204181 0.004496467758927725 0.005586653767354717 0.022183377978620567 0.05437141612945038
372 3348 0.00028254461396238616 0.05462726269029678 8.485447060759059e-05 8.485447060759059e-05 0.0028746702772731773 0.004526204230509041 0.005324314885901059 0.02094915763498011 0.05462726269029678
373 3357 0.00024926803891477345 0.0543708409426645 8.670442063063391e-05 8.670442063063391e-05 0.002886332238533235 0.004359396944567383 0.005221164565318849 0.02158238547853183 0.0543708409426645
374 3366 0.00026360234113312456 0.054940680454773363 8.436698885940893e-05 8.436698885940893e-05 0.002826054001098307 0.004365852788352725 0.004815641235771863 0.02093386492799858 0.054940680454773363
375 3375 0.0002986804651790522 0.05608874353891026 8.490663971846925e-05 8.490663971846925e-05 0.0027524575731125473 0.004383049051471216 0.005133410510753328 0.019860797768957914 0.05608874353891026
376 3384 0.0002784692422712508 0.062249071369267245 8.33980630719515e-05 8.33980630719515e-05 0.002887714982433264 0.004328286617810485 0.005093077907283841 0.019131190409085903 0.062249071369267245
377 3393 0.00030707534274441507 0.05834007685401306 8.544738459698304e-05 8.544738459698304e-05 0.00274487425799977 0.004304652186954391 0.005193943928473075 0.01885540306722348 0.05834007685401306
378 3402 0.00035639383482407574 0.056810184629314454 8.492548993519988e-05 8.492548993519988e-05 0.002631075764148392 0.0041476829164251725 0.005400906615985429 0.021522961370405554 0.056810184629314454
379 3411 0.00032934598124536376 0.055698846360777696 8.307664725942112e-05 8.307664725942112e-05 0.0025212379843166308 0.004596800018648673 0.005607996525801603 0.021660690049323274 0.055698846360777696
380 3420 0.00031261228950526523 0.05608579779331329 8.100346650859332e-05 8.100346650859332e-05 0.002398491911561203 0.004574434886346117 0.005760038398469467 0.020666825069439173 0.05608579779331329
381 3429 0.0003136346934856386 0.0579126623914025 7.997037304937856e-05 7.997037304937856e-05 0.002391459307264863 0.004415936359912094 0.005628931985528728 0.01938596067052857 0.0579126623914025
382 3438 0.0002652439023442119 0.056999311437795463 7.916094126763559e-05 7.916094126763559e-05 0.0022783596888993497 0.004263825902719657 0.005908980746638314 0.01970572196611379 0.056999311437795463
383 3447 0.0002697055594423756 0.056063302027634265 7.870180352443467e-05 7.870180352443467e-05 0.0021889732825627196 0.00402549796094737 0.005890283247263844 0.019106675590044614 0.056063302027634265
384 3456 0.00023978122325608265 0.059332395834466554 7.256220032290247e-05 7.256220032290247e-05 0.002302579006742909 0.0037526469171753453 0.005925514859902318 0.01966943353773877 0.059332395834466554
385 3465 0.00023210229930863835 0.05723333570142516 7.212637581890333e-05 7.212637581890333e-05 0.002305532077901769 0.003736941553792063 0.00550483047288322 0.019937280816726664 0.05723333570142516
386 3474 0.00022822539500013956 0.05517373833630944 7.15760951692742e-05 7.15760951692742e-05 0.0022197838726981524 0.003808871663041631 0.005543817522023057 0.01933852904172334 0.05517373833630944
387 3483 0.00020867787266404253 0.0542552978554175 6.801897350155221e-05 6.801897350155221e-05 0.002151585522769274 0.003775649110168166 0.005476511178231542 0.019654875900916188 0.0542552978554175
388 3492 0.0002027750112092011 0.05021663502158518 6.43885937108805e-05 6.43885937108805e-05 0.002167386320806653 0.0037555984900817085 0.005436799208233974 0.019630471230668245 0.05021663502158518
389 3501 0.00019033063626898469 0.055688475473290304 6.225026522365498e-05 6.225026522365498e-05 0.002019040161033693 0.003817243737669891 0.005503064037927317 0.01815230417665574 0.055688475473290304
390 3510 0.00019052184789630316 0.05608609954185868 6.251701131335707e-05 6.251701131335707e-05 0.0019670784045494375 0.003520692770432012 0.005454111906256831 0.01833581653619784 0.05608609954185868
391 3519 0.00017990292858594472 0.05325012128936915 6.232939115137802e-05 6.232939115137802e-05 0.0020019129381106462 0.003483576991108178 0.005299311809674138 0.01936674083482835 0.05325012128936915
392 3528 0.00017576291231387623 0.053122709968811674 6.408863781200758e-05 6.408863781200758e-05 0.002092353120796236 0.0034737902641000583 0.0050149892736675115 0.01822697006476686 0.053122709968811674
393 3537 0.00018549199796519155 0.05144125354635808 6.331690761684338e-05 6.331690761684338e-05 0.0020512098269244543 0.0036317823431166628 0.004812471862127327 0.01839452366329644 0.05144125354635808
394 3546 0.00021000262051235036 0.05117993824364727 6.319875198538381e-05 6.319875198538381e-05 0.002060636067025047 0.003430953669408393 0.004877344889487739 0.01889141583376649 0.05117993824364727
395 3555 0.00020729142543228434 0.05208267070642009 6.0647212757632954e-05 6.0647212757632954e-05 0.0023750554539171327 0.003189158429820964 0.00487999518492661 0.019379745593546764 0.05208267070642009
396 3564 0.00025684022803894633 0.051849858592864166 6.13849429733985e-05 6.13849429733985e-05 0.002356109186024759 0.0030828593568109114 0.004844185004470837 0.0189064327025121 0.051849858592864166
397 3573 0.0002790254902627386 0.05132214934434326 5.8584677467814906e-05 5.8584677467814906e-05 0.0023307481148566282 0.0032458691093835146 0.005072361047968412 0.01963210725861673 0.05132214934434326
398 3582 0.00029272390351318733 0.04962553690916018 5.895002241330142e-05 5.895002241330142e-05 0.0023344727308183314 0.003316693768584647 0.0049032675269692445 0.019282294578309035 0.04962553690916018
399 3591 0.00030608447889413884 0.05317133487183701 5.8477042592020015e-05 5.8477042592020015e-05 0.002449103496590281 0.0032824042023979353 0.004613603665180353 0.017992725554009048 0.05317133487183701
400 3600 0.00029060234909293836 0.056450600455444165 5.702104558751384e-05 5.702104558751384e-05 0.0024284771436594637 0.0031652533586479853 0.004815911588398516 0.017738044190372892 0.056450600455444165
401 3609 0.000302913263394179 0.05674335063392115 5.802404549868898e-05 5.802404549868898e-05 0.002357592980501145 0.0029695524670674783 0.0046440558191563446 0.01785495759712859 0.05674335063392115
402 3618 0.00032123047523670257 0.05764936017529555 5.750763637895582e-05 5.750763637895582e-05 0.0021820355217761424 0.0033448922550237646 0.004689761092167362 0.016591790570808153 0.05764936017529555
403 3627 0.0003350823055476606 0.05710144154087237 5.783500389278251e-05 5.783500389278251e-05 0.002047420901441982 0.0032925334161451048 0.0050044822740785535 0.0166815311069309 0.05710144154087237
404 3636 0.0003881211037716738 0.058219034788131827 5.776243090427113e-05 5.776243090427113e-05 0.0019014323281884473 0.0033135450280719313 0.004955700882774711 0.017767212230942683 0.058219034788131827
405 3645 0.0003227683775289514 0.05906265789629058 5.512690064391137e-05 5.512690064391137e-05 0.0017697862151400954 0.0035178172578385113 0.005363879817782308 0.017769675352040836 0.05906265789629058
406 3654 0.00030427341943482664 0.05863813563351248 5.3969729688743156e-05 5.3969729688743156e-05 0.0016893349459323357 0.003227172923632824 0.005549895678020583 0.01803677476494449 0.05863813563351248
407 3663 0.00031953999028255266 0.058693094302800904 5.357681218168439e-05 5.357681218168439e-05 0.001723315758433347 0.003063230677210064 0.005493414624256928 0.017199288329295546 0.058693094302800904
408 3672 0.0002926907565286806 0.057238799052247755 5.484934072902959e-05 5.484934072902959e-05 0.0017021829655346349 0.003038860388522776 0.005854487161599133 0.01650768259594682 0.057238799052247755
409 3681 0.0003374267889973488 0.05645228018553941 5.149275934991854e-05 5.149275934991854e-05 0.0016575307479776665 0.0031165445932489406 0.006063268171905884 0.015551231007539796 0.05645228018553941
410 3690 0.00035421025586026357 0.05372958652689267 4.8024490281651445e-05 4.8024490281651445e-05 0.0018950386034499145 0.0031390781833547606 0.006474888330423816 0.015333434763607079 0.05372958652689267
411 3699 0.00032604462211816563 0.05260785170923384 4.618974466380545e-05 4.618974466380545e-05 0.0019183382687758697 0.00289405149786585 0.006846263874259077 0.015216580750422934 0.05260785170923384
412 3708 0.00027933432409710674 0.052481478778140765 4.42837334936849e-05 4.42837334936849e-05 0.0018510287729828663 0.002809867661180626 0.007032393672426006 0.014837491055761386 0.052481478778140765
413 3717 0.0002291855970028858 0.050873609441550054 4.334255785240406e-05 4.334255785240406e-05 0.001813962907880566 0.002797315636903863 0.006363783173391724 0.014393194999586408 0.050873609441550054
414 3726 0.00023301829537535746 0.049033650224201676 4.2833858508632736e-05 4.2833858508632736e-05 0.0018122282536094751 0.0027175207532824544 0.006358868971978619 0.0128092746762657 0.049033650224201676
415 3735 0.0002365051170263953 0.04794104610739591 4.463561246129568e-05 4.463561246129568e-05 0.001914066565942312 0.0027668851470969117 0.0060949200753216675 0.012813302170330264 0.04794104610739591
416 3744 0.00024903596493146805 0.04772183358798314 4.347239603157064e-05 4.347239603157064e-05 0.0018430516528357105 0.0026886209483801275 0.006316792131247429 0.012941304790131425 0.04772183358798314
417 3753 0.00023586785981120998 0.05197444386371966 4.3238217957654415e-05 4.3238217957654415e-05 0.0017727509836767076 0.0026687151091927324 0.006209545629391153 0.01289608989638422 0.05197444386371966
418 3762 0.00023784249237116168 0.051792039054418586 4.4241474590425334e-05 4.4241474590425334e-05 0.0017766362278665757 0.0025993166092170123 0.0054878985203975885 0.012651985904068113 0.051792039054418586
419 3771 0.00023219289656325288 0.05579993464032887 4.479875202611929e-05 4.479875202611929e-05 0.0015669192422197312 0.002580420630849642 0.005330176938337147 0.012817300734590585 0.05579993464032887
420 3780 0.00020064230125049602 0.05527869119275396 4.2096069061991496e-05 4.2096069061991496e-05 0.001558196565684655 0.0026111354141287414 0.00533151814414467 0.011865178061759917 0.05527869119275396
421 3789 0.00018735769189973345 0.0553101341318998 4.154063804017794e-05 4.154063804017794e-05 0.0015793539935945382 0.002514525698414186 0.00535943789273204 0.010598740171717606 0.0553101341318998
422 3798 0.00016862016935921122 0.05321771843001528 4.196380186952009e-05 4.196380186952009e-05 0.0015780633240592844 0.0023248818632441003 0.00530058783490612 0.010705619049563365 0.05321771843001528
423 3807 0.0001524155982815342 0.052284042044377296 3.9023826131539455e-05 3.9023826131539455e-05 0.0015308921180213818 0.002202491437243433 0.0056286236035637946 0.01039001483570833 0.052284042044377296
424 3816 0.0001531820432543402 0.04969719070015067 3.791245240604243e-05 3.791245240604243e-05 0.0015185316607762974 0.002311772347515402 0.005460701576562171 0.010303404252517875 0.04969719070015067
425 3825 0.00014132351110394888 0.047881734178308114 3.713086330973742e-05 3.713086330973742e-05 0.0014380366037337225 0.0023709086210219744 0.00528255804441867 0.010788321912108424 0.047881734178308114
426 3834 0.0001326126658194564 0.046685511079719466 3.5067424124247334e-05 3.5067424124247334e-05 0.0014055443857671319 0.00236592565128671 0.005249664513485889 0.010738998408363426 0.046685511079719466
427 3843 0.00012624989329756067 0.04752813508288015 3.504835983180805e-05 3.504835983180805e-05 0.0014152791748340832 0.0023341713509384345 0.004954717796714666 0.0101660806847611 0.04752813508288015
428 3852 0.00011535104232859885 0.04669882274814016 3.358240009982603e-05 3.358240009982603e-05 0.0014115739898396221 0.0022821414311233537 0.005038207932884485 0.009771290985799604 0.04669882274814016
429 3861 0.00010440826620504917 0.046607416224451935 3.3286173223987535e-05 3.3286173223987535e-05 0.0013615867678543718 0.0021827230284751898 0.005164770312955343 0.009199432591322321 0.046607416224451935
430 3870 9.833078691431804e-05 0.043483673032804995 3.105034059123767e-05 3.105034059123767e-05 0.0013259060533237228 0.002234223086410481 0.005223677039782491 0.009021880822928374 0.043483673032804995
431 3879 0.00010705283419538802 0.0450880083096298 3.0428676297974464e-05 3.0428676297974464e-05 0.001312003806998514 0.002144237325554453 0.00528356452587851 0.008741137294810585 0.0450880083096298
432 3888 0.00011137499882318401 0.05013543200640475 3.0659739724212845e-05 3.0659739724212845e-05 0.001276408152686774 0.0020469655896969085 0.005134362635032881 0.008732578328651864 0.05013543200640475
433 3897 0.0001313057473467806 0.050486265294056594 3.191919927793102e-05 3.191919927793102e-05 0.001177177768375639 0.002150665114751726 0.005103812377926062 0.008661360979279971 0.050486265294056594
434 3906 0.00012485818419194443 0.04999737055477211 3.329736796287016e-05 3.329736796287016e-05 0.0011965394647426761 0.002178311955754495 0.005231190978689969 0.008701833805394375 0.04999737055477211
435 3915 0.00013403137927692611 0.04884179369157479 3.2037563628124883e-05 3.2037563628124883e-05 0.0012044457122468695 0.0021371760634685652 0.00526992629108484 0.00836123823586771 0.04884179369157479
436 3924 0.00015344448428123892 0.04838422644632185 3.023570273252967e-05 3.023570273252967e-05 0.0012044630671100873 0.0022135492612255525 0.005107565500521885 0.009010350779755665 0.04838422644632185
437 3933 0.00017245842299844143 0.05068193375224514 2.9901900903800237e-05 2.9901900903800237e-05 0.0012177086552164669 0.0021252894021986674 0.004845943591743067 0.010346544063626865 0.05068193375224514
438 3942 0.00020285150998218223 0.050646607502498116 3.0891069939130665e-05 3.0891069939130665e-05 0.001284068994380399 0.002025384524813948 0.004749742524171723 0.011145634047771889 0.050646607502498116
439 3951 0.00019162552816205186 0.0509477355508434 2.9830299653069252e-05 2.9830299653069252e-05 0.0013126896541712772 0.0021290141176230314 0.004419152773191306 0.011777897002552641 0.0509477355508434
440 3960 0.0001709632584813393 0.050564953252672865 2.9452191808564073e-05 2.9452191808564073e-05 0.0012617453827037657 0.002012822144539755 0.004446572687995373 0.011545740768154527 0.050564953252672865
441 3969 0.00017813886742545457 0.04972831703700472 2.940963788061739e-05 2.940963788061739e-05 0.0012373857707060484 0.0020752323010342767 0.004405156493820717 0.01083428453622923 0.04972831703700472
442 3978 0.00017862500769529418 0.05292504764413639 3.012605060832291e-05 3.012605060832291e-05 0.001206127446621931 0.0019725253899452 0.0042276867563109406 0.011316074332570793 0.05292504764413639
443 3987 0.00019917190287340578 0.051761721603157285 2.922499312085187e-05 2.922499312085187e-05 0.0011446730958603992 0.00187318936258156 0.0045288822494429825 0.011894441173233208 0.051761721603157285
444 3996 0.00022572295944275368 0.056064119015479835 2.8272763908602356e-05 2.8272763908602356e-05 0.001079109112656759 0.0018209656751520887 0.004410494836164418 0.012740872870463802 0.056064119015479835
445 4005 0.00023922726018788795 0.05962254007154969 2.9008207452062114e-05 2.9008207452062114e-05 0.0010630019887471831 0.0018114613655897214 0.004343503018622766 0.012338470834691896 0.05962254007154969
446 4014 0.0002073035495241367 0.06281919985709271 2.8822829919087232e-05 2.8822829919087232e-05 0.0010241793198318067 0.0017038267801764901 0.004412772927980237 0.012413378985834226 0.06281919985709271
447 4023 0.00018765458820747434 0.060260607582556476 2.835770214340928e-05 2.835770214340928e-05 0.0009879421824395013 0.0016991329161367206 0.004282158659794659 0.011793350796197009 0.060260607582556476
448 4032 0.00017296887634950378 0.05892775363916796 2.653234850306544e-05 2.653234850306544e-05 0.0009662640700112357 0.0016799740455177284 0.004295237094425696 0.012016918350087915 0.05892775363916796
449 4041 0.0001624814748752413 0.05955353523828801 2.6683365081683114e-05 2.6683365081683114e-05 0.0009476707915709706 0.0016558445314312636 0.004166234111524056 0.011650278129418521 0.05955353523828801
450 4050 0.0001477664265291328 0.058840058758064764 2.530443853796133e-05 2.530443853796133e-05 0.0009577699287718318 0.0017027365410728324 0.004129075447266874 0.011665367412546424 0.058840058758064764
451 4059 0.00014575453913682576 0.058390794959903146 2.4521246942473266e-05 2.4521246942473266e-05 0.0008645017785453077 0.0016618665237438494 0.0041697482153058895 0.01176432500917397 0.058390794959903146
452 4068 0.0001334797638101801 0.05398510165940022 2.4235614327397273e-05 2.4235614327397273e-05 0.0008594412957783923 0.0016799049919091424 0.004225228153194045 0.011731746163268561 0.05398510165940022
453 4077 0.00013841049108514385 0.05497318405497758 2.386620449762134e-05 2.386620449762134e-05 0.0008174759678817386 0.0016473536064216822 0.004261415396525521 0.010896973248615542 0.05497318405497758
454 4086 0.00015390890137300037 0.05506218302824068 2.4565143395345178e-05 2.4565143395345178e-05 0.000777300328125413 0.0016305466470923904 0.004408236436338725 0.010860027167779 0.05506218302824068
455 4095 0.0001821924912834884 0.05360771638902219 2.4482944387801264e-05 2.4482944387801264e-05 0.0007535907686092492 0.001648490974353523 0.004631236571410472 0.011492004229782265 0.05360771638902219
456 4104 0.00019362424514626078 0.060949404395482513 2.523381435481244e-05 2.523381435481244e-05 0.0006836781101740223 0.0016153825873628693 0.004811940720217429 0.011377344285676832 0.060949404395482513
457 4113 0.00021317646401205695 0.06375383510573156 2.5030193659536144e-05 2.5030193659536144e-05 0.0006760477127992915 0.0015392733772341346 0.004700573598826385 0.0111009889419881 0.06375383510573156
458 4122 0.0001963224869974568 0.07089653604585205 2.3315538855353363e-05 2.3315538855353363e-05 0.0006935800210920776 0.0015323418875058943 0.004653036290869434 0.01202548905441155 0.07089653604585205
459 4131 0.00019270427969634614 0.06702213243647781 2.2443210479328924e-05 2.2443210479328924e-05 0.0006688173344177765 0.0014994796863926044 0.004612843631360955 0.01202398224518567 0.06702213243647781
460 4140 0.000200853026746026 0.06825534093366792 2.186175211912352e-05 2.186175211912352e-05 0.0006957725883521091 0.0014559837520414006 0.004420634359767014 0.011532045949243374 0.06825534093366792
461 4149 0.00019446065022455037 0.06507214293130469 2.1747262306911045e-05 2.1747262306911045e-05 0.000675521572788356 0.0014274129145011494 0.004594359162356329 0.01167893202910964 0.06507214293130469
462 4158 0.00022454001163791065 0.06706384012677705 2.1567628680823795e-05 2.1567628680823795e-05 0.0006646123664466667 0.0013531354774428202 0.004354271481395708 0.011488835425979315 0.06706384012677705
463 4167 0.00022584966710139973 0.07237038847999935 2.0812811376614174e-05 2.0812811376614174e-05 0.0006524180865566739 0.0014957117067424587 0.004151452021560723 0.011590335647658889 0.07237038847999935
464 4176 0.0002122218787722293 0.07637437697514116 2.0798191451385174e-05 2.0798191451385174e-05 0.00058478665899931 0.001489353756387632 0.004017075379542371 0.011629761766113446 0.07637437697514116
465 4185 0.00024271978505164716 0.07273211387535536 2.090641401208792e-05 2.090641401208792e-05 0.0005590989142262686 0.0014856717827078424 0.004022051665701558 0.011454919810549117 0.07273211387535536
466 4194 0.0002908570068523833 0.0777814673088206 2.0832435412102708e-05 2.0832435412102708e-05 0.0005450615115097857 0.001401336097422021 0.004027363619325122 0.012958948886302111 0.0777814673088206
467 4203 0.0003319255716329284 0.08718167510189312 2.06081982311786e-05 2.06081982311786e-05 0.0005449014301423425 0.001342860653386284 0.003839301570598491 0.012639770927820922 0.08718167510189312
468 4212 0.0003806127374127382 0.0862710664724209 2.1828210869342948e-05 2.1828210869342948e-05 0.0005343576602000581 0.0013588935688044175 0.00404442670797243 0.012358821078297314 0.0862710664724209
469 4221 0.0004549743869007197 0.09220834705572277 2.171432249144321e-05 2.171432249144321e-05 0.0005120144556280372 0.0013242192600003478 0.0041117146869222645 0.012192452618873004 0.09220834705572277
470 4230 0.000550408234986023 0.08867247261367961 2.217470033546456e-05 2.217470033546456e-05 0.0005076569749549779 0.0013555623068304144 0.004231578031554321 0.012005421207306098 0.08867247261367961
471 4239 0.0006864598541896018 0.09920609462498368 2.240915407318603e-05 2.240915407318603e-05 0.0004991979545375831 0.0013496545493439185 0.004261016237213585 0.011761516966929566 0.09920609462498368
472 4248 0.0008210848522858196 0.09849675171835622 2.43956949384919e-05 2.43956949384919e-05 0.0004953461093356199 0.0013310972647669116 0.004304558695925151 0.011532812199297722 0.09849675171835622
473 4257 0.0008127195358169022 0.10016124505212577 2.4605804291337082e-05 2.4605804291337082e-05 0.0004854011228690078 0.001415813473789727 0.004130669079020009 0.011023470119320068 0.10016124505212577
474 4266 0.0008151010716002354 0.10001758350916187 2.34642311764638e-05 2.34642311764638e-05 0.0004758074114389574 0.0014487294487462335 0.003922551275692345 0.011090937947278565 0.10001758350916187
475 4275 0.0010759571396788067 0.1009465536496159 2.3078372844816383e-05 2.3078372844816383e-05 0.0004872703479487435 0.001449691803410635 0.004023917907610872 0.010879575112806798 0.1009465536496159
476 4284 0.0013592654482025184 0.10746520993431656 2.2813125180178994e-05 2.2813125180178994e-05 0.0004992608504375922 0.0015336802570895573 0.0038366680811399564 0.011025966237892508 0.10746520993431656
477 4293 0.0016221398987880753 0.10128855559143976 2.2716898164104896e-05 2.2716898164104896e-05 0.0005026120034898078 0.0015616648855873185 0.00378358728749972 0.011323740143671738 0.10128855559143976
478 4302 0.0016015674854015637 0.0977328343563903 2.1473542705022722e-05 2.1473542705022722e-05 0.0005257446445463437 0.001539064146351312 0.0038407548866267248 0.01090010329029568 0.0977328343563903
479 4311 0.0017386471481478072 0.09568668451877085 2.0686636122397085e-05 2.0686636122397085e-05 0.0005176795767829737 0.0015891964186171535 0.003891605015257495 0.010450317416425527 0.09568668451877085
480 4320 0.0017044551095768852 0.09987166356786882 2.023922686771476e-05 2.023922686771476e-05 0.0005220573805954278 0.0015195296006437868 0.0037900348862744417 0.01066567856167329 0.09987166356786882
481 4329 0.001602857542374451 0.10013324464699354 1.952207067706675e-05 1.952207067706675e-05 0.00047885317763196735 0.001570614013226833 0.0036974551263011645 0.01042167619463174 0.10013324464699354
482 4338 0.0015628456932057504 0.09887081571337851 1.9990151050902218e-05 1.9990151050902218e-05 0.0004736212879346441 0.0015161677458943247 0.003662074624764796 0.009510116652100846 0.09887081571337851
483 4347 0.0017081707747662142 0.09495554988051481 1.992066298114275e-05 1.992066298114275e-05 0.0004860560013373373 0.001488910568661556 0.0035387013617711573 0.00895510501870719 0.09495554988051481
484 4356 0.001999593344535632 0.09472345742830542 1.9439262641566168e-05 1.9439262641566168e-05 0.00048325353170487436 0.00151410612521008 0.003472009484420502 0.00916941928311323 0.09472345742830542
485 4365 0.002213339837661459 0.0906397987619865 1.8816067763696412e-05 1.8816067763696412e-05 0.0004746329955753954 0.0015078780488884645 0.0034246396898536522 0.010041544101925289 0.0906397987619865
486 4374 0.0023984916901572694 0.09007557619680391 1.8073654228882614e-05 1.8073654228882614e-05 0.0004662111133700403 0.001505814609249025 0.0034185266205860624 0.010760044669524165 0.09007557619680391
487 4383 0.002500015544259515 0.08748753015429782 1.7107115478472278e-05 1.7107115478472278e-05 0.000479959238260525 0.001496544634930638 0.0033896304593998053 0.011204053652727666 0.08748753015429782
488 4392 0.003020023727408242 0.07909137624359829 1.687669010246894e-05 1.687669010246894e-05 0.0004821065860185027 0.0015411453984883652 0.0034424665396930857 0.01139632025262538 0.07909137624359829
489 4401 0.0033701348757577926 0.07675004200794776 1.6592691318224485e-05 1.6592691318224485e-05 0.0004612035677016037 0.0016688321959451094 0.003358967544863107 0.012490052073853473 0.07675004200794776
490 4410 0.00354101245282001 0.0788054918666048 1.6261066456631385e-05 1.6261066456631385e-05 0.0004094982938502225 0.0016651113122557078 0.003497386311701186 0.013173856258453112 0.0788054918666048
491 4419 0.003290675161478584 0.07849401182948915 1.6364205264117513e-05 1.6364205264117513e-05 0.00041777023012301427 0.0015904151195746466 0.0034143974078839514 0.013053797735010995 0.07849401182948915
492 4428 0.003162260239236495 0.07766283658208606 1.4885645606270485e-05 1.4885645606270485e-05 0.00040737940717138003 0.0015929239778464876 0.0034645896860007724 0.012832558174030608 0.07766283658208606
493 4437 0.0032522185518031837 0.07688863833695471 1.4659339924159165e-05 1.4659339924159165e-05 0.0003997908397274498 0.0015799873398927304 0.003427856108225585 0.012297934726238607 0.07688863833695471
494 4446 0.00318414049712234 0.07466201023814054 1.5404620720393837e-05 1.5404620720393837e-05 0.00037963992980244085 0.001593730256603454 0.003419951985061993 0.011728871449638781 0.07466201023814054
495 4455 0.003137797585560117 0.0747306945712543 1.4912632145739665e-05 1.4912632145739665e-05 0.00038812826095128517 0.0015543064771253912 0.0033948510049982214 0.010948616529574963 0.0747306945712543
496 4464 0.0029378103362908657 0.07282483988347571 1.452944054215246e-05 1.452944054215246e-05 0.0003843271690961809 0.0016448649554004114 0.0033320177621641665 0.010676580323551364 0.07282483988347571
497 4473 0.003090448314915799 0.06925815981928679 1.4237848844858975e-05 1.4237848844858975e-05 0.00039661198603204643 0.0015672227533884817 0.003297332911543627 0.010516667448823184 0.06925815981928679
498 4482 0.003014274893933569 0.06895511864662515 1.383445832784734e-05 1.383445832784734e-05 0.0004047846880665807 0.0015522957200207012 0.003156906711112068 0.01068127161740617 0.06895511864662515
499 4491 0.0030950922838620426 0.06774990773632679 1.4111046833926358e-05 1.4111046833926358e-05 0.0004457599640228609 0.0015090190716692928 0.003264500503416809 0.00963852881147016 0.06774990773632679
500 4500 0.003039521937451741 0.06423675561147488 1.3990092039220024e-05 1.3990092039220024e-05 0.0004148720563180568 0.001503252711118975 0.0033706025741670506 0.010054088180903233 0.06423675561147488
501 4509 0.003138870516657945 0.061094980891169985 1.2847059814917502e-05 1.2847059814917502e-05 0.00040373509634278223 0.001575936515767957 0.003448456294440649 0.009666819685434869 0.061094980891169985
502 4518 0.0029141281767049573 0.060804508716776305 1.325802882605298e-05 1.325802882605298e-05 0.0003952743093613773 0.0015453576264105248 0.003421056998994625 0.009851719966691154 0.060804508716776305
503 4527 0.00311893935030633 0.06146189058367108 1.2762629606265013e-05 1.2762629606265013e-05 0.00039448537154053394 0.0015233729448923948 0.003253162396824999 0.009433285392576141 0.06146189058367108
504 4536 0.003430897489316272 0.0649193104902732 1.1521848570989799e-05 1.1521848570989799e-05 0.0003856968089735896 0.0016291806336863732 0.0032778547684397088 0.009223138150203331 0.0649193104902732
505 4545 0.0032999150764722964 0.06296101323140622 1.082307464709083e-05 1.082307464709083e-05 0.00041413957949536586 0.0017421194358947026 0.002991629937191012 0.009076773999482255 0.06296101323140622
506 4554 0.003204753141126947 0.059495469193153676 1.092430246040771e-05 1.092430246040771e-05 0.0003956149579459373 0.0016939047443667408 0.0029864345799238386 0.00878066417183842 0.059495469193153676
507 4563 0.003195197283905459 0.05879970488799397 1.0517480186873025e-05 1.0517480186873025e-05 0.0004057792375284742 0.0015063950085796845 0.0030258245966195796 0.008950894740793039 0.05879970488799397
508 4572 0.002915022118186594 0.05556184182377207 1.112015885051973e-05 1.112015885051973e-05 0.00040176660944894017 0.0014840485390885468 0.003031166856235891 0.009039081266328412 0.05556184182377207
509 4581 0.002747550295399288 0.053258796184539485 1.061810416600625e-05 1.061810416600625e-05 0.00039902246478041523 0.0015042689125756856 0.0029488312468412747 0.008951615740731528 0.053258796184539485
510 4590 0.002501244561681004 0.050047263153640734 1.1203893340605308e-05 1.1203893340605308e-05 0.0004072563153926476 0.001509135137622682 0.0027801358055454086 0.008360585835873699 0.050047263153640734
511 4599 0.002531637126551158 0.04875246876575547 1.0379815672217625e-05 1.0379815672217625e-05 0.00040705090029453397 0.001473247376379347 0.0027782548814170504 0.008162883997720683 0.04875246876575547
512 4608 0.0022800548926114016 0.0465120539743376 1.0508748297658766e-05 1.0508748297658766e-05 0.000405526753524227 0.0015702313592667139 0.0028078574948230003 0.007390680688916948 0.0465120539743376
513 4617 0.0020360429204663785 0.044891610527497613 1.018210953363899e-05 1.018210953363899e-05 0.00042369524410521567 0.001531083230064406 0.002804408158690204 0.006732948959462114 0.044891610527497613
514 4626 0.0017159356122807834 0.04444222951821945 9.54933886757092e-06 9.54933886757092e-06 0.0004326982907820617 0.0015210607260860423 0.00274719479027449 0.006469752632238484 0.04444222951821945
515 4635 0.0015654568965825764 0.042230558296462085 9.491168814337375e-06 9.491168814337375e-06 0.0004252821072697909 0.001403619568196149 0.0028023006049394754 0.0065502353436000275 0.042230558296462085
