% # columns="iteration, evaluation, sigma, axis ratio, bestever, best, median, worst objective function value, further objective values of best", seed=573440, Fri Dec  1 12:23:55 2023, <python>{}</python>
1 9 2.0035688436080252 1.0000416675347343 6.110668995174831 6.1106689951748310e+00 494.7797095681851 58668.73517205152   
2 18 1.9352509140167982 1.3135015339658735 0.037855972243337276 3.7855972243337276e-02 0.5196701306580782 396.3994734408675   
3 27 2.0225997781837526 1.3506506714704472 0.03279208047928394 3.2792080479283940e-02 0.35283772275036407 172.27716173881015   
4 36 2.1823588037534494 1.5478431266455337 0.03279208047928394 5.2972943697555189e-02 0.28620571209978074 1.106744568246285   
5 45 2.2458056367228614 1.7704110407502716 0.03279208047928394 9.7712813935184911e-02 0.39463831919774817 1.5650613181263537   
6 54 2.2425434434788847 1.980537572917177 0.03279208047928394 6.8807499181731208e-02 0.22686616592410172 0.2564118140152848   
7 63 2.192100875178634 1.9580119479976368 0.03279208047928394 3.8634009556998236e-02 1.1656797743835257 40795.00353700435   
8 72 2.45434031700471 2.042924918277349 0.03279208047928394 6.8832716656109960e-02 0.1514286707062451 3.993209952695339   
9 81 2.348434631149276 2.357854077803693 0.03279208047928394 5.0681012065070530e-02 0.28556450689238777 2.096088727005052   
10 90 2.263927750830936 2.4033794765645466 0.03279208047928394 7.0614284188021043e-02 0.223043628818592 32.667067307420574   
11 99 2.25377875352263 2.5284927116670803 0.03279208047928394 7.9380939582007315e-02 0.2697807303215308 16.922484647349297   
12 108 2.1536546574547994 2.6613250295895794 0.03279208047928394 7.2161287392705914e-02 0.17871729771932265 15.708461970114646   
13 117 2.110327123256208 2.9196649527297267 0.03279208047928394 7.1867286294799923e-02 0.16760010425974406 0.9865295023215764   
14 126 2.114203726935749 3.173736613642637 0.03279208047928394 7.0350304605390018e-02 0.2023242333463461 8.803657764867111   
15 135 2.1498069734306293 3.9053507638147686 0.03279208047928394 5.7143942852739896e-02 0.09535141466853504 0.47195184195833373   
16 144 1.768741792500653 4.212762841123951 0.03279208047928394 6.4561204431555552e-02 0.10675166684398338 3.0857425954858875   
17 153 1.8718084286443437 4.7226981856301276 0.03279208047928394 6.2682291917563970e-02 0.06948213812266098 0.28437004220861317   
18 162 2.1753595884880466 4.987879996492204 0.03279208047928394 4.0573694624745832e-02 0.10370414945742004 0.6787437704397757   
19 171 2.380906362530848 5.8786431535152355 0.03279208047928394 3.7741447198506958e-02 0.16655801653428293 9.605213265040332   
20 180 2.5223499416745696 6.32654101477864 0.03279208047928394 5.1625028354512437e-02 0.13881015509373157 1.2343299028467194   
21 189 2.4402312019083507 7.016273944104626 0.03279208047928394 5.1295577075075760e-02 0.1529518043690346 0.43247702800440935   
22 198 2.226040401595593 6.871503064223546 0.03279208047928394 6.2077642268972201e-02 0.22158905191919545 1.4255252652680874   
23 207 2.087989439168363 6.689591152271929 0.03279208047928394 6.6808968714220748e-02 0.12879950857915512 0.2381134958757445   
24 216 1.7548166826355776 7.4839618440225895 0.03279208047928394 6.9558175643419401e-02 0.1378112490663423 0.20611967687740934   
25 225 1.563743148578342 7.950843578778795 0.03279208047928394 5.8518852787665748e-02 0.10666187146420071 0.4194024696855301   
26 234 1.4565668077014442 8.60698175497981 0.03279208047928394 5.7886661154801899e-02 0.08878833599102987 0.15982073723312612   
27 243 1.5151711376635248 9.660323728714037 0.018658434698931914 1.8658434698931914e-02 0.06409477281475941 0.07938648895335376   
28 252 1.3500907334053571 10.52800322148877 0.018658434698931914 5.8402197316476272e-02 0.1997117973313403 47.06903272764091   
29 261 1.2688919165772912 10.35372495937268 0.018658434698931914 4.0845789845018361e-02 0.05750753749288175 0.07525102316796287   
30 270 1.1629919943424558 10.83584887299288 0.018658434698931914 4.7254880172472133e-02 0.06452353461192248 0.5080447997228253   
31 279 1.009107194392629 10.343261543787575 0.018658434698931914 3.5160563571461974e-02 0.04125716491024511 0.27644883375665347   
32 288 0.9216622084228562 10.845453601722735 0.018658434698931914 2.3500907179634684e-02 0.05285110229653933 0.845411579970565   
33 297 0.8624421072675181 11.985619708375786 0.008057460132141417 8.0574601321414165e-03 0.04106116745745233 1.9217880907568161   
34 306 0.9716160599009329 11.71624689877341 0.008057460132141417 2.2492810296889047e-02 0.03224127315543298 0.11775276198923378   
35 315 0.8765432586648015 13.708469646384833 0.008057460132141417 3.4597946353130182e-02 0.04683743298528663 0.21975958688296185   
36 324 0.8186447197805239 14.326774987866925 0.008057460132141417 1.8123705041862222e-02 0.0300220442516786 0.06242647237145724   
37 333 0.7465085171455003 13.558597900420246 0.008057460132141417 1.4168050458252561e-02 0.028479605716556628 0.04657695360328565   
38 342 0.7597637114563446 14.995626274760353 0.008057460132141417 1.4774443533681679e-02 0.027888570446097192 0.08584168113965686   
39 351 0.7044247902603765 15.580233756026953 0.006206201665193621 6.2062016651936213e-03 0.028322207496159955 0.05023447765348745   
40 360 0.6844084768622292 14.564854315839948 0.006206201665193621 6.7871340834214063e-03 0.02123082606833425 0.08884026675027092   
41 369 0.6227347952447122 13.522689421863237 0.006206201665193621 6.5440187930152945e-03 0.03155948685773967 0.04806458081417971   
42 378 0.5787980642668524 14.459124990271391 0.006206201665193621 6.2605013364939888e-03 0.011373815881567093 0.018847414317542305   
43 387 0.6338199015489335 13.959075087360723 0.006206201665193621 1.1788540340779237e-02 0.021038284446812737 0.033119064688116436   
44 396 0.5992761631099002 13.425236525263223 0.005603293430614946 5.6032934306149461e-03 0.013188076454182775 0.057769001702584324   
45 405 0.5119141075762542 14.002289305845592 0.005603293430614946 5.7965187364800155e-03 0.012485552848117216 0.04230472529858929   
46 414 0.5190357376362889 14.144364568774106 0.005603293430614946 7.0717475910435784e-03 0.009316422633950881 0.02140915625538402   
47 423 0.46837252458575457 15.516522899693534 0.005603293430614946 8.7232026784341051e-03 0.017467931122876226 0.04129642926154532   
48 432 0.48577127134671727 15.605891446943017 0.005603293430614946 7.6357046659553196e-03 0.010280314637085446 0.01789267580028111   
49 441 0.4162300613796226 17.027542483195226 0.005603293430614946 5.8855540825569234e-03 0.01128388604978576 0.025621482678493658   
50 450 0.3749453988646816 18.64720652393092 0.005325288806728308 5.3252888067283084e-03 0.009672164317688142 0.014181883396738357   
51 459 0.33912977419524243 18.613046337410633 0.005201800985044987 5.2018009850449869e-03 0.006221769432901338 0.01038751189783535   
52 468 0.3067592784782828 19.319726938328046 0.005201800985044987 5.3396128421013102e-03 0.006158684407369665 0.010032470952754781   
53 477 0.2740419590149538 19.201422393968116 0.0048325334973698415 4.8325334973698415e-03 0.005853855376333704 0.009183494207465765   
54 486 0.25794195519252183 18.8978567472242 0.0048325334973698415 4.8811527584825031e-03 0.00611993627422949 0.00761227098933119   
55 495 0.23824390506114174 19.449303986791065 0.004791569534553678 4.7915695345536781e-03 0.005573768420028527 0.00795415708307989   
56 504 0.2104967225488414 19.181228473255242 0.004791569534553678 4.8369148018857812e-03 0.005080728570301213 0.005862576893743897   
57 513 0.1953846587097482 20.632770703473106 0.004791569534553678 4.9601629905904202e-03 0.0053010415187821494 0.00609744907550407   
58 522 0.1874757278139916 21.258060754353743 0.004791569534553678 4.8095086264381701e-03 0.005087998736893421 0.005573577879422301   
59 531 0.16351667001606035 21.332304100416025 0.004791569534553678 4.7928386280320879e-03 0.004943671950538524 0.005385658115198075   
60 540 0.13751970522075715 22.10179568437939 0.004789947178740384 4.7899471787403837e-03 0.00492724376535762 0.00517883558391203   
61 549 0.13245448025541565 21.362851720465457 0.004786279993034771 4.7862799930347708e-03 0.004885681774413746 0.004996511010005627   
62 558 0.12840981986465044 23.03549396845832 0.004786279993034771 4.7999348809560707e-03 0.004937344370936011 0.005150798417349753   
63 567 0.10646811825183729 25.840728330704852 0.004786279993034771 4.8054290808211934e-03 0.004889391071343223 0.005114703223429978   
64 576 0.09683929514433745 26.823767498535776 0.004784169698155195 4.7841696981551947e-03 0.004881802290264291 0.005153351145140364   
65 585 0.089594363608038 28.47786838590746 0.004777443169980052 4.7774431699800519e-03 0.004810674569780647 0.004847378055289836   
66 594 0.0839356236858188 26.924866628661928 0.004777443169980052 4.7804805410956164e-03 0.004844787228495417 0.004924527998308434   
67 603 0.0790701816299294 32.1805430989225 0.004771413589974273 4.7714135899742730e-03 0.004790325634150038 0.004861873519701248   
68 612 0.07059116343518637 34.71467449240759 0.004771413589974273 4.7770584776464942e-03 0.0047831750430594325 0.004810748094869354   
69 621 0.06665542703422504 34.99404472068784 0.004769924346987019 4.7699243469870190e-03 0.004785231968686753 0.004808762083507459   
70 630 0.05917521195568802 36.32025814328566 0.004767635852600837 4.7676358526008373e-03 0.004781681169194993 0.004833289303654763   
71 639 0.05239705481535725 39.5652525301453 0.004766235264697449 4.7662352646974486e-03 0.004777827009701253 0.004790963130697283   
72 648 0.048396867525986896 39.411502391279264 0.004766235264697449 4.7696154250324021e-03 0.004775853254069118 0.004796202209096023   
73 657 0.0470209140475131 40.693523395495184 0.004766235264697449 4.7698811914943630e-03 0.004775395960594526 0.004777626067652392   
74 666 0.05445820431216286 42.6570271566361 0.004766235264697449 4.7665921163643635e-03 0.004778293878485681 0.004781885552315435   
75 675 0.05249089548340543 45.31078766171272 0.004766235264697449 4.7668988129347381e-03 0.0047753195919381436 0.004789734406061607   
76 684 0.045707865188619495 47.238764212000866 0.004765526348875828 4.7655263488758284e-03 0.004774877143994031 0.004783645064029577   
77 693 0.04379955416413689 47.7857604169342 0.004765526348875828 4.7678852103949804e-03 0.0047719182314277285 0.004783017154962528   
78 702 0.03905380736795395 48.051352279431065 0.004765526348875828 4.7721859970704505e-03 0.004778002112006149 0.004783112343021546   
79 711 0.036462979719883534 50.79537823340011 0.004765526348875828 4.7670227156520802e-03 0.0047713249925906195 0.00479016550017061   
80 720 0.032906164075570565 54.11111804883495 0.004765391768962832 4.7653917689628317e-03 0.004772988424316786 0.004775366842736533   
81 729 0.029666729689650093 54.65814402881401 0.004765391768962832 4.7658582078723543e-03 0.004771766877721516 0.004774291339131534   
82 738 0.02751525152115764 55.294623666956255 0.004765391768962832 4.7667561382235008e-03 0.004769940407633623 0.004776423259012308   
83 747 0.025212135523161948 53.562799268039534 0.004765391768962832 4.7675478643787270e-03 0.004773147138957257 0.004779268163243389   
84 756 0.024988343647223896 56.12354140027576 0.004765391768962832 4.7661159268957143e-03 0.004769379518236467 0.004771895295745076   
85 765 0.023702598539778488 56.96062736713582 0.004765391768962832 4.7672809210668882e-03 0.004770290310274587 0.004775507467711155   
86 774 0.023221376608677572 59.846913937993165 0.004765146321487307 4.7651463214873069e-03 0.00477144221075712 0.004776486112301564   
87 783 0.022845264988939178 60.21450921448498 0.004765146321487307 4.7658104212946160e-03 0.00476922184013407 0.004771935532128548   
88 792 0.0234677528071787 60.847965115701136 0.004765146321487307 4.7654790447824273e-03 0.004771158520434929 0.004777485629377917   
89 801 0.025773013332307863 59.42576817023573 0.004764795504443379 4.7647955044433790e-03 0.004769485777224428 0.004776983271252939   
90 810 0.025192559639914798 60.03483042116766 0.004764795504443379 4.7650433325522549e-03 0.004769864547767556 0.004773317927714385   
91 819 0.025900695018103975 60.93382035143548 0.004764795504443379 4.7653646613519318e-03 0.004771022583543475 0.004774024726538449   
92 828 0.025902513056273377 61.13447236271798 0.0047646807105331404 4.7646807105331404e-03 0.004767198126038381 0.004772403975728022   
93 837 0.0265841893381318 56.9103859484596 0.0047646807105331404 4.7650036031530712e-03 0.0047713690101028345 0.004772496288887989   
94 846 0.023180259820867723 54.940340748644665 0.0047646807105331404 4.7669266380516440e-03 0.004770792687814784 0.004774980508345119   
95 855 0.022006305245099243 56.879174153772176 0.004764249533094645 4.7642495330946447e-03 0.004770960742154193 0.004773629960470892   
96 864 0.022093537920349612 60.5132349832124 0.004764249533094645 4.7645683829360139e-03 0.004766954361093281 0.004772503828754246   
97 873 0.020309927258683594 62.4423263821175 0.004764249533094645 4.7652933176610271e-03 0.004771302996230178 0.004774618969866249   
98 882 0.02156168589178212 66.80904755590528 0.004764249533094645 4.7665161145159368e-03 0.004770635703306391 0.0047713996281903825   
99 891 0.021414332245364497 76.36516545929874 0.004764249533094645 4.7648289802624377e-03 0.004770125662744861 0.004773840807943416   
100 900 0.018509828626833855 73.9471143348829 0.004764249533094645 4.7646513290258551e-03 0.004768980845928042 0.004771958610815152   
101 909 0.020085583817857168 69.9346677095274 0.004764249533094645 4.7643169617111250e-03 0.004768354632734294 0.004774834111931043   
102 918 0.019847660046858156 75.95326148252627 0.004764249533094645 4.7647227325858235e-03 0.0047657154679903654 0.004769914093539784   
103 927 0.021305940103474235 73.01422734644996 0.0047629787657976295 4.7629787657976295e-03 0.004767151536908458 0.004772798142616172   
104 936 0.023566929331700362 71.29268672827125 0.0047629787657976295 4.7676583936006132e-03 0.004771174907802428 0.004773921684358509   
105 945 0.02156769089702564 74.20093867999587 0.004762414291206406 4.7624142912064057e-03 0.004769205348296087 0.004774280236402693   
106 954 0.020241893576170737 71.51802960534137 0.004762414291206406 4.7653726580642077e-03 0.004770634547558874 0.004776307990216387   
107 963 0.019660927402550193 65.65755880293736 0.004762414291206406 4.7657076361394893e-03 0.004770547333166192 0.004772899374783905   
108 972 0.01953027358478476 59.88953557887806 0.004762414291206406 4.7653779816567883e-03 0.004767037194758333 0.004770585382966876   
109 981 0.02226315695641923 59.679114413761745 0.004762414291206406 4.7656806653961796e-03 0.004771006936503786 0.004779787183988193   
110 990 0.02289033832475903 62.99376149361187 0.004762414291206406 4.7658632406131374e-03 0.004769664297590935 0.004777552920728482   
111 999 0.019909768368050956 60.98774089142709 0.004762414291206406 4.7662057381666154e-03 0.00476989213138798 0.004779135131691881   
112 1008 0.01924594545418523 63.303667137639856 0.004762414291206406 4.7656581788912203e-03 0.004768845835474849 0.0047757523080786245   
113 1017 0.01781809522374514 64.59593339984465 0.004762414291206406 4.7660631845517065e-03 0.004771489396333143 0.004773501729485942   
114 1026 0.01643311526738227 63.42418412199358 0.004762414291206406 4.7647524068962378e-03 0.004766484271601342 0.004775305668484478   
115 1035 0.017226366550626322 67.90417838588868 0.004762414291206406 4.7644827324333384e-03 0.004765830696242041 0.004776055147191493   
116 1044 0.01928696413208153 63.988518338689545 0.004762414291206406 4.7640832800294785e-03 0.004766090582555364 0.004772506236430208   
117 1053 0.02120886883495655 65.03402108326159 0.004762414291206406 4.7641799274197316e-03 0.004765301738381366 0.0047759957996735885   
118 1062 0.01992407039403821 66.28474034417098 0.004762414291206406 4.7632645975723351e-03 0.004765003784205563 0.0047714752576296935   
119 1071 0.023095350824836398 66.78872748943999 0.004762414291206406 4.7642434442818045e-03 0.004765153012238263 0.004768164088832595   
120 1080 0.02733615782865887 55.66506946506154 0.004762414291206406 4.7639066229973092e-03 0.004764712551745932 0.004771604599148457   
121 1089 0.029755375475036178 52.49799683625191 0.004762414291206406 4.7645118645188427e-03 0.004768452512541044 0.0047741131180186365   
122 1098 0.030206447588562262 49.13498082197708 0.004762414291206406 4.7651840746980772e-03 0.004769071563094819 0.004771363752065963   
123 1107 0.0330572961167512 49.06220255259348 0.004762414291206406 4.7633526710741270e-03 0.004766131735790521 0.0047712739784315965   
124 1116 0.03254250880484934 46.426066042646646 0.004762414291206406 4.7627797167525913e-03 0.004766624339092979 0.004770812929663129   
125 1125 0.030826856143846157 47.80918332526489 0.004762414291206406 4.7643027577119954e-03 0.004767865620477043 0.004775528319004347   
126 1134 0.03401942274765641 45.7135532581595 0.004762414291206406 4.7652779866740654e-03 0.00476972205297433 0.004773245024609468   
127 1143 0.03257753096183713 48.78709201452282 0.004762414291206406 4.7648940007454675e-03 0.004767927741849729 0.004772233162030213   
128 1152 0.029648214250242447 49.21513813565167 0.004762414291206406 4.7646691173576393e-03 0.004768910680473138 0.004772855056677017   
129 1161 0.031689498632607914 54.022858019412546 0.004762414291206406 4.7642381998504405e-03 0.004765696074972368 0.004768571819133359   
130 1170 0.0321276817250395 54.05442150200439 0.004762414291206406 4.7640848118820651e-03 0.004765131200249619 0.004773427322035246   
131 1179 0.03465054555829263 54.869326770125355 0.004762414291206406 4.7639136551479487e-03 0.004764708003621181 0.004769785528345479   
132 1188 0.03919246187697826 53.71491736166135 0.004761837087694032 4.7618370876940323e-03 0.004765323774698611 0.004769012618008757   
133 1197 0.036400142094083675 62.800010430721166 0.004761837087694032 4.7628926472841251e-03 0.0047686596253694 0.0047743597206430415   
134 1206 0.03929613339923614 60.26673960456604 0.004761837087694032 4.7622182755828937e-03 0.00476447305197789 0.004765761381859641   
135 1215 0.041506614021414555 65.74578639682996 0.004761622230079043 4.7616222300790427e-03 0.004763298960538272 0.004769772279223374   
136 1224 0.04095341433746304 65.69707593592334 0.004759833978534487 4.7598339785344867e-03 0.004762945200148207 0.004771030201113613   
137 1233 0.038260568275532 62.056846254168946 0.004759833978534487 4.7605575808476706e-03 0.004760828666967023 0.004769435097585999   
138 1242 0.03840946738071247 66.88299504916462 0.004759603053525751 4.7596030535257509e-03 0.00476143266208463 0.0047699103246221395   
139 1251 0.03854464082757881 70.94527635425617 0.004759603053525751 4.7612120650954871e-03 0.004762835143956193 0.0047711974723012845   
140 1260 0.0340723560101323 72.87670074390532 0.004759188523978207 4.7591885239782073e-03 0.004761862700504264 0.004767191689821019   
141 1269 0.03299496032931607 70.74123628248333 0.0047590904522557065 4.7590904522557065e-03 0.004761649676057032 0.004769485038354054   
142 1278 0.03436686432394132 74.79585398916701 0.0047590904522557065 4.7601136864611204e-03 0.004761184849432801 0.004763631440951071   
143 1287 0.030952887113572445 73.74985709384173 0.0047590904522557065 4.7594384480235188e-03 0.00476146424314859 0.004772381394517971   
144 1296 0.029000817060806604 77.70446657997672 0.0047590904522557065 4.7598961804840908e-03 0.0047611144179917474 0.004764854510323775   
145 1305 0.024447477527014573 77.20470671488566 0.0047590904522557065 4.7596884786125539e-03 0.004760845463779578 0.004762671017254645   
146 1314 0.023046242057638163 76.84186545201835 0.0047590904522557065 4.7595156386883832e-03 0.004760504396789735 0.004769599379618256   
147 1323 0.021530703110364192 75.36575535230585 0.0047590904522557065 4.7592207398372945e-03 0.00476031293641545 0.004760791772343959   
148 1332 0.020437435652316465 80.93294975217479 0.004758944743509743 4.7589447435097427e-03 0.004759719364733461 0.004766654928459782   
149 1341 0.0190594033378878 82.09782784414797 0.004758944743509743 4.7590902227911637e-03 0.004759847486578743 0.0047603199796121855   
150 1350 0.017969540806477467 84.94854273012449 0.004758944743509743 4.7590220502645815e-03 0.0047597957144322744 0.004760334498215446   
151 1359 0.01892678100388917 85.5574282190801 0.004758823582846151 4.7588235828461512e-03 0.004759310207870025 0.0047598587752710015   
152 1368 0.01969879898245692 83.20803828423668 0.004758823582846151 4.7589551554563158e-03 0.004759553015339189 0.004760069424390738   
153 1377 0.020682651131253636 82.02523041631639 0.004758823582846151 4.7588729806696903e-03 0.004759186750828261 0.004759923713825936   
154 1386 0.02267759956561131 78.57183886217804 0.004758749160748208 4.7587491607482078e-03 0.00475913687737175 0.004760093968982472   
155 1395 0.024256158469291557 85.13440443446594 0.004758749160748208 4.7588014325182695e-03 0.00475918599600573 0.004759724867377587   
156 1404 0.021665209325159304 82.92733966295741 0.004758749160748208 4.7588770281478728e-03 0.004759345068699159 0.004761003546091474   
157 1413 0.020206474844644776 81.85957455795642 0.004758726293875223 4.7587262938752232e-03 0.004759116689397881 0.00475941890769006   
158 1422 0.017894533865643308 86.61314712144704 0.004758726293875223 4.7587664587261597e-03 0.004759146848232714 0.0047597337450551525   
159 1431 0.01645588700825569 89.45655975392056 0.004758666819678202 4.7586668196782020e-03 0.0047590921808806155 0.004759591349706958   
160 1440 0.015354361850859134 92.37676670979167 0.004758639167644971 4.7586391676449711e-03 0.004758881324929672 0.004759403630838744   
161 1449 0.013147278136177753 82.24860617397675 0.004758639167644971 4.7586968265336954e-03 0.0047587944423454626 0.004759180070204446   
162 1458 0.012879212197117452 89.32197765047245 0.004758639167644971 4.7586606154091157e-03 0.00475886861907035 0.004759201264268729   
163 1467 0.011435089383838384 90.51148465824073 0.00475861002358118 4.7586100235811803e-03 0.004758826376375561 0.004759115324454063   
164 1476 0.011299418318443858 94.63220195265754 0.00475861002358118 4.7586361223241622e-03 0.004758722759273493 0.0047593222449360305   
165 1485 0.010871506983344702 85.20728157107743 0.004758605606168368 4.7586056061683681e-03 0.004758759455139834 0.0047589930063503295   
166 1494 0.009797692083450403 84.94461935723767 0.004758605606168368 4.7586826481036421e-03 0.004758925039880205 0.004759009522690687   
167 1503 0.008603908293072223 81.213582143968 0.004758605606168368 4.7586379604393604e-03 0.004758796184582892 0.004758887430082609   
168 1512 0.00800054242976623 79.81326453032787 0.004758605606168368 4.7586337724608557e-03 0.00475872864715086 0.004758842711310147   
169 1521 0.007772175912545983 83.58888487912996 0.0047585975779186685 4.7585975779186685e-03 0.004758662029314455 0.00475873856032106   
170 1530 0.007511646223801463 78.40689643195067 0.0047585975779186685 4.7586248082819565e-03 0.004758674574724536 0.004758868041218399   
171 1539 0.0073431415159167235 83.64426413454079 0.0047585975779186685 4.7586139614071224e-03 0.004758704521567081 0.004758743293536802   
172 1548 0.006359181419395032 84.90390784019192 0.0047585975779186685 4.7586186148062311e-03 0.004758659505083958 0.004758715411546257   
173 1557 0.005928923632465987 84.65623849137339 0.004758596089151456 4.7585960891514557e-03 0.00475863499727802 0.004758679190854672   
174 1566 0.005181816624012315 81.62649589975645 0.0047585848760415776 4.7585848760415776e-03 0.004758623821141037 0.0047587121873838645   
175 1575 0.004462586541124734 76.515082985553 0.004758577782418517 4.7585777824185171e-03 0.004758617964000648 0.004758655836605986   
176 1584 0.0038496559940480683 78.89736022332622 0.00475857084997884 4.7585708499788401e-03 0.004758594686402595 0.004758649332033936   
177 1593 0.0034828434050987716 77.6555519477268 0.00475857084997884 4.7585729166818823e-03 0.004758587302319617 0.0047585985260554416   
178 1602 0.0033441372155251 73.79436985606525 0.00475857084997884 4.7585759430207562e-03 0.004758582667751789 0.004758620325297838   
179 1611 0.0030747090306953253 73.21803653022697 0.0047585683095408456 4.7585683095408456e-03 0.004758574171956242 0.004758614657581754   
180 1620 0.002889488830185924 74.51759236032001 0.0047585683095408456 4.7585716975619263e-03 0.00475858512590736 0.004758597867987498   
181 1629 0.0031113547800212062 71.76521184287019 0.004758562259432833 4.7585622594328329e-03 0.004758570664459626 0.004758596251428875   
182 1638 0.00292895135728987 68.73792318920124 0.004758562259432833 4.7585673371521309e-03 0.004758583286464717 0.004758603913792813   
183 1647 0.0025744348405451743 73.73566601695853 0.004758562259432833 4.7585717717396493e-03 0.004758578831876612 0.004758599141332103   
184 1656 0.002441937165375186 76.04622939237451 0.004758562259432833 4.7585623581954794e-03 0.004758570740396014 0.004758578529660662   
185 1665 0.0021365474071495796 66.32630568495473 0.004758560276064064 4.7585602760640642e-03 0.004758574206294584 0.004758594664194065   
186 1674 0.001945910626483079 67.30984992706364 0.004758560276064064 4.7585611035289577e-03 0.004758566107599665 0.004758583957213141   
187 1683 0.0018543452548946781 71.51457653656216 0.004758558270240897 4.7585582702408969e-03 0.0047585637534581764 0.004758577951436059   
188 1692 0.0018122137457562528 72.7071774401998 0.004758558270240897 4.7585603181742970e-03 0.004758563984000917 0.004758580576501994   
189 1701 0.0016352244544354118 78.11883819332836 0.004758558270240897 4.7585593096154451e-03 0.0047585700744569815 0.004758574327304652   
190 1710 0.0013556187724665773 82.36908015940672 0.004758558270240897 4.7585593553294697e-03 0.004758563461776604 0.004758570374605262   
191 1719 0.0012386677321366052 86.3144947155332 0.004758555781639057 4.7585557816390567e-03 0.004758562008072384 0.004758568189637694   
192 1728 0.0011187274506548471 94.48122912325326 0.004758555781639057 4.7585572319861491e-03 0.004758560312865848 0.00475856637754518   
193 1737 0.0010414873774321697 99.8108053068029 0.004758555567865807 4.7585555678658067e-03 0.004758561816643513 0.004758567165443058   
194 1746 0.0009925355328603781 104.59024920448789 0.004758555567865807 4.7585567998175895e-03 0.004758559356822165 0.004758563998460821   
195 1755 0.0009366729626371303 101.35832479774075 0.004758555567865807 4.7585556772785937e-03 0.004758557921295672 0.004758562997099006   
196 1764 0.0008570474917840649 107.47969261242882 0.004758555567865807 4.7585558726425089e-03 0.004758558570050802 0.004758560041655856   
197 1773 0.0007614198279119583 121.02477405218748 0.004758555476915841 4.7585554769158413e-03 0.004758557690416306 0.004758558897147042   
198 1782 0.0007111722563811006 114.10799255425401 0.004758555476915841 4.7585555610240131e-03 0.004758556947602244 0.004758559970513528   
199 1791 0.0006655278804864123 129.53618616505204 0.00475855486497925 4.7585548649792496e-03 0.00475855548793197 0.004758558056104858   
200 1800 0.0005924435199537683 138.97219106724316 0.00475855486497925 4.7585550507420055e-03 0.004758556436004886 0.004758557413309158   
201 1809 0.000504015984790895 150.19276228860386 0.00475855486497925 4.7585550651038297e-03 0.004758555990882326 0.004758557816297766   
202 1818 0.00044211622255023735 154.89999897071968 0.00475855486497925 4.7585549814541375e-03 0.00475855558390179 0.0047585581020191   
203 1827 0.0004054562873572244 163.4928336282685 0.00475855486497925 4.7585551739102901e-03 0.00475855550387682 0.0047585561070825275   
204 1836 0.0003675118883651724 174.205838161272 0.004758554615404687 4.7585546154046872e-03 0.00475855510949116 0.004758556059042417   
205 1845 0.0003260362563277182 175.35343410767157 0.004758554615404687 4.7585547988955234e-03 0.004758555119109109 0.004758556470979929   
206 1854 0.00028986867747290583 185.97440011512484 0.004758554615404687 4.7585548292411028e-03 0.004758555249795421 0.004758555796408257   
207 1863 0.0002516258531399058 184.40370323058684 0.00475855454145489 4.7585545414548904e-03 0.00475855516454234 0.0047585557802054075   
208 1872 0.00023650644733291278 196.8092918456812 0.00475855454145489 4.7585546283826288e-03 0.004758555040761059 0.0047585554453829955   
209 1881 0.00021923656841584777 208.4410061166743 0.00475855454145489 4.7585546952931277e-03 0.004758555025900795 0.004758555657811019   
210 1890 0.00021585363767104092 230.10670324541 0.00475855454145489 4.7585547239329326e-03 0.004758554859003172 0.004758555171922434   
211 1899 0.00020019574122215775 245.56144355338387 0.00475855454145489 4.7585545829516374e-03 0.004758554932451401 0.004758555451191747   
212 1908 0.0001812471889828974 267.6315225024396 0.00475855454145489 4.7585546033884997e-03 0.004758554761126535 0.004758555148815243   
213 1917 0.00018512301967922899 273.9024930196363 0.00475855454145489 4.7585546076288794e-03 0.004758554695264669 0.004758554965752199   
214 1926 0.00017883799836581837 290.0952541205834 0.00475855454145489 4.7585546360187012e-03 0.004758554713445159 0.004758555013027415   
215 1935 0.00014356544238477834 322.20708142392743 0.00475855454145489 4.7585546078600313e-03 0.004758554671068055 0.00475855496287686   
216 1944 0.0001442639547925812 337.6046227593767 0.00475855454145489 4.7585546242218772e-03 0.0047585546785505264 0.0047585548683631435   
217 1953 0.00012813502864918007 351.94484199631535 0.00475855454145489 4.7585546131613064e-03 0.004758554685581046 0.004758554901643475   
218 1962 0.00012153581225826647 366.8739052392453 0.00475855454145489 4.7585546105516959e-03 0.004758554706316217 0.004758554975006653   
219 1971 0.00012427820400326645 394.73766338503145 0.00475855454145489 4.7585546485175555e-03 0.004758554703768498 0.004758554756068051   
220 1980 0.00011162182962956384 394.0235378333524 0.00475855454145489 4.7585545882106485e-03 0.004758554657859108 0.0047585549548263065   
221 1989 0.0001089456732719038 435.8628100612275 0.00475855454145489 4.7585545715461992e-03 0.004758554660071355 0.004758554707488372   
222 1998 0.00010427370632401156 464.41521122974865 0.00475855454145489 4.7585545797180140e-03 0.0047585546215750734 0.004758554753336185   
223 2007 8.796338009066513e-05 469.84564471817487 0.00475855454145489 4.7585545698411273e-03 0.004758554597955081 0.004758554637254057   
224 2016 7.879257140671226e-05 497.59559779970243 0.00475855454145489 4.7585545697486206e-03 0.004758554605871717 0.004758554642512286   
225 2025 8.14242225475015e-05 518.9810722138388 0.00475855454145489 4.7585545551963523e-03 0.004758554622107719 0.004758554658889042   
226 2034 8.080733820574001e-05 628.5957611646596 0.00475855454145489 4.7585545593983843e-03 0.004758554608312523 0.004758554709034995   
227 2043 8.172869407689232e-05 654.5478710547592 0.00475855454145489 4.7585545468058826e-03 0.004758554574089134 0.004758554609455084   
228 2052 8.744000631372248e-05 691.2573974500102 0.00475855454145489 4.7585545685381878e-03 0.004758554603433281 0.004758554677946541   
229 2061 7.564518580587687e-05 758.3895662608809 0.00475855454145489 4.7585545508713198e-03 0.004758554602231346 0.00475855466683867   
230 2070 6.971251990286093e-05 886.280058563947 0.00475855454145489 4.7585545741968722e-03 0.0047585545872428124 0.004758554611472628   
231 2079 6.472921409476025e-05 932.3208523117141 0.00475855454145489 4.7585545486634254e-03 0.0047585545872183945 0.004758554614899875   
232 2088 5.951140349572726e-05 982.4527468868355 0.00475855454145489 4.7585545502498040e-03 0.0047585545777373145 0.004758554624663055   
233 2097 5.253612715090568e-05 1058.5459442736621 0.00475855454145489 4.7585545512919348e-03 0.004758554566852521 0.00475855459680677   
234 2106 5.3917143350636305e-05 1130.8983368297334 0.00475855454145489 4.7585545528079842e-03 0.00475855456628959 0.0047585545738981945   
235 2115 5.064504158522834e-05 1093.81262362856 0.00475855454145489 4.7585545489931816e-03 0.004758554568082701 0.0047585546012964275   
236 2124 4.781887643666787e-05 1059.1311113052068 0.00475855454145489 4.7585545442760903e-03 0.004758554563721376 0.004758554596695103   
237 2133 4.518187326846452e-05 1017.998740216259 0.004758554534179608 4.7585545341796076e-03 0.004758554563537612 0.0047585545988806585   
238 2142 4.964416234749059e-05 1151.0110819727697 0.004758554534179608 4.7585545369028884e-03 0.004758554567259174 0.004758554599610575   
239 2151 4.4833156740900575e-05 1146.7190212399705 0.004758554534179608 4.7585545360151991e-03 0.004758554562014412 0.00475855460799598   
240 2160 4.101412938252131e-05 1169.286429470133 0.004758554532688884 4.7585545326888842e-03 0.00475855454756826 0.004758554577703661   
241 2169 3.808706668862188e-05 1238.398720986976 0.004758554532688884 4.7585545352494662e-03 0.004758554560371584 0.004758554590470671   
242 2178 4.191504151578338e-05 1239.8048332124738 0.004758554531124559 4.7585545311245592e-03 0.004758554548722986 0.004758554564066087   
243 2187 4.30620369726696e-05 1495.732414955 0.004758554531124559 4.7585545361108900e-03 0.004758554543975255 0.00475855458016068   
244 2196 4.5983945797968945e-05 1495.4063738114955 0.004758554531124559 4.7585545431028820e-03 0.004758554546904251 0.004758554570035519   
245 2205 4.380442449827512e-05 1548.9693848791692 0.004758554531124559 4.7585545362283169e-03 0.004758554551167822 0.004758554598679798   
246 2214 4.3723715556286486e-05 1439.7159936657781 0.004758554531124559 4.7585545339568968e-03 0.004758554546362748 0.004758554568335915   
247 2223 4.223672084996834e-05 1558.8001707254045 0.004758554531124559 4.7585545318276417e-03 0.004758554549917485 0.004758554570177536   
248 2232 3.7064224258547147e-05 1590.4041867156936 0.004758554531124559 4.7585545374161800e-03 0.0047585545553369074 0.0047585545910402965   
249 2241 3.82123572314742e-05 1713.1124466044362 0.004758554531124559 4.7585545329838740e-03 0.004758554549517326 0.004758554579823636   
250 2250 3.3284348466432205e-05 1758.4451367657098 0.004758554529937874 4.7585545299378739e-03 0.0047585545452336914 0.004758554564455317   
251 2259 3.268246958146511e-05 1842.1325367192624 0.004758554529937874 4.7585545346136172e-03 0.004758554536199013 0.004758554568827097   
252 2268 3.046906124392765e-05 1833.4515479480403 0.004758554529937874 4.7585545331261655e-03 0.004758554545971558 0.004758554571646772   
253 2277 2.938686047550573e-05 1974.6544634155598 0.004758554528985073 4.7585545289850727e-03 0.004758554539287635 0.004758554570966365   
254 2286 2.6397656147836627e-05 1851.9480649648863 0.004758554528985073 4.7585545344486467e-03 0.0047585545368028365 0.004758554567731903   
255 2295 2.3634882230822438e-05 1945.4544449612258 0.004758554528985073 4.7585545364242747e-03 0.004758554546834772 0.0047585545587962835   
256 2304 2.334259776838638e-05 1999.0766483236123 0.004758554528985073 4.7585545291012584e-03 0.004758554553402227 0.004758554563556146   
257 2313 2.2723057436184636e-05 2066.2014715895502 0.004758554527750303 4.7585545277503026e-03 0.00475855453763245 0.0047585545547664185   
258 2322 2.3232048434565786e-05 2273.2348029701852 0.0047585545217371066 4.7585545217371066e-03 0.004758554533211468 0.00475855454782936   
259 2331 2.9502713164043346e-05 2389.46905972464 0.0047585545217371066 4.7585545250862175e-03 0.004758554534513083 0.004758554571354048   
260 2340 3.353502356785201e-05 2612.231844058038 0.004758554520626685 4.7585545206266849e-03 0.004758554537812532 0.004758554567118985   
261 2349 3.33693450106677e-05 2658.222053970409 0.004758554515948322 4.7585545159483222e-03 0.004758554531536261 0.004758554562284577   
262 2358 3.284570727315188e-05 2573.2897796402326 0.004758554515948322 4.7585545272967435e-03 0.004758554538382085 0.004758554563119374   
263 2367 3.574569802801624e-05 2322.625942444769 0.004758554515948322 4.7585545169823232e-03 0.004758554532487427 0.004758554560638017   
264 2376 3.7965280500974356e-05 2460.411693256387 0.0047585545158283175 4.7585545158283175e-03 0.004758554520292646 0.004758554551495127   
265 2385 4.1958299086028764e-05 2458.9160855497257 0.004758554512377832 4.7585545123778319e-03 0.004758554525333126 0.0047585545546679694   
266 2394 4.408338592383401e-05 2433.702077540423 0.004758554512377832 4.7585545162627200e-03 0.0047585545406568725 0.0047585545484533235   
267 2403 4.575249264403579e-05 2418.9723045025794 0.004758554508490153 4.7585545084901527e-03 0.004758554521217512 0.004758554529610508   
268 2412 4.5165827716723936e-05 2370.896254020182 0.0047585545084357205 4.7585545084357205e-03 0.004758554521177059 0.00475855454517515   
269 2421 4.9678139623112145e-05 2424.170309361967 0.004758554499912351 4.7585544999123510e-03 0.004758554524174884 0.004758554546182705   
270 2430 6.19497923763264e-05 2435.8021584272524 0.0047585544970304185 4.7585544970304185e-03 0.004758554515587609 0.004758554541133679   
271 2439 7.375855796683648e-05 2450.093450176988 0.0047585544970304185 4.7585545010739860e-03 0.004758554515971779 0.0047585545302097805   
272 2448 8.24236165455184e-05 2345.7732431292743 0.004758554496593617 4.7585544965936168e-03 0.004758554516049172 0.004758554539276132   
273 2457 8.956678270670583e-05 2299.0973321908873 0.004758554485966595 4.7585544859665950e-03 0.004758554508554411 0.004758554535388412   
274 2466 9.736982102053645e-05 2433.589161239259 0.00475855447863981 4.7585544786398100e-03 0.00475855449398613 0.004758554526679974   
275 2475 9.706859401417678e-05 2475.8014822265113 0.00475855447863981 4.7585544798286255e-03 0.004758554502859511 0.004758554516100669   
276 2484 9.581258331316583e-05 2515.468399426986 0.00475855447863981 4.7585544904111239e-03 0.004758554510028667 0.004758554533653372   
277 2493 0.00010305318462337317 2568.170598010385 0.004758554477443096 4.7585544774430963e-03 0.004758554491395928 0.004758554509955293   
278 2502 0.00010085295781158503 2922.52380969365 0.0047585544760333715 4.7585544760333715e-03 0.004758554494362736 0.004758554502470047   
279 2511 8.727402442315299e-05 2671.0033223964438 0.004758554474678874 4.7585544746788742e-03 0.00475855449207389 0.004758554538154524   
280 2520 9.084037821037245e-05 2859.7483076181707 0.00475855447300007 4.7585544730000696e-03 0.004758554488214834 0.004758554509557375   
281 2529 0.00010036995605455086 2917.9500484970763 0.00475855447300007 4.7585544741166018e-03 0.004758554487855128 0.004758554544317123   
282 2538 9.154144662405939e-05 3511.8956053621155 0.00475855447300007 4.7585544731721489e-03 0.00475855449326112 0.004758554513709231   
283 2547 9.178702967866973e-05 3659.2933548238684 0.00475855447300007 4.7585544770282328e-03 0.00475855448687175 0.004758554516341521   
284 2556 8.230595911068313e-05 3663.7932898143386 0.00475855447300007 4.7585544789726306e-03 0.0047585544899080515 0.004758554526470709   
285 2565 6.858733896801967e-05 3826.9272753205787 0.00475855447300007 4.7585544762479481e-03 0.004758554494233269 0.004758554534513711   
286 2574 6.42488869607777e-05 3873.6599200553414 0.00475855447300007 4.7585544773043505e-03 0.004758554491315912 0.00475855450988966   
287 2583 5.4557976624950405e-05 3766.0352970733816 0.00475855447300007 4.7585544778622835e-03 0.004758554481022659 0.004758554496621362   
288 2592 4.872308589323172e-05 3922.658582629202 0.00475855447300007 4.7585544777441532e-03 0.004758554483603836 0.004758554499238615   
289 2601 4.967766200345899e-05 4109.970647261332 0.00475855447300007 4.7585544784149265e-03 0.0047585544824845635 0.004758554499793721   
290 2610 4.890215256175721e-05 5030.553254535606 0.00475855447300007 4.7585544751775812e-03 0.004758554493322326 0.004758554521728549   
291 2619 5.205618655235267e-05 5325.8414154205475 0.00475855447300007 4.7585544784422944e-03 0.0047585544934617766 0.004758554507057009   
292 2628 5.643875064892997e-05 5590.916747233872 0.00475855447300007 4.7585544853039254e-03 0.004758554488851865 0.004758554510347519   
293 2637 5.8410941194252186e-05 6294.357678390956 0.00475855447300007 4.7585544779371967e-03 0.004758554497498583 0.00475855450817792   
294 2646 6.161503944418422e-05 5874.218163262672 0.00475855447300007 4.7585544824204915e-03 0.004758554487985416 0.004758554505229259   
295 2655 5.9443385486284915e-05 5520.233240728754 0.00475855447300007 4.7585544739457463e-03 0.004758554486327318 0.0047585545045213794   
296 2664 5.338770705535318e-05 5687.948247671655 0.00475855447300007 4.7585544730311567e-03 0.004758554490722195 0.004758554504630556   
297 2673 4.996251619787826e-05 5808.313533016393 0.004758554470807988 4.7585544708079880e-03 0.004758554480073469 0.00475855450656394   
298 2682 5.29873935882292e-05 5719.103099971078 0.004758554470807988 4.7585544756298011e-03 0.004758554487816219 0.004758554504948319   
299 2691 5.252602924107583e-05 5121.825681833951 0.004758554470807988 4.7585544749629977e-03 0.0047585544795124566 0.004758554514673668   
300 2700 4.918934607898023e-05 4967.649932480945 0.004758554470807988 4.7585544816632058e-03 0.004758554497961406 0.004758554518165201   
301 2709 4.9181245609565654e-05 4828.4356826465555 0.004758554470807988 4.7585544755215847e-03 0.004758554481785141 0.004758554503403316   
302 2718 5.384132885329722e-05 4703.661578504968 0.00475855446912681 4.7585544691268102e-03 0.004758554485135502 0.004758554503925079   
303 2727 5.206813373521625e-05 4950.749024844396 0.00475855446912681 4.7585544708233871e-03 0.004758554482497469 0.004758554506494123   
304 2736 5.4085220068111806e-05 4980.095026146894 0.00475855446912681 4.7585544730569564e-03 0.004758554483581454 0.0047585544972704895   
305 2745 5.201564877666575e-05 4945.400510051257 0.00475855446912681 4.7585544734931769e-03 0.004758554487371317 0.0047585545477284415   
306 2754 5.119120153311267e-05 4975.310080186704 0.00475855446912681 4.7585544717972670e-03 0.004758554487412368 0.004758554500870565   
307 2763 4.366223813699148e-05 5224.761863623833 0.00475855446912681 4.7585544714057494e-03 0.004758554480702852 0.004758554505783422   
308 2772 4.098829562273995e-05 5232.534847678941 0.00475855446912681 4.7585544709630662e-03 0.004758554479345603 0.004758554507278791   
309 2781 4.245218187586494e-05 5238.061865640372 0.00475855446912681 4.7585544702737504e-03 0.004758554475363565 0.004758554515767131   
310 2790 4.0029225382526524e-05 5091.241284314129 0.00475855446912681 4.7585544705083345e-03 0.004758554491974407 0.004758554499297317   
311 2799 4.051324500111029e-05 5183.821591287669 0.00475855446912681 4.7585544727486474e-03 0.004758554476474172 0.00475855450414601   
312 2808 4.263290327338123e-05 4864.695522239581 0.00475855446912681 4.7585544712393582e-03 0.004758554478916921 0.00475855451278398   
313 2817 4.092235789824109e-05 4987.632651745834 0.00475855446912681 4.7585544698922188e-03 0.00475855447537228 0.004758554523606682   
314 2826 3.683238789673151e-05 5072.827124381109 0.00475855446912681 4.7585544806631836e-03 0.0047585544932462745 0.004758554518240053   
315 2835 3.658642935989186e-05 4686.896243987734 0.00475855446912681 4.7585544719894943e-03 0.0047585544779014674 0.004758554496427262   
316 2844 3.7045503883565015e-05 5202.819959872433 0.00475855446912681 4.7585544712385490e-03 0.004758554484034964 0.004758554491159968   
317 2853 3.4468003734525726e-05 4898.045022842879 0.00475855446912681 4.7585544751170090e-03 0.004758554482505771 0.004758554504439188   
318 2862 3.5453636485701364e-05 4722.236914901845 0.00475855446912681 4.7585544724377399e-03 0.0047585544814797275 0.004758554510300954   
319 2871 4.004798966413372e-05 4458.632317171147 0.00475855446912681 4.7585544710413760e-03 0.004758554483016262 0.004758554518030576   
320 2880 3.846944321549124e-05 4988.548569153239 0.00475855446912681 4.7585544725640199e-03 0.0047585544830637 0.004758554505163928   
321 2889 3.845651440669319e-05 4942.63865577841 0.00475855446912681 4.7585544732561451e-03 0.00475855448564704 0.004758554517531308   
322 2898 4.152574593089992e-05 4871.599477962803 0.00475855446912681 4.7585544777474145e-03 0.004758554484999693 0.004758554523661971   
323 2907 4.0692881687191006e-05 4566.8009157001625 0.00475855446912681 4.7585544721485034e-03 0.004758554481025156 0.004758554497739084   
324 2916 3.811090156387145e-05 4641.769832902059 0.00475855446912681 4.7585544694792340e-03 0.0047585544763946485 0.004758554503541941   
325 2925 3.4006620673789104e-05 4681.222859124366 0.00475855446912681 4.7585544702968031e-03 0.004758554479093465 0.0047585544930382655   
326 2934 3.298690744558784e-05 4618.521809061084 0.00475855446912681 4.7585544700400667e-03 0.00475855448051719 0.004758554494433989   
327 2943 3.39316851134254e-05 4376.187315712987 0.00475855446912681 4.7585544731727492e-03 0.00475855447919381 0.0047585544938307765   
328 2952 3.316077255584775e-05 4581.6586447118925 0.00475855446912681 4.7585544731892004e-03 0.004758554484746187 0.004758554502722538   
329 2961 3.294130508866171e-05 4827.112594899498 0.00475855446912681 4.7585544722958378e-03 0.004758554482956959 0.004758554494411511   
330 2970 3.782239579297665e-05 4846.088326624799 0.00475855446912681 4.7585544716334379e-03 0.004758554493322749 0.0047585545080232345   
331 2979 4.216469395097186e-05 4725.4909314096385 0.00475855446912681 4.7585544738914017e-03 0.004758554484390634 0.004758554512763854   
332 2988 4.506771780075297e-05 4982.440081550585 0.00475855446912681 4.7585544739020842e-03 0.004758554480904185 0.004758554494580992   
333 2997 4.631536211623867e-05 5286.630658546526 0.00475855446912681 4.7585544709507262e-03 0.004758554483274786 0.004758554516336155   
334 3006 4.645523091713497e-05 5580.474802384627 0.00475855446912681 4.7585544796121242e-03 0.0047585544888367574 0.004758554516108778   
335 3015 4.631790265115671e-05 5667.4604959283 0.00475855446912681 4.7585544742330546e-03 0.004758554483206318 0.004758554504734251   
336 3024 4.1811334992194984e-05 5453.831874050033 0.00475855446912681 4.7585544739748272e-03 0.004758554479698118 0.004758554501830575   
337 3033 3.5557767754344785e-05 5594.311633356919 0.00475855446912681 4.7585544749285408e-03 0.004758554483469587 0.004758554518583466   
338 3042 3.3887895875018995e-05 5623.6203836176655 0.00475855446912681 4.7585544730875690e-03 0.0047585544830428626 0.004758554501977725   
339 3051 3.2667178079557676e-05 6155.44830008305 0.00475855446912681 4.7585544695773457e-03 0.004758554479912325 0.004758554498172394   
340 3060 3.62562171253094e-05 5507.503672205706 0.00475855446912681 4.7585544713625747e-03 0.004758554484046678 0.004758554493401083   
341 3069 3.9800957964911544e-05 5173.17678273012 0.00475855446912681 4.7585544717290758e-03 0.004758554484751418 0.004758554505072796   
342 3078 4.408762140120576e-05 5256.2041241149955 0.00475855446912681 4.7585544715421394e-03 0.004758554483635776 0.004758554487016106   
343 3087 4.3601620942683954e-05 5335.805167446637 0.00475855446912681 4.7585544723745439e-03 0.004758554481499455 0.004758554516841985   
344 3096 5.36723100714026e-05 5436.487845925715 0.00475855446912681 4.7585544721933087e-03 0.004758554481069861 0.004758554520557869   
345 3105 5.5752079297370385e-05 5748.803725801021 0.00475855446912681 4.7585544707487481e-03 0.004758554483607307 0.004758554494370549   
346 3114 5.502885402110568e-05 5626.505427618009 0.00475855446912681 4.7585544723829842e-03 0.004758554481242586 0.004758554491655913   
347 3123 5.329256939064238e-05 5395.111209657125 0.00475855446912681 4.7585544739345556e-03 0.004758554479895566 0.004758554506965905   
348 3132 5.166982034163959e-05 4877.481675539867 0.00475855446912681 4.7585544717297316e-03 0.004758554491543687 0.00475855452064874   
349 3141 5.367255273706606e-05 4971.112818683716 0.00475855446912681 4.7585544746641673e-03 0.004758554487580899 0.004758554496679385   
350 3150 5.456396780702476e-05 4736.144440948727 0.00475855446912681 4.7585544752309162e-03 0.0047585544838775725 0.004758554503728404   
351 3159 4.9311135394604344e-05 4981.725609746245 0.00475855446912681 4.7585544728615528e-03 0.004758554478339727 0.0047585545067896275   
352 3168 4.3601902203492156e-05 5066.743849371832 0.00475855446912681 4.7585544734510430e-03 0.004758554487406138 0.0047585545090557445   
353 3177 3.87146317749557e-05 4795.227168804919 0.00475855446912681 4.7585544706133841e-03 0.004758554479064684 0.004758554501147597   
354 3186 3.979947458238502e-05 4657.26452955388 0.00475855446912681 4.7585544711858671e-03 0.004758554491492867 0.004758554509159499   
355 3195 4.017583491698802e-05 4782.46992399585 0.00475855446912681 4.7585544705753564e-03 0.004758554488696768 0.004758554507138139   
356 3204 3.8016289317025866e-05 4961.669516030284 0.00475855446912681 4.7585544697350945e-03 0.004758554477459646 0.0047585545187479195   
357 3213 3.104975609321517e-05 4786.078036350276 0.00475855446912681 4.7585544699443446e-03 0.004758554491871604 0.004758554500214153   
358 3222 2.9193097475472667e-05 4714.182382276609 0.00475855446912681 4.7585544719867152e-03 0.004758554486052428 0.0047585545056309944   
359 3231 2.8661070887117508e-05 5092.59450825211 0.00475855446912681 4.7585544710619333e-03 0.004758554483887206 0.004758554508598677   
360 3240 2.8749774720120628e-05 5156.9954607256805 0.00475855446912681 4.7585544701223030e-03 0.00475855447929037 0.004758554513773507   
361 3249 3.0215432079555496e-05 5402.072469458197 0.00475855446912681 4.7585544692516496e-03 0.0047585544932955675 0.0047585545223290575   
362 3258 2.570468684530957e-05 5269.17783142145 0.00475855446912681 4.7585544770388762e-03 0.004758554481784267 0.004758554509153887   
363 3267 2.3917735884931192e-05 4939.761669615565 0.00475855446912681 4.7585544701907873e-03 0.004758554475895527 0.00475855451491825   
364 3276 2.1324721476912153e-05 5403.448324343024 0.00475855446912681 4.7585544725430376e-03 0.004758554481124786 0.004758554500343452   
365 3285 2.0984073645388156e-05 5583.792773778022 0.00475855446912681 4.7585544712540756e-03 0.004758554479181715 0.004758554527465947   
366 3294 2.180967011950497e-05 5656.985247987277 0.00475855446912681 4.7585544724951098e-03 0.004758554486793425 0.0047585545087403995   
367 3303 2.2261652602496398e-05 6270.445410865741 0.00475855446912681 4.7585544723916795e-03 0.004758554482456051 0.004758554518851785   
368 3312 2.0907651803879145e-05 6528.379149546285 0.00475855446912681 4.7585544718685667e-03 0.004758554485846337 0.004758554495265731   
369 3321 2.367675295556876e-05 6235.1469769628975 0.00475855446912681 4.7585544716671133e-03 0.004758554477723368 0.004758554509282503   
370 3330 2.479451374631626e-05 6202.261904378335 0.00475855446912681 4.7585544727595103e-03 0.004758554477749163 0.004758554496654523   
371 3339 2.5484056873462837e-05 6951.709472043839 0.00475855446912681 4.7585544707855086e-03 0.004758554479247459 0.004758554492135217   
372 3348 2.7304440892713785e-05 7355.719279584543 0.00475855446912681 4.7585544711530592e-03 0.0047585544798711375 0.004758554500800975   
373 3357 2.5501632659369268e-05 7539.553273506301 0.00475855446912681 4.7585544734797865e-03 0.0047585544844258925 0.004758554509878488   
374 3366 2.0975066863610035e-05 7959.43444007489 0.00475855446912681 4.7585544706386235e-03 0.004758554477098697 0.004758554493073765   
375 3375 1.8457936015085006e-05 7962.465063477724 0.00475855446912681 4.7585544717756324e-03 0.004758554484279828 0.004758554498099199   
376 3384 1.819258933341829e-05 8239.601555479461 0.00475855446912681 4.7585544713862945e-03 0.004758554480718741 0.004758554511886297   
377 3393 1.85917212201616e-05 9236.135652902361 0.00475855446912681 4.7585544770332670e-03 0.004758554487723578 0.00475855450230139   
378 3402 1.975278318705532e-05 9825.99288406334 0.00475855446912681 4.7585544728508226e-03 0.004758554485234318 0.004758554520462192   
379 3411 1.993687592857545e-05 9909.41568720456 0.00475855446912681 4.7585544808576219e-03 0.00475855448987613 0.004758554526165182   
380 3420 1.7404160216474966e-05 10114.042739375942 0.00475855446912681 4.7585544734080826e-03 0.004758554478730885 0.004758554497808936   
381 3429 1.5065391832949697e-05 9881.405444783406 0.00475855446912681 4.7585544720070792e-03 0.004758554479386904 0.0047585545043168885   
382 3438 1.5375836210094947e-05 9774.588132709272 0.00475855446912681 4.7585544713727515e-03 0.004758554481240974 0.004758554494229628   
383 3447 1.328772390568298e-05 9759.300685103319 0.00475855446912681 4.7585544710270012e-03 0.0047585544909753245 0.0047585545101927335   
384 3456 1.2597117480982302e-05 9990.91971794045 0.00475855446912681 4.7585544714127456e-03 0.004758554480348938 0.004758554515398116   
385 3465 1.2768054077637849e-05 9604.99512365876 0.00475855446912681 4.7585544713577904e-03 0.004758554479455888 0.004758554500444802   
386 3474 1.3783258630495621e-05 9370.812036158359 0.00475855446912681 4.7585544744611621e-03 0.004758554483566109 0.0047585545128010515   
387 3483 1.3777315238265805e-05 8969.296906936814 0.00475855446912681 4.7585544722445515e-03 0.004758554485285864 0.004758554505058695   
388 3492 1.547091552999116e-05 9227.025167874788 0.00475855446912681 4.7585544708921299e-03 0.00475855447476369 0.004758554506623507   
389 3501 1.5950517632629778e-05 9458.260562572415 0.00475855446912681 4.7585544743141747e-03 0.004758554481446482 0.0047585545291675985   
390 3510 1.72205371210738e-05 9760.538029793888 0.00475855446912681 4.7585544736586599e-03 0.004758554487241947 0.004758554498008039   
391 3519 1.7506987285692424e-05 10108.87385962103 0.00475855446912681 4.7585544737977128e-03 0.00475855448321587 0.004758554511764432   
392 3528 1.7253899700566295e-05 10401.519929297381 0.00475855446912681 4.7585544734265175e-03 0.00475855448310117 0.004758554496842587   
393 3537 1.724803687484596e-05 10674.56583204977 0.00475855446912681 4.7585544731492480e-03 0.004758554477664233 0.004758554503093932   
394 3546 1.9540599444131224e-05 10674.635435270888 0.00475855446912681 4.7585544730102880e-03 0.0047585544771489244 0.004758554503515858   
395 3555 2.1593733981579625e-05 11330.298867855387 0.00475855446912681 4.7585544719064453e-03 0.004758554479137282 0.0047585544931335825   
396 3564 2.3004605273627123e-05 11146.15874373319 0.00475855446912681 4.7585544698134172e-03 0.004758554484983192 0.004758554501148633   
397 3573 2.263706043550188e-05 11018.72883711597 0.00475855446912681 4.7585544703432157e-03 0.004758554487315772 0.004758554509014525   
398 3582 2.519745051142783e-05 10839.106162123522 0.00475855446912681 4.7585544737014261e-03 0.004758554479405338 0.00475855451366981   
399 3591 2.5425273575802987e-05 9566.76400342719 0.00475855446912681 4.7585544744768952e-03 0.004758554479382659 0.004758554489643893   
400 3600 2.6766835212498007e-05 9978.236151487714 0.00475855446912681 4.7585544711297480e-03 0.004758554490675301 0.004758554502720215   
401 3609 2.4128369601821537e-05 10251.600077181864 0.00475855446912681 4.7585544775279563e-03 0.0047585544908718596 0.004758554501811911   
402 3618 2.1103348659191122e-05 10628.081729535415 0.00475855446912681 4.7585544719985287e-03 0.004758554480296186 0.004758554540483436   
403 3627 1.9927230835034902e-05 10062.262716211679 0.00475855446912681 4.7585544691370928e-03 0.004758554471611003 0.004758554490773881   
404 3636 1.893934845541409e-05 10360.183164885924 0.00475855446912681 4.7585544731085210e-03 0.004758554478406128 0.0047585544999153755   
405 3645 1.858320917472294e-05 9979.647139715444 0.00475855446912681 4.7585544764618230e-03 0.004758554487144756 0.004758554509904062   
406 3654 2.2262034278375644e-05 9862.692712495387 0.00475855446912681 4.7585544743515276e-03 0.004758554481962872 0.004758554495433365   
407 3663 2.5006404684614863e-05 10424.309935688632 0.00475855446912681 4.7585544771669135e-03 0.004758554484769697 0.004758554506684746   
408 3672 2.4176042317804697e-05 10045.594688238036 0.00475855446912681 4.7585544692845547e-03 0.004758554473880842 0.0047585545093895305   
409 3681 2.3202840827296013e-05 9603.051395557979 0.00475855446912681 4.7585544728605622e-03 0.0047585544857173916 0.004758554505368091   
410 3690 2.174052011961215e-05 10545.085259753134 0.00475855446912681 4.7585544700349683e-03 0.00475855447656917 0.0047585545172664535   
411 3699 1.801123011268962e-05 10252.897289883165 0.00475855446912681 4.7585544698170524e-03 0.004758554486351413 0.004758554544705396   
412 3708 1.7570441893173538e-05 10013.133070461594 0.00475855446912681 4.7585544706424659e-03 0.004758554476904574 0.004758554493111269   
413 3717 1.604095802620181e-05 9822.187654360883 0.00475855446912681 4.7585544714072517e-03 0.004758554486398775 0.004758554501552642   
414 3726 1.537721624764657e-05 9457.869522295106 0.00475855446912681 4.7585544735134298e-03 0.004758554482590688 0.0047585545057897555   
415 3735 1.365951332122956e-05 10003.259331627383 0.00475855446912681 4.7585544740135237e-03 0.004758554485060348 0.004758554514834751   
416 3744 1.4358061997115151e-05 9743.22734317314 0.00475855446912681 4.7585544704103885e-03 0.004758554485906443 0.00475855451846939   
417 3753 1.3442158244245487e-05 9465.973640528337 0.00475855446912681 4.7585544770340077e-03 0.004758554493994789 0.004758554509424271   
418 3762 1.3009817162388158e-05 8990.724623264607 0.00475855446912681 4.7585544717482506e-03 0.004758554479481874 0.004758554511977707   
419 3771 1.265778307467265e-05 9013.057320336236 0.00475855446912681 4.7585544710933465e-03 0.004758554480286869 0.004758554491343882   
420 3780 1.0745532419986855e-05 8599.637791113775 0.00475855446912681 4.7585544782023804e-03 0.0047585544895699765 0.0047585545164777025   
421 3789 9.957604991999926e-06 8215.494617857914 0.00475855446912681 4.7585544753694625e-03 0.004758554483092314 0.004758554501956102   
422 3798 9.208140855650513e-06 8212.193290804868 0.00475855446912681 4.7585544714940867e-03 0.004758554481043864 0.004758554536953443   
423 3807 9.884328339605176e-06 7552.069704096426 0.00475855446912681 4.7585544712248420e-03 0.004758554481263369 0.004758554497097032   
424 3816 9.797783027884753e-06 6674.25005675759 0.00475855446912681 4.7585544700196342e-03 0.004758554490101864 0.0047585545166471   
425 3825 9.184611879139133e-06 6036.448906392103 0.00475855446912681 4.7585544712593075e-03 0.0047585544797165815 0.004758554494240451   
426 3834 8.420087052158588e-06 6249.477224346929 0.00475855446912681 4.7585544766580203e-03 0.004758554485814361 0.004758554508100946   
427 3843 7.9397409785055e-06 5983.9182268590575 0.00475855446912681 4.7585544696208803e-03 0.004758554491668147 0.00475855450519837   
428 3852 7.1830238905865844e-06 7057.684793311194 0.00475855446912681 4.7585544752908916e-03 0.004758554485803728 0.0047585545016664114   
429 3861 7.670761112452315e-06 6658.974935463573 0.00475855446912681 4.7585544703168479e-03 0.004758554476115488 0.004758554514171987   
430 3870 7.395957656958998e-06 6686.9667077531785 0.00475855446912681 4.7585544770891129e-03 0.004758554483967849 0.004758554500291008   
431 3879 7.576140711806516e-06 6590.100434921849 0.00475855446912681 4.7585544739217299e-03 0.004758554484724862 0.004758554515392291   
432 3888 8.394130784095208e-06 7174.683043822134 0.00475855446912681 4.7585544711623209e-03 0.004758554483820784 0.0047585545152311485   
433 3897 9.342161552085277e-06 7073.4172604509895 0.00475855446912681 4.7585544703490816e-03 0.00475855448500815 0.00475855450465592   
434 3906 9.419801345798255e-06 8045.660949440556 0.00475855446912681 4.7585544709080338e-03 0.004758554479366342 0.004758554525229086   
435 3915 8.677346667475259e-06 8779.81764197983 0.00475855446912681 4.7585544715919286e-03 0.004758554484225941 0.004758554510672656   
436 3924 8.142729877770569e-06 8801.718286494726 0.00475855446912681 4.7585544713958051e-03 0.004758554488018531 0.004758554528124804   
437 3933 7.89593965138364e-06 8935.758114830594 0.00475855446912681 4.7585544714859752e-03 0.004758554488493066 0.004758554520901725   
438 3942 7.090207261317515e-06 8512.663913448574 0.00475855446912681 4.7585544692538562e-03 0.004758554487203087 0.0047585544956017314   
439 3951 7.146968741825746e-06 8684.976687651715 0.00475855446912681 4.7585544716228067e-03 0.004758554487561005 0.0047585545134887965   
440 3960 7.492493292614546e-06 8341.653454400694 0.00475855446912681 4.7585544725828946e-03 0.0047585544865478445 0.004758554520678127   
441 3969 7.021436939668499e-06 8961.597824545393 0.00475855446912681 4.7585544699909306e-03 0.004758554489377118 0.004758554510969057   
442 3978 6.748896802765007e-06 9289.033482176772 0.00475855446912681 4.7585544722340252e-03 0.004758554480409075 0.004758554499272141   
443 3987 6.140402052914712e-06 10059.943121894461 0.00475855446912681 4.7585544718376886e-03 0.00475855448056506 0.004758554508686836   
444 3996 5.38366099088763e-06 10196.224131559637 0.00475855446912681 4.7585544728650725e-03 0.004758554482238397 0.004758554497623047   
445 4005 5.363673938405459e-06 10977.948742657247 0.00475855446912681 4.7585544705824930e-03 0.004758554487356968 0.004758554500567037   
446 4014 5.755126567884578e-06 10614.446766311274 0.00475855446912681 4.7585544709140871e-03 0.004758554494823464 0.004758554506367367   
447 4023 5.676081483035129e-06 11822.981317396134 0.00475855446912681 4.7585544720219423e-03 0.004758554479195908 0.004758554490480601   
448 4032 5.455146397873472e-06 11630.383859212514 0.00475855446912681 4.7585544745275396e-03 0.004758554480639301 0.004758554497670626   
449 4041 5.471766041766044e-06 12578.01247610552 0.00475855446912681 4.7585544704647322e-03 0.0047585544868807275 0.004758554500116426   
450 4050 5.870706094064e-06 12142.553614295759 0.00475855446912681 4.7585544756463651e-03 0.004758554488057187 0.004758554502960423   
451 4059 5.647385415125451e-06 11593.34673070169 0.00475855446912681 4.7585544738760061e-03 0.004758554494255249 0.004758554509833025   
452 4068 4.910661268267852e-06 11791.290708658837 0.00475855446912681 4.7585544713948085e-03 0.004758554484826231 0.004758554502458761   
453 4077 4.52461517725799e-06 11584.536786982842 0.00475855446912681 4.7585544791279716e-03 0.004758554487115617 0.004758554497548842   
454 4086 4.207565619943045e-06 11477.753930293387 0.00475855446912681 4.7585544724714421e-03 0.004758554481716852 0.0047585545046512825   
455 4095 4.5175936945018034e-06 10207.68108455722 0.00475855446912681 4.7585544710097441e-03 0.004758554474982647 0.004758554508355122   
456 4104 3.959435938468444e-06 10264.005307385109 0.00475855446912681 4.7585544695220288e-03 0.00475855447434867 0.004758554492493992   
457 4113 4.018420864785254e-06 10750.27323916297 0.00475855446912681 4.7585544698221481e-03 0.004758554475548266 0.004758554485379532   
458 4122 4.6722734582195435e-06 10698.578748342818 0.00475855446912681 4.7585544711526220e-03 0.00475855448278411 0.0047585544988876065   
459 4131 4.825331866140807e-06 12036.750819002618 0.00475855446912681 4.7585544706002956e-03 0.004758554481925482 0.004758554489129522   
460 4140 5.356281363039761e-06 12060.998104914563 0.00475855446912681 4.7585544709623428e-03 0.0047585544846139504 0.004758554501250028   
461 4149 5.544010661047673e-06 12481.984489997934 0.00475855446912681 4.7585544751272586e-03 0.004758554485947233 0.004758554510169374   
462 4158 5.6749932435243134e-06 12557.473220960057 0.00475855446912681 4.7585544701416686e-03 0.004758554489394606 0.004758554509287705   
463 4167 5.788682639890593e-06 12746.510474735549 0.004758554468411824 4.7585544684118240e-03 0.004758554481773846 0.004758554504056609   
464 4176 5.794698220511075e-06 13030.32354984524 0.004758554468411824 4.7585544704181791e-03 0.004758554484069368 0.004758554499939443   
465 4185 5.860037716849673e-06 13715.430088744617 0.004758554468411824 4.7585544733607854e-03 0.004758554490589689 0.004758554509475196   
466 4194 5.332849758741448e-06 13776.070798642233 0.004758554468411824 4.7585544710060665e-03 0.004758554479761923 0.004758554502525067   
467 4203 5.644500215991328e-06 15326.913160346396 0.004758554468411824 4.7585544731545927e-03 0.0047585544793821285 0.004758554489309812   
468 4212 5.380502634698899e-06 16503.544066881008 0.004758554468411824 4.7585544717272631e-03 0.004758554479412242 0.004758554519402637   
469 4221 5.320679502879838e-06 16941.38718740315 0.004758554468411824 4.7585544703590867e-03 0.004758554476481243 0.004758554512055408   
470 4230 4.744012580860284e-06 17005.46821636225 0.004758554468411824 4.7585544707118860e-03 0.0047585544937649785 0.004758554518676456   
471 4239 4.914453241195506e-06 17597.53323542595 0.004758554468411824 4.7585544715579220e-03 0.004758554483420102 0.0047585545080937215   
472 4248 4.488620425099679e-06 17659.914333801724 0.004758554468411824 4.7585544720178501e-03 0.0047585544848403015 0.00475855451619088   
473 4257 4.676523288863349e-06 17412.983609386734 0.004758554468411824 4.7585544708610610e-03 0.004758554476607201 0.004758554490230485   
474 4266 5.557702772195793e-06 18664.8410798584 0.004758554468411824 4.7585544714824745e-03 0.004758554484734287 0.004758554508467725   
475 4275 4.9838130045575025e-06 17157.17223569712 0.004758554468411824 4.7585544707048951e-03 0.0047585544836135675 0.004758554497624063   
476 4284 5.247440141961258e-06 18131.87307347984 0.004758554468411824 4.7585544704614510e-03 0.004758554476277209 0.004758554517824174   
477 4293 5.322744422442241e-06 18961.36220823632 0.004758554468411824 4.7585544695568204e-03 0.004758554479497433 0.004758554488567038   
478 4302 5.920509863861169e-06 19874.645636348432 0.004758554468411824 4.7585544748754878e-03 0.004758554484805676 0.004758554516944421   
479 4311 6.324335589356667e-06 20152.30627097203 0.004758554468411824 4.7585544711636731e-03 0.004758554482636037 0.004758554500519416   
480 4320 7.040967942879192e-06 19413.887155656677 0.004758554468411824 4.7585544760038213e-03 0.004758554490154868 0.004758554513834591   
481 4329 7.820256918982453e-06 20679.34202592982 0.004758554468411824 4.7585544746326768e-03 0.004758554477814991 0.0047585545073945065   
482 4338 7.839981575445547e-06 21014.463699834338 0.004758554468411824 4.7585544701261584e-03 0.004758554480690947 0.0047585544939312205   
483 4347 9.167013326554463e-06 20288.567260343312 0.004758554468411824 4.7585544701667318e-03 0.004758554482740022 0.004758554494855008   
484 4356 8.488601084127836e-06 19341.948357342964 0.004758554468411824 4.7585544717756879e-03 0.004758554476741224 0.004758554502163841   
485 4365 8.141812896700129e-06 19499.72981001839 0.004758554468411824 4.7585544706821451e-03 0.004758554480912006 0.004758554498656104   
486 4374 7.674339754890203e-06 17725.04044964055 0.004758554468411824 4.7585544736300205e-03 0.004758554480868506 0.004758554504895234   
487 4383 7.894215908498981e-06 16933.770173724613 0.004758554468411824 4.7585544719441104e-03 0.00475855448232471 0.004758554495371583   
488 4392 7.94052196106389e-06 18008.58819142498 0.004758554468411824 4.7585544702066322e-03 0.004758554481332204 0.004758554513233426   
489 4401 8.396573567809764e-06 17028.54180084456 0.004758554468411824 4.7585544758029534e-03 0.004758554483548181 0.004758554513349764   
490 4410 9.228525556524844e-06 16552.6990666027 0.004758554468411824 4.7585544707217427e-03 0.004758554474874591 0.004758554512423226   
491 4419 1.0855188640047475e-05 14836.252617781121 0.004758554468411824 4.7585544728084000e-03 0.00475855449431827 0.004758554496826499   
492 4428 1.2848678695608253e-05 13511.22164223018 0.004758554468411824 4.7585544717926621e-03 0.004758554483266142 0.004758554525450584   
493 4437 1.4420310913368477e-05 13568.38972532403 0.004758554468411824 4.7585544708896726e-03 0.0047585544871424955 0.004758554523714078   
494 4446 1.5732348437220938e-05 13365.527947533388 0.004758554468411824 4.7585544708468822e-03 0.004758554475011007 0.0047585544889383585   
495 4455 1.668433677167692e-05 13766.988358539269 0.004758554468411824 4.7585544713098470e-03 0.004758554476281946 0.004758554497285353   
496 4464 1.6702277866836308e-05 14748.200612648001 0.004758554468411824 4.7585544705506791e-03 0.004758554480735902 0.00475855449941216   
497 4473 1.755464185545349e-05 14493.984881802038 0.004758554468411824 4.7585544705054019e-03 0.004758554480370759 0.00475855452421335   
498 4482 1.5341247086588085e-05 14690.114514858058 0.004758554468411824 4.7585544733911248e-03 0.004758554491680873 0.004758554513753318   
499 4491 1.3881556811625964e-05 14898.724741060434 0.004758554468411824 4.7585544722050692e-03 0.004758554478593401 0.004758554499838672   
500 4500 1.2722339395101771e-05 14738.986048300678 0.004758554468411824 4.7585544716705480e-03 0.004758554478149121 0.00475855450468217   
501 4509 1.201398258578074e-05 15411.397642695596 0.004758554468411824 4.7585544714204729e-03 0.004758554485074264 0.004758554501584214   
502 4518 1.200932127435111e-05 14943.034228035987 0.004758554468411824 4.7585544724729357e-03 0.004758554486738559 0.004758554504347089   
503 4527 1.4142704529134411e-05 14189.29779738046 0.004758554468411824 4.7585544708478172e-03 0.004758554479638002 0.004758554507266631   
504 4536 1.3173129428210517e-05 14337.197352788793 0.004758554468411824 4.7585544730136247e-03 0.004758554484577131 0.004758554503210851   
505 4545 1.389756594255929e-05 14927.245663627806 0.004758554468411824 4.7585544724555321e-03 0.004758554476592726 0.0047585544875122085   
506 4554 1.5138770257335294e-05 14842.061879463627 0.004758554468411824 4.7585544723723651e-03 0.0047585544941105735 0.004758554509628346   
507 4563 1.726195158723126e-05 16380.67315319446 0.004758554468411824 4.7585544700551180e-03 0.0047585544862988206 0.004758554500745551   
508 4572 1.8588362317585882e-05 18019.147897689985 0.004758554468411824 4.7585544710177213e-03 0.0047585544845092035 0.004758554492231953   
509 4581 1.6265488516100606e-05 19183.53744532743 0.004758554468411824 4.7585544727110013e-03 0.004758554485739851 0.004758554502976998   
510 4590 1.3736805805124555e-05 19738.035530043013 0.004758554468411824 4.7585544706638516e-03 0.00475855448526103 0.004758554496490187   
511 4599 1.2843340628897654e-05 19840.69483470465 0.004758554468411824 4.7585544709096541e-03 0.0047585544810671825 0.004758554507898763   
512 4608 1.2041810458986527e-05 20385.831032998758 0.004758554468411824 4.7585544701841493e-03 0.004758554483340011 0.00475855450703484   
513 4617 1.1363295085181836e-05 19286.836035849592 0.004758554468411824 4.7585544728327780e-03 0.004758554477190869 0.004758554502065396   
514 4626 9.65744963163449e-06 20728.4627559102 0.004758554468411824 4.7585544709537733e-03 0.004758554485014497 0.004758554493197336   
515 4635 9.891576959662942e-06 23781.753430345074 0.004758554468411824 4.7585544725466146e-03 0.0047585544948266275 0.004758554502495221   
516 4644 1.0170593145171872e-05 23324.855969446773 0.004758554468411824 4.7585544760674458e-03 0.004758554487463304 0.004758554509664736   
517 4653 9.835373877520208e-06 23332.148749948552 0.004758554468411824 4.7585544713643121e-03 0.0047585544795503 0.0047585545052395446   
518 4662 9.229077983404547e-06 23376.61249883192 0.004758554468411824 4.7585544717396793e-03 0.0047585544784216165 0.004758554497655115   
519 4671 9.145526242710991e-06 22531.692883951142 0.004758554468411824 4.7585544735504835e-03 0.00475855448728107 0.004758554504319826   
520 4680 8.866141320445068e-06 23689.07459463757 0.004758554468411824 4.7585544744012352e-03 0.004758554489201562 0.004758554503136194   
521 4689 8.300367095831897e-06 24296.01526446908 0.004758554468411824 4.7585544712537686e-03 0.004758554489331651 0.004758554510282527   
522 4698 7.1514834254944965e-06 25433.52693741215 0.004758554468411824 4.7585544733494403e-03 0.00475855448181776 0.004758554490211728   
523 4707 6.330044402126356e-06 23674.17409688897 0.004758554468411824 4.7585544704519742e-03 0.004758554473857631 0.004758554485480344   
524 4716 5.521176049598183e-06 23368.983039184037 0.004758554468411824 4.7585544716358587e-03 0.004758554475384363 0.004758554492036062   
525 4725 5.929319173623855e-06 22448.163192253887 0.004758554468411824 4.7585544710400567e-03 0.004758554484497055 0.004758554498463713   
526 4734 5.899809860471393e-06 22624.37653438669 0.004758554468411824 4.7585544712393157e-03 0.004758554484797226 0.004758554505247573   
527 4743 5.299892243990206e-06 22241.99810667353 0.004758554468411824 4.7585544733986431e-03 0.004758554475608424 0.004758554493865574   
528 4752 5.109756253715089e-06 21254.928018587703 0.004758554468411824 4.7585544699873293e-03 0.00475855448117013 0.004758554495264396   
529 4761 5.319218679941438e-06 22616.932753493777 0.004758554468411824 4.7585544711365143e-03 0.004758554479512089 0.004758554500978962   
530 4770 5.11075664892743e-06 24513.836398952597 0.004758554468411824 4.7585544715193426e-03 0.004758554481964689 0.004758554496371215   
531 4779 4.995104423987996e-06 23200.789439800934 0.004758554468411824 4.7585544806187791e-03 0.004758554494853692 0.004758554530763796   
532 4788 4.815614159238701e-06 23752.519544746185 0.004758554468411824 4.7585544738792587e-03 0.004758554480370349 0.004758554492420549   
533 4797 4.93561974056447e-06 24001.531820132164 0.004758554468411824 4.7585544716302851e-03 0.0047585544799951755 0.004758554501556693   
534 4806 4.6286694375234454e-06 21050.017652573304 0.004758554468411824 4.7585544719467654e-03 0.0047585544827292705 0.004758554512410496   
535 4815 4.479711460551578e-06 22072.799420416664 0.004758554468411824 4.7585544766634343e-03 0.00475855448425328 0.004758554522865767   
536 4824 4.533472835669552e-06 24133.203413741827 0.004758554468411824 4.7585544721907196e-03 0.004758554494574385 0.004758554507146143   
537 4833 4.565328332722164e-06 22646.006693779054 0.004758554468411824 4.7585544720359953e-03 0.004758554482217471 0.004758554502970408   
538 4842 5.629706694397789e-06 22018.821720912198 0.004758554468411824 4.7585544711022752e-03 0.004758554493769615 0.0047585545125022645   
539 4851 5.558037692477905e-06 22685.879067899565 0.004758554468411824 4.7585544728118521e-03 0.004758554489008459 0.004758554503685282   
540 4860 5.535635155992718e-06 22659.67001688548 0.004758554468411824 4.7585544702514540e-03 0.004758554473694198 0.004758554509462029   
541 4869 5.258739253557806e-06 24044.43204255029 0.004758554468411824 4.7585544723174212e-03 0.004758554479665557 0.004758554499298543   
542 4878 4.98131458512183e-06 22765.19247993281 0.004758554468411824 4.7585544708176513e-03 0.004758554481394915 0.004758554499430731   
543 4887 4.499415295240896e-06 24110.87548062318 0.004758554468411824 4.7585544737788468e-03 0.0047585544829172755 0.004758554497485824   
544 4896 4.120258193043049e-06 22275.039655069577 0.004758554468411824 4.7585544713123545e-03 0.004758554475500839 0.004758554505108246   
545 4905 3.7559097504831335e-06 23067.40556505268 0.004758554468411824 4.7585544711723294e-03 0.004758554483827404 0.0047585545032515185   
546 4914 4.119158221193791e-06 23286.14334435839 0.004758554468411824 4.7585544710684246e-03 0.004758554485778066 0.004758554508837804   
547 4923 4.468725413353629e-06 22153.83282811718 0.004758554468411824 4.7585544752573785e-03 0.004758554489977199 0.004758554503082611   
548 4932 4.397569132435754e-06 22318.231436060247 0.004758554468411824 4.7585544714683304e-03 0.004758554485827996 0.004758554521872138   
549 4941 4.294865013938535e-06 23847.04373738696 0.004758554468411824 4.7585544714171812e-03 0.004758554480940814 0.004758554520949769   
550 4950 4.210647321861774e-06 22858.222060960543 0.004758554468411824 4.7585544729543839e-03 0.004758554481672135 0.004758554510447549   
551 4959 3.927209078775704e-06 23544.533354634452 0.004758554468411824 4.7585544712141908e-03 0.004758554476327619 0.004758554499132257   
552 4968 3.732730942184981e-06 21190.873109909633 0.004758554468411824 4.7585544708324901e-03 0.004758554483995272 0.004758554507796936   
553 4977 3.472361592930253e-06 20217.291077704554 0.004758554468411824 4.7585544705334177e-03 0.004758554479846583 0.004758554498529674   
554 4986 3.652641907306691e-06 20397.285710552922 0.004758554468411824 4.7585544708380213e-03 0.004758554481068103 0.00475855449633412   
555 4995 3.994269657606863e-06 22151.885788891992 0.004758554468411824 4.7585544710522639e-03 0.004758554481923976 0.00475855449684752   
556 5004 4.194196032640287e-06 25489.655034546136 0.004758554468411824 4.7585544725563048e-03 0.004758554480733448 0.004758554502801048   
557 5013 4.443423284615065e-06 26161.82298671495 0.004758554468411824 4.7585544714362710e-03 0.0047585544833577825 0.004758554515671904   
558 5022 4.483727751683806e-06 27618.104458928945 0.004758554468411824 4.7585544708919764e-03 0.004758554479431288 0.004758554507112183   
559 5031 4.616183532824303e-06 29841.00461309864 0.004758554468411824 4.7585544711255612e-03 0.0047585544922541705 0.004758554503976529   
560 5040 3.6614413551261338e-06 29088.212779972255 0.004758554468411824 4.7585544738070768e-03 0.004758554481099182 0.004758554505511196   
561 5049 3.4657358401717458e-06 29305.93300873575 0.004758554468411824 4.7585544723922285e-03 0.004758554476925292 0.0047585545061580945   
562 5058 3.7641849441922196e-06 29582.12333638242 0.004758554468411824 4.7585544714414570e-03 0.004758554475555346 0.004758554498110261   
563 5067 3.7519634525372635e-06 28013.265018814844 0.004758554468411824 4.7585544714941709e-03 0.00475855447983478 0.004758554507524643   
564 5076 4.178802868504315e-06 30341.57829947643 0.004758554468411824 4.7585544728363516e-03 0.004758554478923276 0.004758554509847384   
565 5085 4.809152357834755e-06 31159.523521548774 0.004758554468411824 4.7585544714110290e-03 0.004758554483900415 0.004758554519839921   
566 5094 4.492330370521904e-06 31476.483968778797 0.004758554468411824 4.7585544715691352e-03 0.004758554481225216 0.004758554500078291   
567 5103 4.166775878109015e-06 33631.98488535353 0.004758554468411824 4.7585544711905153e-03 0.004758554482204903 0.004758554518152779   
568 5112 4.284141032717473e-06 35156.08500220993 0.004758554468411824 4.7585544722025990e-03 0.0047585544871907234 0.004758554494870507   
569 5121 3.89140654837047e-06 31103.846142584243 0.004758554468411824 4.7585544721145236e-03 0.004758554484441947 0.004758554496059977   
570 5130 3.8132004459311306e-06 33364.849199288976 0.004758554468411824 4.7585544751151633e-03 0.004758554482045752 0.004758554507625072   
571 5139 3.2361182319555696e-06 33499.78284316845 0.004758554468411824 4.7585544722483324e-03 0.004758554480870169 0.0047585544935282225   
572 5148 3.0651848247219993e-06 34723.300211601025 0.004758554468411824 4.7585544738281832e-03 0.004758554487576902 0.004758554506057824   
573 5157 3.0574479934916277e-06 32830.079142327944 0.004758554468411824 4.7585544708883725e-03 0.004758554485321155 0.004758554500374304   
574 5166 3.030109593998427e-06 31168.6979151625 0.004758554468411824 4.7585544705681946e-03 0.004758554477478207 0.004758554497355727   
575 5175 3.10932090977616e-06 30906.92967872406 0.004758554468411824 4.7585544735412972e-03 0.004758554489984593 0.004758554494695097   
576 5184 3.004558854310044e-06 30402.897391229686 0.004758554468411824 4.7585544702542192e-03 0.004758554482353507 0.004758554495775199   
577 5193 3.5914872364762944e-06 30531.607068573416 0.004758554468411824 4.7585544710506932e-03 0.004758554481400433 0.004758554498230689   
578 5202 3.4110655304044218e-06 32476.79980537406 0.004758554468411824 4.7585544724861508e-03 0.004758554489222284 0.004758554504837888   
579 5211 3.4055469440787837e-06 34377.73233001454 0.004758554468411824 4.7585544711983398e-03 0.00475855447749827 0.004758554507118607   
580 5220 3.595366398513901e-06 36317.50734919864 0.004758554468411824 4.7585544721903648e-03 0.004758554481904158 0.0047585544948922885   
581 5229 4.564540122218781e-06 34208.32381248593 0.004758554468411824 4.7585544714228607e-03 0.004758554475181666 0.004758554519119587   
582 5238 5.641370827579208e-06 32974.23188756477 0.004758554468411824 4.7585544737290698e-03 0.004758554492901843 0.004758554520148105   
583 5247 4.882670328489865e-06 33835.05609574727 0.004758554468411824 4.7585544708767602e-03 0.004758554480367539 0.004758554494426241   
584 5256 4.138843254312457e-06 31522.605751174404 0.004758554468411824 4.7585544759656956e-03 0.004758554490588525 0.004758554510033953   
585 5265 3.9436017111036105e-06 30742.614815346136 0.004758554468411824 4.7585544711943630e-03 0.004758554481493964 0.004758554506294449   
586 5274 3.954639331465208e-06 31168.334815086873 0.004758554468411824 4.7585544705461931e-03 0.0047585544762185315 0.004758554508527043   
587 5283 3.973193154860781e-06 31050.29585539611 0.004758554468411824 4.7585544713915646e-03 0.004758554476601192 0.004758554497643763   
588 5292 4.110928408783719e-06 27333.812518154846 0.004758554468411824 4.7585544806022471e-03 0.0047585544874573235 0.004758554497476706   
589 5301 3.8182384454298935e-06 27028.516471175528 0.004758554468411824 4.7585544713365253e-03 0.004758554484289981 0.004758554500796958   
590 5310 3.901411947227214e-06 28512.41193653207 0.004758554468411824 4.7585544712466900e-03 0.00475855447780436 0.004758554510516624   
591 5319 3.509887293110794e-06 28047.82387027575 0.004758554468411824 4.7585544726488236e-03 0.004758554476320563 0.004758554496592082   
592 5328 4.157564388934483e-06 32098.88384982807 0.004758554468411824 4.7585544714752312e-03 0.004758554489679332 0.004758554499763522   
593 5337 4.785804309823821e-06 30827.879573675767 0.004758554468411824 4.7585544714512833e-03 0.004758554489546369 0.004758554518583853   
594 5346 4.774654379687601e-06 32424.254908379888 0.004758554468411824 4.7585544704072278e-03 0.00475855447852109 0.004758554492648305   
595 5355 4.300634252041516e-06 33113.952054283815 0.004758554468411824 4.7585544702680241e-03 0.00475855448022245 0.0047585545032890085   
596 5364 4.426655746790853e-06 33519.91343475305 0.004758554468411824 4.7585544705312181e-03 0.004758554478415958 0.004758554516664955   
597 5373 4.306421968183889e-06 36999.217471956115 0.004758554468411824 4.7585544710005458e-03 0.00475855447809935 0.004758554500861461   
598 5382 4.614809948872365e-06 36525.41100851069 0.004758554468411824 4.7585544705880545e-03 0.004758554471584609 0.004758554494669848   
599 5391 5.129653812976715e-06 39405.1006252139 0.004758554468411824 4.7585544710639378e-03 0.004758554482770315 0.004758554509852013   
600 5400 6.129781223346138e-06 40658.9149990434 0.004758554468411824 4.7585544755917170e-03 0.004758554486699144 0.004758554510260134   
601 5409 5.854628456453957e-06 40865.74108592223 0.004758554468411824 4.7585544816497937e-03 0.004758554488704889 0.004758554505400412   
602 5418 5.721926546013421e-06 43214.279332860286 0.004758554468411824 4.7585544711754284e-03 0.004758554475880657 0.004758554481964309   
603 5427 5.632484273234509e-06 43117.60683834213 0.004758554468411824 4.7585544703476904e-03 0.004758554489148747 0.00475855450119802   
604 5436 5.938928401918125e-06 45162.90744756727 0.004758554468411824 4.7585544714457565e-03 0.004758554472999102 0.004758554491108128   
605 5445 5.944745582535615e-06 46827.17257335669 0.004758554468411824 4.7585544785762749e-03 0.004758554483303722 0.004758554504219406   
606 5454 5.824794992442721e-06 44488.20045670157 0.004758554468411824 4.7585544753252990e-03 0.004758554482359579 0.004758554501140921   
607 5463 5.705353102356458e-06 42892.705746505344 0.004758554468411824 4.7585544724240876e-03 0.004758554486389575 0.0047585545183300324   
608 5472 5.103092905706974e-06 37385.58044979758 0.004758554468411824 4.7585544727049584e-03 0.0047585544838372115 0.004758554509804076   
609 5481 4.770844029717155e-06 38754.823892510656 0.004758554468411824 4.7585544721732440e-03 0.004758554490299471 0.00475855449512745   
610 5490 5.229672460198484e-06 40411.57969044408 0.004758554468411824 4.7585544710631580e-03 0.004758554483087021 0.004758554497289621   
611 5499 6.063666014434957e-06 39161.28961600012 0.004758554468411824 4.7585544727954017e-03 0.004758554482206753 0.004758554512484967   
612 5508 6.297430589633979e-06 41552.699673858835 0.004758554468411824 4.7585544713316030e-03 0.004758554477227612 0.00475855450020324   
613 5517 5.801640570917486e-06 40108.65836091825 0.004758554468411824 4.7585544758594611e-03 0.004758554486801704 0.004758554507396324   
614 5526 5.91184509359751e-06 43451.44687658937 0.004758554468411824 4.7585544715785574e-03 0.004758554478998336 0.004758554501176267   
615 5535 6.2773446981091116e-06 45474.33670930088 0.004758554468411824 4.7585544711740771e-03 0.0047585544827301665 0.004758554495884283   
616 5544 6.0812451464286745e-06 44151.33875858767 0.004758554468411824 4.7585544730760591e-03 0.004758554481512233 0.0047585544935572375   
617 5553 5.506448088918111e-06 43153.0594462313 0.004758554468411824 4.7585544713123857e-03 0.004758554483899332 0.004758554501700413   
618 5562 5.379285586290925e-06 42236.508633580386 0.004758554468411824 4.7585544724819476e-03 0.00475855448399261 0.004758554494865835   
619 5571 5.407159881931705e-06 39136.89155488922 0.004758554468411824 4.7585544719498654e-03 0.0047585544776682105 0.004758554485740023   
620 5580 5.878292246860898e-06 39730.140910917726 0.004758554468411824 4.7585544727827686e-03 0.004758554489896578 0.004758554505952095   
621 5589 6.310726511460313e-06 43941.10135337293 0.004758554468411824 4.7585544718714698e-03 0.004758554479299423 0.004758554498213385   
622 5598 6.832689687320583e-06 37208.707091765515 0.004758554468411824 4.7585544756470729e-03 0.0047585544878489955 0.004758554515724421   
623 5607 8.02735244961818e-06 36024.64388163129 0.004758554468411824 4.7585544711896749e-03 0.004758554487430717 0.004758554502803696   
624 5616 8.079609869022137e-06 35479.44692894619 0.004758554468411824 4.7585544738979807e-03 0.004758554482832637 0.0047585544960277604   
625 5625 8.840232960403435e-06 35354.03617082632 0.004758554468411824 4.7585544726282845e-03 0.0047585544865081245 0.004758554498985093   
626 5634 9.042645409373646e-06 34963.50073427826 0.004758554468411824 4.7585544709410187e-03 0.004758554479543813 0.00475855448551288   
627 5643 8.62248419901606e-06 37078.63196568647 0.004758554468411824 4.7585544739596735e-03 0.004758554478005101 0.004758554492578643   
628 5652 8.085273263947574e-06 36494.42847436225 0.004758554468411824 4.7585544711226070e-03 0.004758554491894898 0.004758554497697408   
629 5661 8.035615801898528e-06 36094.80239214549 0.004758554468411824 4.7585544705343215e-03 0.00475855448062294 0.004758554525897375   
630 5670 8.692118784129762e-06 37498.11563041594 0.004758554468411824 4.7585544717639976e-03 0.0047585544772350994 0.004758554493030865   
631 5679 7.470135675581422e-06 43066.266229446745 0.004758554468411824 4.7585544719463413e-03 0.004758554486532651 0.00475855449955138   
632 5688 6.357512346127691e-06 42521.76216956437 0.004758554468411824 4.7585544714703904e-03 0.004758554487125123 0.004758554499612177   
633 5697 5.446328837998546e-06 44552.72173198011 0.004758554468411824 4.7585544712164755e-03 0.004758554479233039 0.004758554494315089   
634 5706 4.988463669308211e-06 43034.19617672782 0.004758554468411824 4.7585544756310856e-03 0.004758554490965202 0.004758554530033938   
635 5715 4.422366708053181e-06 39345.439012495284 0.004758554468411824 4.7585544727376146e-03 0.004758554486595021 0.004758554502609071   
636 5724 4.304922095114185e-06 42941.782004997935 0.004758554468411824 4.7585544711206199e-03 0.004758554481868356 0.004758554493633057   
637 5733 4.2785422802326205e-06 41220.18045162223 0.004758554468411824 4.7585544720166895e-03 0.00475855448909705 0.004758554495799502   
638 5742 4.64357430717062e-06 41797.5925226919 0.004758554468411824 4.7585544714037848e-03 0.004758554485943188 0.0047585544895765285   
639 5751 4.629457474923302e-06 38387.54279872129 0.004758554468411824 4.7585544708181101e-03 0.004758554477587742 0.004758554528703065   
640 5760 4.5668421965164845e-06 38587.991710852875 0.004758554468411824 4.7585544724031642e-03 0.004758554485240344 0.004758554503850584   
641 5769 4.654826174457558e-06 40875.72769878778 0.004758554468411824 4.7585544710036544e-03 0.0047585544846699785 0.00475855449776347   
642 5778 4.3247803366748925e-06 43100.80517382573 0.004758554468411824 4.7585544711418199e-03 0.004758554484486432 0.004758554521446013   
643 5787 4.270262129464861e-06 44502.474857739464 0.004758554468411824 4.7585544724351525e-03 0.004758554479238772 0.00475855448933247   
644 5796 4.57083152892578e-06 43165.80412263786 0.004758554468411824 4.7585544726601514e-03 0.004758554479982147 0.004758554508301064   
645 5805 4.147462868998296e-06 41503.041889745335 0.004758554468411824 4.7585544718317056e-03 0.004758554481286634 0.004758554511475412   
646 5814 3.834352448889291e-06 40652.82017927707 0.004758554468411824 4.7585544716583035e-03 0.004758554481689478 0.00475855450036055   
647 5823 3.82631881617395e-06 43849.99271743216 0.004758554468411824 4.7585544710646056e-03 0.004758554473976627 0.004758554492719679   
648 5832 3.395798425475061e-06 45130.63167722795 0.004758554468411824 4.7585544696995994e-03 0.004758554485237515 0.00475855453531328   
649 5841 3.0884365726790295e-06 48341.1059737503 0.004758554468411824 4.7585544717456893e-03 0.004758554486830296 0.004758554528715561   
650 5850 2.677080052379079e-06 46078.977065058374 0.004758554468411824 4.7585544739769670e-03 0.004758554477855652 0.00475855449998021   
651 5859 2.511907962915125e-06 48490.81139481889 0.004758554468411824 4.7585544703808219e-03 0.004758554479641382 0.004758554501078248   
652 5868 2.6406629856741186e-06 49419.63939125666 0.004758554468411824 4.7585544714583055e-03 0.004758554480527755 0.00475855450142475   
653 5877 2.820316646731841e-06 49675.36519271555 0.004758554468411824 4.7585544714893986e-03 0.004758554485189673 0.004758554502134822   
654 5886 2.9708115431444467e-06 50731.83805397177 0.004758554468411824 4.7585544716640558e-03 0.004758554478736033 0.004758554494843807   
655 5895 3.451788154362968e-06 58691.14404026778 0.004758554468411824 4.7585544777828843e-03 0.004758554483035335 0.004758554505553814   
656 5904 3.3676820222702744e-06 59106.1707880857 0.004758554468411824 4.7585544713598729e-03 0.004758554478837314 0.004758554489626967   
657 5913 3.1529581580094916e-06 60618.316383447105 0.004758554468411824 4.7585544724288789e-03 0.004758554485800907 0.0047585545085385254   
658 5922 2.88097601203377e-06 63151.243229893655 0.004758554468411824 4.7585544718296994e-03 0.004758554482977545 0.004758554495962556   
659 5931 2.6572276228700263e-06 65527.2829141236 0.004758554468411824 4.7585544702856974e-03 0.004758554480710978 0.004758554496986724   
660 5940 2.6529441266842186e-06 63541.26261709688 0.004758554468411824 4.7585544701008679e-03 0.004758554479339819 0.004758554498273389   
661 5949 2.7907699436479933e-06 65717.0481435022 0.004758554468411824 4.7585544780367160e-03 0.004758554484688546 0.004758554494987631   
662 5958 3.5444792222024387e-06 63856.11187329346 0.004758554468411824 4.7585544739067835e-03 0.004758554483243952 0.004758554524068941   
663 5967 3.937494364919793e-06 65866.08288240747 0.004758554468411824 4.7585544786629737e-03 0.004758554489727337 0.004758554510725061   
664 5976 3.5771562434640517e-06 65004.987215953755 0.004758554468411824 4.7585544708682523e-03 0.004758554491642034 0.004758554501247672   
665 5985 3.0655635291777656e-06 62893.23228520967 0.004758554468411824 4.7585544720891689e-03 0.004758554477762821 0.004758554500515801   
666 5994 2.8650685586669592e-06 61089.08058173502 0.004758554468411824 4.7585544726014249e-03 0.004758554484970608 0.004758554506483676   
667 6003 2.95465285424652e-06 62248.84105981193 0.004758554468411824 4.7585544715053841e-03 0.004758554480583243 0.004758554496872568   
668 6012 2.9913069762676886e-06 64121.66101581225 0.004758554468411824 4.7585544708138965e-03 0.004758554477380187 0.004758554500541532   
669 6021 2.645310230011111e-06 65792.06904191567 0.004758554468411824 4.7585544726632314e-03 0.0047585544927798915 0.004758554512289572   
670 6030 2.316953226292915e-06 65769.02348107415 0.004758554468411824 4.7585544706091965e-03 0.004758554491823112 0.00475855452431507   
671 6039 2.136102096544856e-06 64904.02616662787 0.004758554468411824 4.7585544717602766e-03 0.004758554483396087 0.004758554501832826   
672 6048 1.998337271674439e-06 66078.03333935441 0.004758554468411824 4.7585544729693580e-03 0.00475855448357492 0.004758554512323701   
673 6057 1.6299037293045707e-06 60553.34636092622 0.004758554468411824 4.7585544718808511e-03 0.004758554482613469 0.004758554495164748   
674 6066 1.5643547363997012e-06 58096.78615433068 0.004758554468411824 4.7585544718982721e-03 0.004758554481574686 0.00475855451300987   
675 6075 1.4752586917370686e-06 60515.876502203115 0.004758554468411824 4.7585544719222052e-03 0.004758554486502543 0.00475855451664657   
676 6084 1.5473686152606725e-06 56360.481502289855 0.004758554468411824 4.7585544711877667e-03 0.004758554480815627 0.004758554495930172   
677 6093 1.6933927847427319e-06 53947.3963947916 0.004758554468411824 4.7585544705051053e-03 0.004758554487861012 0.004758554517086683   
678 6102 2.0757827047874336e-06 53839.914159511965 0.004758554468411824 4.7585544713269826e-03 0.004758554477920363 0.004758554508956801   
679 6111 2.1674480161085882e-06 59746.15454853055 0.004758554468411824 4.7585544713283703e-03 0.004758554481226183 0.0047585544922578125   
680 6120 1.9880194530876107e-06 58675.13950993899 0.004758554468411824 4.7585544717629255e-03 0.00475855448035209 0.004758554496867809   
681 6129 1.8659341250752644e-06 59813.17023712511 0.004758554468411824 4.7585544706907268e-03 0.004758554489335007 0.00475855450346417   
682 6138 1.8015615007844534e-06 55468.25172592845 0.004758554468411824 4.7585544720480447e-03 0.004758554486583257 0.004758554497705459   
683 6147 2.2249071980056837e-06 55657.19654768454 0.004758554468411824 4.7585544731353945e-03 0.004758554481816409 0.004758554505730823   
684 6156 2.352219603410958e-06 56744.87245919427 0.004758554468411824 4.7585544715966254e-03 0.004758554482236148 0.004758554489972645   
685 6165 2.366585419330287e-06 60261.757228764196 0.004758554468411824 4.7585544703083521e-03 0.00475855449378986 0.004758554504853146   
686 6174 2.590389659524514e-06 62409.98504878644 0.004758554468411824 4.7585544746984211e-03 0.004758554486882715 0.004758554497125315   
687 6183 2.2955713002999007e-06 63381.11879185963 0.004758554468411824 4.7585544718710690e-03 0.0047585544768629 0.004758554492784815   
688 6192 2.171357126340775e-06 59512.40514605686 0.004758554468411824 4.7585544732210768e-03 0.004758554481881158 0.004758554498724948   
689 6201 2.031554601889433e-06 62203.320251451325 0.004758554468411824 4.7585544702101546e-03 0.00475855448004855 0.004758554490777775   
690 6210 2.086021183178219e-06 60201.34391131602 0.004758554468411824 4.7585544741659391e-03 0.004758554494293012 0.004758554506880457   
691 6219 1.9325752162831206e-06 60870.96076813441 0.004758554468411824 4.7585544716486584e-03 0.004758554487272952 0.004758554505551155   
692 6228 1.988331162923838e-06 63118.60061478504 0.004758554468411824 4.7585544786831928e-03 0.00475855449039031 0.004758554506561185   
693 6237 2.019564331700626e-06 58032.449444415906 0.004758554468411824 4.7585544702708838e-03 0.004758554481497861 0.0047585545010190855   
694 6246 2.38348230191588e-06 57490.92905363143 0.004758554468411824 4.7585544719358185e-03 0.004758554491836906 0.00475855450455977   
695 6255 2.2129145614240846e-06 61348.53569197177 0.004758554468411824 4.7585544717833267e-03 0.004758554475023171 0.00475855450098665   
696 6264 2.1613019151935125e-06 63903.82817124918 0.004758554468411824 4.7585544740160598e-03 0.004758554489189295 0.004758554504903285   
697 6273 2.375463768856653e-06 63875.25282675641 0.004758554468411824 4.7585544749533812e-03 0.004758554487551839 0.004758554498779494   
698 6282 2.479214110853811e-06 63585.02379187397 0.004758554468411824 4.7585544732096250e-03 0.004758554476593881 0.004758554499989572   
699 6291 2.153239784584626e-06 70267.77001579737 0.004758554468411824 4.7585544712689326e-03 0.00475855447641488 0.004758554501696233   
700 6300 2.124941560155911e-06 77653.6814110862 0.004758554468411824 4.7585544738522230e-03 0.004758554484081216 0.004758554514229025   
701 6309 2.060585070996599e-06 76690.52351746974 0.004758554468411824 4.7585544707330280e-03 0.004758554488477404 0.004758554517055295   
702 6318 1.9244276759723983e-06 80654.74966654851 0.004758554468411824 4.7585544725314444e-03 0.004758554492395094 0.004758554513032972   
703 6327 1.8251420117507394e-06 87482.6233134282 0.004758554468411824 4.7585544705508361e-03 0.004758554481939866 0.0047585545045273495   
704 6336 1.8068186086672309e-06 88045.93651865823 0.004758554468411824 4.7585544711156117e-03 0.004758554487153024 0.004758554501368706   
705 6345 1.7942726241919475e-06 86053.26780053908 0.004758554468411824 4.7585544763069799e-03 0.004758554490685569 0.004758554497120841   
706 6354 1.7121870817435606e-06 88356.01300404797 0.004758554468411824 4.7585544749187657e-03 0.004758554482999024 0.004758554500617185   
707 6363 1.5118474297154916e-06 91067.26390319734 0.004758554468411824 4.7585544718897858e-03 0.004758554483888497 0.004758554491260171   
708 6372 1.4727250409315286e-06 97795.51240157272 0.004758554468411824 4.7585544749514826e-03 0.004758554479130594 0.004758554501259893   
709 6381 1.7383963064215828e-06 105424.919451963 0.004758554468411824 4.7585544719333127e-03 0.0047585544867788515 0.0047585545006445275   
710 6390 1.9160140505577126e-06 101076.34735476991 0.004758554468411824 4.7585544718735358e-03 0.004758554488342014 0.0047585545040745095   
