% # columns="iteration, evaluation, min max(neg(.)) min(pos(.)) max correlation, correlation matrix principal axes lengths  (sorted square roots of eigenvalues of correlation matrix)", seed=477531, Thu Nov 30 11:14:22 2023
1 9 -0.13706972547746027 -0.03494664281963274 0.02149355952764931 0.08364625901500718 0.918910337685386 0.9507276533942638 0.9777457631744737 0.9919906181845987 1.0549670989817936 1.0948666477979905
2 18 -0.13706972547746027 -0.03494664281963274 0.02149355952764931 0.08364625901500718 0.918910337685386 0.9507276533942638 0.9777457631744737 0.9919906181845987 1.0549670989817936 1.0948666477979905
3 27 -0.13706972547746027 -0.03494664281963274 0.02149355952764931 0.08364625901500718 0.918910337685386 0.9507276533942638 0.9777457631744737 0.9919906181845987 1.0549670989817936 1.0948666477979905
4 36 -0.13706972547746027 -0.03494664281963274 0.02149355952764931 0.08364625901500718 0.918910337685386 0.9507276533942638 0.9777457631744737 0.9919906181845987 1.0549670989817936 1.0948666477979905
5 45 -0.13706972547746027 -0.03494664281963274 0.02149355952764931 0.08364625901500718 0.918910337685386 0.9507276533942638 0.9777457631744737 0.9919906181845987 1.0549670989817936 1.0948666477979905
6 54 -0.13706972547746027 -0.03494664281963274 0.02149355952764931 0.08364625901500718 0.918910337685386 0.9507276533942638 0.9777457631744737 0.9919906181845987 1.0549670989817936 1.0948666477979905
7 63 -0.2210690930219292 -0.11308044322601123 0.08894071441333232 0.1712723231640563 0.8519010076010759 0.8975392890719502 0.9207702783444213 0.9729649603222243 1.0569344101204736 1.2478376621285658
8 72 -0.2210690930219292 -0.11308044322601123 0.08894071441333232 0.1712723231640563 0.8519010076010759 0.8975392890719502 0.9207702783444213 0.9729649603222243 1.0569344101204736 1.2478376621285658
9 81 -0.2210690930219292 -0.11308044322601123 0.08894071441333232 0.1712723231640563 0.8519010076010759 0.8975392890719502 0.9207702783444213 0.9729649603222243 1.0569344101204736 1.2478376621285658
10 90 -0.2210690930219292 -0.11308044322601123 0.08894071441333232 0.1712723231640563 0.8519010076010759 0.8975392890719502 0.9207702783444213 0.9729649603222243 1.0569344101204736 1.2478376621285658
11 99 -0.2210690930219292 -0.11308044322601123 0.08894071441333232 0.1712723231640563 0.8519010076010759 0.8975392890719502 0.9207702783444213 0.9729649603222243 1.0569344101204736 1.2478376621285658
12 108 -0.2210690930219292 -0.11308044322601123 0.08894071441333232 0.1712723231640563 0.8519010076010759 0.8975392890719502 0.9207702783444213 0.9729649603222243 1.0569344101204736 1.2478376621285658
13 117 -0.3797983415633427 -0.21201129879536798 0.14111802688341876 0.35350248497509673 0.7315875863683574 0.7727973158517012 0.8249410589629644 1.0363479135680238 1.1228469625301916 1.3609679871698364
14 126 -0.3797983415633427 -0.21201129879536798 0.14111802688341876 0.35350248497509673 0.7315875863683574 0.7727973158517012 0.8249410589629644 1.0363479135680238 1.1228469625301916 1.3609679871698364
15 135 -0.3797983415633427 -0.21201129879536798 0.14111802688341876 0.35350248497509673 0.7315875863683574 0.7727973158517012 0.8249410589629644 1.0363479135680238 1.1228469625301916 1.3609679871698364
16 144 -0.3797983415633427 -0.21201129879536798 0.14111802688341876 0.35350248497509673 0.7315875863683574 0.7727973158517012 0.8249410589629644 1.0363479135680238 1.1228469625301916 1.3609679871698364
17 153 -0.3797983415633427 -0.21201129879536798 0.14111802688341876 0.35350248497509673 0.7315875863683574 0.7727973158517012 0.8249410589629644 1.0363479135680238 1.1228469625301916 1.3609679871698364
18 162 -0.3797983415633427 -0.21201129879536798 0.14111802688341876 0.35350248497509673 0.7315875863683574 0.7727973158517012 0.8249410589629644 1.0363479135680238 1.1228469625301916 1.3609679871698364
19 171 -0.5572827299449039 -0.24904302049997917 0.12341056308361133 0.5287450587385653 0.5972827746048581 0.6785181751577908 0.8186136930118262 0.9306611805770265 1.2203256144472137 1.4688135199695738
20 180 -0.5572827299449039 -0.24904302049997917 0.12341056308361133 0.5287450587385653 0.5972827746048581 0.6785181751577908 0.8186136930118262 0.9306611805770265 1.2203256144472137 1.4688135199695738
21 189 -0.5572827299449039 -0.24904302049997917 0.12341056308361133 0.5287450587385653 0.5972827746048581 0.6785181751577908 0.8186136930118262 0.9306611805770265 1.2203256144472137 1.4688135199695738
22 198 -0.5572827299449039 -0.24904302049997917 0.12341056308361133 0.5287450587385653 0.5972827746048581 0.6785181751577908 0.8186136930118262 0.9306611805770265 1.2203256144472137 1.4688135199695738
23 207 -0.5572827299449039 -0.24904302049997917 0.12341056308361133 0.5287450587385653 0.5972827746048581 0.6785181751577908 0.8186136930118262 0.9306611805770265 1.2203256144472137 1.4688135199695738
24 216 -0.5572827299449039 -0.24904302049997917 0.12341056308361133 0.5287450587385653 0.5972827746048581 0.6785181751577908 0.8186136930118262 0.9306611805770265 1.2203256144472137 1.4688135199695738
25 225 -0.45572064421974323 -0.3507476795161402 0.18393837647961983 0.6994789442673445 0.5008269816169908 0.6272764367830903 0.7906610862460429 0.9076263855902608 1.228020067061396 1.5487842690679154
26 234 -0.45572064421974323 -0.3507476795161402 0.18393837647961983 0.6994789442673445 0.5008269816169908 0.6272764367830903 0.7906610862460429 0.9076263855902608 1.228020067061396 1.5487842690679154
27 243 -0.45572064421974323 -0.3507476795161402 0.18393837647961983 0.6994789442673445 0.5008269816169908 0.6272764367830903 0.7906610862460429 0.9076263855902608 1.228020067061396 1.5487842690679154
28 252 -0.45572064421974323 -0.3507476795161402 0.18393837647961983 0.6994789442673445 0.5008269816169908 0.6272764367830903 0.7906610862460429 0.9076263855902608 1.228020067061396 1.5487842690679154
29 261 -0.45572064421974323 -0.3507476795161402 0.18393837647961983 0.6994789442673445 0.5008269816169908 0.6272764367830903 0.7906610862460429 0.9076263855902608 1.228020067061396 1.5487842690679154
30 270 -0.45572064421974323 -0.3507476795161402 0.18393837647961983 0.6994789442673445 0.5008269816169908 0.6272764367830903 0.7906610862460429 0.9076263855902608 1.228020067061396 1.5487842690679154
31 279 -0.53096368369714 -0.3699343911114863 0.17393782313690342 0.6898371088480183 0.524360267249592 0.577450517642916 0.6937312650349527 0.9513585430071708 1.2843255446879662 1.5348481878108007
32 288 -0.53096368369714 -0.3699343911114863 0.17393782313690342 0.6898371088480183 0.524360267249592 0.577450517642916 0.6937312650349527 0.9513585430071708 1.2843255446879662 1.5348481878108007
33 297 -0.53096368369714 -0.3699343911114863 0.17393782313690342 0.6898371088480183 0.524360267249592 0.577450517642916 0.6937312650349527 0.9513585430071708 1.2843255446879662 1.5348481878108007
34 306 -0.53096368369714 -0.3699343911114863 0.17393782313690342 0.6898371088480183 0.524360267249592 0.577450517642916 0.6937312650349527 0.9513585430071708 1.2843255446879662 1.5348481878108007
35 315 -0.53096368369714 -0.3699343911114863 0.17393782313690342 0.6898371088480183 0.524360267249592 0.577450517642916 0.6937312650349527 0.9513585430071708 1.2843255446879662 1.5348481878108007
36 324 -0.53096368369714 -0.3699343911114863 0.17393782313690342 0.6898371088480183 0.524360267249592 0.577450517642916 0.6937312650349527 0.9513585430071708 1.2843255446879662 1.5348481878108007
37 333 -0.6451198598894594 -0.3627140211138804 0.1713759954594235 0.7873519006567525 0.40892355395186025 0.5409186459467804 0.6810584046412529 0.9476784864266816 1.2635960992876694 1.606729093278333
38 342 -0.6451198598894594 -0.3627140211138804 0.1713759954594235 0.7873519006567525 0.40892355395186025 0.5409186459467804 0.6810584046412529 0.9476784864266816 1.2635960992876694 1.606729093278333
39 351 -0.6451198598894594 -0.3627140211138804 0.1713759954594235 0.7873519006567525 0.40892355395186025 0.5409186459467804 0.6810584046412529 0.9476784864266816 1.2635960992876694 1.606729093278333
40 360 -0.6451198598894594 -0.3627140211138804 0.1713759954594235 0.7873519006567525 0.40892355395186025 0.5409186459467804 0.6810584046412529 0.9476784864266816 1.2635960992876694 1.606729093278333
41 369 -0.6451198598894594 -0.3627140211138804 0.1713759954594235 0.7873519006567525 0.40892355395186025 0.5409186459467804 0.6810584046412529 0.9476784864266816 1.2635960992876694 1.606729093278333
42 378 -0.6451198598894594 -0.3627140211138804 0.1713759954594235 0.7873519006567525 0.40892355395186025 0.5409186459467804 0.6810584046412529 0.9476784864266816 1.2635960992876694 1.606729093278333
43 387 -0.7711607574571162 -0.498426509999202 0.18943121213170344 0.8344302510726971 0.3033824884646507 0.468025323417781 0.5454200995773794 0.8422051416283971 1.3179071229304375 1.7161700358803582
44 396 -0.7711607574571162 -0.498426509999202 0.18943121213170344 0.8344302510726971 0.3033824884646507 0.468025323417781 0.5454200995773794 0.8422051416283971 1.3179071229304375 1.7161700358803582
45 405 -0.7711607574571162 -0.498426509999202 0.18943121213170344 0.8344302510726971 0.3033824884646507 0.468025323417781 0.5454200995773794 0.8422051416283971 1.3179071229304375 1.7161700358803582
46 414 -0.7711607574571162 -0.498426509999202 0.18943121213170344 0.8344302510726971 0.3033824884646507 0.468025323417781 0.5454200995773794 0.8422051416283971 1.3179071229304375 1.7161700358803582
47 423 -0.7711607574571162 -0.498426509999202 0.18943121213170344 0.8344302510726971 0.3033824884646507 0.468025323417781 0.5454200995773794 0.8422051416283971 1.3179071229304375 1.7161700358803582
48 432 -0.7711607574571162 -0.498426509999202 0.18943121213170344 0.8344302510726971 0.3033824884646507 0.468025323417781 0.5454200995773794 0.8422051416283971 1.3179071229304375 1.7161700358803582
49 441 -0.8316616854422717 -0.5149344344621632 0.17708609921988927 0.8038170608321122 0.3113848997587141 0.42783965509372224 0.5469742086068129 0.8024331540052767 1.3195995288288007 1.7422887262788682
50 450 -0.8316616854422717 -0.5149344344621632 0.17708609921988927 0.8038170608321122 0.3113848997587141 0.42783965509372224 0.5469742086068129 0.8024331540052767 1.3195995288288007 1.7422887262788682
51 459 -0.8316616854422717 -0.5149344344621632 0.17708609921988927 0.8038170608321122 0.3113848997587141 0.42783965509372224 0.5469742086068129 0.8024331540052767 1.3195995288288007 1.7422887262788682
52 468 -0.8316616854422717 -0.5149344344621632 0.17708609921988927 0.8038170608321122 0.3113848997587141 0.42783965509372224 0.5469742086068129 0.8024331540052767 1.3195995288288007 1.7422887262788682
53 477 -0.8316616854422717 -0.5149344344621632 0.17708609921988927 0.8038170608321122 0.3113848997587141 0.42783965509372224 0.5469742086068129 0.8024331540052767 1.3195995288288007 1.7422887262788682
54 486 -0.8316616854422717 -0.5149344344621632 0.17708609921988927 0.8038170608321122 0.3113848997587141 0.42783965509372224 0.5469742086068129 0.8024331540052767 1.3195995288288007 1.7422887262788682
55 495 -0.8532665617692129 -0.5730081395478094 0.1189692229014143 0.7608471414852798 0.27234252464867337 0.34921640310759045 0.5280686588293477 0.84605251501154 1.3812239762290064 1.7033603300428062
56 504 -0.8532665617692129 -0.5730081395478094 0.1189692229014143 0.7608471414852798 0.27234252464867337 0.34921640310759045 0.5280686588293477 0.84605251501154 1.3812239762290064 1.7033603300428062
57 513 -0.8532665617692129 -0.5730081395478094 0.1189692229014143 0.7608471414852798 0.27234252464867337 0.34921640310759045 0.5280686588293477 0.84605251501154 1.3812239762290064 1.7033603300428062
58 522 -0.8532665617692129 -0.5730081395478094 0.1189692229014143 0.7608471414852798 0.27234252464867337 0.34921640310759045 0.5280686588293477 0.84605251501154 1.3812239762290064 1.7033603300428062
59 531 -0.8532665617692129 -0.5730081395478094 0.1189692229014143 0.7608471414852798 0.27234252464867337 0.34921640310759045 0.5280686588293477 0.84605251501154 1.3812239762290064 1.7033603300428062
60 540 -0.8532665617692129 -0.5730081395478094 0.1189692229014143 0.7608471414852798 0.27234252464867337 0.34921640310759045 0.5280686588293477 0.84605251501154 1.3812239762290064 1.7033603300428062
61 549 -0.9391873204345297 -0.6572466197649984 0.3132571680734729 0.778901696364193 0.1814994842845688 0.25744197348262343 0.5095163801430643 0.7104399422529649 1.2100665551285774 1.9162955530060013
62 558 -0.9391873204345297 -0.6572466197649984 0.3132571680734729 0.778901696364193 0.1814994842845688 0.25744197348262343 0.5095163801430643 0.7104399422529649 1.2100665551285774 1.9162955530060013
63 567 -0.9391873204345297 -0.6572466197649984 0.3132571680734729 0.778901696364193 0.1814994842845688 0.25744197348262343 0.5095163801430643 0.7104399422529649 1.2100665551285774 1.9162955530060013
64 576 -0.9391873204345297 -0.6572466197649984 0.3132571680734729 0.778901696364193 0.1814994842845688 0.25744197348262343 0.5095163801430643 0.7104399422529649 1.2100665551285774 1.9162955530060013
65 585 -0.9391873204345297 -0.6572466197649984 0.3132571680734729 0.778901696364193 0.1814994842845688 0.25744197348262343 0.5095163801430643 0.7104399422529649 1.2100665551285774 1.9162955530060013
66 594 -0.9391873204345297 -0.6572466197649984 0.3132571680734729 0.778901696364193 0.1814994842845688 0.25744197348262343 0.5095163801430643 0.7104399422529649 1.2100665551285774 1.9162955530060013
67 603 -0.9521702840706944 -0.7265026047207659 0.23683478427330704 0.8405481180085722 0.1356545323970145 0.21079809587889722 0.4259126270067353 0.6426116242161894 1.283826791004434 1.9221341045545406
68 612 -0.9521702840706944 -0.7265026047207659 0.23683478427330704 0.8405481180085722 0.1356545323970145 0.21079809587889722 0.4259126270067353 0.6426116242161894 1.283826791004434 1.9221341045545406
69 621 -0.9521702840706944 -0.7265026047207659 0.23683478427330704 0.8405481180085722 0.1356545323970145 0.21079809587889722 0.4259126270067353 0.6426116242161894 1.283826791004434 1.9221341045545406
70 630 -0.9521702840706944 -0.7265026047207659 0.23683478427330704 0.8405481180085722 0.1356545323970145 0.21079809587889722 0.4259126270067353 0.6426116242161894 1.283826791004434 1.9221341045545406
71 639 -0.9521702840706944 -0.7265026047207659 0.23683478427330704 0.8405481180085722 0.1356545323970145 0.21079809587889722 0.4259126270067353 0.6426116242161894 1.283826791004434 1.9221341045545406
72 648 -0.9521702840706944 -0.7265026047207659 0.23683478427330704 0.8405481180085722 0.1356545323970145 0.21079809587889722 0.4259126270067353 0.6426116242161894 1.283826791004434 1.9221341045545406
73 657 -0.9577712455890022 -0.7409927158136029 0.2456279247231607 0.8288131353168475 0.11432870295101988 0.2030252983351506 0.4141485318100984 0.635243711919287 1.277968885928409 1.9332489810117344
74 666 -0.9577712455890022 -0.7409927158136029 0.2456279247231607 0.8288131353168475 0.11432870295101988 0.2030252983351506 0.4141485318100984 0.635243711919287 1.277968885928409 1.9332489810117344
75 675 -0.9577712455890022 -0.7409927158136029 0.2456279247231607 0.8288131353168475 0.11432870295101988 0.2030252983351506 0.4141485318100984 0.635243711919287 1.277968885928409 1.9332489810117344
76 684 -0.9577712455890022 -0.7409927158136029 0.2456279247231607 0.8288131353168475 0.11432870295101988 0.2030252983351506 0.4141485318100984 0.635243711919287 1.277968885928409 1.9332489810117344
77 693 -0.9577712455890022 -0.7409927158136029 0.2456279247231607 0.8288131353168475 0.11432870295101988 0.2030252983351506 0.4141485318100984 0.635243711919287 1.277968885928409 1.9332489810117344
78 702 -0.9577712455890022 -0.7409927158136029 0.2456279247231607 0.8288131353168475 0.11432870295101988 0.2030252983351506 0.4141485318100984 0.635243711919287 1.277968885928409 1.9332489810117344
79 711 -0.9676586127165009 -0.7222257269141068 0.22540188889679585 0.8086516616043338 0.11295130914909056 0.17582146569409948 0.3823133367959019 0.6886233100466805 1.3065680424112347 1.904952286510267
80 720 -0.9676586127165009 -0.7222257269141068 0.22540188889679585 0.8086516616043338 0.11295130914909056 0.17582146569409948 0.3823133367959019 0.6886233100466805 1.3065680424112347 1.904952286510267
81 729 -0.9676586127165009 -0.7222257269141068 0.22540188889679585 0.8086516616043338 0.11295130914909056 0.17582146569409948 0.3823133367959019 0.6886233100466805 1.3065680424112347 1.904952286510267
82 738 -0.9676586127165009 -0.7222257269141068 0.22540188889679585 0.8086516616043338 0.11295130914909056 0.17582146569409948 0.3823133367959019 0.6886233100466805 1.3065680424112347 1.904952286510267
83 747 -0.9676586127165009 -0.7222257269141068 0.22540188889679585 0.8086516616043338 0.11295130914909056 0.17582146569409948 0.3823133367959019 0.6886233100466805 1.3065680424112347 1.904952286510267
84 756 -0.9676586127165009 -0.7222257269141068 0.22540188889679585 0.8086516616043338 0.11295130914909056 0.17582146569409948 0.3823133367959019 0.6886233100466805 1.3065680424112347 1.904952286510267
85 765 -0.972053092719252 -0.6639646844110795 0.32055640017048903 0.7356279827712022 0.1282261375891574 0.16748001488324865 0.39577867531529315 0.8027537365106312 1.2438758435324557 1.8992701405576788
86 774 -0.972053092719252 -0.6639646844110795 0.32055640017048903 0.7356279827712022 0.1282261375891574 0.16748001488324865 0.39577867531529315 0.8027537365106312 1.2438758435324557 1.8992701405576788
87 783 -0.972053092719252 -0.6639646844110795 0.32055640017048903 0.7356279827712022 0.1282261375891574 0.16748001488324865 0.39577867531529315 0.8027537365106312 1.2438758435324557 1.8992701405576788
88 792 -0.972053092719252 -0.6639646844110795 0.32055640017048903 0.7356279827712022 0.1282261375891574 0.16748001488324865 0.39577867531529315 0.8027537365106312 1.2438758435324557 1.8992701405576788
89 801 -0.972053092719252 -0.6639646844110795 0.32055640017048903 0.7356279827712022 0.1282261375891574 0.16748001488324865 0.39577867531529315 0.8027537365106312 1.2438758435324557 1.8992701405576788
90 810 -0.972053092719252 -0.6639646844110795 0.32055640017048903 0.7356279827712022 0.1282261375891574 0.16748001488324865 0.39577867531529315 0.8027537365106312 1.2438758435324557 1.8992701405576788
91 819 -0.968376313298203 -0.6447874712514969 0.14539252998560248 0.7265842578833317 0.1610394683868937 0.19146695976179273 0.3379452481319605 0.8357450847797231 1.399989854049839 1.7789767463433335
92 828 -0.968376313298203 -0.6447874712514969 0.14539252998560248 0.7265842578833317 0.1610394683868937 0.19146695976179273 0.3379452481319605 0.8357450847797231 1.399989854049839 1.7789767463433335
93 837 -0.968376313298203 -0.6447874712514969 0.14539252998560248 0.7265842578833317 0.1610394683868937 0.19146695976179273 0.3379452481319605 0.8357450847797231 1.399989854049839 1.7789767463433335
94 846 -0.968376313298203 -0.6447874712514969 0.14539252998560248 0.7265842578833317 0.1610394683868937 0.19146695976179273 0.3379452481319605 0.8357450847797231 1.399989854049839 1.7789767463433335
95 855 -0.968376313298203 -0.6447874712514969 0.14539252998560248 0.7265842578833317 0.1610394683868937 0.19146695976179273 0.3379452481319605 0.8357450847797231 1.399989854049839 1.7789767463433335
96 864 -0.968376313298203 -0.6447874712514969 0.14539252998560248 0.7265842578833317 0.1610394683868937 0.19146695976179273 0.3379452481319605 0.8357450847797231 1.399989854049839 1.7789767463433335
97 873 -0.9448180070234093 -0.6528154452992572 0.041463131859355885 0.7429451097672426 0.1813337914295371 0.23322451350948262 0.4011328031944459 0.8257187683951416 1.3994843616123418 1.763929957143403
98 882 -0.9448180070234093 -0.6528154452992572 0.041463131859355885 0.7429451097672426 0.1813337914295371 0.23322451350948262 0.4011328031944459 0.8257187683951416 1.3994843616123418 1.763929957143403
99 891 -0.9448180070234093 -0.6528154452992572 0.041463131859355885 0.7429451097672426 0.1813337914295371 0.23322451350948262 0.4011328031944459 0.8257187683951416 1.3994843616123418 1.763929957143403
100 900 -0.9448180070234093 -0.6528154452992572 0.041463131859355885 0.7429451097672426 0.1813337914295371 0.23322451350948262 0.4011328031944459 0.8257187683951416 1.3994843616123418 1.763929957143403
101 909 -0.9448180070234093 -0.6528154452992572 0.041463131859355885 0.7429451097672426 0.1813337914295371 0.23322451350948262 0.4011328031944459 0.8257187683951416 1.3994843616123418 1.763929957143403
102 918 -0.9448180070234093 -0.6528154452992572 0.041463131859355885 0.7429451097672426 0.1813337914295371 0.23322451350948262 0.4011328031944459 0.8257187683951416 1.3994843616123418 1.763929957143403
103 927 -0.9286086851480322 -0.6778181551791573 0.11753156500093914 0.7910739657294134 0.16799895915326374 0.2685426070436553 0.4565345686948206 0.7913354071179565 1.3815918087453403 1.7765781021282148
104 936 -0.9286086851480322 -0.6778181551791573 0.11753156500093914 0.7910739657294134 0.16799895915326374 0.2685426070436553 0.4565345686948206 0.7913354071179565 1.3815918087453403 1.7765781021282148
105 945 -0.9286086851480322 -0.6778181551791573 0.11753156500093914 0.7910739657294134 0.16799895915326374 0.2685426070436553 0.4565345686948206 0.7913354071179565 1.3815918087453403 1.7765781021282148
106 954 -0.9286086851480322 -0.6778181551791573 0.11753156500093914 0.7910739657294134 0.16799895915326374 0.2685426070436553 0.4565345686948206 0.7913354071179565 1.3815918087453403 1.7765781021282148
107 963 -0.9286086851480322 -0.6778181551791573 0.11753156500093914 0.7910739657294134 0.16799895915326374 0.2685426070436553 0.4565345686948206 0.7913354071179565 1.3815918087453403 1.7765781021282148
108 972 -0.9286086851480322 -0.6778181551791573 0.11753156500093914 0.7910739657294134 0.16799895915326374 0.2685426070436553 0.4565345686948206 0.7913354071179565 1.3815918087453403 1.7765781021282148
109 981 -0.9095645421486704 -0.6526876410052715 0.21513754929700835 0.7758639581075444 0.14301344443962172 0.3467581698696208 0.4733542418283214 0.8007675897083656 1.3543732045978885 1.777550611943644
110 990 -0.9095645421486704 -0.6526876410052715 0.21513754929700835 0.7758639581075444 0.14301344443962172 0.3467581698696208 0.4733542418283214 0.8007675897083656 1.3543732045978885 1.777550611943644
111 999 -0.9095645421486704 -0.6526876410052715 0.21513754929700835 0.7758639581075444 0.14301344443962172 0.3467581698696208 0.4733542418283214 0.8007675897083656 1.3543732045978885 1.777550611943644
112 1008 -0.9095645421486704 -0.6526876410052715 0.21513754929700835 0.7758639581075444 0.14301344443962172 0.3467581698696208 0.4733542418283214 0.8007675897083656 1.3543732045978885 1.777550611943644
113 1017 -0.9095645421486704 -0.6526876410052715 0.21513754929700835 0.7758639581075444 0.14301344443962172 0.3467581698696208 0.4733542418283214 0.8007675897083656 1.3543732045978885 1.777550611943644
114 1026 -0.9095645421486704 -0.6526876410052715 0.21513754929700835 0.7758639581075444 0.14301344443962172 0.3467581698696208 0.4733542418283214 0.8007675897083656 1.3543732045978885 1.777550611943644
115 1035 -0.8598348437324346 -0.6369496565489483 0.14252310509800833 0.7847033121251049 0.13066829254407836 0.3834316883864928 0.5759448908900772 0.7724943641836155 1.372992075947873 1.7384874566735353
116 1044 -0.8598348437324346 -0.6369496565489483 0.14252310509800833 0.7847033121251049 0.13066829254407836 0.3834316883864928 0.5759448908900772 0.7724943641836155 1.372992075947873 1.7384874566735353
117 1053 -0.8598348437324346 -0.6369496565489483 0.14252310509800833 0.7847033121251049 0.13066829254407836 0.3834316883864928 0.5759448908900772 0.7724943641836155 1.372992075947873 1.7384874566735353
118 1062 -0.8598348437324346 -0.6369496565489483 0.14252310509800833 0.7847033121251049 0.13066829254407836 0.3834316883864928 0.5759448908900772 0.7724943641836155 1.372992075947873 1.7384874566735353
119 1071 -0.8598348437324346 -0.6369496565489483 0.14252310509800833 0.7847033121251049 0.13066829254407836 0.3834316883864928 0.5759448908900772 0.7724943641836155 1.372992075947873 1.7384874566735353
120 1080 -0.8598348437324346 -0.6369496565489483 0.14252310509800833 0.7847033121251049 0.13066829254407836 0.3834316883864928 0.5759448908900772 0.7724943641836155 1.372992075947873 1.7384874566735353
121 1089 -0.775470664585062 -0.5161139376658704 0.24029189996760297 0.7453154923874684 0.12342596114321669 0.36111040041460424 0.7147540513609629 0.891439743695203 1.2922837730998742 1.6967114634005256
122 1098 -0.775470664585062 -0.5161139376658704 0.24029189996760297 0.7453154923874684 0.12342596114321669 0.36111040041460424 0.7147540513609629 0.891439743695203 1.2922837730998742 1.6967114634005256
123 1107 -0.775470664585062 -0.5161139376658704 0.24029189996760297 0.7453154923874684 0.12342596114321669 0.36111040041460424 0.7147540513609629 0.891439743695203 1.2922837730998742 1.6967114634005256
124 1116 -0.775470664585062 -0.5161139376658704 0.24029189996760297 0.7453154923874684 0.12342596114321669 0.36111040041460424 0.7147540513609629 0.891439743695203 1.2922837730998742 1.6967114634005256
125 1125 -0.775470664585062 -0.5161139376658704 0.24029189996760297 0.7453154923874684 0.12342596114321669 0.36111040041460424 0.7147540513609629 0.891439743695203 1.2922837730998742 1.6967114634005256
126 1134 -0.775470664585062 -0.5161139376658704 0.24029189996760297 0.7453154923874684 0.12342596114321669 0.36111040041460424 0.7147540513609629 0.891439743695203 1.2922837730998742 1.6967114634005256
127 1143 -0.7328248103703148 -0.40604751230206326 0.30887315706475627 0.6693281224632183 0.16211960154475924 0.31470444965102856 0.7965774860233983 0.9891674761103304 1.2664578750313975 1.6302683238969986
128 1152 -0.7328248103703148 -0.40604751230206326 0.30887315706475627 0.6693281224632183 0.16211960154475924 0.31470444965102856 0.7965774860233983 0.9891674761103304 1.2664578750313975 1.6302683238969986
129 1161 -0.7328248103703148 -0.40604751230206326 0.30887315706475627 0.6693281224632183 0.16211960154475924 0.31470444965102856 0.7965774860233983 0.9891674761103304 1.2664578750313975 1.6302683238969986
130 1170 -0.7328248103703148 -0.40604751230206326 0.30887315706475627 0.6693281224632183 0.16211960154475924 0.31470444965102856 0.7965774860233983 0.9891674761103304 1.2664578750313975 1.6302683238969986
131 1179 -0.7328248103703148 -0.40604751230206326 0.30887315706475627 0.6693281224632183 0.16211960154475924 0.31470444965102856 0.7965774860233983 0.9891674761103304 1.2664578750313975 1.6302683238969986
132 1188 -0.7328248103703148 -0.40604751230206326 0.30887315706475627 0.6693281224632183 0.16211960154475924 0.31470444965102856 0.7965774860233983 0.9891674761103304 1.2664578750313975 1.6302683238969986
133 1197 -0.8250554013984418 -0.38671612926723886 0.33050577101116463 0.670967280616442 0.16744526289034053 0.28500135767948853 0.7608375854213687 1.0608841916144942 1.2088417295462146 1.6507843237554656
134 1206 -0.8250554013984418 -0.38671612926723886 0.33050577101116463 0.670967280616442 0.16744526289034053 0.28500135767948853 0.7608375854213687 1.0608841916144942 1.2088417295462146 1.6507843237554656
135 1215 -0.8250554013984418 -0.38671612926723886 0.33050577101116463 0.670967280616442 0.16744526289034053 0.28500135767948853 0.7608375854213687 1.0608841916144942 1.2088417295462146 1.6507843237554656
136 1224 -0.8250554013984418 -0.38671612926723886 0.33050577101116463 0.670967280616442 0.16744526289034053 0.28500135767948853 0.7608375854213687 1.0608841916144942 1.2088417295462146 1.6507843237554656
137 1233 -0.8250554013984418 -0.38671612926723886 0.33050577101116463 0.670967280616442 0.16744526289034053 0.28500135767948853 0.7608375854213687 1.0608841916144942 1.2088417295462146 1.6507843237554656
138 1242 -0.8250554013984418 -0.38671612926723886 0.33050577101116463 0.670967280616442 0.16744526289034053 0.28500135767948853 0.7608375854213687 1.0608841916144942 1.2088417295462146 1.6507843237554656
139 1251 -0.8467550840621354 -0.3917883300997329 0.3834840745195706 0.5748642632135899 0.21802709225505595 0.3165502009360608 0.7657244828705644 1.0321489281060208 1.1668338855906242 1.684960963141233
140 1260 -0.8467550840621354 -0.3917883300997329 0.3834840745195706 0.5748642632135899 0.21802709225505595 0.3165502009360608 0.7657244828705644 1.0321489281060208 1.1668338855906242 1.684960963141233
141 1269 -0.8467550840621354 -0.3917883300997329 0.3834840745195706 0.5748642632135899 0.21802709225505595 0.3165502009360608 0.7657244828705644 1.0321489281060208 1.1668338855906242 1.684960963141233
142 1278 -0.8467550840621354 -0.3917883300997329 0.3834840745195706 0.5748642632135899 0.21802709225505595 0.3165502009360608 0.7657244828705644 1.0321489281060208 1.1668338855906242 1.684960963141233
143 1287 -0.8467550840621354 -0.3917883300997329 0.3834840745195706 0.5748642632135899 0.21802709225505595 0.3165502009360608 0.7657244828705644 1.0321489281060208 1.1668338855906242 1.684960963141233
144 1296 -0.8467550840621354 -0.3917883300997329 0.3834840745195706 0.5748642632135899 0.21802709225505595 0.3165502009360608 0.7657244828705644 1.0321489281060208 1.1668338855906242 1.684960963141233
145 1305 -0.882195934273305 -0.39523770779385453 0.47541713679626285 0.6828729594529442 0.18076930835096935 0.2672543102259878 0.7283033466544098 0.9024305190883325 1.1967671321808506 1.7660236169501007
146 1314 -0.882195934273305 -0.39523770779385453 0.47541713679626285 0.6828729594529442 0.18076930835096935 0.2672543102259878 0.7283033466544098 0.9024305190883325 1.1967671321808506 1.7660236169501007
147 1323 -0.882195934273305 -0.39523770779385453 0.47541713679626285 0.6828729594529442 0.18076930835096935 0.2672543102259878 0.7283033466544098 0.9024305190883325 1.1967671321808506 1.7660236169501007
148 1332 -0.882195934273305 -0.39523770779385453 0.47541713679626285 0.6828729594529442 0.18076930835096935 0.2672543102259878 0.7283033466544098 0.9024305190883325 1.1967671321808506 1.7660236169501007
149 1341 -0.882195934273305 -0.39523770779385453 0.47541713679626285 0.6828729594529442 0.18076930835096935 0.2672543102259878 0.7283033466544098 0.9024305190883325 1.1967671321808506 1.7660236169501007
150 1350 -0.882195934273305 -0.39523770779385453 0.47541713679626285 0.6828729594529442 0.18076930835096935 0.2672543102259878 0.7283033466544098 0.9024305190883325 1.1967671321808506 1.7660236169501007
151 1359 -0.8361906749358521 -0.3304639179036456 0.49293669457862754 0.6416256896308885 0.19425178069307064 0.2888574695942289 0.7473234937192995 0.8820441470845312 1.2704513385146767 1.7112237500550762
152 1368 -0.8361906749358521 -0.3304639179036456 0.49293669457862754 0.6416256896308885 0.19425178069307064 0.2888574695942289 0.7473234937192995 0.8820441470845312 1.2704513385146767 1.7112237500550762
153 1377 -0.8361906749358521 -0.3304639179036456 0.49293669457862754 0.6416256896308885 0.19425178069307064 0.2888574695942289 0.7473234937192995 0.8820441470845312 1.2704513385146767 1.7112237500550762
154 1386 -0.8361906749358521 -0.3304639179036456 0.49293669457862754 0.6416256896308885 0.19425178069307064 0.2888574695942289 0.7473234937192995 0.8820441470845312 1.2704513385146767 1.7112237500550762
155 1395 -0.8361906749358521 -0.3304639179036456 0.49293669457862754 0.6416256896308885 0.19425178069307064 0.2888574695942289 0.7473234937192995 0.8820441470845312 1.2704513385146767 1.7112237500550762
156 1404 -0.8361906749358521 -0.3304639179036456 0.49293669457862754 0.6416256896308885 0.19425178069307064 0.2888574695942289 0.7473234937192995 0.8820441470845312 1.2704513385146767 1.7112237500550762
157 1413 -0.900989640806822 -0.5088139199326902 0.548724239586247 0.7015901167698857 0.1727572649470058 0.2572537040128982 0.702857936135026 0.7303652389640908 1.2248604874687723 1.8374573695034049
158 1422 -0.900989640806822 -0.5088139199326902 0.548724239586247 0.7015901167698857 0.1727572649470058 0.2572537040128982 0.702857936135026 0.7303652389640908 1.2248604874687723 1.8374573695034049
159 1431 -0.900989640806822 -0.5088139199326902 0.548724239586247 0.7015901167698857 0.1727572649470058 0.2572537040128982 0.702857936135026 0.7303652389640908 1.2248604874687723 1.8374573695034049
160 1440 -0.900989640806822 -0.5088139199326902 0.548724239586247 0.7015901167698857 0.1727572649470058 0.2572537040128982 0.702857936135026 0.7303652389640908 1.2248604874687723 1.8374573695034049
161 1449 -0.900989640806822 -0.5088139199326902 0.548724239586247 0.7015901167698857 0.1727572649470058 0.2572537040128982 0.702857936135026 0.7303652389640908 1.2248604874687723 1.8374573695034049
162 1458 -0.900989640806822 -0.5088139199326902 0.548724239586247 0.7015901167698857 0.1727572649470058 0.2572537040128982 0.702857936135026 0.7303652389640908 1.2248604874687723 1.8374573695034049
163 1467 -0.8585383604556945 -0.2516848471803814 0.43470734413694667 0.8681127170754412 0.1733483526892057 0.27823104078117794 0.6981759228337929 0.8694511432834564 1.2639220458936684 1.7468955288419497
164 1476 -0.8585383604556945 -0.2516848471803814 0.43470734413694667 0.8681127170754412 0.1733483526892057 0.27823104078117794 0.6981759228337929 0.8694511432834564 1.2639220458936684 1.7468955288419497
165 1485 -0.8585383604556945 -0.2516848471803814 0.43470734413694667 0.8681127170754412 0.1733483526892057 0.27823104078117794 0.6981759228337929 0.8694511432834564 1.2639220458936684 1.7468955288419497
166 1494 -0.8585383604556945 -0.2516848471803814 0.43470734413694667 0.8681127170754412 0.1733483526892057 0.27823104078117794 0.6981759228337929 0.8694511432834564 1.2639220458936684 1.7468955288419497
167 1503 -0.8585383604556945 -0.2516848471803814 0.43470734413694667 0.8681127170754412 0.1733483526892057 0.27823104078117794 0.6981759228337929 0.8694511432834564 1.2639220458936684 1.7468955288419497
168 1512 -0.8585383604556945 -0.2516848471803814 0.43470734413694667 0.8681127170754412 0.1733483526892057 0.27823104078117794 0.6981759228337929 0.8694511432834564 1.2639220458936684 1.7468955288419497
169 1521 -0.8645340093135738 -0.2895157001553569 0.29986906258317825 0.8616573410992288 0.18445386799129243 0.2924031911854623 0.7067184854747114 0.8180759674377265 1.369235976127099 1.684330929430448
170 1530 -0.8645340093135738 -0.2895157001553569 0.29986906258317825 0.8616573410992288 0.18445386799129243 0.2924031911854623 0.7067184854747114 0.8180759674377265 1.369235976127099 1.684330929430448
171 1539 -0.8645340093135738 -0.2895157001553569 0.29986906258317825 0.8616573410992288 0.18445386799129243 0.2924031911854623 0.7067184854747114 0.8180759674377265 1.369235976127099 1.684330929430448
172 1548 -0.8645340093135738 -0.2895157001553569 0.29986906258317825 0.8616573410992288 0.18445386799129243 0.2924031911854623 0.7067184854747114 0.8180759674377265 1.369235976127099 1.684330929430448
173 1557 -0.8645340093135738 -0.2895157001553569 0.29986906258317825 0.8616573410992288 0.18445386799129243 0.2924031911854623 0.7067184854747114 0.8180759674377265 1.369235976127099 1.684330929430448
174 1566 -0.8645340093135738 -0.2895157001553569 0.29986906258317825 0.8616573410992288 0.18445386799129243 0.2924031911854623 0.7067184854747114 0.8180759674377265 1.369235976127099 1.684330929430448
175 1575 -0.8617327668055499 -0.16441784549336402 0.36869363507770375 0.8654819993444312 0.22160467132135958 0.3263983258133719 0.6969008078430298 0.8571213276085755 1.3996409705800776 1.632492863633616
176 1584 -0.8617327668055499 -0.16441784549336402 0.36869363507770375 0.8654819993444312 0.22160467132135958 0.3263983258133719 0.6969008078430298 0.8571213276085755 1.3996409705800776 1.632492863633616
177 1593 -0.8617327668055499 -0.16441784549336402 0.36869363507770375 0.8654819993444312 0.22160467132135958 0.3263983258133719 0.6969008078430298 0.8571213276085755 1.3996409705800776 1.632492863633616
178 1602 -0.8617327668055499 -0.16441784549336402 0.36869363507770375 0.8654819993444312 0.22160467132135958 0.3263983258133719 0.6969008078430298 0.8571213276085755 1.3996409705800776 1.632492863633616
179 1611 -0.8617327668055499 -0.16441784549336402 0.36869363507770375 0.8654819993444312 0.22160467132135958 0.3263983258133719 0.6969008078430298 0.8571213276085755 1.3996409705800776 1.632492863633616
180 1620 -0.8617327668055499 -0.16441784549336402 0.36869363507770375 0.8654819993444312 0.22160467132135958 0.3263983258133719 0.6969008078430298 0.8571213276085755 1.3996409705800776 1.632492863633616
181 1629 -0.8757621616891893 -0.25700544824180815 0.40980032816160855 0.8302930412987948 0.2500789156981669 0.3170976307719476 0.6056519385991413 0.8367025927774546 1.340898393530516 1.723953487545391
182 1638 -0.8757621616891893 -0.25700544824180815 0.40980032816160855 0.8302930412987948 0.2500789156981669 0.3170976307719476 0.6056519385991413 0.8367025927774546 1.340898393530516 1.723953487545391
183 1647 -0.8757621616891893 -0.25700544824180815 0.40980032816160855 0.8302930412987948 0.2500789156981669 0.3170976307719476 0.6056519385991413 0.8367025927774546 1.340898393530516 1.723953487545391
184 1656 -0.8757621616891893 -0.25700544824180815 0.40980032816160855 0.8302930412987948 0.2500789156981669 0.3170976307719476 0.6056519385991413 0.8367025927774546 1.340898393530516 1.723953487545391
185 1665 -0.8757621616891893 -0.25700544824180815 0.40980032816160855 0.8302930412987948 0.2500789156981669 0.3170976307719476 0.6056519385991413 0.8367025927774546 1.340898393530516 1.723953487545391
186 1674 -0.8757621616891893 -0.25700544824180815 0.40980032816160855 0.8302930412987948 0.2500789156981669 0.3170976307719476 0.6056519385991413 0.8367025927774546 1.340898393530516 1.723953487545391
187 1683 -0.8605354482625425 -0.3464606293798049 0.45620447019022586 0.8786249247194416 0.25718935985999003 0.31762287516483445 0.5967797993062963 0.7517353104231478 1.301564630229356 1.7937800171385858
188 1692 -0.8605354482625425 -0.3464606293798049 0.45620447019022586 0.8786249247194416 0.25718935985999003 0.31762287516483445 0.5967797993062963 0.7517353104231478 1.301564630229356 1.7937800171385858
189 1701 -0.8605354482625425 -0.3464606293798049 0.45620447019022586 0.8786249247194416 0.25718935985999003 0.31762287516483445 0.5967797993062963 0.7517353104231478 1.301564630229356 1.7937800171385858
190 1710 -0.8605354482625425 -0.3464606293798049 0.45620447019022586 0.8786249247194416 0.25718935985999003 0.31762287516483445 0.5967797993062963 0.7517353104231478 1.301564630229356 1.7937800171385858
191 1719 -0.8605354482625425 -0.3464606293798049 0.45620447019022586 0.8786249247194416 0.25718935985999003 0.31762287516483445 0.5967797993062963 0.7517353104231478 1.301564630229356 1.7937800171385858
192 1728 -0.8605354482625425 -0.3464606293798049 0.45620447019022586 0.8786249247194416 0.25718935985999003 0.31762287516483445 0.5967797993062963 0.7517353104231478 1.301564630229356 1.7937800171385858
193 1737 -0.8436149818115388 -0.27297433743566124 0.43383837556331156 0.8911547011310299 0.24083467813819062 0.31832101962619397 0.5623358905727445 0.7740641965392827 1.4146472649806694 1.709984347227389
194 1746 -0.8436149818115388 -0.27297433743566124 0.43383837556331156 0.8911547011310299 0.24083467813819062 0.31832101962619397 0.5623358905727445 0.7740641965392827 1.4146472649806694 1.709984347227389
195 1755 -0.8436149818115388 -0.27297433743566124 0.43383837556331156 0.8911547011310299 0.24083467813819062 0.31832101962619397 0.5623358905727445 0.7740641965392827 1.4146472649806694 1.709984347227389
196 1764 -0.8436149818115388 -0.27297433743566124 0.43383837556331156 0.8911547011310299 0.24083467813819062 0.31832101962619397 0.5623358905727445 0.7740641965392827 1.4146472649806694 1.709984347227389
197 1773 -0.8436149818115388 -0.27297433743566124 0.43383837556331156 0.8911547011310299 0.24083467813819062 0.31832101962619397 0.5623358905727445 0.7740641965392827 1.4146472649806694 1.709984347227389
198 1782 -0.8436149818115388 -0.27297433743566124 0.43383837556331156 0.8911547011310299 0.24083467813819062 0.31832101962619397 0.5623358905727445 0.7740641965392827 1.4146472649806694 1.709984347227389
199 1791 -0.7811749622772308 -0.33068455527206575 0.448596693158936 0.9219070792365858 0.21338763010579534 0.3916371703926318 0.6495335676892383 0.7549246315889454 1.2686457776781401 1.7888037572437325
200 1800 -0.7811749622772308 -0.33068455527206575 0.448596693158936 0.9219070792365858 0.21338763010579534 0.3916371703926318 0.6495335676892383 0.7549246315889454 1.2686457776781401 1.7888037572437325
201 1809 -0.7811749622772308 -0.33068455527206575 0.448596693158936 0.9219070792365858 0.21338763010579534 0.3916371703926318 0.6495335676892383 0.7549246315889454 1.2686457776781401 1.7888037572437325
202 1818 -0.7811749622772308 -0.33068455527206575 0.448596693158936 0.9219070792365858 0.21338763010579534 0.3916371703926318 0.6495335676892383 0.7549246315889454 1.2686457776781401 1.7888037572437325
203 1827 -0.7811749622772308 -0.33068455527206575 0.448596693158936 0.9219070792365858 0.21338763010579534 0.3916371703926318 0.6495335676892383 0.7549246315889454 1.2686457776781401 1.7888037572437325
204 1836 -0.7811749622772308 -0.33068455527206575 0.448596693158936 0.9219070792365858 0.21338763010579534 0.3916371703926318 0.6495335676892383 0.7549246315889454 1.2686457776781401 1.7888037572437325
205 1845 -0.7786671528527145 -0.437132214575892 0.5035527854348083 0.9016287653100722 0.2487576164235822 0.38245932394587934 0.5831212552777487 0.7153754856961952 1.2128384725759245 1.8625452663884579
206 1854 -0.7786671528527145 -0.437132214575892 0.5035527854348083 0.9016287653100722 0.2487576164235822 0.38245932394587934 0.5831212552777487 0.7153754856961952 1.2128384725759245 1.8625452663884579
207 1863 -0.7786671528527145 -0.437132214575892 0.5035527854348083 0.9016287653100722 0.2487576164235822 0.38245932394587934 0.5831212552777487 0.7153754856961952 1.2128384725759245 1.8625452663884579
208 1872 -0.7786671528527145 -0.437132214575892 0.5035527854348083 0.9016287653100722 0.2487576164235822 0.38245932394587934 0.5831212552777487 0.7153754856961952 1.2128384725759245 1.8625452663884579
209 1881 -0.7786671528527145 -0.437132214575892 0.5035527854348083 0.9016287653100722 0.2487576164235822 0.38245932394587934 0.5831212552777487 0.7153754856961952 1.2128384725759245 1.8625452663884579
210 1890 -0.7786671528527145 -0.437132214575892 0.5035527854348083 0.9016287653100722 0.2487576164235822 0.38245932394587934 0.5831212552777487 0.7153754856961952 1.2128384725759245 1.8625452663884579
211 1899 -0.804701961709362 -0.3432706648068593 0.42418129482195666 0.8995304524438887 0.26005356231132654 0.35101336481892886 0.6536791735893913 0.714657539807412 1.34965426280776 1.7462998803597376
212 1908 -0.804701961709362 -0.3432706648068593 0.42418129482195666 0.8995304524438887 0.26005356231132654 0.35101336481892886 0.6536791735893913 0.714657539807412 1.34965426280776 1.7462998803597376
213 1917 -0.804701961709362 -0.3432706648068593 0.42418129482195666 0.8995304524438887 0.26005356231132654 0.35101336481892886 0.6536791735893913 0.714657539807412 1.34965426280776 1.7462998803597376
214 1926 -0.804701961709362 -0.3432706648068593 0.42418129482195666 0.8995304524438887 0.26005356231132654 0.35101336481892886 0.6536791735893913 0.714657539807412 1.34965426280776 1.7462998803597376
215 1935 -0.804701961709362 -0.3432706648068593 0.42418129482195666 0.8995304524438887 0.26005356231132654 0.35101336481892886 0.6536791735893913 0.714657539807412 1.34965426280776 1.7462998803597376
216 1944 -0.804701961709362 -0.3432706648068593 0.42418129482195666 0.8995304524438887 0.26005356231132654 0.35101336481892886 0.6536791735893913 0.714657539807412 1.34965426280776 1.7462998803597376
217 1953 -0.7181497733834161 -0.26849532732394693 0.28184804807167946 0.9083970530360914 0.24121359736653136 0.4348001774518462 0.7201474148077099 0.9173819536083645 1.3116634636723081 1.6346564826715047
218 1962 -0.7181497733834161 -0.26849532732394693 0.28184804807167946 0.9083970530360914 0.24121359736653136 0.4348001774518462 0.7201474148077099 0.9173819536083645 1.3116634636723081 1.6346564826715047
219 1971 -0.7181497733834161 -0.26849532732394693 0.28184804807167946 0.9083970530360914 0.24121359736653136 0.4348001774518462 0.7201474148077099 0.9173819536083645 1.3116634636723081 1.6346564826715047
220 1980 -0.7181497733834161 -0.26849532732394693 0.28184804807167946 0.9083970530360914 0.24121359736653136 0.4348001774518462 0.7201474148077099 0.9173819536083645 1.3116634636723081 1.6346564826715047
221 1989 -0.7181497733834161 -0.26849532732394693 0.28184804807167946 0.9083970530360914 0.24121359736653136 0.4348001774518462 0.7201474148077099 0.9173819536083645 1.3116634636723081 1.6346564826715047
222 1998 -0.7181497733834161 -0.26849532732394693 0.28184804807167946 0.9083970530360914 0.24121359736653136 0.4348001774518462 0.7201474148077099 0.9173819536083645 1.3116634636723081 1.6346564826715047
223 2007 -0.7701831219674113 -0.28310097421104996 0.39986891823178905 0.9168956779284709 0.2360570144980882 0.43229156324366735 0.670797189317055 0.804732786172583 1.326074612241617 1.7033389230232752
224 2016 -0.7701831219674113 -0.28310097421104996 0.39986891823178905 0.9168956779284709 0.2360570144980882 0.43229156324366735 0.670797189317055 0.804732786172583 1.326074612241617 1.7033389230232752
225 2025 -0.7701831219674113 -0.28310097421104996 0.39986891823178905 0.9168956779284709 0.2360570144980882 0.43229156324366735 0.670797189317055 0.804732786172583 1.326074612241617 1.7033389230232752
226 2034 -0.7701831219674113 -0.28310097421104996 0.39986891823178905 0.9168956779284709 0.2360570144980882 0.43229156324366735 0.670797189317055 0.804732786172583 1.326074612241617 1.7033389230232752
227 2043 -0.7701831219674113 -0.28310097421104996 0.39986891823178905 0.9168956779284709 0.2360570144980882 0.43229156324366735 0.670797189317055 0.804732786172583 1.326074612241617 1.7033389230232752
228 2052 -0.7701831219674113 -0.28310097421104996 0.39986891823178905 0.9168956779284709 0.2360570144980882 0.43229156324366735 0.670797189317055 0.804732786172583 1.326074612241617 1.7033389230232752
229 2061 -0.732443282784856 -0.25911130680459254 0.28745690151043946 0.8753091657338113 0.24858507106499592 0.41617574529398865 0.7348632365656537 0.8522910998054513 1.4447077455189081 1.552867877910721
230 2070 -0.732443282784856 -0.25911130680459254 0.28745690151043946 0.8753091657338113 0.24858507106499592 0.41617574529398865 0.7348632365656537 0.8522910998054513 1.4447077455189081 1.552867877910721
231 2079 -0.732443282784856 -0.25911130680459254 0.28745690151043946 0.8753091657338113 0.24858507106499592 0.41617574529398865 0.7348632365656537 0.8522910998054513 1.4447077455189081 1.552867877910721
232 2088 -0.732443282784856 -0.25911130680459254 0.28745690151043946 0.8753091657338113 0.24858507106499592 0.41617574529398865 0.7348632365656537 0.8522910998054513 1.4447077455189081 1.552867877910721
233 2097 -0.732443282784856 -0.25911130680459254 0.28745690151043946 0.8753091657338113 0.24858507106499592 0.41617574529398865 0.7348632365656537 0.8522910998054513 1.4447077455189081 1.552867877910721
234 2106 -0.732443282784856 -0.25911130680459254 0.28745690151043946 0.8753091657338113 0.24858507106499592 0.41617574529398865 0.7348632365656537 0.8522910998054513 1.4447077455189081 1.552867877910721
235 2115 -0.6804023872674498 -0.18414076290698797 0.43656968235937876 0.9151413565524897 0.23716703197491876 0.3785516153063139 0.6973730101133713 0.7825151503345886 1.4527699298486525 1.6097362916586628
236 2124 -0.6804023872674498 -0.18414076290698797 0.43656968235937876 0.9151413565524897 0.23716703197491876 0.3785516153063139 0.6973730101133713 0.7825151503345886 1.4527699298486525 1.6097362916586628
237 2133 -0.6804023872674498 -0.18414076290698797 0.43656968235937876 0.9151413565524897 0.23716703197491876 0.3785516153063139 0.6973730101133713 0.7825151503345886 1.4527699298486525 1.6097362916586628
238 2142 -0.6804023872674498 -0.18414076290698797 0.43656968235937876 0.9151413565524897 0.23716703197491876 0.3785516153063139 0.6973730101133713 0.7825151503345886 1.4527699298486525 1.6097362916586628
239 2151 -0.6804023872674498 -0.18414076290698797 0.43656968235937876 0.9151413565524897 0.23716703197491876 0.3785516153063139 0.6973730101133713 0.7825151503345886 1.4527699298486525 1.6097362916586628
240 2160 -0.6804023872674498 -0.18414076290698797 0.43656968235937876 0.9151413565524897 0.23716703197491876 0.3785516153063139 0.6973730101133713 0.7825151503345886 1.4527699298486525 1.6097362916586628
241 2169 -0.5720967546432211 -0.23409879902390135 0.44250723995829916 0.9041458848718047 0.2158338975763598 0.3389785570944473 0.7985667309423521 0.8389405364364675 1.3450812513113852 1.639431500982429
242 2178 -0.5720967546432211 -0.23409879902390135 0.44250723995829916 0.9041458848718047 0.2158338975763598 0.3389785570944473 0.7985667309423521 0.8389405364364675 1.3450812513113852 1.639431500982429
243 2187 -0.5720967546432211 -0.23409879902390135 0.44250723995829916 0.9041458848718047 0.2158338975763598 0.3389785570944473 0.7985667309423521 0.8389405364364675 1.3450812513113852 1.639431500982429
244 2196 -0.5720967546432211 -0.23409879902390135 0.44250723995829916 0.9041458848718047 0.2158338975763598 0.3389785570944473 0.7985667309423521 0.8389405364364675 1.3450812513113852 1.639431500982429
245 2205 -0.5720967546432211 -0.23409879902390135 0.44250723995829916 0.9041458848718047 0.2158338975763598 0.3389785570944473 0.7985667309423521 0.8389405364364675 1.3450812513113852 1.639431500982429
246 2214 -0.5720967546432211 -0.23409879902390135 0.44250723995829916 0.9041458848718047 0.2158338975763598 0.3389785570944473 0.7985667309423521 0.8389405364364675 1.3450812513113852 1.639431500982429
247 2223 -0.44042231669875354 -0.273698515500488 0.3380206314199766 0.906296822302051 0.2057987708375268 0.23357682761466317 0.7967477047197398 0.988728486350141 1.2747889134070178 1.6326699094064825
248 2232 -0.44042231669875354 -0.273698515500488 0.3380206314199766 0.906296822302051 0.2057987708375268 0.23357682761466317 0.7967477047197398 0.988728486350141 1.2747889134070178 1.6326699094064825
249 2241 -0.44042231669875354 -0.273698515500488 0.3380206314199766 0.906296822302051 0.2057987708375268 0.23357682761466317 0.7967477047197398 0.988728486350141 1.2747889134070178 1.6326699094064825
250 2250 -0.44042231669875354 -0.273698515500488 0.3380206314199766 0.906296822302051 0.2057987708375268 0.23357682761466317 0.7967477047197398 0.988728486350141 1.2747889134070178 1.6326699094064825
251 2259 -0.44042231669875354 -0.273698515500488 0.3380206314199766 0.906296822302051 0.2057987708375268 0.23357682761466317 0.7967477047197398 0.988728486350141 1.2747889134070178 1.6326699094064825
252 2268 -0.44042231669875354 -0.273698515500488 0.3380206314199766 0.906296822302051 0.2057987708375268 0.23357682761466317 0.7967477047197398 0.988728486350141 1.2747889134070178 1.6326699094064825
253 2277 -0.44696058466622823 -0.29773140906878715 0.42941413805116224 0.919655108919858 0.1546042371199397 0.23117503234007122 0.8274356273463801 0.9014836254168745 1.3690445266131135 1.5972007620023718
254 2286 -0.44696058466622823 -0.29773140906878715 0.42941413805116224 0.919655108919858 0.1546042371199397 0.23117503234007122 0.8274356273463801 0.9014836254168745 1.3690445266131135 1.5972007620023718
255 2295 -0.44696058466622823 -0.29773140906878715 0.42941413805116224 0.919655108919858 0.1546042371199397 0.23117503234007122 0.8274356273463801 0.9014836254168745 1.3690445266131135 1.5972007620023718
256 2304 -0.44696058466622823 -0.29773140906878715 0.42941413805116224 0.919655108919858 0.1546042371199397 0.23117503234007122 0.8274356273463801 0.9014836254168745 1.3690445266131135 1.5972007620023718
257 2313 -0.44696058466622823 -0.29773140906878715 0.42941413805116224 0.919655108919858 0.1546042371199397 0.23117503234007122 0.8274356273463801 0.9014836254168745 1.3690445266131135 1.5972007620023718
258 2322 -0.44696058466622823 -0.29773140906878715 0.42941413805116224 0.919655108919858 0.1546042371199397 0.23117503234007122 0.8274356273463801 0.9014836254168745 1.3690445266131135 1.5972007620023718
259 2331 -0.5292582810875444 -0.21495069530334504 0.3252876503805037 0.9317032502111935 0.14950751681824045 0.19631990008389769 0.8027921770396939 0.9054218298042847 1.3915519692255685 1.5932435930478628
260 2340 -0.5292582810875444 -0.21495069530334504 0.3252876503805037 0.9317032502111935 0.14950751681824045 0.19631990008389769 0.8027921770396939 0.9054218298042847 1.3915519692255685 1.5932435930478628
261 2349 -0.5292582810875444 -0.21495069530334504 0.3252876503805037 0.9317032502111935 0.14950751681824045 0.19631990008389769 0.8027921770396939 0.9054218298042847 1.3915519692255685 1.5932435930478628
262 2358 -0.5292582810875444 -0.21495069530334504 0.3252876503805037 0.9317032502111935 0.14950751681824045 0.19631990008389769 0.8027921770396939 0.9054218298042847 1.3915519692255685 1.5932435930478628
263 2367 -0.5292582810875444 -0.21495069530334504 0.3252876503805037 0.9317032502111935 0.14950751681824045 0.19631990008389769 0.8027921770396939 0.9054218298042847 1.3915519692255685 1.5932435930478628
264 2376 -0.5292582810875444 -0.21495069530334504 0.3252876503805037 0.9317032502111935 0.14950751681824045 0.19631990008389769 0.8027921770396939 0.9054218298042847 1.3915519692255685 1.5932435930478628
265 2385 -0.575893414803391 -0.2618398605435532 0.37562889165604346 0.9464033845856008 0.16212953128321012 0.21131342038827983 0.6875115140114127 0.8381588158242324 1.5027470579162867 1.579756199839549
266 2394 -0.575893414803391 -0.2618398605435532 0.37562889165604346 0.9464033845856008 0.16212953128321012 0.21131342038827983 0.6875115140114127 0.8381588158242324 1.5027470579162867 1.579756199839549
267 2403 -0.575893414803391 -0.2618398605435532 0.37562889165604346 0.9464033845856008 0.16212953128321012 0.21131342038827983 0.6875115140114127 0.8381588158242324 1.5027470579162867 1.579756199839549
268 2412 -0.575893414803391 -0.2618398605435532 0.37562889165604346 0.9464033845856008 0.16212953128321012 0.21131342038827983 0.6875115140114127 0.8381588158242324 1.5027470579162867 1.579756199839549
269 2421 -0.575893414803391 -0.2618398605435532 0.37562889165604346 0.9464033845856008 0.16212953128321012 0.21131342038827983 0.6875115140114127 0.8381588158242324 1.5027470579162867 1.579756199839549
270 2430 -0.575893414803391 -0.2618398605435532 0.37562889165604346 0.9464033845856008 0.16212953128321012 0.21131342038827983 0.6875115140114127 0.8381588158242324 1.5027470579162867 1.579756199839549
271 2439 -0.6058740194781344 -0.33634909970187493 0.4174157975972007 0.9153094969799509 0.21181313112257757 0.25639707104013687 0.6095203433738443 0.9256319140059075 1.4412630617168316 1.6074349247057895
272 2448 -0.6058740194781344 -0.33634909970187493 0.4174157975972007 0.9153094969799509 0.21181313112257757 0.25639707104013687 0.6095203433738443 0.9256319140059075 1.4412630617168316 1.6074349247057895
273 2457 -0.6058740194781344 -0.33634909970187493 0.4174157975972007 0.9153094969799509 0.21181313112257757 0.25639707104013687 0.6095203433738443 0.9256319140059075 1.4412630617168316 1.6074349247057895
274 2466 -0.6058740194781344 -0.33634909970187493 0.4174157975972007 0.9153094969799509 0.21181313112257757 0.25639707104013687 0.6095203433738443 0.9256319140059075 1.4412630617168316 1.6074349247057895
275 2475 -0.6058740194781344 -0.33634909970187493 0.4174157975972007 0.9153094969799509 0.21181313112257757 0.25639707104013687 0.6095203433738443 0.9256319140059075 1.4412630617168316 1.6074349247057895
276 2484 -0.6058740194781344 -0.33634909970187493 0.4174157975972007 0.9153094969799509 0.21181313112257757 0.25639707104013687 0.6095203433738443 0.9256319140059075 1.4412630617168316 1.6074349247057895
277 2493 -0.6232691275756906 -0.4040234083970896 0.4120059957726304 0.89946852718592 0.21353286650374814 0.2717891849560507 0.5895667239260393 0.8334265254274913 1.5307117112779665 1.579641514892881
278 2502 -0.6232691275756906 -0.4040234083970896 0.4120059957726304 0.89946852718592 0.21353286650374814 0.2717891849560507 0.5895667239260393 0.8334265254274913 1.5307117112779665 1.579641514892881
279 2511 -0.6232691275756906 -0.4040234083970896 0.4120059957726304 0.89946852718592 0.21353286650374814 0.2717891849560507 0.5895667239260393 0.8334265254274913 1.5307117112779665 1.579641514892881
280 2520 -0.6232691275756906 -0.4040234083970896 0.4120059957726304 0.89946852718592 0.21353286650374814 0.2717891849560507 0.5895667239260393 0.8334265254274913 1.5307117112779665 1.579641514892881
281 2529 -0.6232691275756906 -0.4040234083970896 0.4120059957726304 0.89946852718592 0.21353286650374814 0.2717891849560507 0.5895667239260393 0.8334265254274913 1.5307117112779665 1.579641514892881
282 2538 -0.6232691275756906 -0.4040234083970896 0.4120059957726304 0.89946852718592 0.21353286650374814 0.2717891849560507 0.5895667239260393 0.8334265254274913 1.5307117112779665 1.579641514892881
283 2547 -0.7714052720987856 -0.26499431442373367 0.42551022942172806 0.9027938136594208 0.20910678227412255 0.3088906481537758 0.4569079328768256 0.9888673251558496 1.468562354801642 1.5866827298684822
284 2556 -0.7714052720987856 -0.26499431442373367 0.42551022942172806 0.9027938136594208 0.20910678227412255 0.3088906481537758 0.4569079328768256 0.9888673251558496 1.468562354801642 1.5866827298684822
285 2565 -0.7714052720987856 -0.26499431442373367 0.42551022942172806 0.9027938136594208 0.20910678227412255 0.3088906481537758 0.4569079328768256 0.9888673251558496 1.468562354801642 1.5866827298684822
286 2574 -0.7714052720987856 -0.26499431442373367 0.42551022942172806 0.9027938136594208 0.20910678227412255 0.3088906481537758 0.4569079328768256 0.9888673251558496 1.468562354801642 1.5866827298684822
287 2583 -0.7714052720987856 -0.26499431442373367 0.42551022942172806 0.9027938136594208 0.20910678227412255 0.3088906481537758 0.4569079328768256 0.9888673251558496 1.468562354801642 1.5866827298684822
288 2592 -0.7714052720987856 -0.26499431442373367 0.42551022942172806 0.9027938136594208 0.20910678227412255 0.3088906481537758 0.4569079328768256 0.9888673251558496 1.468562354801642 1.5866827298684822
289 2601 -0.690646765373119 -0.33110198377762384 0.44502564775463366 0.8840421874443778 0.22131673991738127 0.3576157264973746 0.5233470281212524 0.8503765719353499 1.482704356547985 1.6210136513699869
290 2610 -0.690646765373119 -0.33110198377762384 0.44502564775463366 0.8840421874443778 0.22131673991738127 0.3576157264973746 0.5233470281212524 0.8503765719353499 1.482704356547985 1.6210136513699869
291 2619 -0.690646765373119 -0.33110198377762384 0.44502564775463366 0.8840421874443778 0.22131673991738127 0.3576157264973746 0.5233470281212524 0.8503765719353499 1.482704356547985 1.6210136513699869
292 2628 -0.690646765373119 -0.33110198377762384 0.44502564775463366 0.8840421874443778 0.22131673991738127 0.3576157264973746 0.5233470281212524 0.8503765719353499 1.482704356547985 1.6210136513699869
293 2637 -0.690646765373119 -0.33110198377762384 0.44502564775463366 0.8840421874443778 0.22131673991738127 0.3576157264973746 0.5233470281212524 0.8503765719353499 1.482704356547985 1.6210136513699869
294 2646 -0.690646765373119 -0.33110198377762384 0.44502564775463366 0.8840421874443778 0.22131673991738127 0.3576157264973746 0.5233470281212524 0.8503765719353499 1.482704356547985 1.6210136513699869
295 2655 -0.5965530903982241 -0.25157737019163673 0.44608762190562884 0.8692081556650901 0.2535051252038522 0.37085308984944815 0.5186231406243821 1.0005566069247132 1.460972254600786 1.5471521330752833
296 2664 -0.5965530903982241 -0.25157737019163673 0.44608762190562884 0.8692081556650901 0.2535051252038522 0.37085308984944815 0.5186231406243821 1.0005566069247132 1.460972254600786 1.5471521330752833
297 2673 -0.5965530903982241 -0.25157737019163673 0.44608762190562884 0.8692081556650901 0.2535051252038522 0.37085308984944815 0.5186231406243821 1.0005566069247132 1.460972254600786 1.5471521330752833
298 2682 -0.5965530903982241 -0.25157737019163673 0.44608762190562884 0.8692081556650901 0.2535051252038522 0.37085308984944815 0.5186231406243821 1.0005566069247132 1.460972254600786 1.5471521330752833
299 2691 -0.5965530903982241 -0.25157737019163673 0.44608762190562884 0.8692081556650901 0.2535051252038522 0.37085308984944815 0.5186231406243821 1.0005566069247132 1.460972254600786 1.5471521330752833
300 2700 -0.5965530903982241 -0.25157737019163673 0.44608762190562884 0.8692081556650901 0.2535051252038522 0.37085308984944815 0.5186231406243821 1.0005566069247132 1.460972254600786 1.5471521330752833
301 2709 -0.5279825656638063 -0.24213943124173562 0.4620348919169501 0.8550945121513218 0.2818991752665618 0.37347586392198645 0.5920616367860727 1.0004381835021066 1.4285495367314658 1.5456006322440712
302 2718 -0.5279825656638063 -0.24213943124173562 0.4620348919169501 0.8550945121513218 0.2818991752665618 0.37347586392198645 0.5920616367860727 1.0004381835021066 1.4285495367314658 1.5456006322440712
303 2727 -0.5279825656638063 -0.24213943124173562 0.4620348919169501 0.8550945121513218 0.2818991752665618 0.37347586392198645 0.5920616367860727 1.0004381835021066 1.4285495367314658 1.5456006322440712
304 2736 -0.5279825656638063 -0.24213943124173562 0.4620348919169501 0.8550945121513218 0.2818991752665618 0.37347586392198645 0.5920616367860727 1.0004381835021066 1.4285495367314658 1.5456006322440712
305 2745 -0.5279825656638063 -0.24213943124173562 0.4620348919169501 0.8550945121513218 0.2818991752665618 0.37347586392198645 0.5920616367860727 1.0004381835021066 1.4285495367314658 1.5456006322440712
306 2754 -0.5279825656638063 -0.24213943124173562 0.4620348919169501 0.8550945121513218 0.2818991752665618 0.37347586392198645 0.5920616367860727 1.0004381835021066 1.4285495367314658 1.5456006322440712
307 2763 -0.48316133841599096 -0.18384077263832743 0.370207829914642 0.8428109927556894 0.2961644743773538 0.4225764001045992 0.6587840644222892 1.0550734243671587 1.369906401347834 1.5198341578590269
308 2772 -0.48316133841599096 -0.18384077263832743 0.370207829914642 0.8428109927556894 0.2961644743773538 0.4225764001045992 0.6587840644222892 1.0550734243671587 1.369906401347834 1.5198341578590269
309 2781 -0.48316133841599096 -0.18384077263832743 0.370207829914642 0.8428109927556894 0.2961644743773538 0.4225764001045992 0.6587840644222892 1.0550734243671587 1.369906401347834 1.5198341578590269
310 2790 -0.48316133841599096 -0.18384077263832743 0.370207829914642 0.8428109927556894 0.2961644743773538 0.4225764001045992 0.6587840644222892 1.0550734243671587 1.369906401347834 1.5198341578590269
311 2799 -0.48316133841599096 -0.18384077263832743 0.370207829914642 0.8428109927556894 0.2961644743773538 0.4225764001045992 0.6587840644222892 1.0550734243671587 1.369906401347834 1.5198341578590269
312 2808 -0.48316133841599096 -0.18384077263832743 0.370207829914642 0.8428109927556894 0.2961644743773538 0.4225764001045992 0.6587840644222892 1.0550734243671587 1.369906401347834 1.5198341578590269
313 2817 -0.47465640098555106 -0.4090724779637316 0.36236120485498524 0.8478722921603665 0.2426271013544213 0.40418936531765726 0.6675283512425099 0.9567955583314592 1.34092009332682 1.6182226391351406
