% # columns="iteration, evaluation, void, void, void, xmean", seed=477531, Thu Nov 30 11:14:22 2023, <python>{}</python> # scaling_of_variables: 1, typical_x: 0
1 9 0 0 0 1.0874176623081386 1.469455648595642 -3.3691203017245486 -1.6162466399658344 0.1687638498616988 0.3484795354211576
2 18 0 0 0 -0.6800571330533638 2.358054512253423 -6.5902124450044 -0.021709606661789893 -0.5544550583476303 -0.8055054146828438
3 27 0 0 0 1.378901066956672 4.557310415852567 -7.682158002650881 0.15536688144490862 0.5186534507319701 -1.562605029729628
4 36 0 0 0 1.4457413796270768 4.418268884338814 -7.884759157625744 2.9255855185912694 -0.6766208544766913 -1.9675416051317038
5 45 0 0 0 2.5259444790484884 3.0729553052453737 -7.811291168148382 3.596046317266132 -0.24649445468046371 -0.4894898738043514
6 54 0 0 0 -0.876413662483337 4.2915713835092655 -6.174528072382159 1.8704689754408825 1.3720283427809772 0.06425312283364204
7 63 0 0 0 0.09167189913458895 3.753362516016717 -5.124266876577224 4.539206622283908 1.3077828953991224 1.1546476383756425
8 72 0 0 0 1.9307858534037132 3.7396118830115554 -3.1380530062290393 2.9094931664482715 2.0647697301605175 1.5353567649783184
9 81 0 0 0 -1.278200846133799 6.232078761581711 -4.42672499783538 3.144349770176268 0.7397431979370941 1.2628794182966598
10 90 0 0 0 -2.663331171233496 5.376394766754962 -5.256977370359371 3.2064686039680517 3.138248134097445 2.800639902760517
11 99 0 0 0 -3.030615410356432 4.721724257449472 -5.09201317989961 6.5703129226183785 2.4463791613742436 4.186831902575661
12 108 0 0 0 -1.2772173261826574 4.573262276940618 -5.154141663495861 4.9599311898202325 2.0781984314939614 4.060630106674426
13 117 0 0 0 0.26751951826576037 3.7606483538003292 -3.593573816121311 5.7358711796247475 1.874709745396846 3.8844956998211377
14 126 0 0 0 -0.2266357219739102 2.5875545476694124 -3.942818310683435 4.4912746365321405 1.2900260451601437 3.867423999665098
15 135 0 0 0 -2.094271186913473 1.9206735164137991 -4.650043902981742 5.458310059546327 2.192224582663372 4.4153841348276055
16 144 0 0 0 -0.9991247328197153 1.8114389490391842 -3.9498884806035877 4.960573031383668 1.6066575598724122 3.1728460625931874
17 153 0 0 0 -0.9580386736091834 1.8757372328180593 -4.72928065514214 4.658957789132377 1.2114480162057335 2.3088945958856453
18 162 0 0 0 -0.8644833935447217 1.331038928990821 -5.707489781625025 4.9106536877834355 0.5325518950864464 2.698339484754662
19 171 0 0 0 -1.342985106299288 1.9243266881562997 -5.8993160692548 5.001152451733629 0.9014564145801804 2.3185500325013484
20 180 0 0 0 -1.9294128509294883 1.5497371931737238 -6.473931728882684 4.361841217034818 1.008820983185915 1.8434642934667769
21 189 0 0 0 -1.685221191523051 1.7075938067314196 -5.6104523155459916 4.0336563385187825 1.2582739456008674 1.1356949444854447
22 198 0 0 0 -1.7452598624801812 1.0080477836001793 -5.603637736043425 4.142476525386736 0.6582775658090252 1.6724845926747434
23 207 0 0 0 -1.1391174678121445 1.3992721406909805 -5.912542262722292 3.63757502531635 0.679955614734409 1.9972131862853746
24 216 0 0 0 -1.8880309245632283 1.6692639980574295 -6.048002427160041 3.9440402508088765 1.0611084341325039 2.293083015930154
25 225 0 0 0 -1.850075250004473 0.9934808705326001 -6.147148066490268 3.918197106140594 0.6761388524028408 2.5086626864115598
26 234 0 0 0 -2.6875356657140905 0.24052180487000363 -5.952413967929253 3.3750778822664973 0.7652291872694654 2.5739754757340854
27 243 0 0 0 -2.1084857031099142 0.5498544107503817 -6.26412087881743 3.2841466376159896 0.645582808533287 2.5182929551204616
28 252 0 0 0 -2.457617376497178 0.15865922413991107 -6.377363588130977 2.328486312125136 0.4651211375922662 2.5094854796640624
29 261 0 0 0 -2.4559198974544425 -0.005028583427446831 -6.1766082147639425 2.412818554782314 0.6404527225791267 2.5337450931994123
30 270 0 0 0 -2.57805258172365 0.007170609039108031 -6.320394108772265 2.9994018826614908 0.5742632521782296 2.9455855506776136
31 279 0 0 0 -2.9145775486376526 -0.10562372079306742 -6.097121203928341 2.842305130992665 0.7428135613681355 2.8298009520348915
32 288 0 0 0 -3.0654346422013132 -0.6575825420915096 -6.480563690512254 2.940746730975958 0.605073680179444 2.920228368979121
33 297 0 0 0 -3.1566940367528757 -0.9435609084808143 -6.489177079900098 2.7967026582633845 0.5246131854926273 2.961985519280246
34 306 0 0 0 -2.9530433389181323 -0.9823746494351073 -6.261328777170911 2.779881413774967 0.4248597789054085 3.0235083501090707
35 315 0 0 0 -2.9066687611613724 -0.9245370999018907 -5.914592120632881 2.540058883082323 0.4302711940132184 2.657336061333694
36 324 0 0 0 -2.8938822828394617 -1.13756590578053 -5.959920509077249 2.70335837378971 0.4022947286464839 2.7935096902416836
37 333 0 0 0 -3.2860870567626477 -1.5285667958001923 -5.8796563770779215 2.5832418397536534 0.5682999666904054 2.9280274654506044
38 342 0 0 0 -3.5962994508393162 -1.6583115245512663 -6.104712558825316 2.361174434786442 0.5659242782504088 2.7104875079290376
39 351 0 0 0 -3.301584524706429 -1.5111857269966225 -6.0299252762732785 2.257309613628352 0.47513426742390313 2.5485510912046307
40 360 0 0 0 -3.006107252495424 -1.1470223038905047 -6.311555856270894 2.605047501915268 0.4558058650552246 2.83344899631954
41 369 0 0 0 -3.2947850306117017 -1.341564130557072 -6.3828106273810485 2.4828082453639673 0.5183496436275319 2.8651698191851778
42 378 0 0 0 -3.364667248519844 -1.4825496963048015 -6.306826574283755 2.539273607342038 0.5234882415547053 2.9232931277786482
43 387 0 0 0 -3.3832435460572485 -1.4741656447024465 -6.271879635850061 2.389685193356653 0.5069204339275194 2.800908037642709
44 396 0 0 0 -3.5043772157804347 -1.6837415382084033 -6.163357106807658 2.3522061214164354 0.5149330651174236 2.8445974162418985
45 405 0 0 0 -3.412865186514039 -1.720118326364436 -6.260165043397585 2.508016479331429 0.47931063556260967 2.9672283240249415
46 414 0 0 0 -3.4209682535726857 -1.648177066637978 -6.342091069490061 2.609922368457534 0.48760828917059895 3.0212035684381218
47 423 0 0 0 -3.53050781655397 -1.7232633861491566 -6.36824856155012 2.573974265366545 0.4989220336974245 2.974992136327324
48 432 0 0 0 -3.4174677406333065 -1.5706129390880592 -6.274170417173689 2.5421503752936205 0.5212655932449394 2.9428444894302324
49 441 0 0 0 -3.4084539952558637 -1.6169463895018625 -6.283445788662341 2.51839463534639 0.47658401089992225 2.956978227321008
50 450 0 0 0 -3.4370081752069215 -1.6288742171827517 -6.319168561145957 2.5529589563026347 0.49495927592754 2.9412185848901955
51 459 0 0 0 -3.473157047726206 -1.6341816195212877 -6.27946232451678 2.5009909298041855 0.5150696514324532 2.898835211714955
52 468 0 0 0 -3.4806431922554575 -1.7178308140447731 -6.269289053975049 2.5040988690373323 0.511057074140277 2.938086217324703
53 477 0 0 0 -3.541111135965293 -1.8239422938127 -6.287055065428802 2.4452881707541048 0.5076543961795706 2.893640914931895
54 486 0 0 0 -3.556523768083616 -1.8861877211159153 -6.338343904678897 2.5028748972431902 0.49521249380932353 2.9431646274546197
55 495 0 0 0 -3.5488388141251654 -1.8667759166632003 -6.350764539971845 2.45659355404535 0.4950836968989523 2.909379112433841
56 504 0 0 0 -3.5907723395018043 -1.939022238062964 -6.350359181601733 2.4432519939163835 0.502703144694237 2.912878424756472
57 513 0 0 0 -3.6512388082885234 -2.0820042226998776 -6.323762820248132 2.376380310768796 0.5034737714140891 2.8738133515521826
58 522 0 0 0 -3.692927166240446 -2.153356153383314 -6.317045394294601 2.338851924772798 0.508957265615824 2.8525581592468248
59 531 0 0 0 -3.684979079475313 -2.112481320724651 -6.2614781470556435 2.374488863605253 0.525554342120646 2.8873454992942404
60 540 0 0 0 -3.6623943426309093 -2.036947608439098 -6.347985426508649 2.4721484599535546 0.5149244598728874 2.9698432475984182
61 549 0 0 0 -3.6340259322945605 -2.000513619968106 -6.378425022188796 2.430444030936133 0.5084414640749804 2.9036617990519265
62 558 0 0 0 -3.6175146097441937 -1.9362530644076115 -6.369114693775791 2.4742975034365964 0.5129702805875923 2.9227473238690647
63 567 0 0 0 -3.5886164410320447 -1.8761355667617134 -6.419836900888588 2.528562009840034 0.5065037772353768 2.9712177483930766
64 576 0 0 0 -3.5882676954785984 -1.8701218585166233 -6.445998847853682 2.4827510710823257 0.5028016582663144 2.9209257666460373
65 585 0 0 0 -3.5395695754019116 -1.7696797063283205 -6.44211447877034 2.4939363812662476 0.5034452918104122 2.9288934088745826
66 594 0 0 0 -3.471370707060493 -1.6654931179873054 -6.4676884854860495 2.470943623930722 0.4952904900113302 2.886611859169384
67 603 0 0 0 -3.4492177332390623 -1.6346064905747508 -6.530601303503454 2.4972644987253294 0.48830279066978144 2.9017091907435364
68 612 0 0 0 -3.5169819716829185 -1.7454694733674652 -6.520124475184477 2.4887734916216155 0.49576258743067975 2.9116916479981176
69 621 0 0 0 -3.513637359156227 -1.7236040023953485 -6.490872461418765 2.500421015952376 0.4983647112075349 2.914395657593027
70 630 0 0 0 -3.5615919620616014 -1.8287315893877842 -6.430340083131394 2.480849779528961 0.5039782719691416 2.914617736290662
71 639 0 0 0 -3.570528537849666 -1.831466334336297 -6.438484448290158 2.4969113121265987 0.5048217099279495 2.9297282762151493
72 648 0 0 0 -3.5864809991034674 -1.8811339928913235 -6.393817305197671 2.4904707925687837 0.505023075411866 2.9276429946254185
73 657 0 0 0 -3.5635784914664197 -1.8393102281272093 -6.438946570216843 2.485520178690909 0.49946730843693377 2.918473918430764
74 666 0 0 0 -3.5684813885777396 -1.861963520375209 -6.404877166582008 2.4834222220996414 0.501922126802914 2.9240291036110344
75 675 0 0 0 -3.5247896823134504 -1.755664803270075 -6.4267590442617655 2.491320653775229 0.5010389964917511 2.9089862326075937
76 684 0 0 0 -3.511039094064237 -1.7247529855457304 -6.437730246145723 2.491964834869711 0.500672326639188 2.9069853422267595
77 693 0 0 0 -3.4859324694810256 -1.6811105480775073 -6.44533436423778 2.481218986895612 0.4988547501568053 2.890703968374761
78 702 0 0 0 -3.4839081230951496 -1.6731232719389564 -6.420641801605293 2.493925814491945 0.5009394355809256 2.9006154607221637
79 711 0 0 0 -3.485225354989933 -1.665836692899071 -6.429466316032616 2.4850726612835055 0.5002197943861517 2.893689347194376
80 720 0 0 0 -3.4873132264791606 -1.671728149303542 -6.4686813466521595 2.469650951512978 0.49777558828628143 2.879247792688172
81 729 0 0 0 -3.4827335642446675 -1.6666837636622918 -6.4519887529774875 2.4691757577997704 0.4984654926691769 2.877918174296581
82 738 0 0 0 -3.48575422418149 -1.669650733399309 -6.430338611295854 2.470413209211142 0.5012930296994687 2.8774073214074134
83 747 0 0 0 -3.473948969469026 -1.6488947818347774 -6.449537533350837 2.4784624878512336 0.49951503250969337 2.883360483495686
84 756 0 0 0 -3.477620916207388 -1.6545080174413527 -6.441119987149054 2.4745751421856927 0.5006849957162558 2.8793416705285977
85 765 0 0 0 -3.4807724563138627 -1.6655874271046793 -6.4470215488694365 2.471066432812095 0.5008754645221367 2.8786061579479707
86 774 0 0 0 -3.478972464327048 -1.661694421070995 -6.433657372715444 2.474664684072496 0.5020434435773831 2.8808262606655863
87 783 0 0 0 -3.4801976996497093 -1.6634280026608834 -6.457216224900287 2.4641415784182343 0.5002304770613151 2.8693870389635645
88 792 0 0 0 -3.478991231005554 -1.658412087323958 -6.461289048173058 2.4665493790847206 0.5001911766809742 2.8714663143971433
89 801 0 0 0 -3.4730210837171165 -1.6586994178080225 -6.483148722664517 2.474044504880775 0.4967114055087718 2.879128760001425
90 810 0 0 0 -3.4754858884353803 -1.6645328000266866 -6.487730134197473 2.4772142895545968 0.4958734385026595 2.882740347534625
91 819 0 0 0 -3.469821755301572 -1.6563030205446092 -6.484976936809311 2.4742474695756234 0.49612611653623184 2.8781561490995595
92 828 0 0 0 -3.468012180789697 -1.6561212652313417 -6.48298398275077 2.4714009570060487 0.4947583741619834 2.874032833074097
93 837 0 0 0 -3.4688166228082835 -1.6553687249064166 -6.4805528960395575 2.47128845909553 0.4949540252602078 2.8745649421079063
94 846 0 0 0 -3.4668481840054453 -1.6522137804470103 -6.472921577827844 2.47051132392384 0.4955163949807327 2.8748207317595624
95 855 0 0 0 -3.4648754464515865 -1.6488717844141274 -6.470420985528163 2.468521430827542 0.4954420078468519 2.8698731028714475
96 864 0 0 0 -3.4611599009954293 -1.6402270322582155 -6.461687810139875 2.4631917851900518 0.4962072764605579 2.8650848167199845
97 873 0 0 0 -3.4642528984034255 -1.6488197455884746 -6.461091487571539 2.4662282733156555 0.4962775883133198 2.8697612500190535
98 882 0 0 0 -3.469941336853433 -1.6576693748755567 -6.455697972286329 2.468189986739551 0.4962940399706034 2.872073340824481
99 891 0 0 0 -3.467542738604617 -1.6526030632788744 -6.459388798923993 2.4686646840629667 0.49626806197460716 2.872211868017057
100 900 0 0 0 -3.467332874540335 -1.6535191036433226 -6.45997361607553 2.4699915892655073 0.49602264608881325 2.875162099730704
101 909 0 0 0 -3.4701328815450556 -1.6563851962516873 -6.464929139841225 2.4716563871441286 0.49637028233680924 2.877180645797402
102 918 0 0 0 -3.4702945094253392 -1.655366472007295 -6.465079492274305 2.4717185710455007 0.49688230962080415 2.8770327999374112
103 927 0 0 0 -3.4721977105354123 -1.658570158567715 -6.47461821314784 2.473302546739386 0.4964679511084631 2.880048238718112
104 936 0 0 0 -3.471936010063562 -1.6551869392766656 -6.463793664147695 2.469511408877305 0.4976202533120214 2.8747751899109897
105 945 0 0 0 -3.4695202168381503 -1.6503933312621877 -6.468990103473679 2.4683432298663566 0.4972574845097434 2.8731717128824568
106 954 0 0 0 -3.4692298070720335 -1.6505248877491385 -6.466858086885316 2.468089920819371 0.4975717788655507 2.872933252469969
107 963 0 0 0 -3.467155659627403 -1.6461241200859877 -6.460244753420813 2.466528642914606 0.4978393209580605 2.869809766307856
108 972 0 0 0 -3.4686680246902704 -1.6512137706182084 -6.461015671018767 2.469186161017006 0.4971571903837823 2.873494498203727
109 981 0 0 0 -3.46921468751232 -1.6517322422708725 -6.464717710515314 2.4693052704309983 0.49721705228788216 2.8738991930976576
110 990 0 0 0 -3.470008873705033 -1.6516533784732106 -6.468229860526486 2.469985848897174 0.49740101607380705 2.8747232099439297
111 999 0 0 0 -3.469087003309362 -1.6503895527010572 -6.4684972623864185 2.4692492457047615 0.4971729813869276 2.8739230609092212
112 1008 0 0 0 -3.4686477092214996 -1.6502742940155442 -6.468739487267442 2.4684729137234416 0.4970472056615924 2.8728090033169185
113 1017 0 0 0 -3.4680978907500255 -1.6498411562920057 -6.467501217346247 2.4682174126242087 0.496923868621815 2.8728606119771873
114 1026 0 0 0 -3.468154669676366 -1.6498720650343568 -6.468709538671607 2.468396340406403 0.4970428109539468 2.873449895176027
115 1035 0 0 0 -3.4676782180892123 -1.648778773826918 -6.470188021168316 2.46788166197781 0.49694139700250356 2.872546381542079
116 1044 0 0 0 -3.4677266955549175 -1.6484196350912979 -6.469139552360624 2.467909494767679 0.4970008293260821 2.8720358933408927
117 1053 0 0 0 -3.467151765705741 -1.646925216533484 -6.469245749781598 2.467209862704338 0.49706371973957486 2.8711560383386265
118 1062 0 0 0 -3.4671223840762444 -1.6464200571954 -6.469268099363411 2.4670931199642308 0.49715312511234866 2.8708050663316946
119 1071 0 0 0 -3.4667273854237526 -1.6448646199643844 -6.46790457977516 2.4663557249698536 0.4973083895421135 2.869557697486104
120 1080 0 0 0 -3.466802524292033 -1.644128845266663 -6.467435911766792 2.4661150049386733 0.4974214932953951 2.8693869560360312
121 1089 0 0 0 -3.465215103706094 -1.6414498866832203 -6.469371071598214 2.465102338972777 0.49710507762152456 2.868321728510528
122 1098 0 0 0 -3.4654102439861374 -1.64270705722154 -6.4718458731770765 2.4655826530528446 0.4968704704794575 2.8695204308558724
123 1107 0 0 0 -3.46514200072108 -1.6412085417664541 -6.467622835195882 2.4650853825841166 0.4973090779961774 2.8681232798976994
124 1116 0 0 0 -3.4656835527316665 -1.6417335729332105 -6.465466017196453 2.465253596995377 0.4975731589709977 2.867734210662969
125 1125 0 0 0 -3.465476443907809 -1.6409254753123295 -6.464027109455348 2.464995256460285 0.4977368586164645 2.8670207770421
126 1134 0 0 0 -3.4649961588917773 -1.6408130471032383 -6.467682432663014 2.4650109037630092 0.49727370728664405 2.8678656572470076
127 1143 0 0 0 -3.465298612277359 -1.6411268657196358 -6.467454512948153 2.4651681513064982 0.49754455469140546 2.8679104287062347
128 1152 0 0 0 -3.466059963657246 -1.6430831521560225 -6.467442347705806 2.4658374604214908 0.4974707388271299 2.8692957981551164
129 1161 0 0 0 -3.4653926054872874 -1.64173794366542 -6.466678664756045 2.4652902903331206 0.4974952239241308 2.8684536530764957
130 1170 0 0 0 -3.4653517843685657 -1.6415582215733995 -6.469679865216339 2.46510664173137 0.4973314690535744 2.868749622957429
131 1179 0 0 0 -3.465871512329301 -1.6423163679132995 -6.46824915180965 2.465398782380439 0.49749742428489413 2.86898609243016
132 1188 0 0 0 -3.465417179433671 -1.641197546076764 -6.4670768543037225 2.4650259136374513 0.4976287210744163 2.868312341726934
133 1197 0 0 0 -3.465394824336787 -1.6409763474183883 -6.464703464014186 2.4648456080027206 0.4978333910263058 2.8677743386075543
134 1206 0 0 0 -3.4653805054364915 -1.6411554500874497 -6.464255827382586 2.464941831983405 0.49773233796409755 2.867932795894085
135 1215 0 0 0 -3.465731720408953 -1.6415461180060953 -6.465373036310481 2.4651628903704577 0.497693309102862 2.868216885448043
136 1224 0 0 0 -3.4654884540825304 -1.6411131307214322 -6.466697235433443 2.4650083703656347 0.49754530310136774 2.8679767129303824
137 1233 0 0 0 -3.4652510201090356 -1.6407862715427848 -6.466701652504232 2.4649030584141833 0.4974881094018826 2.8678881548179946
138 1242 0 0 0 -3.465155716311918 -1.640534705919151 -6.465487153682844 2.464834524877945 0.49758804892197545 2.867554712467587
139 1251 0 0 0 -3.4651918267428607 -1.6402972732444394 -6.465933975853902 2.464761755825699 0.49754795839353866 2.8673055191328136
140 1260 0 0 0 -3.4654968634202117 -1.6409518369432885 -6.464478077421297 2.4649604774700555 0.4977464891423472 2.867754660224866
141 1269 0 0 0 -3.4654977601067203 -1.6408525173417026 -6.464946053740224 2.4649240084558377 0.4977721071965344 2.867844622989363
142 1278 0 0 0 -3.4655642841335075 -1.6408804354441535 -6.464387121085946 2.4649495589314645 0.49784060505371885 2.8677872969294365
143 1287 0 0 0 -3.4655078394878123 -1.640889032777965 -6.464769551726049 2.464958345956791 0.49776839968227354 2.8678696608104244
144 1296 0 0 0 -3.465289062951655 -1.6404565227114107 -6.465820737214798 2.464841161195907 0.4976555319575056 2.8678229089001355
145 1305 0 0 0 -3.465123011208517 -1.6402722220315515 -6.4659437736002445 2.4647679721115145 0.4976203796967586 2.867770909429143
146 1314 0 0 0 -3.4651498326122265 -1.6403295935061357 -6.465988600085339 2.4647523153664856 0.4976184489163904 2.8676885593595522
147 1323 0 0 0 -3.465169611185576 -1.6403477748488586 -6.465753964711191 2.464755372632894 0.49764354843714853 2.867768824822643
148 1332 0 0 0 -3.4651028751572497 -1.6401397715841943 -6.465621611166504 2.4646850323874037 0.497640297191255 2.86760563070462
149 1341 0 0 0 -3.4652003956325106 -1.6402198288807301 -6.465623156741386 2.4647319257252964 0.4976684226586669 2.8677138333515475
150 1350 0 0 0 -3.465262134649168 -1.64027895908261 -6.465572786496262 2.4647676105163665 0.49767619541856783 2.8675978974357803
151 1359 0 0 0 -3.465265428252376 -1.6402090640264724 -6.465355747771141 2.464733715202955 0.4976896915483786 2.8675268456170495
152 1368 0 0 0 -3.4652807010638584 -1.6402791854045324 -6.464724448131891 2.4647452711778093 0.4977537987630787 2.867472978153077
153 1377 0 0 0 -3.465250270561847 -1.6402719463813034 -6.464935187980492 2.46474586774247 0.49773854222069247 2.8675283001520397
154 1386 0 0 0 -3.4652262336928414 -1.6402500030589995 -6.464964829339727 2.464736610501901 0.4977264986517822 2.8674787215967728
155 1395 0 0 0 -3.4651152988514684 -1.6400369887545567 -6.464954479138273 2.4646609196279705 0.4977132433248697 2.8673645970782085
156 1404 0 0 0 -3.465097436283184 -1.6400654024388135 -6.4651710506230655 2.4646667968803815 0.4976714359955617 2.8673749512311053
157 1413 0 0 0 -3.4650310596339993 -1.6400404317381723 -6.465088433198718 2.464652816808442 0.4976780862393187 2.8674280040123286
158 1422 0 0 0 -3.465095140446585 -1.6401323595348671 -6.4651824134959766 2.464699750464584 0.49770059549121315 2.8675246731112827
159 1431 0 0 0 -3.46516441680036 -1.6400962064660891 -6.464989094337498 2.464696760966035 0.4977175006118457 2.8674588666994967
160 1440 0 0 0 -3.4652624094014253 -1.6401127876097994 -6.464876688770649 2.464702537164928 0.4977466357810101 2.8675213528172954
161 1449 0 0 0 -3.4652725865339753 -1.6400824889238745 -6.464648494841766 2.4646915295769904 0.49774976572007196 2.867437985454376
162 1458 0 0 0 -3.4652660162438407 -1.6399871404406299 -6.464213993184252 2.4646601040705374 0.49777134752095975 2.8673921393191377
163 1467 0 0 0 -3.4654102175141785 -1.6401900075772171 -6.463720012060911 2.464730102934904 0.49784406799205283 2.8675300535613926
164 1476 0 0 0 -3.4653245223481752 -1.640058380202957 -6.464159474403405 2.4646774408214496 0.4977708764607321 2.8674502450750916
165 1485 0 0 0 -3.465318937224154 -1.6400469561509472 -6.463743306335958 2.4646730876305267 0.49780613804446444 2.867373252048913
166 1494 0 0 0 -3.465299777168315 -1.6400578872597105 -6.463835629653435 2.4646811924157856 0.49778699855636194 2.86748345719664
167 1503 0 0 0 -3.4652873153050328 -1.6400032990329212 -6.463970891773267 2.464668204832567 0.49777486019340295 2.8674468346712776
168 1512 0 0 0 -3.4652862959221906 -1.640051050620641 -6.464178817430965 2.4646783160143393 0.4977683770571452 2.867482972282207
169 1521 0 0 0 -3.4653083475614443 -1.6400621982931163 -6.463975771894485 2.464686901769702 0.4977797052203046 2.8675134215772196
170 1530 0 0 0 -3.465353638972112 -1.6400359538015215 -6.46370297636507 2.4646859256184444 0.4978016181900448 2.867458459702983
171 1539 0 0 0 -3.46537669679808 -1.6400224492351292 -6.463599882768122 2.464688006162683 0.4977984951033488 2.8674276803674785
172 1548 0 0 0 -3.465412434753916 -1.6400501044590063 -6.463610497959918 2.4646912126856413 0.4977896530445067 2.867445359843308
173 1557 0 0 0 -3.4653753437548502 -1.639995140449927 -6.463770918348237 2.4646708768392913 0.49779726154118203 2.867473393346115
174 1566 0 0 0 -3.46537111208522 -1.6400100923698184 -6.463660963669406 2.464678013610212 0.49780314326783526 2.867512058295844
175 1575 0 0 0 -3.4653691126836916 -1.6399615413996929 -6.463947314814793 2.4646683082773846 0.49778378800229234 2.8675445641883153
176 1584 0 0 0 -3.465400022786109 -1.6399813212272842 -6.463644493430127 2.4646723419599668 0.49782041280684924 2.867480112294061
177 1593 0 0 0 -3.465388671004045 -1.6399583567852236 -6.4635703383379575 2.464663016951622 0.49782633193709075 2.867498059140026
178 1602 0 0 0 -3.465391461771061 -1.6399444965787515 -6.463501465227411 2.464660607141502 0.49783888686182887 2.867536273848002
179 1611 0 0 0 -3.4653722682344306 -1.6399200625616457 -6.463546889515837 2.464653354796263 0.4978288986781767 2.8674978286624913
180 1620 0 0 0 -3.465376099745984 -1.6399403967044277 -6.46345037970925 2.464658948825112 0.49785428468363774 2.8675312932981463
181 1629 0 0 0 -3.46537862589698 -1.6399516367191804 -6.4636759867499824 2.4646646169419495 0.49783986046399537 2.8675708837406133
182 1638 0 0 0 -3.465390712984266 -1.6399475839259348 -6.463716092038616 2.4646674065514422 0.4978310910631621 2.8675074914414234
183 1647 0 0 0 -3.46538694096801 -1.6399158780852012 -6.463700665153229 2.4646580318129097 0.497822014236096 2.867450617486024
184 1656 0 0 0 -3.4653891296868595 -1.6399156091720317 -6.4637154437880735 2.4646562107152823 0.4978255420717026 2.867447998145513
185 1665 0 0 0 -3.4654033669088316 -1.6399352292607527 -6.463690910863621 2.464662590955275 0.4978273481679665 2.8674509897348455
186 1674 0 0 0 -3.4654048164720863 -1.6399266939584507 -6.463660864908931 2.464661153238036 0.49784086634499375 2.867482709007742
187 1683 0 0 0 -3.465394157850804 -1.639927065042236 -6.463727935752897 2.4646613253424317 0.49782827547614694 2.86746977801769
188 1692 0 0 0 -3.46538905355807 -1.6399042104890873 -6.463649828371477 2.4646536497066287 0.49784156349330494 2.8674694041966853
189 1701 0 0 0 -3.4653769196266406 -1.6399126179458265 -6.463622593699731 2.464653955498932 0.49783936389186534 2.867450953640467
190 1710 0 0 0 -3.46538708653605 -1.639910220598995 -6.463520033961957 2.4646531577094244 0.49784184407956317 2.8674327696411908
191 1719 0 0 0 -3.46538033257962 -1.6399024731076208 -6.463613281663347 2.4646519383648813 0.4978346556573333 2.8674412867555428
192 1728 0 0 0 -3.465375886560477 -1.6399007538864927 -6.463627808207848 2.4646512132854523 0.49783408366106824 2.8674592651812096
193 1737 0 0 0 -3.465384713846595 -1.639896186694026 -6.463616758696976 2.4646514921754954 0.49783406246820827 2.8674507193073486
194 1746 0 0 0 -3.465387836392364 -1.6398952279022148 -6.463725406389834 2.464651454823736 0.49782846939100767 2.8674640167514407
195 1755 0 0 0 -3.4653937167584843 -1.6399058621223486 -6.46373071317106 2.4646566547784894 0.4978310479117648 2.8674949164971477
196 1764 0 0 0 -3.4653884665925982 -1.6399037866804504 -6.463705566373577 2.464654764344118 0.49782807457700134 2.8674917370730033
197 1773 0 0 0 -3.46539092562419 -1.639898564359384 -6.463714275590514 2.4646540975073434 0.4978216716328826 2.867475209368431
198 1782 0 0 0 -3.465394300369101 -1.6399022134636192 -6.463738742746993 2.464655945295508 0.49782307756723854 2.8674753729841798
199 1791 0 0 0 -3.4653959941482766 -1.6399010492602775 -6.4637426340075255 2.464656139462213 0.49782518843448875 2.8674928669951223
200 1800 0 0 0 -3.4654054852925764 -1.639903642210894 -6.463762014838611 2.4646567207396037 0.4978323940753758 2.867507019608899
201 1809 0 0 0 -3.4653988647991016 -1.639905992541264 -6.463650781960108 2.4646561398779205 0.49783768019033625 2.8674893147820355
202 1818 0 0 0 -3.465397258869593 -1.6399051515230727 -6.463657187661201 2.4646561021643363 0.49783904045769756 2.8674920082116224
203 1827 0 0 0 -3.465387666602239 -1.6399038783723041 -6.463591845290443 2.464653697390696 0.4978425647818954 2.86749252879838
204 1836 0 0 0 -3.465388937018981 -1.6398986220225524 -6.463599468489556 2.464652122853832 0.49784648234001094 2.8674993284178947
205 1845 0 0 0 -3.4653902927088662 -1.6399028099647066 -6.463612669671951 2.464653931142292 0.4978481817176208 2.867503904199132
206 1854 0 0 0 -3.465386390165112 -1.63990088406265 -6.463589973696948 2.464653399628708 0.4978488650167593 2.8675069287114803
207 1863 0 0 0 -3.465387629953431 -1.6398948788376932 -6.4636158266537285 2.4646524033701263 0.4978500863373725 2.8675039479784368
208 1872 0 0 0 -3.4653849403642822 -1.6398954888764783 -6.463616467765652 2.4646522176692436 0.49784626191193293 2.867496410595858
209 1881 0 0 0 -3.465385675880213 -1.6398978117653693 -6.463622124260646 2.464652857768103 0.4978438743617513 2.867484168340549
210 1890 0 0 0 -3.465384454534779 -1.6398933750373677 -6.463600355916749 2.4646514158380644 0.49784793732928095 2.867482203170984
211 1899 0 0 0 -3.465388187328461 -1.6398917073754984 -6.4636392223575205 2.464651405005582 0.4978436199244677 2.86747958037938
212 1908 0 0 0 -3.4653886624526113 -1.6398953991955263 -6.4636081697482854 2.4646521748833936 0.4978467178455436 2.8674797794365054
213 1917 0 0 0 -3.465389685292691 -1.6398960690818072 -6.463609539964713 2.4646520231026137 0.49784571986933635 2.8674787815380105
214 1926 0 0 0 -3.4653897676861445 -1.639894530531331 -6.463613757873385 2.464652006291523 0.49784455367004576 2.8674806811571067
215 1935 0 0 0 -3.4653889639653723 -1.6398931378362238 -6.463624722114945 2.464651563084129 0.4978444874232182 2.86748398229955
216 1944 0 0 0 -3.465388610017262 -1.6398944303216683 -6.463629802533152 2.464651795781126 0.4978442170500503 2.8674816382132198
217 1953 0 0 0 -3.465388101929765 -1.6398920829687411 -6.463622501991732 2.464651119539691 0.49784443860922756 2.867484102663717
218 1962 0 0 0 -3.4653881089130443 -1.6398926814688441 -6.463628321940441 2.4646514856735537 0.4978447460550636 2.8674896350699437
219 1971 0 0 0 -3.4653874911066027 -1.6398910787998175 -6.463635255920616 2.4646508812161025 0.49784398215085696 2.8674927723537755
220 1980 0 0 0 -3.4653875201004367 -1.639890617184272 -6.463635919548061 2.4646506016580285 0.49784407406096 2.867493090097993
221 1989 0 0 0 -3.465389452450654 -1.6398930127047189 -6.46363243113159 2.464651562612845 0.49784451049369366 2.8674908154739867
222 1998 0 0 0 -3.465390717521845 -1.6398916578505915 -6.463626569744767 2.464651518768376 0.497846981770766 2.8674966879536483
223 2007 0 0 0 -3.4653907038418343 -1.6398908375209622 -6.463633597634492 2.4646513837087514 0.4978462550914199 2.8674936866007705
224 2016 0 0 0 -3.4653920926326323 -1.6398906485920266 -6.463650778635352 2.4646515265443587 0.4978455672080184 2.8674912382587445
225 2025 0 0 0 -3.4653912054140674 -1.6398908596157422 -6.463634654277211 2.464651419569303 0.4978463692146213 2.867492251283733
226 2034 0 0 0 -3.4653906640171597 -1.6398906940255689 -6.4636408725907675 2.464651532409038 0.4978461631424758 2.8674910594396437
227 2043 0 0 0 -3.4653909492549144 -1.6398905756089115 -6.463639799672652 2.4646513166649773 0.49784776395179864 2.867492664657057
228 2052 0 0 0 -3.4653915025505064 -1.6398914772554933 -6.463652579419948 2.4646517338996405 0.497845665265504 2.867490908539649
229 2061 0 0 0 -3.465392171639227 -1.6398913337455754 -6.463657173420084 2.4646517604827087 0.4978440504787529 2.8674882771218932
230 2070 0 0 0 -3.4653922507218224 -1.6398917825229402 -6.463656309741335 2.4646518350969995 0.49784479812608806 2.8674855014768896
231 2079 0 0 0 -3.465393554848039 -1.6398924475082044 -6.463651761018357 2.4646521419636955 0.49784560465943506 2.8674834110631036
232 2088 0 0 0 -3.4653941924912215 -1.6398913364157048 -6.463662466713103 2.464651996363221 0.4978446424444058 2.867482297132795
233 2097 0 0 0 -3.4653929691345646 -1.6398904692918463 -6.463656627926571 2.4646515658479067 0.4978443464695148 2.867482772349659
234 2106 0 0 0 -3.465393575100821 -1.6398900141530162 -6.463655739046636 2.464651496535898 0.497844041579902 2.8674822589657607
235 2115 0 0 0 -3.4653946931011506 -1.6398907777890337 -6.463666421254821 2.4646519466239725 0.4978439280505842 2.867478555424818
236 2124 0 0 0 -3.4653945563215305 -1.639891153046329 -6.4636625200170785 2.464652035496272 0.49784457268630006 2.8674795869771166
237 2133 0 0 0 -3.465394276628865 -1.6398910226952987 -6.463668713348302 2.464652022144418 0.49784390298661657 2.867479877076355
238 2142 0 0 0 -3.4653945738737195 -1.6398900509394 -6.463673995630173 2.4646517872234726 0.4978433720895338 2.8674747699677616
239 2151 0 0 0 -3.465394781062024 -1.6398892599710995 -6.463680054997304 2.4646516776020766 0.497843372466681 2.867472200415823
240 2160 0 0 0 -3.465394922522496 -1.6398897711421105 -6.463678118486032 2.4646518165268643 0.4978433147963101 2.8674770362567323
241 2169 0 0 0 -3.46539519472119 -1.6398889841501447 -6.463687957198644 2.4646516803487284 0.49784224032898244 2.867472782067052
242 2178 0 0 0 -3.465395668912364 -1.6398885087613033 -6.463691536968015 2.4646516117955684 0.4978418357650908 2.867469420757637
243 2187 0 0 0 -3.465396506875574 -1.6398885318059122 -6.463696906351237 2.464651757033454 0.497841220091673 2.8674672900358034
244 2196 0 0 0 -3.4653972244850246 -1.6398892038928439 -6.463703139542936 2.4646520594974977 0.497840287120967 2.867466080001958
245 2205 0 0 0 -3.4653981128951155 -1.6398882746295482 -6.463719699793089 2.4646519518628107 0.49783888944724924 2.867458868975975
246 2214 0 0 0 -3.4653979843905343 -1.6398887685603953 -6.463715833820838 2.464652082241782 0.49783982649842357 2.8674606500918776
247 2223 0 0 0 -3.465397450021762 -1.6398885829802798 -6.463708197837327 2.464651893672627 0.49784084521204347 2.8674588074550083
248 2232 0 0 0 -3.4653977826193594 -1.6398881574942656 -6.463709545346114 2.4646518359960017 0.4978415897911755 2.867461450564389
249 2241 0 0 0 -3.4653985281861956 -1.6398884948996892 -6.463717526985895 2.4646520531216147 0.4978412609801355 2.8674602885781995
250 2250 0 0 0 -3.465399335038248 -1.6398878443227454 -6.463727495647291 2.4646519769194963 0.4978406588138173 2.867457224243215
251 2259 0 0 0 -3.465400669459216 -1.6398881157975338 -6.4637422036467145 2.464652287159033 0.49783997489655607 2.8674522199718213
252 2268 0 0 0 -3.4654010286974617 -1.6398885388361581 -6.463744183947262 2.464652460534978 0.4978403828958688 2.8674538445304134
253 2277 0 0 0 -3.4654027348062373 -1.6398884413806516 -6.463762152927099 2.464652751209322 0.49783979354621 2.8674490715922665
254 2286 0 0 0 -3.4654020458149875 -1.639887596169767 -6.463760654048358 2.4646524786113266 0.49784044825857243 2.867446960209353
255 2295 0 0 0 -3.4654018391120682 -1.6398876169961163 -6.463759039404061 2.4646524955276696 0.49784058580990465 2.867449179198198
256 2304 0 0 0 -3.4654013938240738 -1.6398877872903694 -6.463756554461704 2.464652503093781 0.49784034716139386 2.8674537290359354
257 2313 0 0 0 -3.465401727155104 -1.639887203704939 -6.463757518711569 2.4646523416567754 0.49784068710519086 2.8674513195659457
258 2322 0 0 0 -3.4654023727874717 -1.6398868151147965 -6.463767599409343 2.4646523719943882 0.4978402248877196 2.8674476498666777
259 2331 0 0 0 -3.4654029710835386 -1.6398871679558278 -6.4637737967723545 2.464652562407278 0.49784009589450745 2.8674470125141878
260 2340 0 0 0 -3.4654026773500393 -1.639887540837705 -6.463769862893689 2.4646526122519354 0.49784082469447266 2.8674515181216917
261 2349 0 0 0 -3.4654029162761066 -1.639887176203667 -6.463770580954378 2.464652536503235 0.49784172821867856 2.867452772256743
262 2358 0 0 0 -3.4654029343186714 -1.6398869278282804 -6.463776670580349 2.464652482230585 0.4978416005113125 2.867454726516764
263 2367 0 0 0 -3.465402210833365 -1.6398867639687305 -6.46376552553936 2.4646522699912228 0.49784117915162507 2.867455086916797
264 2376 0 0 0 -3.465402633637364 -1.639886630127796 -6.463772785923541 2.4646523552897315 0.49784070757277155 2.8674567319230397
265 2385 0 0 0 -3.465402595550954 -1.6398869019322366 -6.463771133880219 2.4646524070512634 0.49784036345898686 2.8674564019206636
266 2394 0 0 0 -3.4654027584308515 -1.639887072613518 -6.4637689004278025 2.4646524100803457 0.4978406841424883 2.8674572822850184
267 2403 0 0 0 -3.465402943606357 -1.6398866274223183 -6.4637752397216275 2.4646523910696714 0.49784053069545653 2.867456803797344
268 2412 0 0 0 -3.465402644914871 -1.6398865220385672 -6.463772970655571 2.4646522897787317 0.497840406159753 2.867456420141107
269 2421 0 0 0 -3.465402423405788 -1.6398865973103718 -6.4637692684873 2.4646523223099623 0.49784081212365205 2.867459777430814
270 2430 0 0 0 -3.4654027733055637 -1.6398867415776317 -6.463774552955311 2.4646524603461715 0.49784118593645477 2.867462415144935
271 2439 0 0 0 -3.4654027520870945 -1.639886866879759 -6.463775032209103 2.4646524911373966 0.4978417312024109 2.8674630741766065
272 2448 0 0 0 -3.465403017164971 -1.6398866698954278 -6.463775432497626 2.464652457138576 0.49784190780309956 2.8674618817479898
273 2457 0 0 0 -3.465402943423819 -1.6398868032712735 -6.4637729160512425 2.4646524785939232 0.49784244927752697 2.867464092401508
274 2466 0 0 0 -3.465403344157497 -1.6398866948166635 -6.463778101454773 2.464652536305393 0.49784197553191667 2.867461700384628
275 2475 0 0 0 -3.465403084615901 -1.6398866241188679 -6.463774329124812 2.464652463766831 0.4978427383098252 2.867462333022928
276 2484 0 0 0 -3.465402819456737 -1.6398863507220396 -6.4637727038212045 2.464652328657013 0.4978432772965492 2.867463104903379
277 2493 0 0 0 -3.465402938611006 -1.6398864090964183 -6.463772822557749 2.4646523676753453 0.4978431787910528 2.867463960531632
278 2502 0 0 0 -3.465402998467798 -1.63988668222581 -6.463772172396416 2.4646524422781266 0.49784278500939666 2.867462533546795
279 2511 0 0 0 -3.4654031431269856 -1.639886619178963 -6.463772382320463 2.464652435850655 0.4978428290006993 2.8674631135110165
280 2520 0 0 0 -3.4654031965676766 -1.6398865039683157 -6.46377288520134 2.464652407536646 0.4978439732264003 2.8674661247111497
281 2529 0 0 0 -3.465403082342335 -1.6398864501592585 -6.463773413364275 2.4646524082976016 0.4978436637991745 2.8674667974430705
282 2538 0 0 0 -3.4654033097865407 -1.6398863995875514 -6.46377654226277 2.4646524140919674 0.4978442188301397 2.8674682319451033
283 2547 0 0 0 -3.4654030610244093 -1.6398863858106976 -6.46377380585885 2.4646523690069397 0.49784397140547354 2.86746848152759
284 2556 0 0 0 -3.4654031734968016 -1.6398864949262655 -6.463773567807097 2.4646524084470913 0.4978445104117579 2.8674692393798913
285 2565 0 0 0 -3.46540330066244 -1.63988643505703 -6.463774871100728 2.4646524132680563 0.4978448190782264 2.8674702859176824
286 2574 0 0 0 -3.4654034700516756 -1.6398864827479134 -6.46377623293799 2.464652455308637 0.49784453697335146 2.867469616954053
287 2583 0 0 0 -3.465403514069953 -1.639886469762947 -6.463777288356531 2.464652459853355 0.49784470573307565 2.8674685894973835
288 2592 0 0 0 -3.465403312978817 -1.6398864019702528 -6.463776197117172 2.4646524299315296 0.4978444329299381 2.8674708260414965
289 2601 0 0 0 -3.4654032071555236 -1.6398863617011428 -6.4637756114050715 2.4646523978645947 0.49784423945239176 2.8674710807509785
290 2610 0 0 0 -3.4654033014795758 -1.6398863237838026 -6.463776867608587 2.464652392541714 0.49784390876254064 2.86747038444785
291 2619 0 0 0 -3.4654034236465803 -1.6398862822078417 -6.463776813937643 2.464652407897861 0.49784473453408384 2.867472126366296
292 2628 0 0 0 -3.4654033371730057 -1.6398862268884111 -6.4637767246549815 2.4646523814325976 0.49784482944508635 2.8674732331221406
293 2637 0 0 0 -3.465403318330718 -1.6398861972743357 -6.463777526118481 2.4646523832327283 0.497844270482126 2.8674712404037903
294 2646 0 0 0 -3.465403358511237 -1.6398861993968366 -6.4637783953838 2.464652380776706 0.49784425901456586 2.867469958986451
295 2655 0 0 0 -3.4654034471473762 -1.6398862707958795 -6.463778667010415 2.4646524080276215 0.4978440806568787 2.867469443571927
296 2664 0 0 0 -3.465403479882753 -1.639886317446152 -6.463777208778625 2.4646524193208426 0.49784428037857076 2.86747080598279
297 2673 0 0 0 -3.4654035434167936 -1.639886285360748 -6.463777810057864 2.464652424005065 0.49784439112598355 2.867470438853003
298 2682 0 0 0 -3.4654034983456015 -1.639886311645081 -6.463777893933318 2.4646524391880407 0.49784429103412947 2.8674707398690646
299 2691 0 0 0 -3.4654035077332117 -1.6398863107183663 -6.463777123531854 2.4646524297997257 0.49784447689590666 2.867471437832464
300 2700 0 0 0 -3.465403547202252 -1.6398863231233995 -6.463777570518177 2.4646524424616407 0.4978445096831775 2.8674713180843203
301 2709 0 0 0 -3.4654034936122535 -1.6398863192438538 -6.463777183362833 2.4646524282847855 0.4978445631014238 2.8674718444713068
302 2718 0 0 0 -3.465403539729535 -1.6398863443649982 -6.463777614908715 2.46465243704528 0.4978446021818776 2.8674718362774687
303 2727 0 0 0 -3.465403549713546 -1.6398863210611159 -6.463777914724296 2.464652440595013 0.49784455927768617 2.867471404906987
304 2736 0 0 0 -3.4654035693665097 -1.6398862962922844 -6.463777706201947 2.4646524316241747 0.49784451719231415 2.8674715801035133
305 2745 0 0 0 -3.465403599095644 -1.6398863098238334 -6.463777840883605 2.4646524446836815 0.49784454536274 2.8674719957700514
306 2754 0 0 0 -3.465403554015236 -1.639886273495647 -6.463777596929413 2.464652432032334 0.49784446681171546 2.8674721094912012
307 2763 0 0 0 -3.465403560591366 -1.6398862865666768 -6.4637774359414415 2.4646524338304205 0.4978446630985937 2.8674725232076574
308 2772 0 0 0 -3.4654036002129005 -1.6398863031329642 -6.4637778979453335 2.4646524431916887 0.4978446872448258 2.8674722099309475
309 2781 0 0 0 -3.465403610219511 -1.6398863236068615 -6.463778016765678 2.4646524462394446 0.49784471011268383 2.8674720681290546
310 2790 0 0 0 -3.465403657166937 -1.6398863274743538 -6.46377838373438 2.464652453444185 0.4978447178881101 2.8674720340354933
311 2799 0 0 0 -3.4654036265565145 -1.6398862850305085 -6.463778368343552 2.464652438304777 0.497844497367967 2.8674716602823396
312 2808 0 0 0 -3.465403619263034 -1.6398863043377372 -6.463778522014564 2.464652441875998 0.4978444437135642 2.8674715618792455
313 2817 0 0 0 -3.4654035865280304 -1.6398862986365803 -6.46377818592364 2.464652437848998 0.4978444551051876 2.8674715411943423
