% # columns="iteration, evaluation, sigma, axis ratio, bestever, best, median, worst objective function value, further objective values of best", seed=501968, Thu Nov 30 11:17:01 2023, <python>{}</python>
1 9 1.9984566665191366 1.0000416675347343 0.15412456990850398 1.5412456990850398e-01 73.1228761621309 680237.9398554013   
2 18 2.0143914620563454 1.2646379263833274 0.12618674265224872 1.2618674265224872e-01 1.5900471585317384 6.714174891033235   
3 27 2.0066749130179393 1.3602594181991245 0.04488655811792961 4.4886558117929611e-02 0.28763636171552653 284.87524775897356   
4 36 1.9726639792523395 1.4767751918189258 0.03382302257813554 3.3823022578135541e-02 0.29701319082879957 13.023737952746405   
5 45 2.0308363613654232 1.6446105516611809 0.03382302257813554 6.5614400093834083e-02 0.2990017260038251 29.278488994273257   
6 54 2.0951241184260705 1.8151919025846404 0.03382302257813554 1.6928637805814664e-01 0.26966487895025226 1.2052716558609193   
7 63 1.9197566008165796 2.127181853966558 0.03382302257813554 6.0110767150802685e-02 0.2811094989686675 238.43220572312353   
8 72 1.9748533500294645 2.1333440333223193 0.03382302257813554 2.2399047413847223e-01 0.28645331516433575 1.3498844226016642   
9 81 1.7780722057539313 2.392237782219148 0.03382302257813554 9.3380955327172929e-02 0.2089093647798485 0.30248321100974573   
10 90 1.7909845788530279 2.4878372010859904 0.03382302257813554 6.2332390384384782e-02 0.21646487925197713 4.324707914282053   
11 99 1.6365665057544536 2.6472078124187934 0.03382302257813554 6.7629923948992157e-02 0.17465873336114018 132.90062858781133   
12 108 1.4372153520618478 2.6145517718972795 0.03382302257813554 7.8327901507194542e-02 0.186383630969111 123.9096788199209   
13 117 1.3534483911734492 2.8237046309132436 0.03382302257813554 5.3230501788643386e-02 0.12872512136641148 0.522687345082749   
14 126 1.1793880447125877 2.9865497476200975 0.03382302257813554 6.2565762926960602e-02 0.13970240768286796 0.4840622759977288   
15 135 1.082163382481936 3.3256068975573845 0.03382302257813554 6.1176151807099004e-02 0.11893384524277179 1.0390876168660435   
16 144 1.1038640337613572 3.2071211398215373 0.03382302257813554 3.6279307167475155e-02 0.07950311970497895 0.4511036953387474   
17 153 1.0475587323292634 3.585080607919926 0.03382302257813554 4.1174344638874073e-02 0.07437410903005925 1.8775451358812796   
18 162 0.9618197532091336 3.99741941861367 0.03382302257813554 4.8699537321985564e-02 0.10090914894736545 0.14536716261616933   
19 171 0.9321696350966747 3.966531043700996 0.03382302257813554 4.2743041704472642e-02 0.06846408844014744 0.7165851921033196   
20 180 0.9112312362488667 4.387250459396694 0.03328317614796192 3.3283176147961918e-02 0.08695805107766937 0.5381599781241633   
21 189 0.8336762349382738 4.65389979846137 0.03128300199921751 3.1283001999217512e-02 0.057637389134603215 0.09941859989677282   
22 198 0.7217152070241979 4.949327732708438 0.03128300199921751 4.0826700884582248e-02 0.07399168359215348 0.2273446047700899   
23 207 0.7301533047136813 5.301010148726926 0.020744675477786207 2.0744675477786207e-02 0.04603587181731354 0.09961987653255959   
24 216 0.720920100369346 5.263436281295702 0.020744675477786207 2.2967166861706738e-02 0.03586914300976054 0.09203859452590563   
25 225 0.7577350736108016 5.343583242656838 0.013024017732559456 1.3024017732559456e-02 0.04642934002898328 0.22543128430727993   
26 234 0.8273878804263712 5.82943067781801 0.012801034461091557 1.2801034461091557e-02 0.03822484031204779 0.08513325071622027   
27 243 0.8457763207781981 5.742961402381359 0.012801034461091557 2.8298003643456696e-02 0.09000209525984236 0.17773332928066984   
28 252 0.7913814269421585 5.923772378582388 0.012801034461091557 2.5140133298558520e-02 0.03662778677754147 0.34478383563982345   
29 261 0.7758039948931299 6.146785611487046 0.011165876429162926 1.1165876429162926e-02 0.05841235620651859 0.5534872072208428   
30 270 0.675279795739996 6.741163084945419 0.011165876429162926 1.3398016881984057e-02 0.06736826822329976 0.1560779652038834   
31 279 0.6971873135882128 6.490439829476574 0.008437545680066192 8.4375456800661920e-03 0.021088792035685994 0.05051024692743385   
32 288 0.6773888756587539 6.0563703309305135 0.008437545680066192 9.7651238645535942e-03 0.027499170360721022 0.12106858839473761   
33 297 0.6271825950608787 6.115358957896089 0.008437545680066192 9.1620347303386432e-03 0.02974874219508114 0.044880434611786306   
34 306 0.5982402690319784 6.0877380035888695 0.008437545680066192 1.1007316408674764e-02 0.02284482503781254 0.05883023984007821   
35 315 0.5482120430839644 5.982477116859671 0.004485092928495764 4.4850929284957642e-03 0.025468760780969296 0.04452268709090484   
36 324 0.5161671202629586 6.230398073366163 0.004485092928495764 6.7090288656364658e-03 0.01966423120729168 0.041266426590471465   
37 333 0.5311421095587825 6.330724539074007 0.004485092928495764 5.4926241394403783e-03 0.01037164963189904 0.04930112472519181   
38 342 0.5067284664019492 6.697316623522086 0.002504069611659313 2.5040696116593129e-03 0.008865403756049458 0.07627038732063923   
39 351 0.4941946367685042 7.212464879019142 0.0017410701375727663 1.7410701375727663e-03 0.007867875996739066 0.013740684938029674   
40 360 0.45991254981279656 7.437800300150118 0.0017410701375727663 2.1732668523266963e-03 0.008333694902790865 0.029901185267490606   
41 369 0.47249801141028314 7.938508372048116 0.0017410701375727663 1.7899004636365051e-03 0.004854155014322944 0.024334279420513263   
42 378 0.47102255061064857 7.730288003570131 0.0017410701375727663 2.3345791938646915e-03 0.0056776883284181436 0.014629711453622653   
43 387 0.41816154441998377 8.193952342163586 0.0017048487265700681 1.7048487265700681e-03 0.0054170902381306 0.014653761690515828   
44 396 0.40504809533535957 9.344016665920607 0.0017048487265700681 2.0574852492115867e-03 0.00487393102718218 0.01254950592615225   
45 405 0.37264967983779407 8.963691769777666 0.0017048487265700681 2.0169317832871296e-03 0.0061018354195060695 0.01466469236713482   
46 414 0.3447168070777424 9.261797072732882 0.0015753167941134209 1.5753167941134209e-03 0.003542668611357547 0.008918409405761298   
47 423 0.2998206897713292 10.21886673773127 0.0015753167941134209 1.6449194771307133e-03 0.004017447743700675 0.007672015874506728   
48 432 0.2953885749411194 10.824231789749403 0.0015753167941134209 1.8353027415671426e-03 0.004271875934490711 0.011521898061248622   
49 441 0.25964148267698733 11.607483685936357 0.0013603183356295143 1.3603183356295143e-03 0.0028177946092286174 0.003943942001316446   
50 450 0.2380578357329179 11.629213004796135 0.0013603183356295143 1.3720107989492010e-03 0.001984680631155856 0.0031380196534245754   
51 459 0.20780136289265805 12.248210318593168 0.0013603183356295143 1.4197850772667304e-03 0.002008401333573407 0.0034268898504902457   
52 468 0.18199013746055076 12.19061030613692 0.001350556684529626 1.3505566845296261e-03 0.002222778316991574 0.0028698592331384528   
53 477 0.17222561720781765 13.853147191013894 0.001350556684529626 1.3678357218714664e-03 0.0015722622665862952 0.0023402178180103946   
54 486 0.17143662733951362 14.627876636086745 0.001350556684529626 1.3578111777630016e-03 0.0016345426648799884 0.0020336806893022645   
55 495 0.15164112215600933 15.756896706831391 0.001350556684529626 1.4519097736563780e-03 0.0015470200162917142 0.0017511321260206855   
56 504 0.12999875395637245 17.67596989123966 0.001350556684529626 1.3906265527538603e-03 0.0016934503855007626 0.002098222460802154   
57 513 0.11637490405281332 20.913661007758154 0.0013304193326916965 1.3304193326916965e-03 0.0013905819950584197 0.00174931508433582   
58 522 0.09982418479266092 21.716314247198177 0.0013304193326916965 1.3481618270827275e-03 0.001431175474721243 0.001549814997324873   
59 531 0.09581063573050776 22.569026022636393 0.0013304193326916965 1.3397687453803320e-03 0.0013729910001795157 0.0014667271303389737   
60 540 0.08294090306171203 23.232273273693032 0.0013304193326916965 1.3326569978025103e-03 0.0014609313848239144 0.0015081783124516117   
61 549 0.07222028761410486 23.563845587604884 0.001326278629916363 1.3262786299163630e-03 0.0013550737333834213 0.0014217547009603001   
62 558 0.06510161473443343 25.976354982049777 0.0013259494334777518 1.3259494334777518e-03 0.001333673994097126 0.0013627210384890966   
63 567 0.0564036238442096 27.164871944417367 0.0013233057421461795 1.3233057421461795e-03 0.0013398339322622389 0.00141457490656102   
64 576 0.052010578412956886 26.473325886738113 0.0013178838938235934 1.3178838938235934e-03 0.0013266913453033667 0.001334176737188892   
65 585 0.047641764453298284 27.39744686126823 0.0013172817220620438 1.3172817220620438e-03 0.0013259084636463945 0.0013300738571088559   
66 594 0.04639502947959572 27.257749937392614 0.0013172817220620438 1.3173617140659916e-03 0.0013219766887313947 0.0013353902138711698   
67 603 0.04585857709360927 28.203753705417675 0.0013172817220620438 1.3181605447197518e-03 0.001327104590647572 0.001339393548575732   
68 612 0.04644544029670587 30.72534088662948 0.001314585599583008 1.3145855995830081e-03 0.0013223104812773506 0.0013351187977320039   
69 621 0.052919540392668364 35.322618156206545 0.001314585599583008 1.3149303068610671e-03 0.0013218641447609902 0.001337413301438349   
70 630 0.05136930667887544 40.18036898201476 0.001314266911120032 1.3142669111200320e-03 0.001328653244954194 0.0013399857156846803   
71 639 0.052411558679800935 42.82092639576373 0.001314266911120032 1.3148957819657308e-03 0.0013186150856283338 0.001325644541266777   
72 648 0.054631287129496976 46.54300868274209 0.0013101772929829658 1.3101772929829658e-03 0.001322514375820599 0.0013414529625427251   
73 657 0.05887208781503719 48.71668382711143 0.0013101772929829658 1.3120758925797933e-03 0.0013198717524938535 0.0013295400517196255   
74 666 0.06214989671344657 50.70698239715366 0.0013090228201936911 1.3090228201936911e-03 0.0013130923378359377 0.0013240246807369256   
75 675 0.0575584534022059 50.395239364050376 0.0013075829430409234 1.3075829430409234e-03 0.0013151912407721436 0.0013248867740806498   
76 684 0.05828692191188804 47.810486534748534 0.0013075829430409234 1.3077080452943892e-03 0.001315631297544972 0.001321230512705608   
77 693 0.0562591373630325 54.25641266368262 0.0013035370442517449 1.3035370442517449e-03 0.0013103149038376802 0.0013213591733905235   
78 702 0.05260244003513222 58.69771165246375 0.0013035370442517449 1.3037139860265444e-03 0.0013085203995701741 0.0013243754289202032   
79 711 0.057631092750458975 57.75623632356397 0.001298833401693797 1.2988334016937970e-03 0.0013063068195028724 0.0013165708101046244   
80 720 0.06338156725788678 64.5049825799822 0.001298833401693797 1.3021655724921462e-03 0.0013066441360529693 0.0013207702591087592   
81 729 0.07447470535170268 68.25952227118684 0.0012965691955826824 1.2965691955826824e-03 0.0013009286085523821 0.0013118215824217674   
82 738 0.08846631869724529 82.44835369793415 0.0012868985731453934 1.2868985731453934e-03 0.0013002000658687831 0.0013206883429950369   
83 747 0.09948073641367071 97.26449834965487 0.0012868985731453934 1.2904945082501170e-03 0.001297438102527858 0.00131451808913049   
84 756 0.10574064311563589 111.760040789979 0.001282726439878075 1.2827264398780750e-03 0.0012926487648462534 0.0013095161553116166   
85 765 0.12852930202763826 121.39429590659941 0.0012826364445525443 1.2826364445525443e-03 0.0012921461093723169 0.0013123299201142143   
86 774 0.15793377196237876 145.9946426392501 0.0012786163466638517 1.2786163466638517e-03 0.0013012790749992926 0.001320337326003197   
87 783 0.16904434661915188 152.14650189723295 0.0012753624368462215 1.2753624368462215e-03 0.001305033738811938 0.001350779178333566   
88 792 0.1544189018303299 154.4171805473703 0.0012726970978196384 1.2726970978196384e-03 0.0012896886419435948 0.0013447372780028574   
89 801 0.16411631677970023 157.56441607724406 0.0012665193901050678 1.2665193901050678e-03 0.0012816719529047341 0.0013060082817401121   
90 810 0.17440997781652404 177.8372367504814 0.0012665193901050678 1.2687303986145028e-03 0.0012903496057104797 0.0013443232533213807   
91 819 0.1915684346441 196.6216758585382 0.0012656550992584136 1.2656550992584136e-03 0.0012759761706421487 0.001327114561606449   
92 828 0.19028942809391053 218.18922691585541 0.001264117845666626 1.2641178456666261e-03 0.0012905415099965633 0.0013157129160275027   
93 837 0.1919890667985428 229.45222265186075 0.0012621175189936468 1.2621175189936468e-03 0.0012746367659919526 0.0013010408008457671   
94 846 0.21592706441095633 246.69077530120347 0.0012621175189936468 1.2660509111717404e-03 0.0012747166455869246 0.0013065469148910369   
95 855 0.21066179243737418 279.9753461733127 0.0012593801092808522 1.2593801092808522e-03 0.0012733496364077247 0.0014143263995766158   
96 864 0.19111231496077535 276.65580478849915 0.0012593801092808522 1.2608242954180297e-03 0.0012659244166982279 0.0013028769946787904   
97 873 0.19542880898720513 268.27956436985295 0.0012582095225168693 1.2582095225168693e-03 0.0012692372711992936 0.0012924579007431438   
98 882 0.1914233780243513 324.21622259945934 0.0012577112633470422 1.2577112633470422e-03 0.0012683587817994947 0.0012840811520617454   
99 891 0.17154772508708657 372.18627230574486 0.0012577112633470422 1.2583269707107383e-03 0.0012627205010158405 0.0012879930183250599   
100 900 0.15751862669164393 383.2240286230096 0.001257449452937381 1.2574494529373811e-03 0.0012624075172206857 0.0012941436085011275   
101 909 0.1430044043721041 420.33590258006114 0.00125458113240414 1.2545811324041400e-03 0.0012622778819659597 0.001288770862739479   
102 918 0.13139063899706563 414.30196333857305 0.00125458113240414 1.2568300490877191e-03 0.0012595756842492959 0.0012678697224889064   
103 927 0.12835094448644496 410.2187593600925 0.00125458113240414 1.2579257695254234e-03 0.0012616658840795178 0.0012670882200825568   
104 936 0.11832714551045326 441.8339471511713 0.0012545441161074065 1.2545441161074065e-03 0.001258244878667799 0.0012627067226129384   
105 945 0.12136664714169063 473.11606933491254 0.0012545441161074065 1.2563091183996713e-03 0.0012589923008805431 0.0012618375958004153   
106 954 0.12902344806835978 511.34571019388454 0.0012545441161074065 1.2552076013089123e-03 0.0012610614590067323 0.0012640388671095006   
107 963 0.1187578110038994 511.1624846476399 0.0012544411587156715 1.2544411587156715e-03 0.0012573330891361202 0.0012614389820793572   
108 972 0.1243234185919523 576.5885098010369 0.0012529528284705663 1.2529528284705663e-03 0.0012565283021809801 0.0012632674435046668   
109 981 0.14633315104207212 585.078488718747 0.0012529528284705663 1.2551593958813911e-03 0.0012583196510687529 0.001263349280204553   
110 990 0.16021022350019168 590.1171274133602 0.0012529528284705663 1.2543663854515438e-03 0.001261068431979661 0.0012718221088166817   
111 999 0.16465269620828796 564.8942766282389 0.0012529528284705663 1.2557040010215438e-03 0.0012598087950091597 0.0012691265914843576   
112 1008 0.14077914411750864 635.7206797777136 0.0012529528284705663 1.2552582913167476e-03 0.0012568628805394023 0.00126038799159165   
113 1017 0.12744655845333955 637.9215408100351 0.0012529528284705663 1.2551703480248623e-03 0.0012592425982296317 0.0012626033214014596   
114 1026 0.11952774869356471 663.1619741531985 0.0012529528284705663 1.2543763434694876e-03 0.0012578407730087634 0.0012647524058180138   
115 1035 0.11019332447201088 619.9993954284438 0.0012529528284705663 1.2533316856773191e-03 0.0012548099980308747 0.0012653179383254353   
116 1044 0.09900069356202645 632.2618365392022 0.0012529053526641933 1.2529053526641933e-03 0.00125473428187779 0.0012611335800345673   
117 1053 0.10406634995390088 584.6049490865515 0.0012525584732167446 1.2525584732167446e-03 0.00125331292069016 0.0012571052736020175   
118 1062 0.09862619306258026 508.99801385118184 0.0012521661673441536 1.2521661673441536e-03 0.0012541492676514865 0.0012614462275419595   
119 1071 0.0988764479156355 511.0352736424208 0.0012521661673441536 1.2523847899483331e-03 0.0012534864409961526 0.001261266903119696   
120 1080 0.09483173780305884 495.6691461140802 0.0012521661673441536 1.2521683963292837e-03 0.0012534149246213498 0.001256775071159435   
121 1089 0.08241244433687497 445.98628388128486 0.0012521396834609942 1.2521396834609942e-03 0.0012532987827181337 0.0012586870003237771   
122 1098 0.08146397777631444 429.43648176715914 0.0012517556485028072 1.2517556485028072e-03 0.0012524489441498004 0.0012555913273777758   
123 1107 0.09328922852909742 452.08523425016006 0.0012510060653183682 1.2510060653183682e-03 0.001251846049165116 0.0012539485893612711   
124 1116 0.09384339195054328 433.5380907785513 0.0012510060653183682 1.2514517760219188e-03 0.0012525197890842633 0.001254390738242719   
125 1125 0.09195444537941981 450.1466694333665 0.0012510060653183682 1.2511036300301001e-03 0.0012522686175503437 0.0012544256387686335   
126 1134 0.08813370447973728 487.4503454397166 0.0012510060653183682 1.2512913999586967e-03 0.0012520872259242314 0.0012536335743185464   
127 1143 0.08704810097041929 472.6448929343748 0.0012508947358987393 1.2508947358987393e-03 0.0012516221012398715 0.001253351898755758   
128 1152 0.10225572316281062 449.4564281804697 0.0012504596024683861 1.2504596024683861e-03 0.001251735499282692 0.0012532860537133855   
129 1161 0.11298700493168545 402.48198336591594 0.0012504596024683861 1.2506674396860367e-03 0.0012523026982486246 0.001257508744887377   
130 1170 0.11803689888514952 375.39934983879675 0.001250428652441841 1.2504286524418410e-03 0.001250937748739716 0.001255354351742147   
131 1179 0.11445451405058463 413.05152123880765 0.001250428652441841 1.2525431831998464e-03 0.001253438657133743 0.0012709731536448246   
132 1188 0.1250165166547681 407.78723085807627 0.001250332881636581 1.2503328816365811e-03 0.0012515837418456575 0.001253770112031673   
133 1197 0.12732542266305347 455.3751378235515 0.0012501681017853949 1.2501681017853949e-03 0.0012522812711053745 0.0012569627083525168   
134 1206 0.11596519647587017 466.3663412820488 0.0012501681017853949 1.2507725471038226e-03 0.0012515825628775122 0.0012570087332874182   
135 1215 0.10716747289111146 479.38660053542753 0.0012499853003323453 1.2499853003323453e-03 0.001251585598533496 0.0012530648282847588   
136 1224 0.08981601254305766 473.5325247074003 0.0012498381621149548 1.2498381621149548e-03 0.0012506149594784114 0.00125672521295679   
137 1233 0.08240376742831812 482.8549002187153 0.0012498381621149548 1.2498985831827232e-03 0.001250686928383279 0.0012520524013032801   
138 1242 0.08201503959157162 485.4118941694328 0.0012496103677139064 1.2496103677139064e-03 0.0012507090279888968 0.001253736019960359   
139 1251 0.09050405734728653 480.8456839995434 0.0012494532941221084 1.2494532941221084e-03 0.001250084146797239 0.0012530103964985598   
140 1260 0.09568004740177832 417.1914454210655 0.0012494532941221084 1.2494729613356497e-03 0.0012502280067710177 0.0012516702129099328   
141 1269 0.09223423129547978 480.73092626635423 0.0012494532941221084 1.2495414547716577e-03 0.0012500075041594607 0.001252022559863031   
142 1278 0.08028804050839253 493.62195354468065 0.0012494532941221084 1.2495650593569449e-03 0.0012503581854633045 0.0012525199576593209   
143 1287 0.06808824560278948 484.0474779994624 0.0012494532941221084 1.2497357493622269e-03 0.0012498821339307698 0.0012522286619338352   
144 1296 0.06603877119115065 483.0888508336916 0.0012493905533422886 1.2493905533422886e-03 0.0012503109588878896 0.0012512032237461186   
145 1305 0.06970579916931234 492.27557548159456 0.001249147377789845 1.2491473777898449e-03 0.001249412136993821 0.001250336204766391   
146 1314 0.06820169253619839 488.82320775135133 0.0012490519754177801 1.2490519754177801e-03 0.001249467061038179 0.001250352260123193   
147 1323 0.05854421960619301 522.0060814174985 0.0012490519754177801 1.2492340510344888e-03 0.0012494032976615385 0.0012496860172202203   
148 1332 0.05151974784823558 497.43132068775896 0.0012490519754177801 1.2492582977166578e-03 0.0012494344375596949 0.0012504563857342146   
149 1341 0.049862138264451766 466.53880596769494 0.0012490519754177801 1.2491468015687311e-03 0.001249359656014528 0.001249774785620482   
150 1350 0.048705404640331226 428.23299936684055 0.0012490519754177801 1.2491053135010241e-03 0.0012493965938106329 0.001249428958225667   
151 1359 0.045859706616197586 398.53916970841533 0.0012490519754177801 1.2490676926446343e-03 0.001249145905689734 0.0012494825972759749   
152 1368 0.05035724459081919 428.34196133145565 0.0012489862891839616 1.2489862891839616e-03 0.0012491760881694208 0.0012493002246046934   
153 1377 0.05017156614079582 443.14015134680716 0.0012489474861582292 1.2489474861582292e-03 0.001249169024867409 0.001249388494316067   
154 1386 0.04553270231665638 432.4320497196999 0.0012489474861582292 1.2489542710043280e-03 0.0012490940814953366 0.0012493690219344158   
155 1395 0.05047296774763045 420.3237254179788 0.001248783258144837 1.2487832581448369e-03 0.0012489414769362292 0.001249136471279718   
156 1404 0.048785808424135546 420.00352341011614 0.001248783258144837 1.2488386585351749e-03 0.0012489213398613713 0.0012491731961804223   
157 1413 0.049120080933185095 420.4368308295271 0.001248783258144837 1.2488205537571119e-03 0.001249019586053983 0.0012493365716053607   
158 1422 0.052217918799682 434.83068361297074 0.0012487223442408258 1.2487223442408258e-03 0.0012488429429756305 0.0012492416955797619   
159 1431 0.05069743268225344 428.4392831713327 0.0012486558470985207 1.2486558470985207e-03 0.0012488352635870894 0.0012489501436640032   
160 1440 0.051735653028699626 403.6868926305611 0.001248590780585267 1.2485907805852669e-03 0.0012487311267841618 0.0012489149577886531   
161 1449 0.05969537732975379 369.95402681919586 0.001248590780585267 1.2486131398393181e-03 0.0012487045010130455 0.001248873749161821   
162 1458 0.06028682374347525 366.4737674772026 0.001248488604353548 1.2484886043535480e-03 0.001248720685734814 0.0012491274312002257   
163 1467 0.055946755081554875 379.4395537597415 0.001248488604353548 1.2485085079579623e-03 0.0012486663348101406 0.001249047076183572   
164 1476 0.06399445135752892 363.6903631463269 0.0012484631670883811 1.2484631670883811e-03 0.00124864660161802 0.0012488669401701483   
165 1485 0.06401029138989776 298.4576102823036 0.0012484631670883811 1.2484656359191633e-03 0.0012486491977494285 0.001249984841938476   
166 1494 0.06899432357804601 315.1636825343863 0.0012483676019020922 1.2483676019020922e-03 0.0012485373623706516 0.001248769880368142   
167 1503 0.06579090805533794 339.3045945981244 0.0012483474715414672 1.2483474715414672e-03 0.0012485033944377112 0.001249915291100633   
168 1512 0.0720040572938483 327.50816905312706 0.0012481516454182452 1.2481516454182452e-03 0.001248359975409847 0.0012489489037304955   
169 1521 0.0747253918610166 357.6924824329497 0.001248025704820063 1.2480257048200630e-03 0.0012484848869955603 0.0012490250370376223   
170 1530 0.08251600639964853 336.64238559362116 0.001247963766888761 1.2479637668887610e-03 0.0012482750818858385 0.0012484768834124674   
171 1539 0.08869703142389408 342.5289389438137 0.001247913168707744 1.2479131687077440e-03 0.0012481628613788308 0.0012485152016678497   
172 1548 0.09821149758798081 363.9566776079946 0.0012475298163928741 1.2475298163928741e-03 0.001248234677759393 0.0012486822232471526   
173 1557 0.09210757443566177 384.7448539121856 0.0012475298163928741 1.2480068654079461e-03 0.0012484817885995367 0.0012501299364804613   
174 1566 0.09493254109746777 358.0875222748543 0.0012475298163928741 1.2477368754499141e-03 0.001248325315317388 0.0012497396189612552   
175 1575 0.08283734881275744 375.42159653187116 0.0012475298163928741 1.2476408389671414e-03 0.001248018706586631 0.00125073116467307   
176 1584 0.0884071705465555 408.56146903950946 0.0012475298163928741 1.2475341479574660e-03 0.0012478524172827223 0.0012515412448838737   
177 1593 0.09104351425072352 384.47435095241684 0.0012474311337047836 1.2474311337047836e-03 0.0012482675425343787 0.001251091429243712   
178 1602 0.08178489581800219 393.50516023047646 0.0012474311337047836 1.2474417071157361e-03 0.0012477092885881576 0.0012507229847722838   
179 1611 0.08457685943158677 374.99972146322875 0.0012466328431029023 1.2466328431029023e-03 0.0012478120838447506 0.0012515709557300951   
180 1620 0.0871655929328115 416.0278097308479 0.0012466328431029023 1.2475504099273144e-03 0.0012476856920946792 0.0012528270132383657   
181 1629 0.09144364772573382 456.01123851407135 0.0012466328431029023 1.2466614072604754e-03 0.0012475966814730595 0.0012494232997784084   
182 1638 0.08687441206365329 493.32906493103536 0.0012466328431029023 1.2473819715336748e-03 0.001247497446153206 0.0012514148403590152   
183 1647 0.07918868075391688 530.5123988157043 0.0012466328431029023 1.2473523805093148e-03 0.001247575216298178 0.001254278531988675   
184 1656 0.07187886644187585 543.4609932675556 0.0012466328431029023 1.2474545539520724e-03 0.001247642434993561 0.001252509173294181   
185 1665 0.07364839956909482 558.3591205205338 0.0012466328431029023 1.2476516586940522e-03 0.0012481853170110743 0.0012533960373358828   
186 1674 0.06236332224786917 550.7408368576013 0.0012466328431029023 1.2474576165698687e-03 0.0012477789948390485 0.0012480404932090617   
187 1683 0.059418559596406795 539.8478730873899 0.0012466328431029023 1.2474045176683183e-03 0.0012476495506703693 0.0012478287551848319   
188 1692 0.06753879629943772 530.299621414402 0.001246628229210514 1.2466282292105139e-03 0.0012475269469502362 0.001250606244403245   
189 1701 0.06155177986004124 560.7319932854168 0.0012465398981204195 1.2465398981204195e-03 0.0012474643528141455 0.0012526926382106886   
190 1710 0.05859303506693535 590.8805688698005 0.0012465398981204195 1.2465406294261288e-03 0.0012473502270600825 0.0012475719349414733   
191 1719 0.05611872223900912 634.8928111298319 0.0012465398981204195 1.2465677836526138e-03 0.0012474909999041404 0.0012532090499898564   
192 1728 0.05090603291320658 601.5459231011358 0.0012465398981204195 1.2465881770343406e-03 0.0012474311497466866 0.001251581012872129   
193 1737 0.04498113249871677 597.0928791147275 0.0012465398981204195 1.2465658193168512e-03 0.001247341628284488 0.001251401455558104   
194 1746 0.043863128745808576 585.0969374044754 0.0012465398981204195 1.2465610929105119e-03 0.0012473633208441729 0.0012508927002308893   
195 1755 0.044184932783548424 635.4462120560929 0.0012465392981437992 1.2465392981437992e-03 0.0012473735121099484 0.0012543562034142087   
196 1764 0.040350667424398495 572.3759927536539 0.0012465392981437992 1.2465614788205240e-03 0.0012473552898916896 0.0012475520923439388   
197 1773 0.03428690678741887 561.7360661392237 0.0012464611641211597 1.2464611641211597e-03 0.0012473186624617936 0.001251067555331302   
198 1782 0.03093679794318855 581.2637793512753 0.0012464611641211597 1.2465053421871928e-03 0.001247342550763243 0.0012523072652036497   
199 1791 0.0304008442154734 580.2696995261157 0.0012464611641211597 1.2465695916377333e-03 0.0012473010519609851 0.0012515142110624917   
200 1800 0.02574587102588469 563.0992041087147 0.0012464611641211597 1.2465754073054467e-03 0.0012521646797892265 0.001253449890678839   
201 1809 0.02582535405498076 554.4960388024634 0.0012464611641211597 1.2465289593301340e-03 0.0012473136373594132 0.0012473629537761801   
202 1818 0.028570343902505894 573.2651610091741 0.0012464611641211597 1.2465822379111471e-03 0.0012473454158507184 0.0012527900486482937   
203 1827 0.03036811647734378 601.8226381504963 0.0012464611641211597 1.2465534186240541e-03 0.0012466474636290909 0.0012474750876564924   
204 1836 0.033420525702113624 646.2475125390338 0.0012464611641211597 1.2465470395025249e-03 0.001247321827467864 0.0012474978466301505   
205 1845 0.03900354530378548 673.2370770169997 0.0012464611641211597 1.2465985078707891e-03 0.0012474126358147282 0.0012523717431446833   
206 1854 0.04070143155379191 645.0925126036254 0.0012464611641211597 1.2465073850968468e-03 0.001247323092961631 0.001247409359646727   
207 1863 0.03711705451912206 649.4217662866882 0.0012464611641211597 1.2465398585760382e-03 0.0012473721426472313 0.0012532369835693685   
208 1872 0.037533973689085696 619.355678891352 0.0012464611641211597 1.2465290242628536e-03 0.0012473820873527004 0.0012516329814325964   
209 1881 0.03524519158267583 621.2922268547 0.0012464611641211597 1.2464861446153266e-03 0.0012473625827229414 0.0012519949221731267   
210 1890 0.0350110794261463 645.1358113552203 0.0012464544009396855 1.2464544009396855e-03 0.001247358305581802 0.0012473933860887095   
211 1899 0.035903631794215095 600.7427361190473 0.0012464544009396855 1.2465327307613894e-03 0.0012473392751780473 0.0012525777653516154   
212 1908 0.033997650034645256 608.807318058609 0.0012464544009396855 1.2465129482517913e-03 0.0012473256211336541 0.0012527437974620933   
213 1917 0.028152315168340044 657.1525577088141 0.0012464544009396855 1.2464717675126737e-03 0.0012472587779364915 0.0012473216245229074   
214 1926 0.028311235634509525 688.2746969197618 0.0012464544009396855 1.2465360711186666e-03 0.0012472907153739993 0.0012529277187322177   
215 1935 0.02481500374832765 629.6347634681422 0.0012464544009396855 1.2464992022014000e-03 0.0012473063149520426 0.0012534044982069471   
216 1944 0.022893230263891874 605.4489874906648 0.0012464544009396855 1.2464794637160950e-03 0.0012472953890339897 0.0012473239212363852   
217 1953 0.01952764629718748 585.8801071357287 0.0012464544009396855 1.2464926401914793e-03 0.0012472668453400312 0.0012472898463684818   
218 1962 0.017395795602282278 606.9772435823327 0.0012464544009396855 1.2464782784938210e-03 0.0012472685859860307 0.001252819776565449   
219 1971 0.016269505335170582 604.1382583969802 0.0012464490494421639 1.2464490494421639e-03 0.001246495763201778 0.0012472979687820262   
220 1980 0.013533423531314252 636.7537734666147 0.0012464490494421639 1.2465235883072174e-03 0.0012472501371913532 0.001247326305557448   
221 1989 0.014177996069297634 687.442371277811 0.0012464490494421639 1.2464496764739914e-03 0.0012464894897803612 0.0012472773068348702   
222 1998 0.013035484805037096 623.8812468874094 0.0012464490494421639 1.2464598745365021e-03 0.0012464946918469347 0.0012472763107888203   
223 2007 0.013644611236646934 630.6792825645329 0.0012464490494421639 1.2464651975307745e-03 0.0012464979266455618 0.0012473428034299272   
224 2016 0.01307106689902495 642.924994294629 0.0012464490494421639 1.2464593610159078e-03 0.0012472421483723387 0.0012473155837580446   
225 2025 0.014288061727698 590.7817894820969 0.0012464490494421639 1.2464690689171457e-03 0.001247252682558938 0.0012473417613008755   
226 2034 0.014733615751908373 563.995007601341 0.0012464490494421639 1.2464835102634739e-03 0.0012472834872282153 0.0012473446337733845   
227 2043 0.013041514224025148 555.0385838271969 0.0012464490494421639 1.2464732634238792e-03 0.001247277766828099 0.0012473447802673148   
228 2052 0.013199038973583465 556.6205667679152 0.0012464490494421639 1.2464638354325092e-03 0.0012465455818669276 0.0012473757150429838   
229 2061 0.014605474449239129 551.789234818269 0.0012464490494421639 1.2465041769635339e-03 0.001247271200567543 0.0012472930801763276   
230 2070 0.015013946338916102 588.2563159695849 0.0012464490494421639 1.2464843971662400e-03 0.0012465048660242767 0.0012473579527413625   
231 2079 0.016259926355958677 572.829375258518 0.0012464490494421639 1.2465035670210871e-03 0.0012472746731811203 0.001247371716626068   
232 2088 0.016718089187091178 561.3666099407588 0.0012464490494421639 1.2464895128234789e-03 0.0012465171462 0.0012473662062949897   
233 2097 0.017585086112613665 593.1721109722347 0.0012464490494421639 1.2464945929217403e-03 0.0012465418776282566 0.0012473519683275773   
234 2106 0.018818373754305073 652.532849169365 0.0012464490494421639 1.2464544599993840e-03 0.0012472610074183025 0.001247336190247206   
235 2115 0.018955690268970676 712.5641506739497 0.0012464490494421639 1.2464691384101246e-03 0.0012472642467783136 0.0012473426256247118   
236 2124 0.019150836740291974 748.3740164974494 0.0012464490494421639 1.2464704187762270e-03 0.0012465415130863452 0.0012473511336528209   
237 2133 0.02008004902520457 745.4023028464004 0.0012464490494421639 1.2464888977300409e-03 0.0012473268070925829 0.0012473561340739137   
238 2142 0.019006029343890393 823.2854066033241 0.0012464490494421639 1.2465153183969741e-03 0.0012473216358864373 0.0012473663422377928   
239 2151 0.018437381041587174 849.0216164769694 0.0012464490494421639 1.2464528199512051e-03 0.001247312386356471 0.001247387148397118   
240 2160 0.022079213128834395 988.4241774732828 0.001246446760494068 1.2464467604940679e-03 0.0012473124441202744 0.0012473498224534207   
241 2169 0.024967338313428292 1019.9873979524485 0.0012464171711696526 1.2464171711696526e-03 0.0012472881757383775 0.0012517196260467072   
242 2178 0.02580943855993466 1062.6274890038912 0.0012464171711696526 1.2464549263442341e-03 0.0012472774480782047 0.0012473466452497875   
243 2187 0.027802137968628186 1075.3670370579775 0.0012464171711696526 1.2464291528438449e-03 0.0012464593254474807 0.0012511053939455819   
244 2196 0.02833495011654677 1157.8259133270233 0.0012464166791366573 1.2464166791366573e-03 0.0012472902970293886 0.001251516122768235   
245 2205 0.027686797975090216 1123.782148224981 0.0012464166791366573 1.2464362467531720e-03 0.0012472975488717604 0.0012473209810563014   
246 2214 0.026950282121482472 1127.0779209477994 0.0012464166791366573 1.2464274463137529e-03 0.0012473781467039484 0.0012519801255750002   
247 2223 0.02389309197355171 1147.8006015110393 0.0012464166791366573 1.2464217472209578e-03 0.0012464775932720714 0.0012473391768456489   
248 2232 0.029220898036248662 1086.1956889396554 0.0012464166791366573 1.2464174976539917e-03 0.0012473083038125649 0.0012521076261459538   
249 2241 0.030540865692801587 1041.894158830001 0.0012464166791366573 1.2464739375010539e-03 0.0012472898780442557 0.0012526456192097518   
250 2250 0.03382744180390811 937.3847709800239 0.0012464166791366573 1.2464556324641731e-03 0.0012472267319669533 0.001247335453071198   
251 2259 0.03698588721777944 839.7012520007944 0.0012464166791366573 1.2464711798112959e-03 0.0012472421067925184 0.0012515679836905649   
252 2268 0.034977821781329715 809.9636695003504 0.0012464166791366573 1.2464525739824548e-03 0.0012472889990926051 0.0012530229029693112   
253 2277 0.031187024112415945 815.4395316136555 0.0012464166791366573 1.2464787962474901e-03 0.0012472879892905203 0.001247375409358123   
254 2286 0.030462708879309113 800.1881079419692 0.0012464166791366573 1.2464542649222713e-03 0.0012465090947706716 0.0012472591060821757   
255 2295 0.02970019224414299 764.3209731285611 0.0012464166791366573 1.2464461553473205e-03 0.0012472416592054889 0.001247331508377968   
256 2304 0.025422103499229656 745.4899070834892 0.0012464166791366573 1.2464715293674597e-03 0.0012472494867321834 0.0012473266137732575   
257 2313 0.026877337375661815 760.4277463607032 0.0012464166791366573 1.2464256425644619e-03 0.001247247337044591 0.001247320744129851   
258 2322 0.02523122701569935 697.4178920019191 0.0012464166791366573 1.2464612983707473e-03 0.0012472772284218663 0.0012519582254374793   
259 2331 0.02402243055919802 654.0986671839528 0.0012464166791366573 1.2464205335498283e-03 0.0012464710611202769 0.0012472964923865017   
260 2340 0.02287938283180808 670.4762851815881 0.0012464166791366573 1.2464183759969953e-03 0.0012473091088903198 0.0012473197424311224   
261 2349 0.023701056385955002 723.0162760768989 0.0012464166791366573 1.2464375110748502e-03 0.0012472752550545172 0.0012473487074460038   
262 2358 0.02208380739676531 760.997756964174 0.0012464166791366573 1.2464440662145232e-03 0.001246493303327466 0.001247308691498185   
263 2367 0.02253047632453771 721.3259781159011 0.0012464166791366573 1.2464556721715043e-03 0.001247288111694336 0.0012473494097637221   
264 2376 0.02267469453810227 766.3349603917379 0.0012464166791366573 1.2464465310216880e-03 0.0012472736090539318 0.0012473077883921842   
265 2385 0.019935483547782 707.7845894239011 0.0012464166791366573 1.2464385056459248e-03 0.0012473260499411697 0.0012473402260936564   
266 2394 0.01959683146442917 736.3348846525755 0.0012464166791366573 1.2464419760465566e-03 0.001247295918394965 0.0012473299198857337   
267 2403 0.019415877766552233 746.3082127638112 0.0012464166791366573 1.2464658820492548e-03 0.0012473087256591586 0.0012473466199957458   
268 2412 0.02062769718837194 757.2557583950082 0.0012464166791366573 1.2464562173647481e-03 0.0012464902786965602 0.0012473136931644225   
269 2421 0.018593374671605597 797.3618672565839 0.0012464166791366573 1.2464530514039620e-03 0.0012465010522928438 0.0012473511143699647   
270 2430 0.016771787813466846 756.7950398865471 0.0012464166791366573 1.2464458182075595e-03 0.0012472563176991929 0.0012472861673061286   
271 2439 0.015536022940628273 671.0829981053348 0.0012464166791366573 1.2465000746668575e-03 0.0012472601086901884 0.0012473242334503215   
272 2448 0.014083156703341058 640.0169194546805 0.0012464166791366573 1.2464583635810335e-03 0.0012472247711782796 0.0012472784660467068   
273 2457 0.015032208254521019 646.4748861217929 0.0012464166791366573 1.2464416530308068e-03 0.00124649163277549 0.0012472848287423306   
274 2466 0.015964526937883878 586.693641199211 0.0012464166791366573 1.2464418761334566e-03 0.0012464884010300575 0.0012473561528279582   
275 2475 0.015971062703769467 592.7285187360172 0.0012464166791366573 1.2464251412007132e-03 0.0012464808896441065 0.0012473472720604896   
276 2484 0.015006594634632981 652.5378087560239 0.0012464166791366573 1.2464454319368570e-03 0.0012472559202371543 0.0012473464164365954   
277 2493 0.01389704578667235 613.776090900194 0.0012464115872517197 1.2464115872517197e-03 0.0012472490887149453 0.0012473634738535972   
278 2502 0.012749598896529253 626.627712872096 0.0012464115872517197 1.2464295617021011e-03 0.0012472613384071321 0.0012472853190974998   
279 2511 0.012428683284702934 655.1352810806355 0.0012464115872517197 1.2464421233729589e-03 0.0012464553469137395 0.0012473015600655366   
280 2520 0.01129961617699521 680.0027615720063 0.0012464115872517197 1.2464558116399723e-03 0.0012464733507316038 0.001247334394860469   
281 2529 0.01099891648917248 697.6863120911646 0.0012464115872517197 1.2464539245928916e-03 0.0012464835046561357 0.001247263274798832   
282 2538 0.011945184231283988 694.2157163793776 0.0012464115872517197 1.2464512407820284e-03 0.001246483915266618 0.001247299537459056   
283 2547 0.011756617608505342 658.0948281672315 0.0012464115872517197 1.2464500596806069e-03 0.0012472569334675881 0.0012473426115606426   
284 2556 0.011760125743234888 590.7851075162143 0.0012464115872517197 1.2464223116540234e-03 0.0012464993830572201 0.0012473279871402618   
285 2565 0.012580164318371462 588.5014806018241 0.0012464115872517197 1.2464310523349091e-03 0.0012472800021765288 0.001247324638015791   
286 2574 0.01114259875524243 562.0024948859858 0.0012464115872517197 1.2464475540223054e-03 0.0012464815728071078 0.0012472861045954033   
287 2583 0.011440906706270874 533.744707186554 0.0012464115872517197 1.2464451347065874e-03 0.0012472592654881186 0.0012473407900353332   
288 2592 0.010856059135072656 515.3356616496162 0.0012464115872517197 1.2464683904903650e-03 0.0012472656836831513 0.001247331275377013   
289 2601 0.011555636647281984 482.948535768025 0.0012464115872517197 1.2464696372798984e-03 0.0012472836834164563 0.0012473524384034775   
290 2610 0.012055896030190572 550.4407272494994 0.0012464115872517197 1.2464459255478256e-03 0.001246499546958776 0.0012473256328368494   
291 2619 0.012809946065477465 564.6801063433142 0.0012464115872517197 1.2464663977347346e-03 0.0012472525364234867 0.0012473508470260556   
292 2628 0.014778469908958003 537.0004622865621 0.0012464115872517197 1.2464434781974977e-03 0.001246488357253343 0.001247322038168189   
293 2637 0.015070915848141112 509.40667300902504 0.0012464115872517197 1.2464611999332847e-03 0.0012472545870707 0.0012473757420450586   
294 2646 0.013796426476123492 488.1622110316518 0.0012464115872517197 1.2464255919232498e-03 0.0012464848531655256 0.0012473444866484295   
295 2655 0.01327851805490832 491.1887899766011 0.0012464115872517197 1.2464378112130112e-03 0.0012464590927974864 0.0012473402959861607   
296 2664 0.012687659535526702 501.0224476593276 0.0012464115872517197 1.2464487019812169e-03 0.001246505020088761 0.0012473409726688955   
297 2673 0.01247250220309293 457.2115800937885 0.0012464115872517197 1.2464290878121029e-03 0.0012465139817612234 0.0012472847895320445   
298 2682 0.011554466976389887 489.096064148475 0.0012464115872517197 1.2464390489769154e-03 0.0012464884387002107 0.0012472867532785958   
299 2691 0.011251928341961542 476.4501534425012 0.0012464115872517197 1.2464673326179471e-03 0.00124651730732845 0.001247365280841009   
300 2700 0.01170181060411401 467.61090007915755 0.0012464115872517197 1.2464537522151897e-03 0.0012472567229273714 0.001247341947567258   
301 2709 0.011753473861881587 466.27236951371043 0.0012464115872517197 1.2464970502148928e-03 0.0012472754718271667 0.001247343839101435   
302 2718 0.010281700988818839 490.1737711224125 0.0012464115872517197 1.2464434674215772e-03 0.0012472633517931616 0.001247283402352227   
303 2727 0.010572978346546469 453.0329731611385 0.0012464115872517197 1.2464438263037536e-03 0.0012464611878889044 0.0012472832380391917   
304 2736 0.011103757737936542 403.608428029445 0.0012464115872517197 1.2464459708306911e-03 0.0012464743142511794 0.0012473620983846866   
305 2745 0.011659147964499001 422.2759340567557 0.0012464115872517197 1.2464407974808651e-03 0.0012464652894017424 0.0012473337017062378   
306 2754 0.012802919433176178 409.61880838948974 0.0012464115872517197 1.2464341541331577e-03 0.0012472580293975486 0.0012473295326292993   
307 2763 0.0111555757154374 397.8219488834901 0.0012464115872517197 1.2464278952043211e-03 0.0012464757084880156 0.0012473415647086205   
308 2772 0.011625112916531972 391.9793648439302 0.0012464115872517197 1.2464450064126414e-03 0.001247226336438524 0.0012472754285924447   
309 2781 0.013596538350067631 437.9844793538647 0.0012464115872517197 1.2464518153777679e-03 0.0012472104531123154 0.0012473409213913243   
310 2790 0.01460288757582675 485.7603068546806 0.0012464115872517197 1.2464494600289292e-03 0.0012464768791684768 0.0012473664089891025   
311 2799 0.01473540969353412 486.671922688548 0.0012464115872517197 1.2464225542364428e-03 0.0012472768674914566 0.0012473299337011556   
312 2808 0.01403799529421286 482.89289515630077 0.0012464115872517197 1.2464424427466659e-03 0.0012464619885020143 0.0012472861252347065   
313 2817 0.012294030518675385 455.0758570431878 0.0012464115872517197 1.2464275546022552e-03 0.0012472881505572685 0.0012473474396119595   
314 2826 0.011365017306724207 434.674439552384 0.0012464115872517197 1.2464255132938467e-03 0.0012472562847533823 0.0012473405058499834   
315 2835 0.011666496284908508 453.3469296854904 0.0012464115872517197 1.2464554394544867e-03 0.0012472481018195136 0.0012473705368916477   
316 2844 0.011424348416038455 403.0515657794734 0.0012464115872517197 1.2464560983322939e-03 0.0012464777276858098 0.0012473252714224523   
317 2853 0.012154640836550603 404.7613286766136 0.0012464115872517197 1.2464188076699600e-03 0.0012472548943014711 0.0012473459666883092   
318 2862 0.011765085792154822 390.09848260061693 0.0012464115872517197 1.2464220052416982e-03 0.001247257823126412 0.001247330752708014   
319 2871 0.011021008253359233 378.88611539141954 0.0012464115872517197 1.2464467469654760e-03 0.0012464709739370657 0.0012473521170078764   
320 2880 0.0119336481364398 377.62497207900117 0.0012464115872517197 1.2464314588064463e-03 0.001247214941063786 0.001247338237029549   
321 2889 0.01565927654986835 322.52177116269013 0.0012464115872517197 1.2464405478102012e-03 0.001246482969333603 0.001247353094464282   
322 2898 0.019889370736476345 285.0604462603268 0.0012464115872517197 1.2464412855215032e-03 0.001247227028672796 0.0012473022055873543   
323 2907 0.022270689898768445 300.8645269380483 0.0012464115872517197 1.2464562268727048e-03 0.001247291437729911 0.001247346257697578   
324 2916 0.02389364672920066 311.01213283260876 0.0012464115872517197 1.2464581374979121e-03 0.0012472713118522774 0.0012473412114692374   
325 2925 0.02451192222944809 325.2219135989286 0.0012464115872517197 1.2464772007329773e-03 0.0012472729520321899 0.001247309229367727   
326 2934 0.023602269289667115 316.4682700309347 0.0012464115872517197 1.2464495152064519e-03 0.0012472703365219793 0.0012473426179730365   
327 2943 0.019500476439311083 316.2059008032427 0.0012464115872517197 1.2464325371740698e-03 0.001246492550571647 0.0012473163581951962   
328 2952 0.01781865919673698 315.5660684177339 0.0012464115872517197 1.2464493072172861e-03 0.0012472899663409141 0.0012473542029634444   
329 2961 0.018962619078693413 326.45380592364245 0.0012464115872517197 1.2464405952093156e-03 0.0012464820228605443 0.0012473557281362656   
330 2970 0.021752503630678453 301.1405594166105 0.0012464115872517197 1.2464828271796448e-03 0.0012472637026376084 0.0012473602857308356   
331 2979 0.01890206744509057 257.6504289004566 0.0012464115872517197 1.2464480186976938e-03 0.0012472918554661755 0.0012473091635189875   
332 2988 0.018342550619014335 261.8410894730698 0.0012464115872517197 1.2464790540651226e-03 0.0012472878958910481 0.0012473657675623625   
333 2997 0.016596724383917374 269.0414945734686 0.0012464115872517197 1.2464347613342596e-03 0.0012464960268072883 0.0012473657515705131   
334 3006 0.01426035513574819 286.2616884530943 0.0012464115872517197 1.2464612925331387e-03 0.0012464891237530143 0.0012473736971064368   
335 3015 0.014969845959410363 290.31816276909524 0.0012464115872517197 1.2464242493470034e-03 0.0012464757132323767 0.00124727469605489   
336 3024 0.014091980318306946 262.5942096243807 0.0012464115872517197 1.2464736455213342e-03 0.001247293377975069 0.0012473514041616966   
337 3033 0.013499249270615712 259.5185756584511 0.0012464115872517197 1.2464627716754287e-03 0.001247273577483681 0.0012473536371978011   
338 3042 0.011814858738381472 246.3781233589211 0.0012464115872517197 1.2464417945746763e-03 0.001247278938503805 0.0012473674190222584   
339 3051 0.011062241329734003 255.42415579954553 0.0012464115872517197 1.2464386852178381e-03 0.0012465044271753644 0.0012472660988673274   
340 3060 0.010515007377431627 242.88173148141806 0.0012464115872517197 1.2464548537124167e-03 0.001246481379214941 0.0012473636982172785   
341 3069 0.01054251607504427 235.77740498046052 0.0012464115872517197 1.2464340256234481e-03 0.0012472669354765087 0.0012473078640735439   
342 3078 0.01082216472564974 238.34838412553782 0.0012464115872517197 1.2464418382925533e-03 0.0012464989083141784 0.0012473321321876936   
343 3087 0.010682785588598332 232.60458109640774 0.0012464115872517197 1.2464358815543418e-03 0.0012472439549410326 0.0012472880971686915   
344 3096 0.010196855072776177 247.86855678086278 0.0012464115872517197 1.2464490816900097e-03 0.0012472566302176575 0.0012473556421795573   
345 3105 0.009354884415785051 241.25408106016323 0.0012464115872517197 1.2464676613155030e-03 0.0012464943445643114 0.0012473432249104862   
346 3114 0.008963244341908245 254.235669285177 0.0012464115872517197 1.2464248326534305e-03 0.0012472729550711075 0.001247349705057658   
347 3123 0.007838142145182676 257.94873866970454 0.0012464115872517197 1.2464504419994753e-03 0.001247284101559911 0.0012473604260858921   
348 3132 0.007191156422097674 257.961533992966 0.0012464115872517197 1.2464369900149299e-03 0.0012464673713408372 0.0012473593518112028   
349 3141 0.0072447893399537975 269.8898438526859 0.0012464115872517197 1.2464324050854637e-03 0.0012464726572288453 0.0012473169265207727   
350 3150 0.007423600858340059 274.3729693045456 0.0012464115872517197 1.2464444532130114e-03 0.0012472640971932117 0.0012473701112874357   
351 3159 0.008251050835141866 274.0319859925177 0.0012464115872517197 1.2464242432553673e-03 0.0012464765652109918 0.0012472834735302177   
352 3168 0.008917780655958737 276.5526855682439 0.0012464115872517197 1.2464680307967835e-03 0.0012472607452966736 0.0012473500045489991   
353 3177 0.009964080584773797 291.6551779829182 0.0012464115872517197 1.2464342406248476e-03 0.001247283427406936 0.0012473546692996992   
354 3186 0.00961587611502309 344.4544228162984 0.0012464115872517197 1.2464383097895719e-03 0.0012472583142130492 0.0012473640577392137   
355 3195 0.009401152626204523 343.98251015817664 0.0012464115872517197 1.2464587921677381e-03 0.0012472797831279212 0.0012473610867396107   
356 3204 0.010328506108978062 338.7908819254632 0.0012464115872517197 1.2464477942533171e-03 0.0012472980993313127 0.0012473565743820552   
357 3213 0.012372445437663145 343.79610927049197 0.0012464115872517197 1.2464529721202119e-03 0.0012472545748225263 0.001247265387165459   
358 3222 0.014561535305259252 316.9804404895073 0.0012464115872517197 1.2464691107119236e-03 0.0012472808541111335 0.0012473503743644376   
359 3231 0.016784066163984437 357.79413675636596 0.0012464115872517197 1.2464225306374624e-03 0.0012472573980247933 0.0012473880461598137   
360 3240 0.01813294044814481 365.80876490193214 0.0012464115872517197 1.2472501580923039e-03 0.0012473433521092638 0.0012530598240785694   
361 3249 0.017293933966613533 352.3955706591731 0.0012464115872517197 1.2464389384249622e-03 0.0012472682623134196 0.001247301408599563   
362 3258 0.01873982325709884 357.68275114992525 0.0012464115872517197 1.2464608417048267e-03 0.001247267784320921 0.001247293466571861   
363 3267 0.02134387525034805 352.10675162254097 0.0012464115872517197 1.2464703959987231e-03 0.0012472699288474806 0.00124734818534433   
364 3276 0.0227352942849042 344.5647588545907 0.0012464115872517197 1.2464470617533805e-03 0.001247278400400505 0.0012473434936747295   
365 3285 0.021733456526513942 413.8210425290797 0.0012464115872517197 1.2464744136469678e-03 0.0012472745694547807 0.0012473319997150824   
366 3294 0.020396135159172147 399.1642250227781 0.0012464115872517197 1.2464480977449790e-03 0.0012464833610384934 0.0012473134644596135   
367 3303 0.022556747743964805 423.36331630338475 0.0012464115872517197 1.2464480600536685e-03 0.0012472769855235689 0.0012473447537975535   
368 3312 0.021690572515056884 421.22953911300436 0.0012464115872517197 1.2464274653888742e-03 0.0012464770592020068 0.0012473552737882268   
369 3321 0.020900518043992997 433.0361102337011 0.0012464115872517197 1.2464717446975025e-03 0.0012472722401418441 0.0012473521867751485   
370 3330 0.02049473434404792 434.5635502076926 0.0012464115872517197 1.2464424783674957e-03 0.0012464839261992179 0.0012473528460101011   
371 3339 0.02044342707291138 429.07673624278254 0.0012464115872517197 1.2464668533725227e-03 0.0012473263441765442 0.0012473666792923287   
372 3348 0.01897746858293446 422.8340807243075 0.0012464115872517197 1.2464724422870696e-03 0.0012464900933311283 0.001247276152112938   
373 3357 0.016448379254364664 428.7034215979763 0.0012464115872517197 1.2464416159040236e-03 0.0012465222258641548 0.001247278380599138   
374 3366 0.015030757611553085 444.6044513655721 0.0012464115872517197 1.2464467186895185e-03 0.0012472651960520789 0.0012473457538105305   
375 3375 0.01341719721135154 454.4474413464758 0.0012464115872517197 1.2464502004235504e-03 0.0012464604334279 0.0012472952558126417   
376 3384 0.01221358719568759 482.6059771770851 0.0012464115872517197 1.2464574475575150e-03 0.001246501467126502 0.0012472903589979924   
377 3393 0.012641872615070686 465.4008543742226 0.0012464115872517197 1.2464389123466391e-03 0.0012464708897519897 0.0012473482279423513   
378 3402 0.01324849610711126 405.2358318737261 0.0012464115872517197 1.2464694491107172e-03 0.00124650476072032 0.0012473537438248937   
379 3411 0.01431542471791479 418.677399955366 0.0012464115872517197 1.2464329172937514e-03 0.0012464609451864701 0.0012473466748171166   
380 3420 0.014129894041957277 441.5692263512386 0.0012464115872517197 1.2464493155552889e-03 0.0012472731096495227 0.0012473406887057387   
381 3429 0.012982195212430204 456.9356469552775 0.0012464115872517197 1.2464476156602981e-03 0.0012464883955695383 0.0012473143826252637   
382 3438 0.011727740194700997 419.29820905213296 0.0012464115872517197 1.2464618088214485e-03 0.0012464862669089032 0.0012473700081579516   
383 3447 0.011441203977505829 413.377649701673 0.0012464115872517197 1.2464541535313549e-03 0.00124726166344127 0.001247330895143367   
384 3456 0.011439237198843528 410.3713634895603 0.0012464115872517197 1.2464576093766146e-03 0.001247279433484253 0.001247361272246058   
385 3465 0.01046917644926656 423.6481723048974 0.0012464115872517197 1.2464450807497804e-03 0.0012472671508874157 0.0012473555854366877   
386 3474 0.01055939658081148 430.06623416909457 0.0012464115872517197 1.2464575818425790e-03 0.0012472758822280829 0.0012473649086924155   
387 3483 0.011001645754435697 448.23945413299003 0.0012464115872517197 1.2464362178195604e-03 0.001247305490753649 0.001247350439543723   
388 3492 0.010478491290876944 427.5505439175365 0.0012464115872517197 1.2464516759866586e-03 0.0012464792202494979 0.0012473384954127366   
389 3501 0.010195330621720372 416.970500363609 0.0012464115872517197 1.2464450671215844e-03 0.001247231461215783 0.0012473510020250672   
390 3510 0.010025432373634305 416.07648128865293 0.0012464115872517197 1.2464550268833797e-03 0.0012464786590293132 0.0012473438785289104   
391 3519 0.01076734091352201 418.6388901070869 0.0012464115872517197 1.2464764869436202e-03 0.0012472622552158602 0.0012473567341675978   
392 3528 0.011616084015884681 427.5010640327 0.0012464115872517197 1.2464475768126041e-03 0.0012472465446703447 0.0012472848486976146   
393 3537 0.013027792274295022 423.51411526381645 0.0012464115872517197 1.2464328515110947e-03 0.0012473354108620202 0.0012473443576517197   
394 3546 0.012008787208185136 423.9388597712567 0.0012464115872517197 1.2464354647843045e-03 0.001246483302105912 0.0012473630300012695   
395 3555 0.013312753988484836 432.35285453791755 0.0012464115872517197 1.2464492475880056e-03 0.0012464863020989517 0.0012473596592830758   
396 3564 0.01406924056053102 417.30539633448666 0.0012464115872517197 1.2464299370770105e-03 0.0012464820693187195 0.0012473355809815454   
397 3573 0.015674152175065934 428.1437533732699 0.0012464115872517197 1.2464533598778519e-03 0.0012472608501523214 0.0012473501633218965   
398 3582 0.01391003789503554 438.53929111237477 0.0012464115872517197 1.2464531331487724e-03 0.0012464868725690476 0.001247323542440578   
399 3591 0.011973597253385272 437.167459281695 0.0012464115872517197 1.2464314948758784e-03 0.0012472824549672474 0.0012473067351771736   
400 3600 0.012038242991375363 459.1608336194602 0.0012464115872517197 1.2464447150906106e-03 0.0012464842069353278 0.0012473462894747721   
401 3609 0.011918533159041898 443.3442699841482 0.0012464115872517197 1.2464402986067337e-03 0.0012472831512406427 0.0012473711525326234   
402 3618 0.011325368908603705 446.41540775832476 0.0012464115872517197 1.2464317355974567e-03 0.0012465017048738645 0.0012472817091380751   
403 3627 0.01178269036263269 434.1522636223751 0.0012464115872517197 1.2464382743394675e-03 0.0012464783918273723 0.001247304686226525   
404 3636 0.013216011672865947 421.17965003792506 0.0012464115872517197 1.2464706796007292e-03 0.0012472390063428668 0.0012473395871454005   
405 3645 0.013291071585899877 414.62740825551145 0.0012464115872517197 1.2464407069440841e-03 0.0012464761887531301 0.0012473023146241978   
406 3654 0.012903505195973735 443.75365999727137 0.0012464115872517197 1.2464446364364920e-03 0.0012472556648659412 0.0012473407177696135   
407 3663 0.011997347226995575 459.8002808743256 0.0012464115872517197 1.2464394893626635e-03 0.0012472628857081865 0.0012473472537027589   
408 3672 0.011188248583412044 446.73363414885193 0.0012464115872517197 1.2464345070887454e-03 0.001246509142327669 0.0012472799428396631   
409 3681 0.010744951226320836 452.88482019157806 0.0012464115872517197 1.2464258388781850e-03 0.0012472625799511338 0.001247356893213506   
410 3690 0.009232011178571978 517.1857719886344 0.0012464115872517197 1.2464333799609123e-03 0.0012464699558905916 0.0012473045615299131   
411 3699 0.008810055277480338 519.4657269732913 0.0012464115872517197 1.2464384950799548e-03 0.0012472597495444778 0.001247346959803171   
412 3708 0.008615885498609673 541.4520758489674 0.0012464115872517197 1.2464455983215326e-03 0.0012472566352512765 0.001247283378393144   
413 3717 0.008455270101908842 520.928247164725 0.0012464115872517197 1.2464186304282838e-03 0.0012472593680626766 0.0012473383962563612   
414 3726 0.007792700728060262 518.5458703107934 0.0012464115872517197 1.2464377615929874e-03 0.0012464802005182829 0.001247337419022521   
415 3735 0.008240145168383901 527.2833341333653 0.0012464115872517197 1.2464436967415619e-03 0.001247229748474929 0.00124733613983006   
416 3744 0.007655708214194061 598.6149462714242 0.0012464115872517197 1.2464492116087663e-03 0.0012472612469091873 0.0012473396387630749   
417 3753 0.007070592356552544 667.4161696322873 0.0012464115872517197 1.2464341753885481e-03 0.00124728271416938 0.0012473445370587274   
418 3762 0.006244761278735496 660.1095632322656 0.0012464115872517197 1.2464506126920794e-03 0.0012472610890897637 0.0012473483180356424   
419 3771 0.005286062748705836 646.4120773858311 0.0012464115872517197 1.2464412708842771e-03 0.0012472319651975457 0.0012473377443418595   
420 3780 0.004814188020742213 634.9850592536097 0.0012464115872517197 1.2464466093633549e-03 0.0012464945528183826 0.0012473548717525423   
421 3789 0.0048853220141847 647.666525536711 0.0012464115872517197 1.2464753924323060e-03 0.0012472823036712717 0.0012473357986203613   
422 3798 0.004867470259804906 634.6004911632742 0.0012464115872517197 1.2464332439649950e-03 0.0012464951232322044 0.001247350366259337   
423 3807 0.0049592564634255674 609.5050132774127 0.0012464115872517197 1.2464492683500268e-03 0.0012472589659158464 0.001247342539320832   
424 3816 0.004706106893984569 642.6168234037057 0.0012464115872517197 1.2464344724006232e-03 0.0012472750174196408 0.001247348880582704   
425 3825 0.004382415419032372 604.3747543932325 0.0012464115872517197 1.2464616060863000e-03 0.0012472607399094564 0.001247306378363337   
426 3834 0.003824581966237141 593.9014990057417 0.0012464115872517197 1.2464506986809652e-03 0.0012464936053420894 0.0012472829642102773   
427 3843 0.003759347285481963 589.488122006658 0.0012464115872517197 1.2472603091328238e-03 0.0012472839143590688 0.0012473652837582854   
428 3852 0.003284593540979648 597.6547270299984 0.0012464115872517197 1.2464299211047225e-03 0.0012472614477925335 0.0012473729684151554   
429 3861 0.0031014217936539143 616.9093386891946 0.0012464115872517197 1.2464425852146818e-03 0.0012472608716213025 0.0012473575298545447   
430 3870 0.0037477654871416986 636.1839175422501 0.0012464115872517197 1.2464406416715216e-03 0.0012472432778830901 0.0012473403563973955   
431 3879 0.004321508741910411 657.3314553536069 0.001246407964915895 1.2464079649158950e-03 0.0012464894126841199 0.0012473521316835475   
432 3888 0.004499933032367676 730.4293290015789 0.001246407964915895 1.2464270298240983e-03 0.0012464768441098199 0.0012473343529775065   
433 3897 0.004350814669616575 742.0257128251124 0.001246407964915895 1.2472121833981102e-03 0.0012472817594428817 0.0012473570001828255   
434 3906 0.004757448900853945 780.206222107267 0.001246407964915895 1.2464252776605564e-03 0.0012464643173322808 0.001247342613633775   
435 3915 0.0050246815934816775 807.2165713587985 0.001246407964915895 1.2464374979023357e-03 0.0012472441104257172 0.0012473401343210434   
436 3924 0.005536019518273859 857.0005205748978 0.001246407964915895 1.2464585377977655e-03 0.0012472836258639363 0.001247357147586992   
437 3933 0.006224997862406981 828.8316278886412 0.001246407964915895 1.2464430448308609e-03 0.0012472292432634323 0.0012473520902283595   
438 3942 0.007420057281087557 848.5444318215755 0.001246407964915895 1.2464319272813729e-03 0.001247260947212178 0.0012473497820679903   
439 3951 0.007139818998138176 762.5149141575015 0.001246407964915895 1.2464171645791052e-03 0.0012472652866923498 0.0012473603126211775   
440 3960 0.006833186663911068 710.1881993092287 0.001246407964915895 1.2464469354910674e-03 0.0012472619463887629 0.001247334224590511   
441 3969 0.006437392739350498 723.3539088744528 0.001246407964915895 1.2464394113707736e-03 0.001247261176153875 0.0012473117833944384   
442 3978 0.006310019506242266 700.2225186030804 0.001246407964915895 1.2464651307611905e-03 0.0012472598725361856 0.0012473433794227273   
443 3987 0.00620837507134879 667.6875236906849 0.001246407964915895 1.2464416136910321e-03 0.0012464738447994534 0.0012473499595470755   
444 3996 0.0068276333612138215 639.7659045244399 0.001246407964915895 1.2464292995222268e-03 0.0012464725200861896 0.0012472837197852618   
445 4005 0.007091798320912729 663.6062097107715 0.001246407964915895 1.2464290204757126e-03 0.0012472626672257073 0.0012473513416243608   
446 4014 0.00827146195404486 681.6771292197348 0.001246407964915895 1.2464652025803566e-03 0.0012472353685804764 0.001247350582860238   
447 4023 0.007824176518721672 775.0350446757079 0.001246407964915895 1.2464453715422476e-03 0.0012464713812605187 0.0012473440048262749   
448 4032 0.007052587169933501 827.7042210136066 0.001246407964915895 1.2464308173018024e-03 0.0012464862030639617 0.0012473420319978551   
449 4041 0.0056037753182945965 853.3831348571446 0.001246407964915895 1.2464633819151999e-03 0.001247261173894996 0.0012473616683084435   
450 4050 0.005188692292677646 807.149065756694 0.001246407964915895 1.2464549619185135e-03 0.00124726040301708 0.001247352749537026   
451 4059 0.0053205264263994165 790.536890929448 0.001246407964915895 1.2464712051644547e-03 0.0012472602269641014 0.001247347183787699   
452 4068 0.006487975707808702 806.6976511701963 0.001246407964915895 1.2464399187075864e-03 0.001247266847675088 0.0012473513657890716   
453 4077 0.006496749579329697 777.9549787201325 0.001246407964915895 1.2464236523757157e-03 0.001246483388348088 0.0012473332892401776   
454 4086 0.005910570188709019 726.1902023781672 0.001246407964915895 1.2464543606809167e-03 0.00124728275026901 0.0012473603988788675   
455 4095 0.005662008378838198 707.0231349548682 0.001246407964915895 1.2464358164899975e-03 0.001246459775603513 0.0012473564153049218   
456 4104 0.005563304660513089 691.4802931214807 0.001246407964915895 1.2464332098095689e-03 0.0012472326922391447 0.0012473392897680063   
457 4113 0.005609420391658133 752.5341461616482 0.001246407964915895 1.2464466938925597e-03 0.001246487982525355 0.0012473245691902632   
458 4122 0.005456109612445328 732.2524645809311 0.0012463987636819151 1.2463987636819151e-03 0.0012472303454096987 0.0012473387087559929   
459 4131 0.005474477307985196 719.4584001961788 0.0012463987636819151 1.2464197456812536e-03 0.0012472820280323752 0.0012473474197304624   
460 4140 0.006571522668010072 701.0294730897854 0.0012463987636819151 1.2464440790050022e-03 0.001247257806952631 0.0012473530744771906   
461 4149 0.006970025969591587 720.0409756237185 0.0012463987636819151 1.2464492283587843e-03 0.0012464962057732554 0.0012473376547110714   
462 4158 0.008214107307754466 729.0276768331489 0.0012463987636819151 1.2464329035014757e-03 0.0012464853695276792 0.0012473485851768676   
463 4167 0.008393980108079312 853.9983760288432 0.0012463987636819151 1.2464654374080681e-03 0.0012472443958428316 0.0012472837359206277   
464 4176 0.009446495030865419 820.3448060913873 0.0012463987636819151 1.2464410590264821e-03 0.001247261154908792 0.0012473629168201254   
465 4185 0.009550122969672385 798.7943949909999 0.0012463987636819151 1.2464355194823098e-03 0.0012464811126026015 0.0012472868009515167   
466 4194 0.011563258358781877 772.7230593597844 0.0012463987636819151 1.2464846790211774e-03 0.0012472832440425068 0.0012473647737553757   
467 4203 0.011267532906402861 675.4345054363341 0.0012463987636819151 1.2464166631996649e-03 0.0012472606975437723 0.0012473741266269826   
468 4212 0.010905958302603058 673.5331889857998 0.0012463987636819151 1.2464510253317957e-03 0.0012472645942169984 0.001247354537507532   
469 4221 0.010858991631895153 671.7330848922425 0.0012463987636819151 1.2464340725571157e-03 0.0012472616392741667 0.0012473547388941225   
470 4230 0.009493097743772163 710.8234471923921 0.0012463987636819151 1.2464427036880726e-03 0.0012472619477700661 0.0012473513315245082   
471 4239 0.007878926268427875 742.6246734967326 0.0012463987636819151 1.2464656038718431e-03 0.0012472636261852649 0.001247356556819386   
472 4248 0.006883214945321076 746.4587764451095 0.0012463987636819151 1.2464726521910371e-03 0.0012472619374653505 0.0012473532929023318   
473 4257 0.005952956969262884 866.3824640406575 0.0012463987636819151 1.2464259723744108e-03 0.0012464758802249538 0.0012473465940688955   
474 4266 0.005516855768985799 862.1992686724238 0.0012463987636819151 1.2464311119533230e-03 0.0012464771082059173 0.0012473480922488415   
475 4275 0.005360096239452969 866.3228072955133 0.0012463987636819151 1.2464215972833453e-03 0.0012464878310448641 0.0012473478576365015   
476 4284 0.004810939944464565 914.7393871395957 0.0012463987636819151 1.2464403549819866e-03 0.0012472628196164648 0.0012473543840824464   
477 4293 0.004839671575654781 851.9605637300427 0.0012463987636819151 1.2464605449117230e-03 0.0012472313636077267 0.001247283068697649   
478 4302 0.004633779125359366 850.4245950719067 0.0012463987636819151 1.2464222876207641e-03 0.0012464964926780526 0.0012473593836740094   
479 4311 0.004050086639982044 836.3651282487983 0.0012463987636819151 1.2464668351680557e-03 0.001247260599289675 0.0012473060078673124   
480 4320 0.00426616338991413 865.3976315069297 0.0012463987636819151 1.2464210136550020e-03 0.0012464652584998413 0.00124650953182852   
481 4329 0.004183451852186072 996.6923289093799 0.0012463987636819151 1.2464438326416417e-03 0.0012472610091961481 0.0012473379467500675   
482 4338 0.004040112148036542 1047.1201364274002 0.0012463987636819151 1.2464427972934140e-03 0.0012464751283315786 0.0012473311607157057   
483 4347 0.0041196970113182305 1030.829984000609 0.0012463987636819151 1.2464620265572133e-03 0.0012472830309148632 0.001247338056080103   
484 4356 0.004630305124927188 1023.4306360452445 0.0012463987636819151 1.2464495860704640e-03 0.001247261168563127 0.0012473693990762784   
485 4365 0.005066792423716487 1076.8143094368963 0.0012463987636819151 1.2464333065586050e-03 0.0012472315139739018 0.0012473518369338168   
486 4374 0.005606818308615569 1146.531755928441 0.0012463987636819151 1.2464368339661874e-03 0.0012472615937526657 0.001247331126236654   
487 4383 0.005965387297723303 1208.673769115252 0.0012463987636819151 1.2464560380194990e-03 0.0012472772841320794 0.0012473495242370817   
488 4392 0.00618980049711257 1191.0922665415833 0.0012463987636819151 1.2464566065567514e-03 0.001247264811685517 0.0012473497315790552   
489 4401 0.007641721925158124 1322.9671655629838 0.0012463987636819151 1.2464362523273340e-03 0.0012464999174329398 0.0012473229050581226   
490 4410 0.008318961951885374 1243.4357592739896 0.0012463987636819151 1.2464339052039874e-03 0.0012464646083818545 0.0012473408206689338   
491 4419 0.009090383356496739 1258.2955473261788 0.0012463987636819151 1.2464310454992284e-03 0.0012472426016673318 0.0012473475626771848   
492 4428 0.011041848139218786 1291.5388838448446 0.0012463987636819151 1.2464475626602766e-03 0.0012472620534850214 0.0012473817462022563   
493 4437 0.010805588747676682 1387.942549833025 0.0012463987636819151 1.2464572579566409e-03 0.0012472661608124117 0.0012473694694209799   
494 4446 0.011210524630582912 1405.5465655089938 0.0012463987636819151 1.2464509082921477e-03 0.0012464685962264121 0.0012473062456750208   
495 4455 0.012929169968699994 1408.7460169876929 0.0012463987636819151 1.2464373199783467e-03 0.0012464653111831365 0.001247354317778122   
496 4464 0.013683170029307074 1398.598673230858 0.0012463987636819151 1.2464412623527546e-03 0.0012472837714149203 0.001247343792027113   
497 4473 0.01507882423709629 1413.0139315926522 0.0012463987636819151 1.2464261661284026e-03 0.0012464880537963181 0.0012473661285527663   
498 4482 0.013910596443160015 1520.025592784266 0.0012463987636819151 1.2464381972648586e-03 0.0012472576824362801 0.001247343132948251   
499 4491 0.015262688840931597 1529.3769707024653 0.0012463987636819151 1.2464440217244592e-03 0.0012472665420424163 0.0012473629445288984   
500 4500 0.015682621355542322 1572.236177751923 0.0012463987636819151 1.2464421742652504e-03 0.0012465023803319463 0.0012473597071147769   
501 4509 0.016468784754593634 1479.237915513812 0.0012463987636819151 1.2464414115593233e-03 0.0012464598008942508 0.0012472813782291423   
502 4518 0.01731377763277367 1409.9507801024138 0.0012463987636819151 1.2464439624478179e-03 0.0012472265475952447 0.0012473359654140055   
503 4527 0.017046650534340037 1418.2045164392573 0.0012463987636819151 1.2464542603484025e-03 0.0012472301937615413 0.00124727877248809   
504 4536 0.015306362367485586 1535.799589015387 0.0012463987636819151 1.2464368553233834e-03 0.0012472644913086106 0.0012473471761051032   
505 4545 0.01331291389184454 1701.933722620205 0.0012463987636819151 1.2464334726821934e-03 0.0012464719756359335 0.001247281060596041   
506 4554 0.012399336128153124 1791.1328032621684 0.0012463987636819151 1.2464536324886732e-03 0.0012472599830630178 0.0012473595545389167   
507 4563 0.011793371401702125 1785.2244604410973 0.0012463987636819151 1.2464431408576086e-03 0.001246477546672764 0.0012472816848489692   
508 4572 0.010311244845200511 1755.9571558084624 0.0012463987636819151 1.2464356284777364e-03 0.0012472408091939045 0.0012472793551420607   
509 4581 0.00979803487461454 1843.2674376770933 0.0012463987636819151 1.2464397048555450e-03 0.0012464909967605418 0.0012473432695234861   
510 4590 0.009332021330366563 1947.148284265748 0.0012463987636819151 1.2464374093880174e-03 0.0012464632672957428 0.001247282288099319   
511 4599 0.008743142612085962 2061.558585781523 0.0012463987636819151 1.2464654394649794e-03 0.001247278549186262 0.0012473512851686197   
512 4608 0.00876212259791624 2012.9808070213342 0.0012463987636819151 1.2464346789351102e-03 0.0012464547613729815 0.0012472783481515667   
513 4617 0.009312700958012194 2004.4791093787776 0.0012463987636819151 1.2464497251419532e-03 0.0012472091855770856 0.0012473507846688873   
514 4626 0.009236735414218777 2107.4114923586894 0.0012463987636819151 1.2464546862160772e-03 0.0012472543304469978 0.001247330821707512   
515 4635 0.009896382295977517 2015.7525016637412 0.0012463987636819151 1.2464418928159408e-03 0.0012472628734367078 0.0012473425998341646   
516 4644 0.01038322928635799 1854.580649948641 0.0012463987636819151 1.2464119899410298e-03 0.0012464779522335541 0.0012473638633261246   
517 4653 0.009770963856098066 1886.8077711432884 0.0012463987636819151 1.2464811276658740e-03 0.0012472771892235346 0.0012473451903101283   
518 4662 0.009721343538499495 1796.0867241634887 0.0012463987636819151 1.2464464373826260e-03 0.0012472554423467452 0.001247279357588036   
519 4671 0.009026533436173566 1827.9606821802843 0.0012463987636819151 1.2463996755531161e-03 0.0012472744166477268 0.0012473260567819851   
520 4680 0.00861324097985006 1788.6899585049593 0.0012463987636819151 1.2464308156263685e-03 0.0012472377444239877 0.0012473299803898068   
521 4689 0.0076528021204449875 1727.5072832348246 0.0012463987636819151 1.2464448846038192e-03 0.001246459273751565 0.0012472612251112258   
522 4698 0.007840375724072477 1692.172903226425 0.0012463987636819151 1.2464621897899037e-03 0.0012472574741688477 0.0012473457467771136   
523 4707 0.008242526240512343 1722.1247263446808 0.0012463987636819151 1.2464293008753184e-03 0.001246478814532778 0.0012473338673194634   
524 4716 0.008980234696473861 1724.971748823323 0.0012463987636819151 1.2464639400259613e-03 0.0012472536643887712 0.001247277145344037   
525 4725 0.007655688486524716 1651.7869763467836 0.0012463987636819151 1.2464563875336340e-03 0.0012464926855509995 0.0012473204652442547   
526 4734 0.00729251745253723 1636.1519260506693 0.0012463987636819151 1.2464300165900026e-03 0.0012464840435746469 0.0012473473601856838   
527 4743 0.008068224672256494 1580.605329450196 0.0012463987636819151 1.2464412184496566e-03 0.001246488007185307 0.0012473420212440285   
528 4752 0.007736739397682468 1663.7655043707541 0.0012463987636819151 1.2464582425103484e-03 0.0012472544898037763 0.0012473491927151726   
529 4761 0.008004450935516372 1720.8132152505557 0.0012463987636819151 1.2464469675820028e-03 0.001246470019651948 0.0012472998753023513   
530 4770 0.007151143528506454 1812.0641493766282 0.0012463987636819151 1.2464434448761772e-03 0.001246467922171759 0.001247276524149785   
531 4779 0.007273960008948186 1855.5722836548998 0.0012463987636819151 1.2464027496887850e-03 0.0012464563045517015 0.0012473014729444756   
532 4788 0.00643068556553376 1649.691128917494 0.0012463987636819151 1.2464420989024619e-03 0.0012472533844085174 0.0012473601451886696   
533 4797 0.005878073496406444 1604.4723306932806 0.0012463987636819151 1.2464818323937323e-03 0.0012472546316449442 0.0012473560081325775   
534 4806 0.005702062425252931 1627.5540792861482 0.0012463987636819151 1.2464546479557601e-03 0.001246466456558304 0.0012473548266519804   
535 4815 0.0058370591869609635 1617.6935131137823 0.0012463987636819151 1.2464438137241355e-03 0.0012464660758109397 0.0012472781190946654   
536 4824 0.00600032845059163 1763.2293891022175 0.0012463987636819151 1.2464460700801669e-03 0.0012464602250137353 0.0012473598048627196   
537 4833 0.005726969529213775 1764.323144439197 0.0012463987636819151 1.2464222198403643e-03 0.0012472559802833754 0.0012473567283757291   
538 4842 0.0054791008892740335 1988.369338516468 0.0012463987636819151 1.2464346300370844e-03 0.0012464808590185962 0.001247281801927888   
539 4851 0.005056619654431603 2116.382869997229 0.0012463987636819151 1.2464637034343808e-03 0.0012472249173318608 0.001247351078817616   
540 4860 0.0049762879843581595 2306.0964194333696 0.0012463987636819151 1.2464436839715180e-03 0.0012472558940971586 0.001247356244623189   
541 4869 0.0047829038469715725 2481.6234755818305 0.0012463987636819151 1.2464453324790043e-03 0.0012473012127576896 0.0012473522885000565   
542 4878 0.004528245082048136 2346.381038707677 0.0012463987636819151 1.2464631448506000e-03 0.0012472576119290585 0.0012472800216798841   
543 4887 0.004166016672630957 2181.441930857882 0.0012463987636819151 1.2464462264005858e-03 0.0012464753821674593 0.0012473354345940227   
544 4896 0.004369676242782907 2089.14309099726 0.0012463987636819151 1.2464262477370196e-03 0.001247225960388196 0.001247360154756055   
545 4905 0.004397682404303915 1833.0382766782623 0.0012463987636819151 1.2464455645319191e-03 0.0012464973231896257 0.0012473602645121393   
546 4914 0.004790773145363277 1861.2237960431567 0.0012463987636819151 1.2464403143130072e-03 0.001247280156087301 0.0012473487481095373   
547 4923 0.004660586363839936 1814.441243121347 0.0012463987636819151 1.2464455784396327e-03 0.001247253720136322 0.0012473560730128477   
548 4932 0.004663050582950501 1793.7960028729533 0.0012463987636819151 1.2464444358636041e-03 0.0012464841888009605 0.00124736366230281   
549 4941 0.004773254192694509 1830.6843803957877 0.0012463987636819151 1.2464260217977577e-03 0.0012464767801457124 0.0012473431384175677   
550 4950 0.004616227868348335 1752.782902003434 0.0012463987636819151 1.2464267861356721e-03 0.0012472393816841576 0.0012472792232521193   
551 4959 0.004007902449769633 1960.8227573325853 0.0012463987636819151 1.2464276482435587e-03 0.001246476806263753 0.0012473351706135496   
552 4968 0.0038334873328262015 2009.6181889275642 0.0012463987636819151 1.2464112416872303e-03 0.001246485471270595 0.0012473498402804472   
553 4977 0.0037403498952272678 2214.441723093476 0.0012463987636819151 1.2464498611621225e-03 0.0012464634996496493 0.001247356084757214   
554 4986 0.0038135459061127462 2062.9171457190346 0.0012463987636819151 1.2464377020573127e-03 0.001247223687783796 0.0012473438929707999   
555 4995 0.004045146717720258 2073.296998690412 0.0012463987636819151 1.2464609512327189e-03 0.0012472791050107332 0.001247338937481443   
556 5004 0.004785082346938854 1971.9126616542874 0.0012463987636819151 1.2464378510095961e-03 0.0012472390890125125 0.0012472870686592293   
557 5013 0.004820137530042526 1679.299831675352 0.0012463987636819151 1.2464228208333753e-03 0.0012464616570976364 0.0012473541351935148   
558 5022 0.004731185913398815 1660.7931790563853 0.0012463987636819151 1.2464371071312993e-03 0.0012472803720676071 0.00124735291200939   
559 5031 0.004518351514133176 1678.1846047302774 0.0012463987636819151 1.2464447149155020e-03 0.0012464670596602661 0.0012472802751729208   
560 5040 0.004720436416601726 1770.7145781622744 0.0012463987636819151 1.2464491091324298e-03 0.0012472822013272356 0.0012473631351255835   
561 5049 0.00439959254358312 1831.5813518137923 0.0012463987636819151 1.2464605594112185e-03 0.001247240547871402 0.0012473046025927989   
562 5058 0.004091620550240046 1857.4856924642595 0.0012463987636819151 1.2464753995291614e-03 0.0012472812491145812 0.001247343521133212   
563 5067 0.0041749097587600766 1798.3701582956642 0.0012463987636819151 1.2464205592192124e-03 0.0012464709064288675 0.001247303458311264   
564 5076 0.004328007954198676 1922.8802165049872 0.0012463987636819151 1.2464250143870924e-03 0.001246473244198946 0.0012473421532087766   
565 5085 0.005271638624803483 1955.806468149646 0.0012463987636819151 1.2464523914071626e-03 0.001246473622942513 0.0012473431882349792   
566 5094 0.005994597990909338 2170.21682887794 0.0012463987636819151 1.2464414124186639e-03 0.0012464787372451476 0.0012473498312189132   
567 5103 0.007005256166685646 2149.464364023272 0.0012463987636819151 1.2464383044258987e-03 0.0012464857279193755 0.0012473357478667794   
568 5112 0.007755881731526532 2270.663900583844 0.0012463987636819151 1.2464289511157772e-03 0.0012464731395694793 0.0012473498559787016   
569 5121 0.008731662876151174 2549.08111100939 0.0012463987636819151 1.2464095096975873e-03 0.001246474413183603 0.001247358599394855   
570 5130 0.008723314334800373 2535.259420375062 0.0012463987636819151 1.2464433982915261e-03 0.0012464745629036053 0.0012473448041053954   
571 5139 0.00828472934104511 2539.047287634482 0.0012463987636819151 1.2464475156941303e-03 0.0012472406486060885 0.0012473613846213103   
572 5148 0.008174653603779681 2645.8013068181276 0.0012463987636819151 1.2464327458582508e-03 0.0012464840507139395 0.0012473281381849648   
573 5157 0.009471588236625321 2721.59287731444 0.0012463987636819151 1.2464512008153053e-03 0.0012472563717086953 0.0012473255836171937   
574 5166 0.01055113311646653 2846.86967615723 0.0012463987636819151 1.2464410499044649e-03 0.001246464311877697 0.001247358406180569   
575 5175 0.010284898187397421 2800.888168217032 0.0012463987636819151 1.2464417552988155e-03 0.001246476047730156 0.0012473245560967702   
576 5184 0.011265248127852439 2908.231117132051 0.0012463987636819151 1.2464547420259126e-03 0.0012472565639363225 0.0012473447544302176   
577 5193 0.011561151670773373 2750.763395362383 0.0012463987636819151 1.2464396594327790e-03 0.0012472766007073902 0.0012473517610645123   
578 5202 0.011041808262384765 2550.9688901320187 0.0012463987636819151 1.2464269503776224e-03 0.0012472286814774539 0.0012473286223511591   
579 5211 0.009339790033538674 2950.9047889861326 0.0012463987636819151 1.2464443548611515e-03 0.0012464674930035378 0.001247360521431498   
580 5220 0.009837063778133976 2943.2683379550294 0.0012463987636819151 1.2464462954448153e-03 0.0012472559097468539 0.0012473532576515961   
581 5229 0.011171049650961431 2877.60232762619 0.0012463987636819151 1.2464571234467475e-03 0.0012472784362485855 0.0012473602226187946   
582 5238 0.009841620858826623 2675.375422325775 0.0012463987636819151 1.2464521323813720e-03 0.0012464731707734255 0.0012472651848299647   
583 5247 0.009604741553782044 2759.7133143147958 0.0012463987636819151 1.2464326483374024e-03 0.0012472367794308002 0.001247336615470833   
584 5256 0.008669179067384765 2594.623779562453 0.0012463987636819151 1.2464419492594996e-03 0.0012464676568231903 0.0012473405612804809   
585 5265 0.008220012037559047 2572.554937363163 0.0012463987636819151 1.2464354871379844e-03 0.0012464704367048246 0.0012472982118387093   
586 5274 0.007197118718897034 2974.7323818931914 0.0012463987636819151 1.2464392910823574e-03 0.0012464696448359538 0.001247359020730129   
587 5283 0.006726264136209579 2895.259550797868 0.0012463987636819151 1.2464481939726433e-03 0.001246478503355087 0.001247353770864257   
588 5292 0.006553518795970661 3024.0255490918616 0.0012463987636819151 1.2464413278999512e-03 0.0012472998980704612 0.001247362341430527   
589 5301 0.006987263019674928 2965.3824384253226 0.0012463987636819151 1.2464497933045145e-03 0.00124648002852483 0.0012472791064832066   
590 5310 0.007120025902982454 2606.6566974391753 0.0012463987636819151 1.2464468940930509e-03 0.001247298629086968 0.001247362541486214   
591 5319 0.007130100141611431 2703.5279749291603 0.0012463987636819151 1.2464246396274065e-03 0.0012464678573943701 0.0012473279335457371   
592 5328 0.007790628134510793 2721.8058861184504 0.0012463987636819151 1.2464423148128452e-03 0.0012472545053113229 0.0012473535236227564   
593 5337 0.007826758988857702 2824.317018107048 0.0012463987636819151 1.2464382591421813e-03 0.001247253890322246 0.0012473227601965632   
594 5346 0.008916213055524742 3103.249877735549 0.0012463987636819151 1.2464362343231586e-03 0.0012472199936477868 0.0012472771618031633   
595 5355 0.00986183333602391 3401.3499533747668 0.0012463987636819151 1.2464188902918622e-03 0.0012472425965486347 0.001247333689588384   
596 5364 0.010739340879483666 3614.762993829539 0.0012463987636819151 1.2464455440848417e-03 0.0012464700472953625 0.0012473453274191673   
597 5373 0.011524326297271114 3912.0467344746153 0.0012463987636819151 1.2464661352400482e-03 0.0012464947909837576 0.0012473418623541557   
598 5382 0.012030114204056969 3916.9905169388926 0.0012463987636819151 1.2464481782711975e-03 0.0012472991324706689 0.0012473648209672269   
599 5391 0.011143533260000522 4102.624143030733 0.0012463987636819151 1.2464322942543405e-03 0.0012472748017923307 0.0012473495457363758   
600 5400 0.011019765311217131 3960.4838080147624 0.0012463987636819151 1.2464749366143746e-03 0.0012472545337264705 0.001247369456295211   
601 5409 0.011952124286332123 4132.6864240523555 0.0012463987636819151 1.2464364054935631e-03 0.0012472586873098167 0.0012473480520047645   
602 5418 0.011854463723797701 4582.425120983712 0.0012463987636819151 1.2464258113469317e-03 0.0012472229585718348 0.00124727704685661   
603 5427 0.011882278991532835 4362.05615148281 0.0012463987636819151 1.2464595765999281e-03 0.0012472766328917168 0.0012473467410416762   
604 5436 0.014346611111178222 4690.102124107946 0.0012463987636819151 1.2464484697555221e-03 0.0012464870956135053 0.0012473431570265581   
605 5445 0.015984467214241575 4358.061119759559 0.0012463987636819151 1.2464506317353991e-03 0.0012472220718610684 0.0012473434286358904   
606 5454 0.017171264809485217 3956.086814055982 0.0012463987636819151 1.2472199805434675e-03 0.001247276249935683 0.001247344671258127   
607 5463 0.01539234554040937 3817.2872826228154 0.0012463987636819151 1.2464189579312742e-03 0.00124645233316924 0.0012473605903480494   
608 5472 0.017781126156495294 3628.919203892073 0.0012463987636819151 1.2464436348248813e-03 0.0012464715322687476 0.0012473511987876086   
609 5481 0.017608456676140364 3764.1428271294326 0.0012463987636819151 1.2464565910898736e-03 0.001247276042715195 0.0012473471085617917   
610 5490 0.01808938557599666 3817.868309785208 0.0012463987636819151 1.2464429837849541e-03 0.0012472770668092068 0.0012473484408966125   
611 5499 0.018886594371678937 3702.0860577783296 0.0012463987636819151 1.2464364071011044e-03 0.0012472359286387173 0.0012473356302232135   
612 5508 0.022186772457145437 3897.208075495893 0.0012463987636819151 1.2464358212724365e-03 0.0012472650072355362 0.0012473641656607268   
613 5517 0.025554638021442852 3811.7922488904087 0.0012463987636819151 1.2464412150372968e-03 0.0012472311914609336 0.0012473381724448832   
614 5526 0.02849410647363764 3836.496077971266 0.0012463987636819151 1.2464410242197330e-03 0.001247272033425245 0.0012473651478834352   
615 5535 0.02950843673777363 4056.889300425979 0.0012463987636819151 1.2464602597285620e-03 0.0012472286426812645 0.001247290746881773   
